5
508
1598
2588
1557
3475
2154
3529
818
2337
2648
3072
776
3466
2329
1893
2770
400
971
2291
1692
2383
3225
1511
1562
1749
485
1800
3474
2829
2872
342
1954
1207
3747
800
88
2448
1163
1642
326
3440
325
1560
1812
516
267
1434
3587
3301
2881
906
675
127
3734
25
428
746
3446
70
862
2396
3158
2959
445
399
1880
3018
3012
2179
1392
2321
200
77
95
2615
3571
990
1896
753
1793
1423
2622
3729
3752
1445
1315
779
2620
2810
723
2047
1742
1448
2133
848
3575
3375
3523
2197
3235
1988
1906
1492
1178
1080
237
373
207
3522
417
470
512
2507
2266
863
1864
618
1383
2131
2376
3547
3041
1631
1503
3674
3003
307
2765
1648
1530
1520
1108
3388
2209
403
928
2355
2720
3200
2503
14
1404
275
1160
1844
1422
1118
52
3084
365
2647
1046
2533
1461
2905
3317
2710
2837
1738
3537
294
952
1458
1644
92
553
2307
3310
2100
1145
2460
2567
272
2020
1529
2001
2080
1663
2394
2324
2745
3153
2719
651
3719
984
44
3305
536
1067
156
2689
1406
2634
2819
1496
1131
1407
546
3227
519
3136
3639
918
858
1701
522
250
2572
1164
803
480
3338
655
1578
116
1191
2356
2861
330
1284
1490
2118
387
1750
2746
110
857
2304
3515
229
2262
492
142
1596
3085
451
936
579
1549
1796
2909
2025
1645
3091
2289
542
3367
2227
2457
1109
1940
2231
2359
844
3138
2196
1739
320
1998
2989
1727
3048
985
1636
825
1306
3493
3068
3316
3110
1243
2072
3461
907
1081
195
3583
3219
2116
2173
2771
700
3171
1022
3220
529
3369
2794
2018
2845
340
2290
3427
2334
2712
1342
3469
1227
2126
939
185
2852
1469
336
1043
1053
1957
2033
3325
2527
355
621
416
3244
2435
309
2388
1934
3257
1838
197
2950
22
2607
2493
1106
53
1778
2935
3592
2054
2102
865
147
829
2685
2480
570
1238
1242
3157
2763
1920
1789
3728
3212
2336
1641
221
2441
3354
183
3014
3070
2462
89
3495
2888
366
3249
486
3167
216
1543
411
1113
2486
814
2601
1124
194
1161
1525
666
3355
2785
571
2500
554
2028
1592
3232
2331
3267
1040
397
3680
992
730
203
872
1032
1099
2390
1148
847
2314
450
1241
597
112
3412
2241
1552
158
1251
1003
924
1033
926
1936
1536
449
998
3374
548
258
121
3029
2257
421
2479
2779
1065
1981
3644
2089
3019
424
1441
3292
3735
2666
572
853
2450
87
1751
1260
661
586
2175
2476
2654
864
2268
1737
369
2
2767
956
2446
626
297
775
3517
3343
824
3521
2590
3031
2938
878
1119
1386
2026
1173
2127
1268
2971
541
1541
811
3572
1705
251
877
2926
3010
1466
1999
1464
1566
1247
3353
2038
1903
3016
2452
3596
210
1319
3324
2791
3364
1416
11
101
1221
2292
3762
2412
1943
3632
1958
1418
2512
1146
3467
3645
167
2583
2220
861
1848
901
3512
905
1248
3736
510
3053
2098
2419
1485
2702
2957
2165
100
3465
3565
3312
3348
1640
13
887
2701
2455
694
2273
1324
2181
2550
1008
3419
1477
793
1667
2878
3420
1186
3032
143
181
598
1078
2776
344
253
2591
2401
3470
2747
1916
1870
3434
3441
528
665
1384
561
265
698
537
447
1420
3753
2879
654
269
1707
2737
3500
615
3705
3221
1675
2278
48
968
2365
2341
574
2788
856
921
1012
2941
3144
966
1463
3130
1282
3714
2443
182
590
1777
3435
2191
1224
3622
950
119
949
860
2408
337
802
1620
2312
2742
2094
1510
682
1233
1803
1499
562
3606
1123
3502
1924
2554
1830
3576
2726
1381
3694
1491
2943
1155
945
2147
2085
2627
1522
2022
796
2176
484
2985
2623
912
3595
3669
2593
1696
1415
2741
827
2472
813
1935
2122
3039
1925
789
2967
2180
3519
1035
3241
3307
3124
1225
19
2071
623
2488
3686
3089
2252
187
2077
2688
606
93
296
1300
3217
2665
1077
1728
1813
2478
1964
556
1259
383
405
1345
3698
2380
290
1774
2772
3578
1098
104
199
941
788
1195
68
2086
2113
1380
246
3640
2884
1085
987
2267
957
2256
2882
786
595
2573
1497
1167
1130
710
3667
996
3406
489
1791
2059
288
3716
1489
842
332
2007
636
2582
1076
1287
2644
188
1516
2633
674
429
2628
600
3001
1132
2832
3013
481
1258
2595
3357
1866
2251
986
1873
1540
664
1009
33
1757
2342
2439
329
391
2532
1290
584
2293
2840
2509
1447
3320
1982
910
1417
3718
2287
2034
1460
1772
2661
2694
1267
3240
1960
3174
3195
371
235
1196
787
2859
535
1632
2109
3160
3047
3330
717
3289
2326
2104
1919
3641
2612
289
2418
526
2497
923
2972
951
1638
1215
1049
2816
2174
1479
2414
3604
2873
3557
409
1764
313
2120
1670
3533
816
1622
3328
1685
1945
3247
1571
2766
233
2275
573
1575
1456
1055
2912
463
3266
2185
885
2150
1743
1599
2898
460
3275
3408
1832
1745
440
2075
565
1322
2400
165
617
524
2922
1515
607
304
2157
454
1297
281
1137
1610
3513
1181
3290
2944
2734
1521
2825
3204
2998
231
2492
1335
1045
3155
1623
1462
2783
1915
2713
1605
2172
2946
3283
3711
211
2753
2515
2416
2626
2115
3371
3377
497
2444
1506
3447
2903
2461
3122
1089
1451
909
1115
613
3633
1262
223
3282
2671
1656
2803
1278
1083
627
1150
464
2856
704
3550
3315
2778
1600
3187
714
2107
2055
1424
1214
1283
3184
2738
578
1275
1025
2992
3649
3386
2618
3278
1923
16
1308
2027
1682
1274
2569
2283
3146
2138
2895
3567
1693
319
2499
482
3755
3652
718
2425
3677
1252
3273
3715
1732
3159
583
2302
2243
2372
64
954
396
3636
120
3370
354
1589
419
1037
3350
927
1962
3423
2703
866
2892
2592
2896
441
2531
1093
2019
2596
2062
217
2084
1963
238
2078
3201
3489
2513
1662
1298
2724
1918
230
1931
720
1084
3506
118
3701
184
1811
2039
206
2608
2718
2249
3726
784
3454
551
1071
3024
2360
755
1719
479
976
357
111
2902
1372
3231
3250
2969
1230
1179
3327
1694
2960
677
3230
3149
57
2764
1581
382
499
2579
653
2660
2279
3360
3252
1619
1833
2064
3248
3027
3049
908
739
1338
138
2790
3553
3614
780
502
109
768
683
3425
422
3653
1152
1052
3137
3106
3456
1865
979
3025
2566
782
474
771
3088
1831
2871
3520
306
3683
3504
982
622
1304
2409
1788
882
1261
1922
1617
2524
2261
2258
3326
889
1996
2045
3344
1968
3738
1318
2606
1170
1666
3207
732
633
1281
930
327
1634
2692
3378
1646
2841
1329
2335
1097
2585
1333
2498
2233
1674
1709
205
1177
2391
884
520
1493
1859
2276
2963
1776
105
3631
1546
2186
1310
672
2076
3445
3389
772
305
1239
3663
1967
3424
1198
2723
2817
993
1615
2073
2828
2338
2937
3409
2581
1264
745
3731
2584
2964
8
2523
947
3401
2322
150
1254
2525
2761
212
2215
2117
2795
3274
729
347
975
1756
124
256
123
3746
3535
3616
2565
538
1553
1129
3385
2013
915
1630
2669
227
432
3499
3074
162
2143
2303
3213
1894
3577
2481
3724
820
2552
514
2458
2467
1725
1989
1695
1782
3527
393
406
1265
1735
2069
797
1724
2090
348
274
1443
2423
76
3696
892
3497
1027
2548
1453
3539
938
2574
2917
1057
2101
875
3418
2207
2919
3163
2433
2344
1532
2556
10
2752
619
639
1250
1467
2134
1708
3286
2168
902
2736
2773
1828
1780
2057
2927
1885
1419
794
3156
822
312
2962
2350
1165
2313
3428
273
1990
2564
3464
1116
1390
3662
2508
634
1594
826
1983
1871
3585
763
3549
2641
3180
3708
1455
563
477
2929
3672
1819
1882
2869
2192
3556
148
876
268
1054
973
593
1952
3692
2823
2571
1512
2777
1671
2140
3145
358
1697
282
2371
2715
641
1635
1825
3165
2382
580
1127
1352
3113
3732
2210
2782
525
2756
1111
681
1368
999
3709
659
2995
3437
456
937
2011
3681
540
29
1101
20
487
3552
3416
1313
3288
2030
3660
2316
1356
3695
1169
108
240
1669
1823
3627
1226
2468
2466
3017
201
168
2410
2855
2363
270
3129
1689
2916
1440
676
1397
1125
599
2504
1354
257
1436
1488
2650
278
78
735
1036
2169
1321
137
280
2149
475
1112
2711
1997
1907
2658
695
3052
461
322
2762
3488
3333
3164
1094
39
493
850
3134
51
367
1947
352
815
3361
2834
3096
518
552
673
868
1438
1822
2377
2393
58
3104
644
2232
1556
1117
126
934
3101
2799
389
3608
1257
1753
3387
1410
748
1220
1122
3458
2298
1824
3075
3396
1480
1869
1018
3127
3329
1929
1365
1302
3036
3628
2586
2780
2809
738
1088
3602
1684
2519
3509
3600
1138
1914
767
2244
2932
2381
933
1031
680
3297
1722
1044
2768
2082
2099
1712
1505
3380
2684
3561
2111
3035
3468
1965
3579
1328
2373
2367
1544
2218
1103
435
34
684
1244
3496
3607
2789
1072
3603
693
292
1006
3730
442
3043
1856
2234
2406
2792
2614
159
2886
90
1706
2369
846
2161
2727
3190
2526
83
1056
1561
3284
3102
792
314
3584
2226
2437
2415
2006
2066
3059
504
749
2735
994
1351
2156
1110
1995
3123
2954
2320
17
2739
1734
3684
380
2121
3051
3514
1280
2911
2200
1095
1867
1236
3242
1858
3337
1370
407
1841
3352
2005
3725
743
2417
3319
852
2087
1731
346
2757
1312
3287
1471
1609
1180
705
3363
547
2708
821
169
245
3597
2611
630
2285
3296
452
1363
136
1182
1876
2405
1263
594
1655
3185
3366
557
2940
581
353
1212
1949
3222
1019
2031
3076
2988
2750
243
180
490
2629
2348
713
3439
173
2237
894
1237
261
696
49
3033
2146
1062
1311
953
1174
3108
1775
2894
2003
687
3196
1804
3057
2119
531
3740
161
390
3125
2178
408
1231
2538
690
1128
191
1658
2502
1901
2096
764
1303
3188
3591
2384
3373
3630
2305
917
1537
1041
3191
2642
810
3063
1898
591
2643
2201
2105
298
1698
1096
545
3457
259
1347
1977
2081
2982
3233
2387
1677
1213
616
2325
2160
1781
1746
341
2440
1588
500
871
1846
1034
3723
1555
1426
18
3609
3558
97
2431
2575
2318
21
163
62
443
3570
3008
