2296
1971
3291
3525
1481
1207
1557
515
2872
3503
1800
508
3747
1954
971
2337
818
706
1893
3764
1582
2329
400
2887
3443
392
2648
2383
3072
2885
2291
1834
1562
3529
840
1598
3752
1560
746
2274
501
3158
2858
2622
2311
2959
1478
1550
3162
753
326
88
1793
2321
2999
3301
141
445
428
3018
1642
1584
3734
25
95
1991
2899
3279
734
990
3210
2370
2396
70
516
3438
906
2002
2036
1896
862
3012
2448
77
2863
3440
3446
50
3547
3395
2133
512
723
1285
3523
1359
2376
848
207
1383
3575
1881
610
2131
2765
1718
1080
1563
2536
2544
470
1864
4
618
373
1448
1604
417
1631
2047
1108
1801
1149
2266
3235
1797
3143
689
1558
1193
2319
2398
841
612
2720
1939
192
3114
2484
2837
2397
14
54
3002
553
2100
2307
1046
1644
294
2242
1844
2800
928
1993
2567
3084
2710
3004
2051
1002
365
1806
3317
43
3121
3211
1432
164
609
1270
3268
3310
2511
255
707
480
156
2952
2020
519
3634
1371
1164
3621
3305
2356
657
549
3153
247
1039
116
1348
3338
1414
1969
2987
2861
2255
1701
1657
803
1367
2819
2010
2730
918
858
1377
2993
2745
2040
1067
2594
3498
3136
3501
2340
2947
44
1379
3601
1206
1899
2457
2262
1727
3367
1796
2973
1739
969
542
1750
427
117
2359
1549
26
468
2909
2464
2025
3699
110
2016
2699
2489
955
2746
980
2529
2332
1946
566
1940
2136
3618
2447
320
1000
2289
2530
3085
3427
529
2173
3045
3472
700
1342
2870
1527
560
3086
3461
3068
2867
825
3316
3110
1911
340
2576
3678
1818
3583
1768
3147
1090
2696
2072
3171
2984
2290
1243
3064
3169
2221
1081
478
1789
416
2852
3728
2282
1957
1276
1778
147
444
2811
829
286
2388
668
3325
1641
221
2942
570
2763
621
197
2607
1602
1211
1242
2683
1937
3244
2527
2935
2493
3246
671
1526
3592
1576
2327
1509
1508
106
299
1920
865
2480
2014
939
1288
1525
2977
571
2028
220
1985
2880
203
2463
194
2331
2813
2601
3749
2110
2986
3691
1316
1910
2785
791
1394
992
366
3463
807
1299
277
1113
2888
1543
2353
855
1468
404
89
837
814
411
3680
1040
3014
301
2462
2486
3657
1260
2767
3175
3321
3451
864
87
2314
158
1933
1737
1611
1240
1751
1435
2175
661
2479
462
926
2666
1185
369
1536
2
1552
646
81
449
2540
3019
1411
1936
2654
40
2476
998
1172
586
2725
2268
3139
1981
121
1441
625
597
424
3029
112
450
2655
3412
3374
2521
1121
2038
2640
2630
1903
2925
2026
811
1541
2127
1665
1595
1564
3400
3343
3031
2177
1466
2652
2926
3353
1173
877
3572
2590
1886
2610
251
1386
1464
2446
873
3593
2991
2958
3670
1705
135
1362
2560
2677
1943
1320
747
2148
458
3053
819
3364
2791
2254
3413
2452
1391
1222
2056
271
1958
510
1146
2512
1272
3512
2702
1570
1294
1587
2098
3762
931
3745
1987
2743
3280
2673
101
3620
265
1186
3565
3032
2545
972
364
2755
3348
13
1627
2455
1640
601
1078
2535
1758
143
3470
2957
3545
528
3465
2679
3007
3419
2961
2921
3441
253
3100
1597
2747
1586
2083
1384
598
1324
1008
2878
222
1870
2273
2271
2558
615
3477
590
1463
3431
182
119
3580
28
2443
2737
1675
2225
574
2357
589
496
2494
3407
966
968
698
495
3221
3435
1144
3056
2365
447
1012
2678
716
1014
2857
2171
3351
3714
3500
537
2088
1707
798
1143
2312
2943
2749
1296
2636
3551
2190
945
2742
1703
3598
2812
1358
1431
562
3694
2613
1245
2094
1409
2456
3404
1475
2691
1900
1357
2760
1510
337
2259
3576
1803
3722
3060
802
2518
1522
1491
796
1842
2741
828
3307
1494
1862
2930
2130
3189
2915
2472
37
3686
2454
2122
789
3000
3039
1415
1681
1948
1454
1029
3638
606
2488
813
3217
2068
2252
30
3318
1534
93
1935
234
139
827
3519
1497
1421
1791
1167
3667
3640
2547
332
2573
1114
1098
1266
3698
334
1345
987
1259
996
1649
2059
788
3444
1774
2470
1680
941
1026
1130
1331
2605
413
3294
1813
1380
2086
3716
2049
2693
246
2882
1489
2256
595
3166
2113
842
290
2411
288
1964
1141
1134
287
391
3277
1504
429
1336
974
2824
910
3001
1076
3320
2251
674
3763
3148
605
1289
33
965
1540
1369
2293
1866
3347
1794
1132
202
2628
2644
2595
1820
1290
1258
2439
2808
46
678
363
736
1851
2129
628
584
2832
2661
91
946
526
1772
1267
564
3718
2366
2326
1919
923
1785
2600
45
1049
3330
3710
3641
1960
2418
1162
2997
2517
1956
2212
1066
717
1147
410
213
289
2034
2900
1714
3240
2978
2656
1638
2694
1678
3247
2400
1616
98
3702
3533
1976
66
3177
1980
372
2766
3727
2414
1444
36
1055
1175
463
1944
1479
3408
262
1457
524
1495
2543
2185
3604
3131
885
2912
2981
190
3410
2275
1575
3266
925
374
1322
2150
2075
773
440
1670
573
2816
3204
3155
2416
1610
3054
1462
3283
1181
1199
2734
2492
648
1521
2024
569
231
2157
752
3711
414
679
2709
1821
607
497
3381
2260
239
3099
1623
1297
724
2713
2946
1016
2783
2515
454
2557
3198
3513
425
1740
1188
2651
71
3184
805
2803
3187
3122
704
2617
3315
215
3092
2818
3566
2055
2444
1262
3281
919
645
1089
1189
2107
315
3436
1083
712
903
1656
3447
2061
1984
1214
1855
627
959
578
3550
2604
1650
2732
1682
1059
3666
2277
3159
1843
795
2283
1653
1274
2060
3273
1923
16
2425
2618
2302
2923
3452
2568
3146
2499
3062
2027
896
2442
2138
583
1025
3309
3442
3543
3386
1664
2084
1931
3619
3192
241
505
2830
2724
218
362
1699
310
3061
3450
1759
720
1585
1963
577
854
2896
415
1037
441
230
419
2703
1531
703
2682
1341
1589
3636
954
2372
2019
2592
2485
3462
498
2849
2039
1694
2608
3024
479
869
3230
1084
2758
1230
3231
2158
1719
1179
12
757
2718
2697
558
2182
471
2806
2969
3149
1048
913
3726
1047
2945
1071
184
1811
1950
2474
357
472
2965
3046
1372
2559
780
3049
80
2352
989
1865
109
2579
1849
1052
1021
1286
1152
758
2309
1888
502
530
1484
2534
1628
3553
739
3252
3027
2239
422
908
2660
2562
759
1548
3176
2838
653
3248
2566
252
982
1646
1666
2692
1232
3378
3586
1261
1603
1996
1831
782
1281
914
2043
3237
1617
2261
2315
633
2841
2606
3383
3179
3520
3683
2272
1446
3207
2914
2335
3344
3088
2871
732
1086
2409
2769
2868
113
2093
1565
122
1547
1334
2646
2186
1859
1835
105
1310
635
1366
3015
2193
2330
264
2716
1239
993
1339
685
1967
3445
2585
672
2817
1333
1776
3005
1198
2963
3389
2723
1674
2645
568
1546
2553
2570
2163
3112
2044
2980
1854
2208
2453
162
3385
2322
1553
2525
3616
347
915
2281
1129
150
3074
2955
1346
2563
3271
3081
6
260
3401
2584
3499
1171
3409
212
1500
227
1091
3023
3761
947
2017
1770
2238
1501
3703
2964
2581
236
123
3186
2761
737
1554
124
611
3527
2263
1569
2428
614
3213
2069
3562
2294
2638
1724
2467
892
1057
2090
3093
1402
637
2574
2968
2101
2552
1265
3724
3658
2091
2891
1453
406
1443
3577
3262
620
2402
348
797
3696
3665
3497
656
1802
2901
375
1673
1885
527
2706
2564
733
2752
1323
1116
2786
2057
1139
2919
1327
1250
1277
1661
3432
3286
1532
2962
822
10
1165
3270
149
2433
434
2206
1780
3471
3418
997
2556
476
1708
3448
2736
1883
2207
3610
1156
692
1790
1697
1317
1882
2814
1671
1747
3298
2777
2571
3582
3524
1590
575
402
3708
634
2508
2641
3685
1736
911
128
3585
3145
2976
1455
1819
1952
2188
1512
1054
134
2264
977
2288
563
1871
1313
56
2011
1635
0
3681
1352
2210
3552
3416
2751
2106
3384
1111
1891
937
658
1343
3437
2603
1474
2782
3709
3460
3288
525
3079
456
1127
1938
641
2715
1353
2756
3341
3182
74
137
708
1683
2916
849
3507
1440
2528
2023
3449
3695
1689
2164
1907
2030
2095
453
2149
1573
1356
970
3017
874
3037
3660
1997
2316
1226
3129
3627
270
1744
1364
770
1036
430
2169
920
2711
1354
1702
475
201
695
78
318
257
2379
1125
2650
3531
3336
3398
9
3090
3134
94
3372
2153
2948
1220
254
3689
673
2834
868
1829
1753
2224
1847
3488
2377
96
2799
2807
1660
1094
59
367
3340
2393
461
126
3021
3026
518
69
3181
58
3387
39
2422
389
2429
3365
644
748
1138
948
1018
465
3494
2381
3228
3323
2754
3255
2298
1031
2361
1869
933
1824
172
567
1154
2586
3602
680
532
1194
767
132
3161
517
3359
3127
3329
3628
2082
3458
1926
2768
1845
715
1020
2809
2815
2354
3308
488
2792
3481
943
2228
1389
2097
3380
1256
799
3496
1712
3561
1544
1860
1103
386
823
1965
2707
2245
2684
2913
684
2956
2050
1439
292
3043
3682
2789
442
2844
3209
1351
90
2161
2862
1706
792
2066
846
2320
2727
2639
1805
3751
3647
1561
283
3684
1887
1056
504
3102
3342
38
1872
469
835
2797
1798
2121
2886
1110
1400
86
2375
523
2415
3059
2141
2156
2226
2866
2649
3011
103
169
452
1609
963
3020
638
3287
1060
245
587
1095
1236
3151
2577
407
2664
1568
3514
3293
3319
3352
2223
3363
2417
2285
3337
3597
1255
1841
1373
743
1180
3574
2835
1312
1063
1867
3612
2911
1904
261
1551
696
3238
2146
839
1182
2894
594
991
49
1863
3650
490
2405
2988
2436
243
1062
961
1949
3368
2348
557
2860
953
3366
455
3218
2031
3006
1263
2198
1210
173
2142
1651
3108
136
555
1019
2162
3637
2009
2931
690
2119
1672
2351
1593
2502
3740
1898
1303
1607
2052
764
161
2674
225
3133
2695
2704
591
1658
3191
228
1128
859
55
3630
687
1292
2434
1773
3379
1104
1376
2687
1814
810
550
3205
395
592
341
500
545
2982
376
1347
3050
3126
2575
1746
3538
1426
2440
1930
196
2387
2643
259
1621
3457
3626
660
3258
616
1781
3306
1966
18
1941
3511
298
163
1133
2368
443
3080
2362
3737
3558
2318
2032
940
3505
2081
