485
1659
1557
3529
2329
2885
3563
31
2648
244
3764
1207
2587
706
2347
1598
817
2770
971
2829
3295
1692
3712
1562
3443
1749
473
3757
279
3629
316
1971
1382
1954
1800
2877
779
50
746
2311
1896
3301
726
753
1392
267
3279
1412
2448
2370
88
3210
1434
1560
3480
467
3752
2274
501
77
2615
1315
2959
2002
1880
2396
1723
990
2036
1200
906
1793
70
325
3162
399
3158
2881
2179
2858
3446
3729
3018
3734
1584
25
1478
1812
1631
1742
3003
1530
2376
3041
2507
3700
1906
1718
207
3522
2810
1285
1448
166
417
1520
3382
3395
3375
512
509
2536
3547
2133
237
1472
543
2135
2765
618
3197
1340
1563
2449
2131
2561
1178
1648
841
2197
2247
3575
723
14
3034
1002
609
1270
3203
1404
2051
3537
2397
1840
2307
881
3200
2484
1046
1993
952
2720
52
553
1939
632
1761
335
1422
1118
2503
612
192
1738
2460
2100
1644
3002
2209
2242
3693
3317
1959
2662
2730
1701
2594
44
125
2340
688
2987
3153
2511
1529
2080
272
2328
2394
156
2374
2145
707
2040
1748
3397
2324
480
536
1164
3617
3719
2819
3621
1067
1348
651
255
2947
3305
2719
1367
2952
247
1406
2740
1407
330
2255
657
1657
2733
2721
2447
969
2227
576
2659
2304
3699
2973
3091
1796
3173
3095
427
2699
1109
1490
2231
1762
387
2332
579
2464
1596
1750
2489
2918
1206
857
1739
3138
2155
3048
2203
566
3748
980
26
1978
2136
2457
3618
1946
560
1911
1306
1768
1342
3068
3427
2505
3472
2672
2116
883
439
1243
1877
1818
3086
3147
3583
1107
1827
3594
3224
2712
1388
2491
3316
1228
2696
1393
2126
2173
3678
2867
2072
340
53
3426
3212
668
416
1469
1211
570
1937
1602
1509
3676
466
865
1508
2942
299
221
336
1043
2852
3592
2333
3643
1778
2731
1053
3325
423
1276
249
1920
1641
106
478
2935
2388
939
1576
1218
691
2336
2607
444
1526
2787
1242
147
22
2327
1161
1032
2986
2390
814
554
1316
397
2392
730
1113
3120
1350
2441
3657
216
2353
2475
855
3167
3463
2598
2471
1752
2880
2601
992
1
404
3028
1299
1543
1910
807
2028
183
1040
3354
3355
872
2331
666
220
411
2657
3691
3374
1240
1121
3412
2
1726
1981
2521
1435
1751
112
3175
1552
2654
2175
360
421
87
3451
2257
2578
1065
424
3292
186
1933
1251
998
864
114
40
1185
1003
646
258
1936
2767
1234
2655
597
462
379
2801
1408
1441
2450
1241
2666
1033
1301
853
284
956
81
3019
2314
1268
1466
2008
1355
2991
438
378
1665
2925
3083
2971
3067
1386
2038
811
3010
1595
878
2640
1541
775
541
2026
626
877
3353
3517
2652
2323
3400
1999
534
2108
2280
2938
3593
2148
2831
747
2419
1676
2128
931
3332
1848
135
1146
3687
3707
2292
1587
2702
3745
1294
3053
2042
662
1987
1943
1320
2743
3733
1222
3512
1272
808
3632
3324
1221
458
3236
521
2512
491
510
2949
2747
2545
2205
253
750
1186
793
1686
2591
2755
2404
665
598
1783
694
2181
1627
3569
663
2550
1378
2701
73
3565
1758
2535
2273
324
2878
812
3420
3100
2286
887
1074
3620
3419
1008
2635
2679
3651
2015
222
2961
2455
3351
182
2774
1014
2225
3580
1420
574
589
2857
2798
3435
1852
2191
1013
1187
654
3739
1395
3714
798
1675
2341
1975
3407
3753
2678
3056
2494
3705
2443
2088
590
1246
2737
2159
3477
3144
615
28
3622
921
1155
945
1296
2176
912
949
1143
796
3742
3690
964
2627
3482
2094
2147
1491
1703
1387
3540
3404
3606
2985
2514
1905
3722
1431
1924
2979
2749
1830
2698
2760
2623
484
2312
682
3598
2456
3741
2022
828
2122
1300
3519
2934
606
3241
830
3638
1850
1842
2688
3217
3000
234
3307
93
3473
144
3536
2184
3318
175
2907
2741
1403
2252
1029
1305
2930
2522
1415
2851
3686
1766
3595
1534
296
2967
595
1385
710
1098
3640
556
1167
104
246
334
1953
2693
3166
2547
1195
413
2113
786
1085
1774
2256
2380
2411
1728
1964
2478
489
3716
2059
1974
68
987
3346
1130
1649
3444
2470
1026
2772
405
1791
941
721
996
2605
2267
3578
788
3667
3698
383
2573
1794
1336
2582
1132
2129
363
736
674
1982
1361
72
3013
391
1516
1258
636
2251
2628
1009
2342
678
1866
722
1216
2439
2532
2951
3311
1757
2065
1820
3320
3357
3760
965
33
2248
2633
3544
3510
2487
47
3590
287
1873
2497
1326
1956
3174
1836
91
717
289
235
45
3526
371
3195
2048
219
102
1162
213
2694
3330
3402
2972
2287
388
1772
946
1960
1196
2510
744
1502
3421
3611
3664
3718
1147
2997
2418
1785
1632
2120
3492
2414
1495
2543
152
1599
374
66
1945
3541
3727
3533
1764
1622
165
3604
3038
1721
372
816
617
3275
1670
1832
1229
3131
1976
2185
409
2400
3266
524
1175
3073
565
1980
2873
3328
2075
190
460
2816
2150
1055
262
3199
1322
2981
2922
2970
3377
679
204
1016
1120
2157
3099
1297
211
1591
1915
231
3371
2983
1605
2825
2626
2284
2734
1181
3283
1483
384
2713
752
2024
3290
1740
304
724
2416
385
115
1652
414
2557
1087
2260
239
3198
2492
2818
886
712
3447
893
3304
2617
2427
2903
2778
315
2738
1912
1600
959
2349
2856
2204
3566
919
1451
645
3436
627
3282
1115
2803
3633
1275
578
2004
2444
613
2953
3259
3490
1262
2055
63
1278
3141
3223
1442
3750
1682
3300
1523
2442
1025
1274
728
2632
1308
718
2060
3555
1252
2302
890
482
3543
3278
2283
3159
3652
583
2686
3062
3273
2690
896
1843
1498
3356
24
1664
2513
3423
2485
2019
2516
2703
2896
1533
1918
2531
703
2046
498
396
1585
1963
120
1879
720
415
441
2000
3636
854
2876
2596
3094
2592
866
217
1531
1341
419
1759
3489
3414
577
2222
3619
2830
118
459
1372
1071
869
1839
471
2211
1921
2960
742
1230
978
3625
382
677
184
3506
2217
1158
3327
1811
2183
3250
206
3208
479
2842
784
300
3194
2718
2969
3149
2158
1449
472
2053
3615
1581
2608
189
3360
653
2534
2580
3425
3176
1865
1152
768
1548
3106
2790
683
3429
758
1908
2309
2838
1849
2566
2660
502
2279
3137
3025
759
1021
1484
780
109
80
3049
1052
138
739
608
3326
2315
1232
122
2043
3152
771
2841
145
226
2692
1617
1304
2853
633
1646
1884
1831
882
331
2045
2914
2871
1666
2258
1086
306
1895
327
1281
1603
1788
2524
889
732
3088
1996
1760
1205
474
1334
1190
3504
1329
914
1922
2868
2330
2716
79
2963
1177
2391
2645
1271
1028
2073
3253
3663
993
2828
2585
2802
2570
3445
1007
672
131
2163
3015
667
772
2937
2308
264
1704
1799
2276
884
2044
1674
1333
568
2817
1776
596
2980
3635
1201
3265
2584
6
729
3761
3186
2565
2117
3362
351
3616
745
1756
2854
1129
1630
3401
1913
2453
162
1501
947
3746
3409
1500
2143
2563
3271
3274
2303
1554
737
2215
3422
343
3703
2281
2523
381
123
2525
2017
1091
35
227
3302
3658
3262
2458
3539
938
1853
348
303
3577
406
1637
2638
2090
1027
2091
1782
3486
2263
3229
209
1695
1402
1569
2542
3696
1989
2574
2202
2101
1465
637
3581
620
2402
1433
2481
3497
2467
1755
2213
1574
1327
3428
1700
1780
1419
1802
1513
2927
1452
2706
273
1277
2207
733
3119
3476
2168
2556
2206
2306
149
527
1413
2773
1828
1673
3518
3659
10
2924
3154
585
639
312
157
2057
1889
3642
1875
1139
2433
2264
962
1983
763
1927
1819
1952
686
1512
3692
944
2188
2424
692
402
2804
2288
3708
634
1697
3549
977
2451
2641
154
268
1871
1671
2777
1795
3610
2928
1253
1594
2195
477
2571
1317
2389
2399
1973
0
2715
1101
20
2843
580
3384
3732
1111
3288
3709
56
224
2210
2782
65
681
338
3459
1986
2681
2371
3679
74
2722
1061
3182
1375
3460
1825
3706
2430
3165
3341
1352
1474
1878
2164
1691
3052
1112
1036
1823
2149
1436
453
1573
1226
78
1397
774
270
2504
2413
1577
240
2030
2410
280
3017
1354
1997
2650
2041
3107
1702
1816
2363
3055
2466
1535
3695
3756
599
695
2916
1307
2468
3531
1907
3720
2023
1683
1669
2711
3627
1601
3129
3688
59
1729
3331
3101
2762
1947
58
1082
1951
1257
2625
322
1822
389
3689
254
96
367
3340
3090
1038
3021
1556
760
461
2833
815
1094
3488
3333
1429
1928
2232
2236
94
352
2124
2994
850
3026
126
1753
1829
833
3365
804
2586
1194
1015
3228
1826
567
3140
465
146
3323
3161
3127
3202
1929
2809
715
3494
948
2361
1070
3600
3391
2298
1044
2667
3329
933
3759
3602
834
539
1824
3399
1018
1845
2170
155
2754
1970
2354
851
2865
1856
435
34
2815
3254
1544
693
3209
2789
133
1244
1072
1439
3484
1374
3468
2406
719
2218
684
3481
386
488
442
2111
2099
2684
1633
2614
2167
2367
2707
3308
2228
2975
3123
283
2066
1734
1482
1872
2797
895
504
3150
2886
2866
248
159
1542
1817
3751
1110
2437
2121
3245
1561
1056
1351
85
1023
83
17
1197
90
1715
3573
2739
2735
3234
3342
2728
2727
2320
3584
3725
3352
650
1787
169
630
345
1731
3299
1841
2223
547
2835
506
1312
1349
3020
638
1858
3597
2911
963
3337
821
3697
3612
2908
1060
3319
879
1180
1609
1867
2295
1095
2200
103
1370
3226
852
1784
3111
2611
894
2822
594
2405
3118
1655
3313
1363
2629
2237
3368
2931
649
2009
3218
1876
3185
3439
1639
49
455
953
328
1263
3530
2990
555
173
696
801
2142
261
2348
2940
3222
136
3322
1949
1062
3637
1174
2860
991
2346
1863
2343
3133
1898
1303
764
1041
3673
3191
1425
1901
2421
2096
2003
1814
531
1658
3196
3063
2729
55
3379
3740
2305
2695
1231
550
3115
1376
591
2502
1773
2642
2052
2674
2848
2434
225
1804
3057
3008
1624
21
1930
1613
2032
3126
2081
3538
3723
2325
958
321
1213
3009
2318
898
616
2219
2160
1309
545
3415
3233
1223
1941
2445
888
1034
3737
1846
2982
2368
709
871
2105
3609
1555
3258
3080
3050
592
1096
3058
3457
