1562
2675
3042
342
2426
3629
1659
2329
832
1893
400
2872
2296
2291
2877
2154
2347
2337
3466
3285
2887
3563
2770
3072
1382
3764
3276
392
446
817
293
3475
1834
2648
3474
3503
862
779
2589
2899
2274
1880
1399
1896
326
70
1392
2999
582
1434
2311
2139
50
1514
1584
3210
1560
1478
2396
141
3587
785
2622
3729
325
1079
428
753
2002
1412
3301
437
990
1723
2858
2370
3752
445
88
906
3018
726
1005
1163
746
200
734
3734
32
2765
166
2544
2398
1492
307
3197
723
2133
3128
3143
237
509
1612
3235
1520
1080
2247
841
2810
373
1142
2676
3375
2135
2561
3700
512
1718
1149
2319
3548
2197
2131
3547
1563
3041
848
1108
1558
1864
1604
1430
3674
3200
2397
2647
1993
14
880
3537
3004
365
3203
2100
15
1939
1404
275
2355
2209
52
3388
2051
2905
2710
27
632
2793
164
1160
1644
1432
553
1840
1270
2460
3040
2800
3084
2533
952
294
403
536
2819
2324
1164
2594
546
156
3498
255
1657
3397
3153
1377
2012
2993
480
756
2947
1348
125
2634
2145
655
2572
2356
522
688
2511
3136
2745
1407
1969
116
3639
1131
3621
3065
707
803
2328
519
2861
1748
1371
1406
1367
1578
1401
1596
3138
1109
844
1946
2529
2699
1519
1549
3568
542
2909
1219
3699
468
936
142
3618
387
2332
1645
916
451
2746
2733
576
2262
359
2973
492
2289
1899
2136
2717
117
2118
320
1762
3085
2457
857
1978
1750
3048
3583
302
3219
3147
1203
1768
2126
907
700
3064
3045
1818
1877
2491
2867
560
42
439
2984
3171
1330
3206
3493
3678
2253
3461
1204
2712
883
2063
2018
1090
3472
529
1107
3668
1508
3212
1789
418
1526
2787
1602
299
286
2763
3643
1606
1778
1509
668
466
1838
197
1276
1106
1043
2336
2942
2683
2388
2607
691
22
2527
602
1211
106
2811
1288
2480
3157
3246
2852
1937
3426
1218
221
570
621
865
2033
3728
2102
336
2685
2471
837
203
3014
3749
1890
2390
3232
1468
2463
220
276
323
3070
2785
397
3267
2598
2977
2475
1099
404
2112
666
1592
554
3120
2331
2888
411
3028
2110
366
2657
2880
2813
1910
872
1148
1040
1543
1
2601
1032
3167
1752
121
1003
1726
3029
1441
421
586
597
625
81
2479
379
1933
2241
1251
3451
2540
847
424
3292
158
3374
369
114
926
1240
1185
548
1241
2779
3644
1936
449
360
1121
450
2175
1536
1611
1065
2767
2314
284
2
3139
1260
572
1234
3019
864
1301
646
2268
2450
1408
2578
297
2991
2108
1665
2640
1564
626
1566
2630
2590
541
2925
2323
41
2652
2026
1464
3670
824
2971
3517
877
1173
1119
1705
2280
3521
2008
1541
251
1268
3031
2610
3353
775
904
1146
3687
271
2098
1320
2297
905
3745
458
2056
3236
1222
819
2702
2743
3332
3467
2512
1570
2560
513
2791
2673
3656
725
1248
1485
3364
3632
747
491
1221
662
3707
2412
210
1848
11
2254
2904
344
2635
222
3420
2205
2181
2679
3545
1217
1378
2273
3312
3032
3100
2083
3007
601
1640
143
1384
2286
665
2015
781
3465
2921
694
178
2550
1074
663
887
3569
1686
1916
1870
2701
2878
1324
368
2893
2776
528
1008
1627
3753
2857
856
2941
2774
48
2191
1282
2225
1012
182
242
968
1786
1144
2798
2494
2443
921
716
2171
1777
2737
1852
574
3435
615
3580
966
2278
3056
950
1675
2788
495
2341
28
2678
590
1861
3351
3739
3430
3060
2518
2613
559
2979
3482
1475
1381
1703
3694
1499
2760
1900
1431
2259
2698
2943
1143
2312
964
1897
484
2875
1803
2874
1123
130
2985
2514
945
1932
3404
2726
3502
1358
860
1510
3606
337
2967
3000
2454
828
19
3638
3307
1618
1305
830
3039
1077
1766
3082
3669
296
3318
2934
789
3124
1696
2077
1559
37
3217
3519
2688
3473
1494
2216
3536
2930
2071
234
813
144
1942
3478
606
2573
786
199
383
413
334
2411
643
957
2059
3698
3578
68
1026
1421
2256
160
842
99
3346
2267
1791
1489
631
2478
2693
1497
1385
1345
2113
2490
3294
1974
1331
3444
788
941
1134
1680
104
3716
332
710
290
2086
987
1380
1266
996
3261
595
1728
1873
3277
1504
329
3510
3357
1132
584
1289
2439
3763
2251
1866
2509
2840
2668
2951
3320
636
1516
202
1851
678
736
3148
3760
2129
2714
2628
2832
674
628
3347
1009
2633
3544
1336
391
722
2595
2836
986
2065
910
426
2034
2109
2661
3160
2104
219
1147
213
1215
1049
1196
946
1919
2287
1638
1162
1460
2326
2600
526
1836
2212
3240
3289
2517
1956
1960
535
3174
91
751
3047
564
1772
3743
3718
2978
1502
1955
3710
98
2898
2075
152
1479
165
1322
2543
3275
3604
2150
1229
3533
233
3410
3492
66
1175
1976
3557
2873
1457
1764
1980
573
1832
2816
1571
1444
1055
409
3328
3408
2912
1575
2120
1678
2185
440
816
3727
1616
1730
1685
1944
2229
2766
3702
565
3054
497
648
425
3758
2151
204
3044
1045
2709
3099
1605
2846
1297
281
2492
211
3283
1137
1652
2557
2284
3290
2265
1591
2734
724
2825
2748
115
231
2922
766
1199
2783
752
385
1515
232
285
1016
2024
1181
2125
1115
1600
2061
3566
2953
870
712
2301
1262
2778
1150
60
2651
2461
3087
3282
464
1188
1424
613
1283
3281
2604
3633
1089
903
1214
2897
3259
627
805
1912
2803
3315
2617
2427
3122
2671
71
3386
3300
3677
3159
2632
2992
319
2277
3715
3442
1923
2027
935
2299
3485
3543
3666
1498
1653
1051
3146
2302
1687
2499
3661
583
1252
3755
1682
2618
1442
2732
3356
1308
2569
2596
419
3168
238
140
1037
507
218
1931
3417
2046
854
2896
703
2078
900
2269
1654
2084
441
1699
1664
3392
362
317
3192
3619
1589
2703
1585
2062
1918
241
1341
577
3370
120
64
995
1879
1759
777
2211
2960
784
2608
976
357
3625
869
206
2183
84
2360
1449
2842
913
2718
3506
1071
3231
3194
2053
2902
2217
1230
382
2039
184
1572
3454
107
742
3726
551
2849
1811
57
471
2758
3599
2386
502
3269
3027
1567
2580
2239
2235
1849
653
2534
731
1619
3049
291
2920
3025
3137
189
2495
1548
1152
1286
3655
3425
2660
2562
2790
2566
739
979
1908
3176
2166
2064
768
838
1888
3179
3088
1304
306
1831
2890
327
3066
1895
2272
1190
982
1446
1232
145
3504
1922
3683
2868
3586
1760
633
2258
474
2335
252
2035
1968
930
624
1547
2646
331
1617
1634
3520
2841
2606
914
2093
2315
339
2409
1318
3738
122
1334
3135
2802
1704
1239
2616
2828
3424
993
2073
2980
3605
2820
1310
2276
2338
685
2723
2076
3015
2602
772
3069
884
305
667
891
2233
264
3389
3445
3005
2163
79
2044
1493
1776
1709
1177
640
1333
3532
2303
3635
1346
162
3616
1554
432
1690
1501
1913
6
35
3116
1024
2525
1500
3746
3385
3422
2795
1524
975
737
3409
2565
351
2955
538
3023
1017
2501
1201
381
3186
3703
2537
1264
729
2238
2453
2017
745
150
347
922
123
1894
938
1608
514
3539
2263
2091
2069
3724
1735
3229
2552
620
892
3262
1265
3527
1755
2101
3658
1853
1465
1057
2423
76
2574
511
1668
393
303
3577
1443
2294
3665
1989
1027
1069
614
3713
2458
527
1875
2901
2564
1883
902
3270
639
3286
1419
3518
2919
1780
1139
3163
1990
436
1889
1532
149
875
3659
794
375
1413
1452
273
3156
3476
2350
2344
1574
2826
1828
1192
1802
1885
2134
3103
3471
434
2706
10
3145
3610
2264
2996
2195
1317
1054
1590
563
1455
973
2823
1156
3588
876
2288
2814
2140
1795
3556
1927
282
148
268
2399
134
1871
634
154
977
3549
402
2976
2777
2641
2869
962
2424
1068
1697
2451
762
659
3459
3437
681
2132
999
3416
2603
2782
29
3732
3214
1061
658
56
3709
1825
641
3079
224
2939
2843
580
3215
1891
456
3681
937
3552
3182
2995
1352
2430
1878
2715
1474
137
1293
1816
3660
2711
2041
2030
774
1577
168
770
2413
2650
2410
3017
3336
453
2379
1436
1573
2095
2855
78
108
735
3449
3720
1488
708
1823
2149
1683
2466
3507
1169
1226
754
3052
849
1112
676
240
1397
1356
3688
599
2658
3107
2023
201
3037
3695
367
3333
254
2807
2377
3365
1947
3361
760
1117
644
2429
3101
673
322
2224
1410
815
2948
1438
1753
1729
1257
1928
1951
3689
2153
126
2187
1429
1094
850
2236
1822
2483
59
2625
3398
3488
1847
3372
493
833
2833
2762
1684
2754
3602
1845
3127
1892
1088
1020
1926
2082
3140
1365
1194
3391
2519
1824
715
1314
2680
1031
2381
3075
3036
680
567
1826
3161
3142
948
2021
2170
2768
834
3458
172
1138
1970
1929
2631
2361
3481
2865
2373
503
2684
3380
34
2956
2037
3561
3484
2614
2789
719
1712
3209
488
2844
3308
1332
3496
2367
1856
1965
2097
3453
356
684
851
2111
693
1505
386
2228
2234
3254
1006
835
3260
1715
2796
2156
2975
3190
3102
1400
311
2889
2797
3123
1706
1351
2862
2066
314
1482
1110
533
85
2006
2735
3573
2161
2974
1561
749
3245
2954
1647
1805
2526
1817
2477
3560
283
846
2727
2639
3352
2295
3020
346
3514
103
3296
3597
1867
2757
3299
3491
2911
1459
2087
783
3287
2092
3319
1609
1471
2597
3011
452
1858
1841
638
2611
3151
2908
1807
587
2577
345
2649
1280
3612
821
1063
650
1373
1972
1904
2162
1363
2546
894
261
2750
1182
2031
1775
1651
1949
1713
3439
2894
490
353
243
1876
455
49
2009
1237
3322
173
2348
1655
953
2822
3530
1863
594
2436
328
2931
2029
1311
2940
555
3108
1263
180
604
961
3650
2990
3115
2378
550
390
2674
1804
1679
1159
810
3057
1814
3239
3022
3063
2096
1593
1184
1898
3516
3125
3673
2305
2351
764
1658
531
687
591
1128
161
1231
3630
2119
2384
1073
55
3373
1104
3132
897
1555
2431
616
1846
97
1309
1808
3080
3009
2469
871
2643
1347
545
1096
2387
21
196
1588
259
2219
1269
2575
2325
3415
500
1426
1746
3126
3258
2105
3558
3505
321
3737
1133
1874
3626
1941
3058
2445
2368
2201
443
