93
403
449
88
435
98
413
384
75
418
48
117
442
89
61
443
395
398
483
84
114
6
411
90
388
448
42
101
426
401
3
434
53
479
417
55
451
60
56
107
28
459
377
17
37
25
21
26
46
83
97
457
466
40
486
51
470
433
49
461
432
104
499
79
406
95
471
34
441
464
96
468
445
39
472
490
380
438
492
77
436
24
54
452
50
23
1
87
45
473
497
446
482
43
62
389
416
119
122
102
469
74
386
59
123
12
71
437
399
400
19
57
66
421
467
63
419
390
474
15
410
10
409
465
463
162
165
574
210
613
169
595
593
622
542
127
565
603
148
188
524
225
224
501
546
179
600
522
515
623
236
530
537
598
132
160
152
611
503
519
583
502
181
551
597
506
154
155
538
248
545
605
624
247
196
159
207
509
216
175
619
200
215
212
576
243
153
556
229
168
592
544
166
174
602
157
601
540
580
126
559
520
572
550
552
191
246
223
616
156
531
146
190
539
571
177
548
195
581
526
528
232
158
586
194
558
523
514
570
535
589
599
189
566
621
516
569
172
134
612
241
161
507
235
178
226
228
587
242
564
711
683
685
287
261
250
731
369
717
273
347
666
656
716
371
644
330
746
733
368
345
373
660
364
264
632
699
742
696
367
341
680
337
674
695
722
634
676
322
639
739
291
309
648
664
321
316
315
707
335
360
333
641
339
329
642
282
258
737
277
645
650
294
354
672
346
713
253
636
745
359
302
259
697
255
740
698
625
675
643
689
681
295
334
292
633
278
280
358
260
285
718
352
308
338
257
732
662
290
721
729
702
328
735
283
370
657
700
310
677
663
631
744
349
749
296
743
719
720
646
730
342
362
263
344
