33
463
39
6
101
456
490
71
106
11
464
409
446
390
92
45
457
392
81
118
84
43
459
461
404
77
63
455
111
439
48
91
13
14
454
485
42
481
89
1
18
434
123
486
397
466
100
47
458
489
99
46
472
407
378
110
90
419
69
70
479
116
68
34
402
448
467
495
483
26
12
113
405
380
88
108
62
83
478
403
471
82
432
470
16
76
427
441
499
19
2
61
429
93
29
24
112
442
5
487
25
453
37
64
469
28
383
105
121
102
445
496
124
412
465
394
393
41
488
10
440
7
80
20
74
191
527
248
169
195
177
205
128
176
136
227
544
214
142
620
234
242
132
155
545
614
562
513
529
180
179
133
535
140
595
150
193
231
178
239
519
520
556
594
558
569
172
591
247
566
523
610
539
143
144
206
130
187
504
530
517
564
617
600
228
553
568
233
565
131
188
245
197
189
587
151
618
615
170
602
139
516
571
157
575
249
550
129
225
581
605
601
509
621
154
585
502
555
583
616
138
541
619
217
608
518
577
554
162
567
609
182
186
201
540
160
593
532
210
158
145
588
199
202
589
203
149
537
507
549
254
290
284
679
326
749
673
659
730
707
277
698
352
323
742
308
313
690
341
356
735
293
283
743
324
650
360
286
267
292
716
350
731
661
349
298
745
668
339
672
630
369
316
664
625
695
322
646
708
727
699
317
363
667
629
643
689
739
297
651
303
276
652
693
658
741
671
371
300
333
357
657
278
348
328
259
287
694
712
703
680
365
663
706
362
306
697
354
684
656
338
744
722
737
296
636
639
633
285
717
280
304
250
315
332
329
709
320
723
266
312
655
335
681
374
368
281
373
724
738
704
282
309
740
653
