40
19
73
469
399
376
4
105
96
414
6
12
94
452
30
56
403
484
461
66
434
458
70
426
119
473
477
24
425
496
454
472
439
457
107
460
405
122
58
462
455
31
97
43
75
34
10
124
123
81
497
91
93
385
32
413
111
493
26
37
491
490
121
474
114
78
398
41
49
411
68
85
476
77
478
436
35
441
28
470
442
21
82
42
113
384
440
446
444
59
38
69
423
435
23
7
412
464
487
453
375
87
74
100
63
494
8
430
18
108
117
489
450
54
479
0
404
120
102
418
65
449
431
112
492
148
167
186
543
576
527
172
163
185
525
132
528
544
502
500
233
578
550
152
510
624
603
213
220
568
515
176
247
223
521
614
180
190
503
536
158
164
204
595
567
619
584
245
232
162
133
219
131
243
520
580
621
552
608
609
189
529
226
575
214
586
551
244
237
234
193
569
221
194
511
615
171
228
202
564
589
566
553
519
600
212
537
605
593
173
540
246
224
174
159
612
196
128
590
602
192
579
509
129
542
188
222
242
513
142
147
240
125
236
516
225
555
229
559
535
217
577
198
157
178
547
549
210
583
161
690
740
710
631
265
342
725
334
687
327
346
662
711
292
644
337
270
655
685
338
352
341
355
301
335
706
251
368
260
284
321
268
326
331
741
625
371
257
652
731
693
361
370
369
358
294
651
744
639
299
716
343
660
650
679
739
701
734
336
692
267
290
288
715
363
667
668
630
348
745
289
273
709
264
353
699
256
372
723
309
303
696
670
733
700
640
694
677
684
718
276
627
648
638
330
313
359
332
726
305
324
344
258
293
253
633
663
308
664
314
287
280
714
732
340
698
351
642
674
306
362
632
272
297
683
