93
78
493
404
451
385
17
420
431
426
492
71
461
384
39
31
474
83
53
32
81
377
413
454
398
38
380
122
90
395
88
446
54
37
75
45
410
491
116
69
60
6
27
44
3
425
20
57
16
488
77
105
15
472
497
23
403
396
101
9
424
399
475
80
409
456
445
418
473
30
450
462
26
107
21
13
498
440
427
28
55
47
442
406
25
444
95
79
51
386
11
412
97
416
103
388
121
390
82
68
67
73
42
453
106
7
109
2
89
460
401
463
455
100
86
381
8
123
457
84
392
113
414
43
383
553
556
242
141
198
127
129
220
579
542
506
524
175
608
177
600
591
607
146
536
152
247
227
125
616
578
158
585
223
547
147
180
503
212
142
541
184
549
128
185
575
143
589
572
570
513
514
583
539
574
171
552
594
569
172
501
192
621
157
596
587
530
181
249
222
165
130
525
571
559
188
161
182
613
620
166
215
586
140
533
558
213
615
236
153
206
218
230
205
200
196
234
611
512
610
149
189
231
612
602
509
521
190
522
567
507
148
623
202
154
534
605
516
156
557
164
560
197
233
159
168
568
214
606
217
325
340
682
324
304
331
319
718
705
361
287
730
299
652
726
341
311
721
327
356
374
347
280
337
315
700
274
253
339
328
290
633
696
715
625
667
671
707
719
352
264
310
724
708
279
342
693
363
275
710
688
747
281
692
728
727
653
303
312
326
370
289
277
260
723
295
349
261
637
630
679
678
294
320
697
686
318
291
305
729
636
676
257
306
628
285
270
681
350
642
293
737
258
297
713
354
366
251
695
659
668
714
739
273
648
343
722
654
364
269
660
650
266
332
644
740
703
282
674
368
745
344
690
321
255
