445
609
249
120
568
570
74
100
453
481
576
262
295
274
605
524
329
486
10
90
236
419
448
634
300
161
79
490
642
35
423
76
132
177
183
61
75
647
649
172
178
137
153
264
176
381
472
422
302
297
567
212
532
659
234
393
352
372
363
597
182
14
320
515
480
624
418
458
279
347
606
449
118
619
77
469
633
596
200
414
371
217
442
298
467
436
499
4
546
332
579
623
185
303
627
232
507
277
248
498
239
509
386
433
604
81
477
583
152
341
17
530
560
377
602
406
233
599
555
616
416
601
111
84
637
195
226
544
29
190
528
18
244
215
534
304
349
129
280
256
380
124
572
321
21
8
487
492
72
45
666
482
253
373
428
439
53
73
384
63
337
446
539
70
288
162
308
146
115
450
299
319
639
610
250
382
351
385
147
210
389
213
209
173
47
237
51
587
156
254
293
141
179
376
136
331
188
660
112
261
114
273
590
475
621
403
263
658
574
607
383
519
52
430
629
99
142
16
390
204
538
103
522
235
360
338
427
531
2
216
375
69
85
125
358
474
345
343
96
37
401
116
223
290
158
229
28
117
464
189
310
104
317
94
169
306
92
98
287
155
591
282
645
334
57
43
245
330
243
95
255
38
270
221
612
553
323
594
628
181
518
312
493
608
600
485
165
48
192
218
654
228
392
638
557
154
89
437
577
108
283
342
266
471
257
294
648
109
68
214
15
631
318
547
391
24
359
584
193
42
473
400
301
632
595
410
646
271
511
364
106
561
333
405
644
497
143
80
206
424
496
529
187
378
238
122
150
19
412
476
396
630
102
440
113
566
227
326
196
356
20
611
362
23
335
291
657
545
387
149
220
525
78
247
510
516
417
526
514
521
661
407
421
202
640
420
205
435
145
635
197
461
578
368
259
369
504
22
641
54
444
626
556
581
128
551
260
465
316
656
588
272
495
123
222
500
41
404
130
307
258
501
26
284
340
135
593
186
357
240
523
93
267
314
151
296
44
479
636
170
520
650
395
87
11
160
305
513
361
470
208
225
399
7
171
466
49
620
374
457
224
443
489
348
484
452
