205
571
545
19
454
517
623
215
595
331
666
370
35
486
25
132
340
99
281
32
608
143
67
197
163
417
542
654
465
375
364
502
381
34
522
429
393
530
422
114
480
328
120
134
436
645
231
362
147
182
339
173
487
113
662
450
226
177
38
192
426
409
458
136
248
306
48
497
398
238
3
268
100
86
140
373
337
319
562
656
52
218
219
503
410
449
276
220
77
570
297
626
236
150
20
45
390
291
333
383
635
552
446
123
413
227
217
46
481
661
367
418
294
253
245
24
400
485
352
161
646
618
637
432
493
504
2
439
440
5
349
185
351
538
274
210
462
295
128
64
345
6
657
39
617
472
279
639
642
511
389
187
4
76
397
482
514
509
131
153
242
461
316
270
335
327
505
292
198
460
82
14
300
214
209
265
382
578
290
127
434
549
467
66
223
16
494
371
378
363
658
298
401
412
388
80
193
380
391
448
341
627
260
308
47
550
33
194
183
548
229
532
424
43
74
264
212
258
101
255
75
174
535
243
239
26
607
597
154
164
176
445
181
387
280
633
169
386
369
139
30
660
53
315
614
106
559
555
438
547
157
288
589
500
133
537
213
588
97
96
65
584
118
269
312
271
427
604
488
343
631
246
37
189
621
521
625
368
89
110
126
574
590
216
287
507
262
36
92
54
665
358
541
495
451
162
15
616
203
586
561
442
518
18
334
342
40
323
180
644
498
483
156
200
303
125
17
232
95
144
411
148
201
546
602
359
304
501
643
165
402
408
29
57
572
534
191
475
544
141
202
221
599
529
330
59
261
31
456
455
600
583
477
366
277
313
137
69
179
407
299
556
338
558
122
206
346
603
149
23
515
575
241
178
51
423
41
619
564
109
473
112
437
525
88
404
111
356
284
124
55
531
566
244
492
107
228
377
632
372
641
336
403
129
459
310
272
138
84
254
235
158
536
293
406
222
317
526
70
102
647
115
168
560
63
11
348
593
58
151
1
563
466
44
636
395
208
166
93
171
650
305
582
355
479
374
513
520
105
87
56
573
286
296
443
361
160
49
620
489
167
267
470
7
27
452
