543
175
612
364
43
74
119
237
307
468
431
614
578
50
111
654
302
325
515
564
605
33
351
389
653
180
168
572
174
96
530
138
598
246
591
480
421
213
424
610
369
120
576
184
396
0
460
486
599
549
343
4
110
104
508
354
178
78
391
292
203
645
221
297
37
502
490
372
149
207
529
577
631
526
477
311
644
446
66
34
146
383
219
130
9
456
571
656
629
574
300
291
272
176
85
518
583
412
278
266
197
342
287
113
406
190
243
557
210
80
293
260
527
258
214
199
353
118
323
386
606
126
162
158
288
216
60
317
506
429
275
125
535
148
31
659
643
657
328
304
250
504
581
117
38
131
165
76
522
335
500
39
546
156
561
233
356
453
419
147
252
521
77
3
635
19
567
265
217
437
268
15
476
525
540
488
554
619
519
263
655
338
318
187
88
262
417
188
101
438
485
575
434
238
616
349
344
218
585
401
433
587
140
558
59
212
124
75
154
618
580
21
322
259
352
82
487
13
505
89
414
333
303
404
647
298
547
329
69
109
16
483
559
388
122
639
316
133
516
181
306
169
341
261
491
200
41
350
628
320
382
103
601
511
189
247
61
550
646
664
144
569
173
447
560
544
652
602
471
440
112
376
534
566
533
248
658
366
371
510
295
498
666
409
494
413
400
92
392
458
245
384
595
62
347
309
121
139
280
137
228
230
405
370
52
596
428
182
435
556
321
285
12
455
568
638
48
177
393
70
242
94
220
90
358
256
600
662
294
467
481
426
315
408
64
163
642
79
46
632
378
26
625
192
339
360
36
330
271
95
205
444
215
541
422
283
365
63
29
603
72
604
47
621
299
6
142
607
473
20
40
368
611
425
244
464
51
141
537
98
107
128
450
45
420
430
5
622
377
97
68
442
334
390
637
235
32
201
326
28
436
73
623
385
462
42
274
445
25
239
8
439
454
222
204
249
226
459
195
531
23
136
229
157
624
620
251
520
56
11
314
186
87
484
170
160
171
105
399
513
1
240
289
636
348
224
208
267
71
166
573
650
58
44
523
225
27
286
479
466
470
296
395
49
443
582
