441
503
548
95
121
448
543
574
235
435
554
472
155
2
436
120
343
63
600
90
482
220
161
249
406
202
369
665
302
256
174
77
420
143
498
643
506
619
463
261
495
407
546
658
454
483
306
76
21
128
453
576
605
221
19
389
81
156
132
34
284
315
86
100
16
200
501
595
45
594
74
184
373
276
191
297
635
250
141
323
458
340
519
509
180
273
144
70
142
502
638
525
468
607
421
192
597
196
326
274
226
533
176
214
270
328
403
311
425
68
198
177
391
491
632
497
325
379
169
335
136
4
544
246
310
409
36
227
187
149
61
376
147
641
203
304
511
75
232
521
633
557
265
32
652
247
293
115
23
150
551
615
124
577
228
426
215
353
9
264
257
585
178
401
640
628
28
42
518
165
46
338
106
471
447
26
15
627
433
179
446
193
112
252
219
611
18
529
209
352
370
535
85
666
82
260
599
549
400
381
456
408
366
623
460
365
245
78
17
272
390
514
553
223
657
648
213
417
626
572
277
485
13
499
41
434
3
29
60
631
437
580
581
185
380
654
568
197
317
388
129
354
239
459
331
651
419
275
609
480
508
427
429
62
362
486
541
126
410
539
295
168
199
173
282
349
571
195
33
139
392
79
515
588
618
238
345
255
217
294
431
20
368
31
510
307
131
253
189
162
316
237
412
629
587
558
118
467
606
440
285
47
182
589
190
280
564
101
342
337
39
415
383
378
298
474
130
181
481
504
451
8
336
416
517
322
194
570
111
254
292
386
575
567
241
596
653
644
530
110
210
367
334
287
158
604
478
206
313
14
591
432
201
556
140
562
65
37
262
312
83
269
102
103
552
372
422
309
175
332
528
96
211
43
123
655
516
278
341
5
538
116
524
258
183
117
377
266
205
279
290
231
493
475
92
610
80
490
320
98
73
299
104
473
303
236
157
612
592
172
113
646
494
449
350
414
339
584
438
6
50
125
428
244
154
105
374
160
56
523
296
457
484
573
151
170
49
582
314
7
593
225
650
361
166
636
240
186
489
348
58
87
466
224
443
520
71
11
399
27
135
452
167
1
357
620
