32
546
354
548
136
61
111
51
363
448
132
629
330
304
516
604
242
142
340
168
635
60
95
589
586
578
119
226
503
145
502
491
468
147
331
270
336
288
477
310
184
665
45
655
384
559
577
274
261
57
371
295
530
627
664
273
334
174
496
353
81
529
337
661
255
320
154
391
235
77
623
231
182
421
392
316
471
531
257
428
393
490
598
640
396
75
196
613
572
608
324
123
84
216
602
584
576
379
15
246
414
326
561
550
630
253
464
508
342
59
344
70
404
9
210
64
328
612
493
543
38
207
47
377
137
633
317
323
642
190
488
390
536
128
152
458
311
220
312
4
284
383
596
460
521
449
373
307
618
397
606
532
80
364
426
420
380
199
565
164
378
176
360
411
243
482
575
347
139
248
549
101
181
585
539
417
362
129
552
19
545
351
175
660
48
433
268
335
485
507
643
55
100
409
537
341
159
619
219
611
504
646
37
465
657
478
110
553
120
480
138
366
653
53
605
547
24
652
153
309
574
394
206
140
558
554
365
144
398
313
487
218
472
222
127
155
350
473
276
209
172
649
356
259
538
476
600
134
12
432
183
498
302
535
467
113
381
67
54
597
121
581
444
500
622
85
247
165
528
349
445
8
329
21
212
333
319
0
68
567
557
486
406
343
382
659
298
108
463
63
455
387
13
359
592
30
442
204
262
99
401
403
638
544
42
169
89
266
462
194
564
28
180
527
202
509
131
506
290
294
66
385
188
91
375
594
250
497
245
644
555
301
453
607
94
103
332
515
52
205
252
407
368
601
18
256
345
656
308
542
632
43
437
651
263
150
29
469
588
376
69
338
177
14
265
20
230
76
456
232
124
388
634
625
236
118
5
615
114
434
422
279
369
483
291
277
104
178
534
2
41
413
580
512
405
185
514
3
107
621
26
285
533
315
234
146
526
318
451
156
419
430
511
475
386
439
254
551
272
241
96
275
173
441
570
520
650
224
620
170
240
71
489
208
593
348
44
457
7
289
49
479
484
87
56
27
167
151
286
1
355
361
267
11
452
105
296
443
314
93
470
251
58
395
135
573
