640
30
547
17
174
230
233
423
280
421
153
157
137
33
375
28
332
73
533
524
51
501
496
331
159
564
481
413
403
463
25
216
474
541
75
140
435
584
477
363
52
329
187
22
312
205
420
373
570
641
261
59
284
648
633
104
461
211
407
536
218
561
82
168
365
222
549
473
318
229
450
184
544
556
24
546
83
161
410
127
639
351
614
497
287
430
258
476
163
554
60
302
360
201
425
429
146
72
615
515
129
234
124
569
446
531
144
431
609
263
199
428
624
254
198
257
41
152
635
180
217
69
402
396
590
324
459
192
503
527
177
311
485
434
455
594
97
343
327
204
560
629
507
528
567
277
203
539
377
283
368
196
38
223
525
120
401
276
583
381
300
618
185
398
31
227
621
566
29
291
499
154
54
253
526
306
366
370
138
572
195
652
175
99
655
356
333
543
297
379
303
131
236
538
439
465
551
512
226
534
106
134
136
393
126
417
645
456
602
21
102
595
419
19
664
464
246
249
495
345
340
405
16
242
42
148
587
653
179
438
522
37
92
325
67
369
122
502
250
241
112
188
40
445
447
592
415
579
580
78
644
494
387
57
292
480
256
299
358
504
412
202
509
517
214
6
386
3
436
553
448
666
209
109
364
48
315
119
442
197
532
557
10
193
107
478
89
471
659
540
13
342
460
194
617
323
232
86
34
66
316
346
269
454
113
101
50
359
388
210
571
84
95
341
382
245
665
367
295
53
406
409
301
74
304
352
449
294
577
32
607
94
498
130
558
488
147
637
600
162
231
81
565
145
444
411
288
462
591
510
103
238
627
416
384
310
264
158
426
578
150
221
338
487
404
173
559
117
437
206
63
389
606
339
278
239
132
647
334
46
362
290
182
274
155
418
628
111
76
662
68
108
605
385
469
581
486
619
422
91
378
344
451
85
632
4
279
110
265
440
228
62
128
598
189
2
125
235
552
625
649
121
169
453
500
374
399
636
348
224
160
520
186
166
87
289
296
151
563
395
573
513
523
470
11
484
27
479
650
251
1
489
443
49
620
135
171
208
457
452
267
593
105
170
361
7
