371
358
260
82
22
480
52
475
12
548
562
203
339
605
327
120
611
8
499
84
547
600
623
402
445
239
492
508
459
567
226
536
507
481
156
486
656
139
387
617
300
657
222
301
329
325
430
653
184
541
233
491
577
521
215
427
303
515
81
596
191
72
632
648
595
323
553
545
498
613
634
114
318
209
188
347
556
69
647
433
429
388
412
663
655
192
543
97
302
519
119
243
42
3
335
426
126
324
79
485
271
509
140
602
447
40
332
535
420
246
144
212
522
33
41
437
626
141
438
410
113
472
68
176
354
550
423
415
476
110
109
424
155
428
453
539
384
649
46
73
419
92
195
38
31
115
124
639
298
652
570
98
272
118
382
121
565
37
32
116
659
319
664
287
280
30
2
274
640
61
128
411
15
544
592
610
36
217
177
136
414
277
328
464
390
150
96
53
342
306
200
564
169
147
494
370
456
285
344
13
334
635
100
152
534
64
404
282
501
458
19
88
122
448
418
549
168
134
490
35
349
142
431
175
185
514
422
341
234
24
471
373
112
311
249
435
108
201
47
524
101
313
29
497
557
268
666
132
297
308
213
465
293
205
196
133
542
661
25
555
510
607
506
432
375
129
263
618
356
630
6
622
34
62
148
317
340
223
50
569
614
645
230
561
362
102
210
585
146
575
283
385
391
403
504
554
488
250
284
343
651
131
572
67
242
615
496
518
281
26
381
330
197
604
216
174
365
292
257
493
383
580
86
51
583
45
444
232
39
219
269
270
163
137
442
581
589
89
637
451
441
227
189
43
526
641
247
95
321
621
159
345
363
372
477
211
368
149
238
367
560
359
288
10
179
598
631
275
665
338
252
529
90
331
482
198
394
603
396
455
462
190
658
165
525
107
627
401
278
202
310
487
91
351
644
552
376
253
517
460
255
416
421
366
28
538
315
117
221
48
646
461
662
450
125
111
406
55
612
559
483
594
440
291
346
251
355
489
289
1
563
49
399
11
395
520
636
71
225
171
484
593
305
457
348
135
240
452
56
151
166
208
523
582
470
361
44
286
170
186
466
267
87
650
314
27
