587
591
490
660
558
434
268
65
148
109
493
575
400
474
403
283
292
211
619
17
329
556
539
652
430
454
16
407
608
424
291
628
149
191
322
360
18
352
231
34
447
504
465
584
368
379
30
279
277
370
273
372
630
525
178
183
326
282
366
364
271
144
3
393
614
265
664
4
219
605
62
190
117
359
309
257
413
61
601
422
508
303
618
297
36
506
95
125
146
441
475
637
597
115
120
391
503
246
248
0
534
561
195
78
295
223
94
610
266
624
338
176
276
505
385
437
594
526
472
387
530
579
421
659
154
261
21
14
426
172
404
606
633
362
57
420
310
551
145
542
581
431
478
2
210
538
320
592
217
600
162
617
613
270
239
118
73
418
312
6
236
398
487
220
436
29
315
255
316
483
537
373
491
604
629
607
562
39
528
570
588
193
377
131
468
23
278
598
543
227
241
323
317
194
221
569
638
477
346
85
103
150
164
42
341
237
98
156
645
480
485
124
259
79
381
141
571
5
52
451
104
549
576
611
59
233
238
376
553
143
139
396
60
12
254
249
545
354
137
299
632
654
302
557
83
63
22
580
589
99
349
192
272
555
515
512
615
187
101
142
429
535
88
80
138
175
13
244
334
644
416
643
564
199
586
574
235
67
583
438
33
212
147
507
596
590
335
76
319
554
388
559
114
442
311
658
444
285
481
363
15
9
467
626
603
461
306
89
547
432
84
182
595
375
634
464
343
275
153
648
646
647
262
627
625
215
188
256
651
331
351
428
64
501
48
66
473
243
456
37
599
173
307
287
54
201
281
108
415
496
533
155
358
198
121
24
339
86
294
356
218
502
369
336
301
383
300
609
448
499
174
332
280
453
245
321
445
411
318
382
45
260
392
69
20
527
168
43
40
250
524
230
347
41
304
417
82
425
293
127
107
229
77
649
203
656
111
32
446
180
81
112
130
510
497
519
232
196
242
204
51
433
408
469
386
58
105
484
166
305
71
636
251
289
513
151
470
224
186
44
466
582
314
27
7
479
296
348
395
357
593
93
650
87
374
135
620
11
170
452
573
523
225
167
1
240
