558
217
460
561
366
9
287
556
539
67
380
16
525
107
662
535
439
387
254
54
624
164
279
647
173
277
45
502
281
81
41
424
416
216
144
230
610
547
74
233
534
304
628
581
189
250
385
26
643
140
269
508
371
625
222
612
551
43
246
597
346
418
574
575
336
13
653
116
531
21
97
150
469
236
10
308
437
546
648
664
312
132
35
15
50
467
529
227
24
223
129
456
410
297
587
231
588
603
185
273
602
400
494
334
488
111
576
616
234
239
403
360
199
605
86
145
33
197
94
447
80
75
571
300
475
572
241
402
301
423
127
352
344
229
478
83
95
31
591
639
599
99
433
200
363
404
161
295
503
568
203
262
382
194
446
272
421
477
651
4
118
253
247
512
179
389
660
654
109
493
325
202
590
358
487
401
444
252
432
318
614
405
598
78
480
136
349
607
42
244
6
266
188
264
156
293
149
364
442
195
212
427
220
147
454
39
271
53
85
554
245
451
393
462
621
415
345
434
204
181
341
580
390
553
445
340
162
471
557
476
158
562
606
629
307
522
351
661
265
436
499
378
169
326
617
419
321
595
472
214
330
370
527
134
630
505
640
386
604
486
337
32
461
491
261
658
396
284
92
368
114
292
282
309
483
117
455
193
218
102
23
514
495
579
540
519
30
353
313
518
209
633
72
79
458
428
655
565
430
291
566
641
256
192
88
77
141
303
196
219
644
82
542
543
274
414
635
317
485
12
463
159
383
422
549
323
354
426
263
139
600
157
288
255
64
302
113
175
332
408
409
524
665
500
510
449
359
441
623
570
51
329
174
583
577
294
275
649
541
25
55
555
646
417
110
601
438
69
335
29
585
532
552
365
183
100
453
124
656
569
509
96
659
637
101
257
608
90
544
299
62
327
182
632
122
201
73
536
63
413
205
530
376
333
320
66
138
506
8
407
372
184
206
59
70
258
103
377
347
645
464
613
431
319
211
225
348
135
171
470
650
93
305
11
166
355
224
357
286
582
489
452
573
296
56
208
87
636
105
443
240
457
58
620
361
563
314
170
593
44
71
27
1
167
466
289
