344
658
666
617
214
610
169
127
59
2
534
266
211
48
278
501
206
372
555
540
283
379
33
552
577
365
0
221
472
318
327
22
230
156
179
173
494
349
444
493
585
448
249
19
405
421
626
140
243
4
209
10
324
521
326
541
202
306
147
136
527
550
640
253
393
575
219
45
42
417
34
62
311
404
210
12
39
486
117
185
109
139
453
130
392
79
419
590
565
474
519
258
458
282
581
508
14
424
320
13
657
8
191
659
285
451
255
201
23
509
272
522
333
654
310
300
516
338
308
409
334
605
40
303
571
29
432
142
387
454
595
153
236
598
529
290
580
98
542
67
260
217
195
386
247
83
277
532
165
163
269
155
510
182
660
652
491
50
158
241
370
192
301
543
562
440
162
408
38
244
337
46
295
420
288
294
204
641
102
261
547
53
95
150
429
368
15
110
504
199
65
445
51
168
525
647
3
159
141
121
113
385
627
339
245
572
133
280
611
335
423
319
428
26
37
115
30
506
498
252
203
78
398
228
73
488
526
43
414
197
257
615
485
264
273
103
606
262
270
302
623
317
569
635
638
189
70
631
616
21
60
464
57
633
106
589
178
637
648
157
586
315
184
579
351
603
594
359
299
340
503
403
655
293
536
467
375
196
608
502
108
644
362
544
55
346
469
539
465
254
433
381
263
248
380
560
436
530
450
545
234
396
82
154
47
383
511
643
515
297
187
149
614
223
447
596
313
176
342
242
449
427
353
328
239
237
190
475
181
371
524
101
664
134
20
322
439
487
85
5
64
265
537
377
76
384
332
193
613
323
621
505
188
246
274
567
235
592
602
205
174
568
446
604
180
463
358
553
321
232
492
107
430
144
281
100
597
460
418
645
367
412
287
528
222
514
66
72
227
128
564
557
125
164
218
104
499
129
373
599
546
624
220
9
336
74
639
215
238
137
331
120
490
54
656
200
517
146
111
662
213
646
341
35
483
484
11
582
523
479
489
166
160
7
395
593
208
355
267
636
520
49
563
56
573
289
1
224
361
71
93
225
513
305
44
240
87
171
452
170
457
27
296
470
314
399
