601
266
307
384
242
446
388
109
419
664
193
555
209
263
356
421
584
362
182
271
639
375
503
169
31
430
114
525
583
306
558
51
258
417
315
201
15
481
508
288
60
37
554
290
477
441
472
85
176
665
521
436
35
488
73
103
629
336
491
349
28
412
467
168
300
156
320
424
19
255
294
253
518
78
662
364
342
514
367
77
275
552
302
595
196
53
265
490
88
651
568
122
415
432
330
478
48
117
9
74
440
301
95
655
233
81
641
638
195
334
389
187
112
663
216
268
144
377
8
538
211
495
437
459
588
323
385
192
154
180
381
475
454
2
611
599
292
121
128
413
212
500
530
434
652
247
234
64
226
340
119
133
79
241
576
213
522
283
543
474
460
287
102
556
106
502
312
130
90
173
99
435
516
218
553
126
318
278
203
480
110
324
185
214
649
449
139
215
642
511
635
161
447
333
309
368
67
279
540
68
442
640
183
390
465
153
131
339
246
14
619
338
497
142
371
69
13
91
379
486
548
256
537
408
57
199
38
120
557
65
528
647
592
659
261
369
123
308
39
17
237
485
343
535
179
244
658
398
30
570
387
204
546
327
111
602
504
29
631
316
303
632
326
617
335
621
623
422
178
41
75
512
569
250
143
429
194
252
310
164
235
113
660
625
84
249
427
162
26
125
627
493
197
174
541
42
416
610
591
190
360
405
425
243
274
580
152
66
468
3
231
276
98
604
562
396
220
118
33
534
572
359
20
509
476
346
72
311
656
137
630
23
207
230
633
527
471
544
298
116
319
394
350
483
612
586
40
453
328
22
341
571
533
124
648
132
322
618
96
304
145
223
589
210
219
590
273
6
163
616
198
159
227
4
600
455
347
24
370
400
506
140
55
496
566
345
366
564
654
325
277
406
438
560
47
532
426
129
299
358
464
0
337
487
331
428
63
157
559
184
94
501
228
542
351
423
607
21
332
482
206
97
498
575
52
186
267
251
620
563
636
513
151
305
56
582
166
135
105
355
466
224
167
523
171
93
58
208
1
489
520
170
289
479
484
49
593
399
314
573
374
160
44
470
395
7
