401
555
185
126
279
266
413
41
552
89
603
654
48
369
321
319
461
415
15
3
526
45
287
283
633
539
359
256
656
318
435
18
172
265
9
551
567
379
429
456
202
13
0
152
487
25
199
559
542
371
330
450
147
406
558
398
312
263
235
127
364
420
421
317
430
129
36
293
335
356
575
247
623
67
115
189
298
145
439
514
285
64
402
294
234
530
119
130
628
104
183
331
61
31
507
338
217
428
220
392
533
340
577
469
133
124
107
16
134
90
566
230
110
617
587
372
367
444
20
226
175
412
626
246
491
118
490
488
473
94
570
494
155
37
257
52
323
302
32
627
46
610
123
148
618
274
307
209
589
571
253
518
343
154
144
341
460
478
386
591
342
390
241
492
80
198
141
161
604
631
173
510
177
216
472
655
396
254
34
426
75
649
662
375
414
273
231
553
271
458
157
419
600
417
78
103
411
586
82
531
665
621
381
431
446
50
508
511
269
500
121
10
346
366
102
517
385
495
156
644
310
425
96
529
509
463
565
69
498
228
597
483
462
475
101
63
464
275
221
14
384
181
410
245
581
150
615
19
264
128
393
648
54
477
382
645
149
81
345
493
584
55
339
182
474
556
432
248
663
159
404
614
5
322
255
242
416
624
546
210
74
329
281
163
607
195
327
436
197
91
433
238
480
278
83
440
574
568
260
191
22
467
223
213
117
174
437
303
304
525
125
666
349
62
270
652
660
409
203
8
505
300
547
405
95
380
313
233
486
641
447
580
112
353
658
57
232
560
616
276
451
187
596
365
146
441
397
139
611
108
291
2
576
6
122
434
219
423
188
169
528
88
194
282
165
481
448
592
60
583
207
26
594
201
653
290
24
561
178
200
76
459
548
613
454
572
376
153
373
515
527
244
453
66
42
564
389
249
646
657
554
637
196
538
634
595
639
328
519
38
306
243
485
28
206
212
280
316
599
605
438
190
325
97
295
357
314
523
27
452
520
305
160
573
470
395
484
87
105
489
11
636
44
374
167
151
286
7
479
135
240
620
49
296
582
71
1
348
170
289
166
513
563
186
225
224
