101
646
619
173
571
34
600
297
436
332
393
418
6
559
497
637
207
182
420
474
550
407
261
86
626
172
560
239
12
475
622
543
411
486
561
300
156
609
189
242
183
262
210
29
106
544
557
342
19
8
233
79
139
465
347
247
528
534
304
334
440
309
99
621
608
223
524
145
311
394
41
504
447
565
121
367
453
409
35
388
308
115
116
37
263
294
4
664
572
246
0
630
594
629
421
199
341
589
596
123
222
505
162
502
112
234
282
144
476
616
109
530
548
338
117
157
597
578
229
270
291
493
482
141
226
228
33
552
244
192
446
376
380
148
517
36
147
403
266
138
643
525
128
127
77
522
25
415
83
473
184
205
236
218
510
310
197
426
319
264
91
149
370
408
481
20
566
22
641
463
176
657
499
654
85
330
88
611
137
599
250
221
100
390
469
389
507
371
642
204
339
595
107
381
430
69
17
660
177
217
238
666
303
477
130
541
632
126
652
639
617
425
335
328
375
164
586
431
645
81
54
50
327
237
47
501
243
92
606
318
95
406
80
323
590
257
526
67
131
65
634
316
143
485
400
461
535
405
500
554
419
402
387
483
441
503
277
16
345
89
169
435
567
635
45
353
52
569
585
349
506
625
495
508
18
214
331
329
363
562
581
59
662
73
610
584
551
102
624
352
368
487
631
299
521
180
26
140
558
235
605
174
181
545
209
74
509
556
53
185
278
326
163
120
648
62
274
533
203
527
580
663
287
588
30
161
488
516
206
133
373
601
577
478
298
90
655
165
153
423
587
454
31
397
471
366
540
613
398
618
275
295
437
129
152
155
628
125
456
15
72
391
467
51
307
32
438
450
103
653
196
651
293
480
576
351
386
603
255
649
114
612
627
194
23
518
515
97
462
340
555
434
614
369
104
449
231
3
312
359
574
358
288
396
260
615
245
98
111
248
644
538
38
24
150
82
46
269
424
21
134
322
458
607
198
470
395
582
513
151
27
563
170
49
466
224
251
593
314
44
399
457
56
484
573
240
361
208
355
286
374
636
11
87
289
520
479
523
58
348
105
357
171
452
1
167
