50
307
527
213
528
575
369
149
386
577
425
164
233
325
651
465
594
320
517
454
615
446
427
277
94
339
542
646
499
504
545
62
246
60
139
127
137
103
276
410
511
571
400
609
525
403
115
211
664
72
546
239
290
408
406
656
46
431
66
328
548
343
148
599
334
634
266
503
342
506
561
133
585
237
141
418
439
567
629
356
644
556
215
63
492
192
451
614
162
555
229
533
227
101
625
438
365
612
359
378
138
549
590
354
345
352
12
10
132
100
212
663
155
600
444
45
258
242
659
76
73
336
29
389
330
234
371
293
259
589
80
462
521
412
642
82
518
253
179
16
3
263
658
21
195
14
331
641
110
288
122
377
37
24
351
32
568
338
580
97
156
478
194
539
107
117
297
86
550
649
469
493
163
25
416
301
638
604
569
652
53
447
628
104
39
47
655
490
538
123
19
543
304
333
316
471
544
570
182
273
341
616
578
496
5
423
109
144
40
303
205
514
243
222
458
187
529
653
118
299
449
280
284
467
551
603
390
244
34
622
335
95
598
562
584
298
153
28
536
632
426
42
552
221
581
210
177
332
189
74
624
264
306
461
161
613
505
223
249
405
574
475
8
78
128
130
250
437
207
597
260
255
142
281
271
375
206
68
312
393
384
662
279
463
300
608
508
576
482
90
185
201
111
436
421
252
583
283
125
15
486
140
324
453
434
218
168
450
494
619
121
524
89
666
602
522
440
557
152
69
473
134
318
214
102
654
372
394
648
4
435
477
173
647
106
64
198
145
190
270
487
51
172
159
35
228
383
9
404
388
379
112
317
643
526
424
57
183
174
428
595
232
23
256
329
362
113
55
630
626
169
84
445
385
79
442
363
640
226
319
295
129
415
257
565
204
627
639
472
292
203
500
480
601
587
491
196
323
184
67
274
158
165
665
326
566
199
617
216
88
572
282
36
308
588
181
6
193
661
61
241
180
373
605
560
620
289
44
650
11
160
166
56
7
224
151
49
523
186
593
208
399
27
225
171
582
1
563
348
452
484
489
470
314
479
466
93
443
296
135
395
286
513
71
520
87
