202
100
91
193
37
259
222
240
226
102
215
122
330
145
316
196
218
198
268
169
156
41
249
238
9
16
13
209
57
1
253
219
178
318
211
309
204
96
8
10
143
137
77
232
265
90
306
30
136
201
286
25
317
47
239
87
195
123
166
216
182
220
45
237
243
0
135
278
34
315
290
303
203
49
108
194
66
130
210
78
241
157
325
14
205
24
113
273
323
160
294
101
118
162
287
334
158
149
200
258
322
79
183
213
154
65
119
17
39
327
307
296
206
188
212
170
229
40
217
127
163
284
110
155
291
272
148
54
4
328
138
85
230
55
106
23
288
151
190
51
332
260
44
11
176
189
295
248
329
103
114
297
53
2
245
150
262
33
282
180
144
326
197
117
301
92
335
234
179
116
81
28
257
168
228
97
175
285
36
58
270
165
153
171
56
267
21
231
132
15
321
107
289
185
275
174
84
93
88
251
26
314
236
72
95
62
76
283
