91
100
147
240
46
193
37
202
215
31
12
196
330
102
316
250
268
161
74
249
214
7
169
218
121
57
164
337
13
16
68
253
309
29
247
318
8
124
310
211
141
137
232
281
60
306
305
143
20
47
317
302
134
136
87
25
277
220
182
195
166
319
45
237
126
38
278
82
315
64
104
303
210
49
66
203
233
244
108
280
157
27
63
14
24
264
113
241
221
162
128
177
160
118
334
287
200
35
183
258
158
149
299
322
119
65
154
184
39
307
296
252
229
127
206
298
212
170
227
217
246
155
110
291
131
284
272
86
308
55
4
23
85
125
106
138
190
59
269
51
151
11
159
186
181
189
295
248
329
297
61
235
150
180
33
262
279
109
282
300
6
271
105
199
144
326
197
301
266
81
228
208
28
293
116
97
255
58
276
153
261
36
19
270
321
71
107
43
267
231
56
132
146
93
185
333
84
129
88
251
314
26
95
223
111
62
242
76
