193
147
46
91
274
172
202
37
102
226
31
75
215
316
330
120
214
268
198
156
218
7
161
238
337
16
13
253
121
219
57
68
178
309
96
310
10
211
204
318
60
305
77
265
306
141
30
232
317
87
47
239
167
134
25
263
182
191
45
195
277
220
123
133
104
38
64
278
82
126
315
290
130
203
244
233
66
194
78
210
14
264
113
241
157
313
325
63
118
101
287
128
192
177
294
160
322
89
35
254
183
299
79
213
42
154
65
17
39
307
173
296
298
217
227
98
127
187
170
48
110
246
284
291
54
272
131
148
23
4
50
55
230
328
336
125
288
186
151
11
190
332
51
269
295
248
103
329
181
297
94
61
262
53
2
73
245
300
109
150
92
335
199
301
105
271
144
6
116
81
99
142
168
228
28
208
22
276
19
171
175
255
261
36
324
43
71
21
231
321
67
15
251
185
84
88
312
174
275
93
76
242
62
95
283
72
223
314
