259
274
224
147
37
202
91
193
12
75
215
31
196
145
226
102
238
268
74
156
218
198
41
249
1
164
209
57
9
121
253
219
29
310
247
8
10
204
211
178
90
281
265
30
143
80
141
232
47
317
239
25
167
134
263
136
195
220
319
32
237
133
123
45
315
34
64
303
135
126
278
104
210
66
112
304
49
78
130
233
325
273
205
69
63
313
241
24
323
177
221
118
101
162
287
334
89
35
79
322
149
213
258
83
292
119
154
173
17
184
65
307
229
217
170
48
98
212
298
188
246
163
54
155
291
272
148
284
328
106
225
138
55
308
85
50
44
311
151
332
59
11
159
190
61
295
248
189
297
181
94
235
73
207
245
279
53
282
109
33
92
197
105
199
335
326
117
6
28
116
168
228
97
99
208
179
276
58
19
171
270
175
36
261
324
15
321
267
71
132
56
331
275
333
93
146
5
312
84
289
95
26
72
140
314
242
223
111
