91
100
274
222
202
147
240
172
316
12
120
330
122
250
145
196
218
74
238
214
156
70
198
169
121
68
337
219
1
164
57
9
152
247
96
124
178
318
8
10
77
141
265
60
30
306
143
232
20
167
25
286
239
136
47
87
220
166
182
277
319
32
195
123
315
290
126
104
0
303
64
135
66
233
112
194
49
78
304
280
14
264
205
63
113
273
69
157
177
162
160
287
128
192
221
294
89
299
79
158
254
322
149
83
252
17
173
119
42
327
296
154
229
212
170
188
217
40
127
227
86
163
148
284
272
54
291
131
125
55
328
225
336
23
50
138
332
269
260
11
186
151
190
44
297
61
295
52
114
329
103
94
262
180
2
33
279
300
207
282
326
301
105
144
199
92
335
234
266
293
97
99
142
28
228
179
285
58
270
261
22
19
175
153
231
56
107
43
67
15
21
267
84
185
146
312
289
251
93
129
236
223
111
26
62
283
95
140
