202
46
222
172
37
91
193
274
122
75
316
120
31
226
196
215
156
7
198
41
249
161
214
268
320
219
57
209
337
9
164
68
124
152
96
10
29
8
211
318
60
306
30
137
305
232
143
265
167
317
239
134
201
20
263
302
195
182
45
220
123
237
319
133
278
290
243
104
38
64
303
34
108
49
66
203
280
112
304
130
313
14
63
157
273
24
69
241
160
334
162
118
323
128
192
18
258
35
213
200
79
183
89
158
307
296
17
252
292
327
184
119
212
40
227
229
187
188
298
170
163
86
291
246
54
155
110
256
225
336
55
4
85
23
125
308
151
44
260
159
332
269
59
311
176
297
329
235
103
94
61
114
109
300
262
2
207
150
245
180
105
92
335
271
199
144
301
117
142
81
293
228
168
257
208
179
261
153
58
36
276
255
19
22
231
67
321
331
43
56
71
324
275
251
174
312
88
93
146
289
223
26
242
236
314
72
111
62
