202
224
91
37
100
147
46
259
250
120
102
145
196
316
226
75
156
7
218
268
249
161
198
74
16
68
219
57
1
13
253
164
10
178
29
96
247
204
152
318
265
143
281
141
306
80
137
77
286
87
263
25
239
317
136
302
191
166
216
182
277
195
319
32
126
290
104
315
34
278
64
82
210
244
108
112
280
233
49
130
241
63
205
24
14
113
69
273
160
334
221
18
192
101
287
323
149
158
322
254
183
89
83
258
154
184
173
292
17
65
296
119
298
40
188
227
206
98
170
212
54
284
86
148
155
246
110
131
85
230
225
4
328
23
106
138
332
260
151
11
269
51
59
44
181
103
189
297
235
52
114
61
150
2
180
33
300
245
109
73
197
144
105
92
326
301
199
234
81
293
97
208
142
266
28
99
19
255
22
153
261
36
276
285
56
324
231
43
321
15
21
267
275
312
146
84
185
251
129
289
283
140
62
223
242
72
95
3
