202
46
91
240
274
147
172
37
330
196
226
250
316
120
12
215
7
169
70
161
249
214
268
238
164
9
320
1
337
68
57
209
96
10
211
204
124
29
247
309
305
143
232
281
90
60
306
137
239
317
47
25
20
302
134
167
195
216
191
133
32
237
182
123
278
243
290
34
38
315
303
82
66
203
130
304
233
210
194
108
63
241
27
14
69
205
325
273
294
162
128
160
334
287
192
323
200
299
258
89
322
149
183
35
17
327
292
39
296
42
119
65
188
98
298
212
170
127
206
227
256
155
148
272
86
246
131
284
308
225
4
106
138
336
50
328
288
190
59
44
311
51
151
159
248
295
61
329
189
176
235
52
53
207
73
279
245
282
2
33
92
199
326
197
105
117
271
335
116
293
28
97
142
257
266
179
285
165
58
276
171
19
261
36
43
331
107
71
267
21
231
132
88
333
93
129
5
174
312
275
283
62
26
95
140
242
236
76
