91
222
259
172
274
202
46
193
145
12
122
250
226
102
196
316
249
198
74
238
7
214
156
41
253
9
337
57
164
1
121
209
124
247
318
8
204
211
309
178
30
141
137
306
265
305
77
281
87
201
286
134
263
239
47
317
123
277
319
32
216
195
133
191
0
64
104
243
135
278
34
38
194
210
280
49
78
112
244
108
325
264
24
63
157
69
273
113
160
334
118
18
323
294
192
128
83
183
258
79
299
322
158
149
154
184
296
39
42
307
173
252
98
170
127
187
298
229
48
227
155
131
54
246
115
291
163
284
55
336
106
230
225
138
23
328
269
186
44
260
288
59
151
190
176
297
52
189
61
181
103
248
73
109
282
300
53
245
262
33
197
335
301
6
117
144
92
199
81
228
266
97
116
257
28
99
22
58
285
276
36
270
153
261
67
56
107
231
324
15
267
132
5
333
312
251
146
93
289
84
242
223
62
111
314
140
283
236
