185
519
569
561
540
650
500
733
230
755
93
538
664
767
748
404
729
439
170
731
391
203
199
419
428
752
738
168
632
65
740
970
618
980
425
208
666
423
193
84
239
502
764
621
667
973
790
727
114
64
761
662
744
669
196
617
386
565
415
113
88
440
972
678
743
616
672
402
187
750
101
568
166
204
765
71
620
116
205
732
83
447
676
109
788
405
67
974
677
86
737
523
746
70
652
513
445
169
198
237
526
968
90
449
189
734
437
768
975
201
106
103
107
648
179
95
680
787
673
534
165
195
438
182
769
432
532
427
507
741
206
794
524
186
171
110
96
622
644
751
623
636
791
653
397
509
521
104
739
626
181
501
421
564
232
665
655
659
82
615
759
85
108
173
417
614
658
424
236
184
91
102
433
630
518
967
753
431
756
69
671
522
504
969
430
624
749
180
651
533
80
728
112
645
735
400
117
505
105
416
87
528
726
628
656
111
383
747
625
89
789
511
535
450
393
233
234
971
527
931
577
155
881
154
903
247
3
606
476
600
50
463
484
381
722
637
39
556
409
228
297
821
811
805
942
226
875
581
894
344
551
333
711
483
495
882
243
462
346
684
866
303
380
698
14
125
888
584
570
121
575
855
350
641
642
959
560
211
596
214
479
865
305
604
336
879
864
475
896
292
921
702
812
784
293
724
809
124
686
544
797
843
311
873
29
162
349
869
916
605
58
847
823
317
147
296
2
588
920
278
808
326
589
325
905
221
870
643
274
130
922
874
343
899
833
152
57
79
148
358
23
837
687
295
18
276
478
601
902
802
952
365
488
829
719
290
782
872
407
330
708
774
831
337
309
586
901
279
464
696
908
263
320
261
372
946
893
557
158
549
933
376
947
37
688
830
289
775
36
912
144
909
492
277
35
721
467
318
928
816
697
270
944
249
150
609
694
705
244
377
700
574
857
957
853
222
612
800
690
773
579
692
951
466
10
30
607
814
308
12
319
156
413
825
63
348
213
828
267
273
796
963
578
783
212
339
681
779
949
824
845
854
718
73
785
804
878
964
4
253
56
941
369
489
862
410
929
836
897
11
859
262
772
456
485
890
22
900
638
306
215
242
924
360
252
134
593
891
913
695
42
288
923
27
955
281
31
75
300
275
582
477
51
886
378
815
883
302
354
469
163
898
143
868
455
937
841
345
465
8
822
286
321
25
936
323
961
807
38
132
140
781
59
408
272
861
819
490
486
285
26
715
331
491
32
353
324
640
363
315
329
926
471
720
573
770
256
803
225
918
602
269
41
47
458
704
693
682
453
889
20
925
939
585
943
61
834
706
701
255
576
240
375
361
591
587
716
15
777
362
927
595
77
118
915
473
246
906
347
840
142
685
78
799
322
597
826
480
9
251
265
481
248
