102
618
728
564
980
445
170
403
442
763
505
169
522
734
675
90
70
532
567
569
966
626
793
760
616
652
451
633
740
742
435
88
529
84
97
80
658
165
666
82
64
424
761
209
415
101
517
422
745
615
113
232
629
738
383
81
648
433
98
236
192
650
758
398
89
746
437
973
419
389
499
542
970
613
108
731
112
114
621
563
655
205
430
168
680
737
649
516
624
766
792
623
751
667
662
111
106
513
535
175
233
67
755
498
425
657
502
395
105
449
614
976
68
634
181
748
668
530
393
506
187
672
500
406
645
518
981
509
744
71
167
183
631
788
116
501
166
647
974
540
619
172
764
423
96
235
568
110
768
416
176
653
677
174
635
659
115
969
627
534
644
527
405
531
617
673
441
428
388
402
562
769
514
750
561
420
447
178
448
968
199
510
100
206
189
200
390
525
429
741
735
396
512
977
537
66
979
503
654
632
173
565
446
203
392
982
726
754
94
185
201
756
752
622
794
401
526
208
661
876
588
595
227
25
806
780
346
38
316
486
124
543
241
290
144
365
378
23
409
849
222
493
800
142
701
135
15
340
374
837
883
121
274
921
472
496
314
483
855
480
865
813
358
259
687
6
930
863
63
118
906
559
228
785
775
688
126
611
830
583
364
802
306
375
159
302
886
413
900
14
0
778
937
807
917
458
878
45
21
952
469
292
463
119
263
333
819
313
711
881
953
836
162
923
43
776
684
265
681
78
825
407
955
460
362
691
702
454
146
477
348
376
286
809
158
686
271
279
572
22
371
54
777
940
280
2
9
475
1
220
829
256
296
704
903
596
299
487
717
860
247
481
226
891
122
120
77
551
258
128
693
368
240
822
696
58
843
129
473
323
944
963
363
50
857
465
485
354
580
640
62
328
297
943
796
278
936
797
134
79
947
4
605
36
868
811
74
638
471
817
910
841
721
56
139
854
150
73
890
894
707
682
931
838
51
273
464
140
815
556
925
964
53
224
248
160
926
8
709
916
264
27
133
57
262
342
257
958
932
603
590
938
284
867
875
291
300
16
221
719
13
372
488
351
19
484
377
147
491
11
356
20
898
872
327
911
582
361
288
700
215
818
295
576
832
851
713
249
581
889
770
157
610
350
352
277
879
37
934
708
544
311
592
216
7
919
452
808
864
341
312
913
243
210
951
359
26
408
345
456
30
218
148
29
293
599
784
225
48
281
939
870
548
839
928
145
852
710
904
411
219
260
960
781
887
885
151
884
35
370
55
332
945
578
604
136
861
820
723
154
899
412
846
639
803
329
455
929
12
812
337
242
858
335
317
922
253
269
612
287
294
490
461
901
479
706
847
957
888
40
476
927
380
956
125
223
774
909
965
546
357
606
961
304
724
862
908
3
366
601
276
321
307
