538
523
621
109
727
103
430
679
568
564
184
87
239
447
977
651
522
96
179
202
441
401
191
762
416
198
663
793
88
728
672
392
173
499
561
652
739
740
569
406
647
382
174
394
794
201
395
192
200
753
625
648
750
534
769
513
520
981
630
82
519
968
975
530
95
749
755
385
759
451
980
177
168
110
526
418
403
69
193
86
165
164
747
424
197
102
729
616
746
510
634
97
518
185
528
183
645
439
730
415
443
434
971
236
186
422
536
725
501
537
664
562
176
635
114
68
112
731
742
565
542
389
383
398
195
521
666
188
70
532
442
622
726
632
529
445
67
656
402
196
182
90
973
115
614
428
792
624
665
615
618
117
966
431
667
524
670
93
388
175
644
662
786
101
450
437
790
232
760
976
420
207
531
106
190
764
677
427
974
791
391
736
84
205
756
743
497
508
744
234
527
113
181
540
85
671
512
89
83
619
208
169
203
404
449
206
748
628
631
111
204
514
623
396
433
446
733
660
661
456
215
812
936
461
907
818
724
318
315
36
962
1
858
951
476
358
702
843
560
944
300
292
345
495
834
23
42
4
860
257
587
485
862
51
682
330
800
73
681
371
58
119
296
262
57
589
214
278
547
956
771
805
454
593
61
643
213
118
820
357
594
264
475
140
269
282
581
303
344
772
62
908
840
412
369
372
714
145
50
308
78
121
348
270
932
599
298
245
901
779
473
129
220
247
133
597
910
452
642
641
136
127
146
828
544
2
131
457
610
334
340
478
922
7
465
249
295
546
211
467
28
217
27
48
291
941
301
889
808
30
841
848
695
32
309
604
553
289
368
342
10
480
488
304
259
364
11
138
923
149
813
719
846
267
933
578
299
940
873
837
799
909
549
935
35
77
137
275
246
329
341
349
957
351
877
868
782
883
898
718
701
132
414
595
147
350
39
494
277
16
882
797
489
250
912
279
228
126
218
210
906
930
608
905
916
141
774
294
897
721
154
831
871
306
323
313
865
216
950
579
41
605
322
5
72
46
45
639
492
683
3
572
366
576
806
955
845
297
135
880
337
606
852
573
964
965
26
896
602
365
895
551
266
63
611
927
690
124
155
904
157
466
600
637
148
803
703
850
472
887
698
274
821
857
34
307
122
316
229
827
376
354
688
851
842
226
921
798
713
248
468
878
339
885
925
687
711
120
577
151
265
894
876
219
6
347
863
810
360
459
720
31
582
900
557
144
158
328
224
254
781
361
903
785
954
363
458
311
809
783
686
559
261
802
961
143
139
543
715
381
770
288
163
709
795
326
14
272
892
706
161
823
285
811
19
153
241
893
338
939
960
574
833
953
335
331
584
689
696
407
483
705
947
777
796
884
375
59
588
691
319
22
162
76
949
586
717
590
836
469
911
937
37
