397
561
427
658
562
972
760
204
70
424
82
187
438
179
236
977
498
429
786
208
89
616
451
655
662
967
431
513
99
66
725
108
752
95
65
437
730
748
633
510
234
166
401
84
980
765
80
445
428
444
434
509
233
178
651
508
180
504
182
764
194
677
636
629
193
167
183
172
676
631
969
430
96
87
400
115
184
657
537
656
755
425
728
420
567
109
790
416
514
239
85
399
417
653
975
970
540
435
533
617
230
746
501
679
423
197
436
526
92
731
738
112
93
505
565
383
165
768
523
632
393
202
433
619
792
663
507
966
519
88
680
626
673
205
538
726
196
541
192
432
628
766
448
743
659
517
620
793
105
426
630
733
735
518
732
83
117
113
98
103
520
106
446
973
511
209
789
175
670
741
388
189
530
568
449
395
442
102
107
506
190
525
727
968
168
532
769
200
71
634
114
978
176
613
86
982
734
418
535
654
671
177
649
754
188
199
522
503
512
618
201
497
675
443
207
762
756
67
384
160
942
491
306
552
601
270
3
868
245
556
477
476
860
588
704
855
347
943
638
805
286
52
944
963
151
60
606
703
551
591
269
705
770
53
960
708
575
485
472
570
911
478
30
857
880
44
934
853
946
211
26
488
264
34
695
955
693
259
373
867
958
696
831
46
947
609
72
333
260
224
865
602
487
23
572
550
309
699
363
799
346
852
643
366
365
250
697
466
473
471
298
255
247
940
38
908
881
464
795
340
914
909
823
861
289
912
20
901
862
283
489
803
310
560
377
74
897
597
910
965
16
929
327
276
119
78
349
474
285
303
869
57
457
124
822
156
544
921
784
223
312
692
214
641
898
642
837
686
213
576
462
300
891
713
892
137
583
594
364
302
254
778
815
939
226
950
378
136
380
453
571
720
854
146
120
957
122
246
772
886
58
135
796
483
45
639
607
227
375
336
221
469
61
605
580
833
144
338
341
932
864
294
126
271
706
277
372
121
225
690
134
683
18
463
637
11
267
13
212
926
308
586
357
330
62
408
249
354
856
4
920
490
903
262
317
379
265
954
709
818
872
927
331
603
611
895
688
458
314
689
841
470
906
545
543
272
140
334
163
9
918
579
19
454
780
952
956
32
461
362
924
218
342
882
829
578
482
343
8
368
356
216
826
480
928
344
481
581
808
917
359
848
718
296
139
850
263
800
131
410
887
596
866
577
941
877
305
460
284
828
495
258
612
824
813
685
54
155
913
152
1
640
49
840
41
938
945
593
775
811
710
381
592
371
845
936
129
358
123
345
804
321
51
29
724
827
475
24
141
14
712
905
842
266
153
304
127
931
773
682
367
494
55
361
834
293
315
465
210
776
871
549
885
919
836
894
600
241
553
322
229
715
573
22
889
819
252
328
546
215
459
557
162
