180
415
165
518
786
171
93
744
673
437
236
388
178
726
426
501
793
189
736
534
509
760
971
237
166
173
648
756
621
507
168
758
730
115
566
514
193
445
444
975
678
429
114
194
403
982
519
395
662
420
174
737
976
503
387
167
613
766
427
201
754
184
90
96
105
667
753
70
632
206
428
563
499
751
397
747
980
680
966
117
528
164
441
660
729
529
630
677
652
969
628
743
111
422
676
97
438
788
202
179
169
617
98
564
83
542
89
449
185
239
654
234
186
447
443
386
645
623
382
728
757
768
208
207
981
670
569
745
647
972
231
515
517
109
399
649
391
977
66
233
419
95
67
635
100
421
631
430
790
616
451
624
433
620
203
442
738
650
197
192
112
750
450
970
416
634
644
658
669
973
672
761
524
792
106
656
762
187
205
235
394
636
746
615
500
531
384
679
81
417
979
195
618
440
172
91
791
511
439
65
735
526
794
418
64
238
504
749
664
530
763
431
764
748
725
535
533
177
436
571
698
268
876
309
300
577
611
228
589
832
864
711
329
931
356
691
279
295
833
352
35
801
348
463
222
33
838
823
11
381
557
34
545
44
297
467
408
796
60
3
953
609
819
27
964
949
357
465
132
32
826
551
261
273
544
713
724
127
575
886
596
338
480
549
17
223
914
959
849
807
250
15
797
828
294
867
820
120
874
369
872
13
149
771
884
131
335
925
607
839
23
593
152
641
12
336
125
898
128
682
843
681
411
118
915
690
852
213
686
63
939
934
349
314
305
955
938
332
28
372
583
869
954
581
313
8
307
846
371
712
462
459
717
550
543
603
814
270
863
926
318
962
579
225
831
703
410
638
278
813
159
275
319
806
59
896
721
805
256
696
901
800
816
941
303
918
486
346
143
310
946
473
24
376
882
890
598
478
367
5
322
900
708
610
546
150
360
920
457
218
784
871
414
57
891
41
488
594
906
495
937
845
777
553
215
936
126
377
963
240
345
710
642
687
919
883
643
337
364
847
770
706
469
211
163
688
573
836
139
248
780
271
491
267
40
704
868
903
4
851
464
572
301
298
458
79
264
255
554
860
911
781
283
330
585
961
340
37
253
130
803
0
476
454
154
719
492
413
14
140
772
606
407
783
932
559
692
584
280
18
822
249
475
133
241
684
493
36
274
452
7
718
339
302
723
857
705
276
943
811
904
909
281
156
42
472
892
210
580
29
840
226
52
361
595
141
461
927
841
221
716
315
456
957
22
912
409
923
366
870
895
224
347
950
138
74
251
683
312
881
245
282
952
363
306
286
848
20
265
879
45
885
574
212
799
135
893
930
153
258
260
700
368
455
58
933
351
134
365
859
460
242
902
263
714
928
699
252
873
145
466
960
483
853
216
855
373
558
587
243
965
21
854
