518
674
676
101
114
204
390
172
660
164
108
171
633
726
979
109
165
791
84
535
445
208
515
235
657
203
670
528
747
209
737
416
659
182
110
524
389
196
65
728
645
652
980
678
522
978
66
207
178
397
969
236
513
417
179
238
95
790
649
536
444
648
200
422
99
615
501
117
234
105
112
103
425
967
94
529
982
786
745
521
424
561
742
197
406
396
620
523
113
650
423
656
429
516
981
174
669
540
505
190
426
97
736
654
976
404
743
629
647
69
565
400
80
104
677
757
388
514
970
102
763
198
764
748
617
511
525
625
968
383
569
448
498
666
788
634
506
646
199
181
750
753
619
402
415
193
793
100
440
115
792
566
385
393
237
392
972
762
679
509
675
636
977
767
168
667
534
527
231
86
386
441
756
449
71
166
107
613
508
98
427
169
239
735
194
394
93
175
668
761
739
192
971
973
661
662
188
665
732
399
532
531
435
82
451
180
430
176
398
391
616
729
752
766
431
769
966
111
499
487
45
4
872
957
856
309
873
820
453
248
960
223
61
153
944
35
845
359
810
490
951
609
316
10
838
300
343
12
778
831
467
716
41
278
57
414
912
833
591
579
719
216
474
30
585
293
470
571
868
331
256
860
305
282
347
217
578
371
283
943
925
459
319
163
832
605
154
956
715
287
265
811
72
707
144
586
920
274
299
14
408
244
643
902
38
773
849
601
853
271
218
227
246
42
903
907
700
962
640
132
803
469
714
301
724
409
916
637
355
895
710
817
933
5
54
148
584
473
589
340
11
249
881
926
133
599
894
211
918
491
687
377
876
6
370
330
812
412
334
2
364
557
123
919
461
772
897
291
777
159
353
39
125
326
147
286
484
935
802
27
548
365
150
549
121
311
247
152
471
594
612
602
575
683
73
570
341
795
298
884
906
590
366
130
929
255
942
808
351
307
840
908
313
890
779
608
547
63
288
8
546
59
799
909
910
607
306
711
76
261
638
606
296
302
573
155
882
9
694
213
801
848
344
357
262
161
959
682
18
865
318
468
483
228
50
930
267
456
346
581
229
323
20
303
77
297
120
380
867
280
0
560
610
308
79
156
272
40
46
611
462
874
126
954
932
948
830
241
857
883
928
774
947
839
140
965
33
324
783
317
411
576
871
342
53
923
583
901
697
800
796
701
367
221
775
879
577
466
924
145
349
151
555
552
36
905
381
460
891
705
782
684
776
855
338
118
254
15
843
936
695
963
836
464
210
455
74
886
815
37
295
486
49
13
75
829
325
780
809
251
785
454
336
600
717
138
124
814
78
480
913
911
961
257
870
488
496
268
718
850
277
52
16
696
129
362
950
588
264
127
58
19
904
493
335
824
413
361
641
842
706
495
481
368
937
372
292
587
476
60
475
258
958
