237
670
230
198
187
96
793
542
436
406
386
506
415
733
116
434
172
671
728
512
446
629
165
423
405
66
539
404
90
185
176
442
648
635
197
535
93
204
659
678
975
731
517
660
531
736
110
182
663
528
526
562
744
769
209
236
84
741
507
564
627
979
235
191
568
674
762
170
749
789
402
533
792
451
201
524
179
390
972
523
561
655
788
636
790
505
622
420
174
497
519
389
518
417
662
437
752
567
85
430
103
195
383
71
81
419
391
433
791
522
238
102
440
747
970
534
968
541
232
168
740
624
173
70
727
665
569
105
92
743
189
239
167
742
193
231
786
980
677
794
498
83
974
401
530
509
80
527
766
202
616
108
511
432
438
416
966
400
647
196
565
656
104
761
666
450
69
750
673
726
680
645
422
669
428
746
525
652
177
395
653
98
425
632
732
768
68
207
233
516
515
82
621
112
514
178
971
614
982
756
967
537
115
651
672
508
426
619
441
668
503
107
748
500
759
618
97
633
978
0
328
40
944
822
713
785
482
914
551
855
280
850
848
368
369
896
684
249
716
802
42
891
51
360
964
359
162
694
333
277
124
839
295
803
908
683
832
951
701
581
554
695
874
553
469
228
468
338
217
871
703
345
602
15
901
282
409
354
820
888
930
864
721
263
29
464
919
37
307
140
365
355
287
923
593
779
816
54
584
356
261
160
1
218
489
137
247
285
783
724
603
886
931
957
575
296
27
44
317
149
947
300
131
607
123
315
693
50
351
49
804
773
913
212
75
344
3
866
279
835
836
8
337
912
611
829
898
925
454
128
907
378
298
847
146
948
853
31
267
588
904
963
578
330
339
244
372
58
699
463
906
838
129
685
41
918
830
852
38
271
601
596
125
858
698
260
76
229
308
28
946
470
641
592
909
312
362
224
286
877
258
490
958
133
135
478
341
342
840
961
955
60
297
884
812
323
885
293
63
10
917
329
579
545
313
796
865
332
43
472
705
483
589
962
17
352
122
880
583
869
872
949
935
148
340
253
158
921
938
327
600
466
942
408
862
484
150
268
927
467
136
714
863
225
860
72
331
774
591
479
306
799
691
599
13
6
246
849
349
226
18
556
257
495
304
410
250
471
452
718
598
151
612
719
953
911
894
587
127
883
544
823
23
782
873
456
929
889
474
941
890
842
956
414
867
920
715
290
259
861
48
303
940
818
353
20
580
475
480
216
56
775
638
78
119
711
241
138
346
460
924
608
376
902
710
560
364
379
324
582
57
777
548
371
145
922
274
254
831
210
606
833
343
640
130
776
326
878
910
708
485
574
473
813
577
255
688
965
950
461
604
824
795
722
937
491
806
844
134
24
780
857
558
370
595
26
375
856
476
289
585
928
481
53
571
52
284
455
79
25
143
334
144
