621
498
662
86
428
736
232
177
192
620
187
98
388
168
516
420
664
634
646
110
766
423
729
500
626
510
387
528
677
660
759
66
233
191
630
90
968
200
99
633
444
764
392
419
421
730
644
534
115
511
117
656
239
652
518
976
636
537
665
663
619
427
751
793
446
164
515
789
522
176
101
969
116
439
649
193
666
765
632
980
768
767
658
403
762
209
566
737
390
628
182
88
449
82
647
85
100
747
982
432
195
181
395
561
512
431
436
402
529
415
91
542
190
399
673
523
668
80
69
725
790
763
672
627
740
433
435
397
230
96
442
169
536
422
966
385
970
451
173
235
616
170
726
569
505
165
732
794
671
429
425
404
443
508
185
178
234
967
675
501
743
238
629
564
204
792
507
194
567
526
615
236
434
172
396
667
517
733
393
625
676
389
440
769
502
563
568
416
513
102
731
394
975
761
614
538
497
401
739
89
533
105
400
92
532
426
540
237
445
978
738
734
382
199
541
788
437
81
406
60
302
965
571
338
471
366
377
130
247
268
799
308
878
346
465
773
883
126
158
362
909
820
611
305
572
141
781
255
339
597
303
544
309
18
484
214
716
357
149
296
455
708
297
574
695
801
476
829
370
153
689
575
641
264
639
780
945
889
576
310
879
479
588
486
710
133
273
15
2
28
871
854
243
925
865
227
253
290
777
702
691
490
812
555
598
249
286
870
241
690
220
908
454
818
148
920
461
240
582
29
551
608
358
23
413
483
838
556
123
8
821
139
832
354
407
22
73
375
332
887
853
693
254
312
326
144
372
709
24
223
333
683
315
882
276
63
40
797
147
816
581
260
53
138
957
361
163
896
246
474
299
340
350
477
132
807
809
688
129
380
482
585
868
785
592
894
886
642
263
146
365
921
364
922
899
127
21
845
298
269
942
345
43
686
831
612
779
897
369
275
38
328
953
256
330
813
606
19
609
79
819
462
145
721
121
637
152
122
862
696
210
687
839
955
928
131
37
891
550
948
933
681
342
543
265
25
902
314
806
857
226
700
306
717
259
45
352
409
866
313
587
373
464
248
811
553
463
554
814
280
493
355
915
872
720
120
3
771
59
317
26
379
300
951
776
412
343
55
795
348
916
856
825
939
142
125
245
840
905
1
869
910
341
722
912
848
50
150
711
895
881
31
701
489
336
494
272
964
943
931
0
457
640
893
452
602
219
74
724
353
950
140
714
962
960
329
810
456
875
411
137
160
155
331
293
559
573
934
877
932
924
919
805
601
5
257
119
410
363
271
604
834
888
242
318
473
577
10
285
51
414
844
560
222
76
817
684
77
841
14
851
963
595
775
935
304
855
278
289
804
946
800
291
937
215
250
216
72
58
698
225
718
583
859
600
861
34
48
694
62
827
876
161
