632
196
563
176
185
646
84
169
527
731
740
191
675
540
665
71
405
567
634
183
628
99
529
726
85
667
502
446
765
538
636
505
398
443
105
387
969
421
758
760
972
788
531
179
386
230
764
530
649
423
90
445
101
526
536
237
793
756
172
749
235
208
201
200
668
415
164
401
450
107
439
239
666
106
197
81
392
399
102
727
64
736
180
189
198
186
966
171
419
766
436
524
238
613
794
82
385
389
510
518
394
671
514
520
424
566
113
976
390
95
673
620
170
763
674
188
730
115
618
672
202
729
516
184
660
442
428
614
967
971
173
737
422
181
565
114
655
69
631
451
440
89
108
748
787
767
625
678
629
416
757
205
539
396
747
112
973
498
68
525
746
204
178
449
622
669
236
100
111
762
430
182
664
231
615
110
438
769
503
627
561
533
447
517
532
500
650
92
786
431
680
653
754
619
738
104
404
87
534
508
501
739
397
569
621
676
975
745
504
521
433
658
194
91
768
395
982
190
234
851
863
847
869
155
909
154
368
586
347
291
943
862
838
271
775
408
583
551
412
468
782
926
939
855
348
559
457
811
462
964
965
0
703
848
584
685
285
721
915
699
640
23
840
294
455
163
934
327
871
366
894
945
78
723
820
852
684
887
296
560
240
700
924
611
556
886
826
595
484
547
944
379
590
298
600
896
161
22
463
697
341
925
842
690
144
48
884
954
911
27
255
784
482
413
52
599
467
709
596
297
829
283
783
802
313
937
941
875
353
129
773
800
643
254
375
548
63
15
798
414
585
49
949
464
215
687
124
145
121
809
593
160
241
60
892
581
46
494
267
58
814
698
923
922
362
947
841
905
131
858
21
222
47
815
491
123
713
51
330
589
461
609
638
816
316
287
251
38
818
133
153
243
73
771
857
326
10
14
808
930
276
908
220
898
309
899
874
854
843
217
321
126
356
807
18
355
318
319
4
719
582
927
227
335
314
224
549
148
275
371
914
149
781
270
228
935
3
140
880
302
5
158
157
218
350
591
249
308
352
890
493
942
486
715
608
42
50
317
152
324
381
74
485
44
606
141
876
150
225
805
367
603
795
159
478
336
833
470
724
460
147
219
959
229
872
704
681
846
269
258
712
490
274
315
588
612
247
576
707
293
578
770
363
56
358
37
286
906
259
702
31
377
932
961
883
693
696
705
901
137
720
132
598
779
45
337
127
885
122
480
261
339
928
694
305
43
252
476
695
17
722
265
256
364
33
839
921
6
904
242
686
25
59
881
859
301
868
951
917
952
913
785
76
28
546
459
304
361
882
143
853
359
637
456
837
409
307
323
138
823
888
860
856
481
77
692
29
40
889
543
246
453
817
346
607
940
610
574
472
483
221
452
573
120
496
343
162
284
963
151
910
2
907
