99
350
96
299
279
267
336
100
78
305
61
281
15
274
73
291
88
47
269
327
50
263
49
326
339
90
258
337
75
119
294
108
54
319
89
124
344
69
121
253
271
24
67
51
368
292
120
325
295
346
334
62
53
259
256
332
0
347
266
63
340
312
65
293
21
280
330
260
117
251
261
348
359
19
342
33
372
315
76
316
59
289
298
112
18
13
70
11
283
114
52
14
307
324
333
252
352
358
111
105
284
35
122
79
44
262
74
301
30
306
64
355
42
23
38
16
66
113
9
27
85
37
314
36
286
137
446
459
393
475
183
246
174
417
230
413
223
171
392
148
228
421
240
202
422
220
426
213
151
186
245
496
145
144
389
376
146
396
384
406
482
455
484
435
159
141
187
410
172
130
196
472
179
244
405
483
497
192
445
437
398
477
492
210
232
409
408
211
388
479
226
452
126
184
243
481
132
235
214
454
178
136
491
199
391
380
206
131
198
387
222
386
152
499
129
225
231
474
412
195
463
143
181
197
218
185
169
442
166
438
476
397
176
488
439
456
469
495
411
498
470
127
163
457
407
155
381
490
142
418
