93
78
368
279
326
260
17
295
306
301
367
71
336
259
39
31
349
83
53
32
81
252
288
329
273
38
255
122
90
270
88
321
54
37
75
45
285
366
116
69
60
6
27
44
3
300
20
57
16
363
77
105
15
347
372
23
278
271
101
9
299
274
350
80
284
331
320
293
348
30
325
337
26
107
21
13
373
315
302
28
55
47
317
281
25
319
95
79
51
261
11
287
97
291
103
263
121
265
82
68
67
73
42
328
106
7
109
2
89
335
276
338
330
100
86
256
8
123
332
84
267
113
289
43
258
428
431
242
141
198
127
129
220
454
417
381
399
175
483
177
475
466
482
146
411
152
247
227
125
491
453
158
460
223
422
147
180
378
212
142
416
184
424
128
185
450
143
464
447
445
388
389
458
414
449
171
427
469
444
172
376
192
496
157
471
462
405
181
249
222
165
130
400
446
434
188
161
182
488
495
166
215
461
140
408
433
213
490
236
153
206
218
230
205
200
196
234
486
387
485
149
189
231
487
477
384
396
190
397
442
382
148
498
202
154
409
480
391
156
432
164
435
197
233
159
168
443
214
481
217
