277
335
275
313
320
78
36
310
51
97
287
254
92
373
350
268
324
70
23
7
303
323
79
331
110
93
67
30
68
359
288
108
84
284
374
265
336
107
66
356
64
65
286
106
309
295
366
261
115
365
270
42
101
368
346
12
90
9
363
267
33
341
63
357
39
369
280
322
10
253
13
32
15
308
348
340
28
96
273
297
332
43
60
17
124
347
19
306
18
367
312
276
302
54
38
44
69
46
334
100
318
321
37
338
114
250
353
21
315
118
8
283
252
317
62
328
94
256
102
89
119
14
103
80
344
426
383
428
385
221
158
230
154
452
409
151
196
241
463
455
432
206
226
219
132
436
227
184
232
407
201
382
190
493
243
397
125
152
438
146
420
424
396
384
133
415
430
411
389
482
192
127
492
439
183
141
406
443
210
238
386
223
235
490
174
391
470
458
129
130
145
448
488
160
164
202
165
429
467
248
446
155
194
392
215
203
169
450
176
188
380
137
399
239
143
410
491
198
197
402
236
204
375
427
231
496
401
390
421
186
222
138
495
434
191
140
477
460
149
218
459
461
498
162
447
442
394
475
480
131
