36
78
77
363
49
15
284
26
297
107
279
291
273
263
301
56
46
361
114
316
50
41
95
338
331
286
28
55
98
12
73
32
283
123
295
85
99
299
75
2
20
344
278
71
101
30
304
349
350
61
308
334
112
323
90
250
327
374
339
40
373
18
369
320
368
3
307
124
94
54
51
347
59
87
265
337
122
76
351
364
310
267
82
37
311
313
13
86
97
6
74
110
31
296
269
324
303
25
43
325
306
357
72
253
289
371
10
118
24
372
66
355
119
91
309
1
39
255
92
275
22
342
260
321
326
379
174
225
470
433
377
228
454
201
497
224
195
127
156
183
177
380
132
446
477
192
153
141
398
214
488
142
147
465
383
230
389
165
222
128
236
246
136
394
130
471
221
247
396
196
481
474
387
197
404
220
464
160
138
423
391
424
422
198
180
248
226
408
203
426
170
453
390
427
429
217
167
169
206
244
416
437
483
407
188
216
213
191
466
399
148
405
146
154
227
159
445
430
452
444
459
151
131
434
241
163
219
443
402
135
414
245
181
232
456
455
208
388
457
211
210
393
382
495
171
134
231
428
202
401
