16
64
358
70
303
43
6
23
14
262
83
255
88
340
31
359
333
329
328
261
3
38
115
101
121
109
98
295
73
320
74
259
15
339
357
286
61
57
77
40
306
355
102
264
46
280
58
284
334
45
338
319
278
122
4
342
300
65
34
25
250
370
67
293
265
82
10
322
12
288
350
103
47
89
331
41
63
270
253
367
114
326
324
330
51
307
276
87
356
347
279
86
345
108
17
30
111
260
251
344
118
72
42
287
257
71
268
13
258
305
352
337
105
95
84
5
372
50
353
336
100
354
271
78
24
407
206
245
386
401
166
226
443
241
488
384
173
211
228
393
425
431
377
413
162
451
447
486
389
152
487
182
242
398
405
198
177
484
380
188
494
461
395
391
434
216
453
231
236
468
212
439
237
394
463
383
442
205
417
382
474
379
491
427
141
139
165
376
176
454
210
168
480
430
470
127
452
191
403
196
464
473
153
138
140
450
415
387
147
192
446
428
157
436
466
483
227
458
462
137
426
133
411
435
225
465
220
402
471
158
232
221
208
441
440
385
186
416
134
249
420
184
444
230
135
180
145
475
181
497
