302
371
354
305
373
117
280
289
282
6
52
254
311
37
366
46
314
336
104
20
264
55
352
9
374
106
343
83
111
77
324
62
60
350
21
40
75
115
17
70
321
91
363
101
364
255
284
296
263
87
361
85
367
298
45
105
266
114
123
353
308
345
333
2
304
42
13
355
365
265
328
275
97
19
267
348
22
277
270
276
54
325
315
95
44
26
108
14
293
79
342
360
331
334
252
335
102
295
43
23
93
300
260
99
362
88
279
7
261
351
341
359
36
271
116
256
78
319
372
0
290
34
16
330
68
229
473
446
153
391
492
191
460
384
195
376
410
445
488
216
495
177
248
160
141
397
436
225
409
498
379
150
486
129
466
437
137
427
386
414
226
439
389
450
152
407
438
200
451
165
420
458
186
182
392
241
170
447
166
142
168
497
232
221
192
145
134
403
162
237
138
187
421
242
443
496
176
469
244
441
493
452
238
490
147
190
204
464
127
416
475
158
189
210
387
399
412
215
482
132
125
467
203
133
207
180
130
456
429
479
209
135
140
164
175
172
417
394
377
148
224
489
419
184
194
375
235
245
136
474
