267
348
316
20
257
329
342
95
286
60
117
273
327
297
355
332
299
1
300
322
280
354
365
92
277
259
13
281
65
87
96
31
16
356
37
310
353
34
82
64
320
261
367
260
40
91
283
276
311
290
119
33
118
339
288
30
41
26
314
62
8
72
45
371
90
357
270
75
7
343
358
254
58
115
14
338
2
301
349
59
70
312
61
42
361
255
83
36
275
27
89
120
105
103
23
6
330
78
268
24
0
274
266
271
38
295
121
269
18
341
335
363
317
68
369
94
374
111
372
109
56
323
54
256
344
432
162
135
231
492
436
469
229
192
441
480
489
137
494
448
233
451
164
200
392
497
189
210
426
444
455
170
163
387
191
434
478
246
196
130
152
404
424
149
400
449
419
454
151
221
395
232
493
408
446
156
440
225
413
498
450
204
439
194
201
184
228
186
188
223
475
407
242
190
376
460
227
438
203
388
245
129
143
166
208
445
174
131
132
464
185
447
247
411
176
241
485
160
230
394
452
142
386
453
427
205
224
195
161
214
187
403
488
484
437
197
377
379
202
401
127
383
219
466
384
405
495
209
474
420
