5
331
288
97
346
333
51
260
101
14
38
343
313
294
112
372
16
19
371
316
58
270
77
108
82
64
114
67
47
28
374
75
276
252
44
342
8
46
282
318
76
109
115
121
287
350
92
124
96
122
251
18
323
69
54
73
119
334
74
117
107
55
263
105
24
292
266
367
335
52
30
120
354
284
95
110
337
299
17
72
33
20
302
86
10
281
345
358
320
81
330
336
300
301
257
356
3
293
256
99
297
88
353
265
283
45
59
359
370
87
84
262
63
308
53
309
290
89
273
306
280
321
34
2
61
239
131
463
125
218
438
466
425
162
417
470
474
245
230
231
481
452
140
196
395
210
247
159
376
148
392
142
427
440
413
170
460
409
213
145
242
171
139
414
380
400
495
467
185
228
191
396
418
433
497
448
173
398
178
459
476
442
187
198
494
150
456
249
490
221
471
195
462
407
219
383
129
401
388
126
428
389
379
432
188
375
240
166
402
147
143
233
484
493
385
483
203
216
205
224
227
399
436
186
138
430
163
132
146
157
469
475
408
207
435
184
235
211
223
214
225
439
422
416
237
248
423
420
134
194
