106
312
342
262
252
58
49
97
121
310
98
20
336
78
30
343
311
271
299
89
304
38
289
86
261
317
254
278
95
361
277
36
107
273
264
111
366
332
250
306
297
263
292
80
109
334
8
338
353
12
2
369
256
6
296
117
64
26
9
303
275
331
32
21
337
55
266
344
40
307
124
358
286
365
272
257
43
372
47
371
94
374
101
298
269
351
93
25
352
71
326
92
360
31
57
349
72
319
363
267
350
115
74
65
11
48
52
3
59
5
309
259
13
68
0
113
91
315
122
116
294
327
120
27
314
237
413
202
389
471
153
133
208
448
393
152
394
130
191
378
180
418
249
240
157
396
192
443
207
146
188
489
440
168
203
416
158
178
381
480
150
176
452
169
138
227
229
468
406
464
482
499
236
451
165
242
235
442
215
476
492
172
494
193
473
230
187
484
201
189
245
141
462
408
135
127
483
160
491
179
129
487
407
439
390
182
399
198
450
430
410
144
496
383
376
475
159
435
386
173
209
424
469
385
136
149
134
398
228
163
375
447
426
460
166
190
183
214
143
432
422
477
199
434
222
421
486
380
392
441
