58
13
121
28
335
102
274
307
34
90
91
119
77
301
292
344
66
293
104
92
47
308
81
62
112
100
329
374
337
20
257
314
363
103
72
340
279
372
359
341
0
53
124
304
370
73
5
21
59
1
258
122
98
280
358
275
80
259
264
345
44
109
63
355
306
291
356
50
299
87
46
120
64
89
95
96
300
313
367
294
296
364
303
11
350
342
39
111
289
76
67
31
268
74
260
284
12
51
290
65
55
117
318
108
347
106
84
85
45
254
321
2
97
277
29
23
352
302
35
368
116
309
295
272
326
220
181
246
385
154
439
437
422
156
492
469
387
211
453
188
451
425
240
488
182
389
487
239
380
379
416
445
423
452
135
395
148
138
241
432
424
199
406
142
470
493
393
400
441
139
391
160
386
377
398
128
403
463
457
219
167
455
177
242
245
483
438
127
221
426
194
418
171
141
196
185
131
126
397
249
417
429
435
390
174
172
444
222
166
456
231
215
193
216
209
137
381
227
392
490
499
476
415
436
159
495
498
129
404
480
203
197
180
201
434
217
144
176
458
206
491
467
134
419
210
431
192
132
388
140
