93
278
324
88
310
98
288
259
75
293
48
117
317
89
61
318
270
273
358
84
114
6
286
90
263
323
42
101
301
276
3
309
53
354
292
55
326
60
56
107
28
334
252
17
37
25
21
26
46
83
97
332
341
40
361
51
345
308
49
336
307
104
374
79
281
95
346
34
316
339
96
343
320
39
347
365
255
313
367
77
311
24
54
327
50
23
1
87
45
348
372
321
357
43
62
264
291
119
122
102
344
74
261
59
123
12
71
312
274
275
19
57
66
296
342
63
294
265
349
15
285
10
284
340
338
162
165
449
210
488
169
470
468
497
417
127
440
478
148
188
399
225
224
376
421
179
475
397
390
498
236
405
412
473
132
160
152
486
378
394
458
377
181
426
472
381
154
155
413
248
420
480
499
247
196
159
207
384
216
175
494
200
215
212
451
243
153
431
229
168
467
419
166
174
477
157
476
415
455
126
434
395
447
425
427
191
246
223
491
156
406
146
190
414
446
177
423
195
456
401
403
232
158
461
194
433
398
389
445
410
464
474
189
441
496
391
444
172
134
487
241
161
382
235
178
226
228
462
242
439
