48
93
263
362
64
81
345
69
339
322
94
98
37
38
80
320
124
71
75
314
315
112
267
0
348
293
299
285
265
312
28
11
78
284
251
264
300
87
281
101
95
9
108
308
255
272
86
103
29
364
54
319
347
289
280
19
77
84
97
368
13
253
116
51
303
340
34
294
4
276
328
16
370
278
3
114
273
330
326
333
100
316
311
46
371
73
305
369
67
279
374
295
88
250
363
58
274
321
360
122
109
318
269
118
282
102
42
313
286
18
90
290
262
85
373
70
53
287
96
1
120
283
92
277
76
441
474
181
448
409
169
451
183
446
433
461
164
410
199
229
246
178
165
179
139
200
423
386
464
208
430
427
381
143
429
465
151
444
196
146
173
148
414
232
222
202
180
431
456
380
402
224
425
154
216
393
152
220
445
376
384
458
426
213
206
484
482
160
382
392
195
398
438
480
219
440
401
184
126
242
452
167
476
497
191
395
432
175
496
177
396
138
214
416
231
471
188
493
498
171
161
172
134
145
176
193
418
240
455
248
155
485
397
234
130
207
212
453
150
238
205
247
203
168
404
394
133
141
472
230
