7878
22
7809
7299
7338
7636
260
7890
263
257
7591
55
7266
7799
7716
43
7439
203
207
292
7423
150
7330
7569
7704
7796
7240
7335
7393
79
7729
7208
17
7422
11
71
107
273
7674
7386
7774
7623
7703
7614
7759
56
7895
256
7788
7676
7516
7308
7713
178
7244
117
169
155
7396
148
7285
7798
7294
231
182
15
7361
190
7552
7490
160
7680
7290
134
7300
7851
7586
7583
179
7881
33
4
7874
7756
7496
7728
7309
181
187
7268
248
7478
105
109
7821
156
7578
7543
7825
7231
7442
7477
7359
7507
7215
7303
7370
205
7368
7257
7202
7574
12
7549
7468
40
7766
98
7581
199
7616
2
59
7879
7595
7542
7371
7412
140
7466
7388
93
7792
7372
7733
7724
0
201
7894
7570
7869
7248
7551
7405
240
7424
7340
7411
7481
7696
7456
7760
162
7677
299
7528
136
7378
7381
7754
7862
7261
7778
7589
7457
196
7365
7216
7828
7521
7765
243
7440
7717
7718
7275
7745
7658
7320
7343
7643
7822
7397
232
7802
225
7515
7276
7462
288
7722
7672
7600
37
7742
7476
7896
7710
152
7732
7671
7838
223
7278
88
153
7744
7666
91
7345
7877
7694
7415
287
7429
7232
7352
7594
7402
7431
7547
7814
52
195
7642
7633
7892
239
7548
7458
7805
7362
7339
158
7256
7847
7271
7483
210
7520
7865
7730
13
10
137
7295
7259
7607
7344
7622
92
7510
7307
7767
7596
132
7852
32
7382
7611
7287
7260
215
7305
7627
7263
7604
7820
122
115
7495
25
7410
7502
7327
7777
7770
7417
141
188
7281
7783
266
291
7332
106
7582
121
51
7797
7663
7298
7228
103
242
7755
7524
277
7392
7771
483
8510
489
7913
542
348
8304
8153
391
8306
8002
324
7989
8184
8287
8290
8518
360
304
8195
390
8318
8327
7974
8367
8210
335
8029
8492
8407
8178
8581
7979
8100
8176
7944
588
412
8156
8249
470
8105
8020
593
388
8580
8590
8468
597
8307
567
7901
8260
8409
459
8461
7908
7961
8219
8483
8208
8012
341
8097
8463
8566
8268
8134
8019
8352
8539
7956
8363
579
8354
8102
8348
8048
8167
8550
8213
7977
8317
566
8087
8077
8001
8443
8138
8168
8572
7923
8163
357
8110
8450
8194
7937
8555
8063
355
7959
8406
8095
8433
8222
8558
8086
8298
7907
509
8122
8403
495
8410
8006
8230
453
8439
8356
8323
514
569
351
8482
8033
8114
8044
452
312
8088
8241
8059
7973
8557
364
8597
8334
490
7995
8284
8451
8390
536
8074
491
8335
404
8166
356
8501
8462
8379
544
362
8405
8127
8141
8385
8161
589
8350
8345
505
8193
8441
440
350
560
513
469
596
375
8546
8455
347
318
8244
8311
8388
7936
8399
8239
8576
563
8025
523
468
530
8060
8577
546
7904
8203
8205
8358
511
7914
8225
7924
8458
8535
8119
8262
418
448
8514
464
8036
517
8542
8571
8467
8273
8585
7947
396
7928
451
8264
8353
8146
572
8312
379
402
8495
8224
374
8216
8291
8319
442
8448
8237
393
8370
432
7940
8051
8082
8152
8398
8489
321
8053
8474
480
8402
558
519
8437
8386
308
522
8499
8332
313
8301
8083
8556
478
8426
8292
8303
8136
392
7986
8375
397
8371
422
438
8420
359
7946
410
7991
8209
7975
475
8337
8042
8377
8466
307
8380
8171
8080
8512
8155
586
479
372
8396
8321
472
8272
383
8564
8639
9250
8888
8855
657
9109
9232
864
857
8753
9026
9139
650
745
878
788
762
9060
8973
8644
8694
9263
9212
802
661
8769
701
8931
8702
871
9114
8900
8657
8943
869
9218
9219
600
8992
9173
9070
8656
8615
8759
9272
9006
8831
9148
9203
712
8849
8963
613
610
663
8824
8612
696
8691
703
9215
894
9224
8726
8619
759
731
9268
786
8674
8922
605
9254
8852
664
9271
627
9291
8632
673
709
9003
9039
9160
9183
8889
9123
8689
9144
9000
8785
8722
8878
632
9126
9279
8990
8896
8840
8851
694
9012
8914
9208
8646
826
8820
9185
9089
8875
765
9031
877
8770
814
770
860
8999
835
816
9146
8951
8708
849
9211
8981
834
9281
8741
8783
9236
8809
8969
9195
9290
817
757
8939
9022
700
9084
9278
8897
697
9004
9066
832
9230
8828
9103
674
793
8811
9200
8994
8837
723
8718
766
9080
8805
9158
8723
769
9059
8923
9091
629
8869
748
9252
9285
8867
8853
607
8624
708
9265
9044
8704
729
9137
8797
828
678
8975
9035
800
852
9246
693
8793
8712
9095
9037
8895
9222
603
750
8776
9082
8600
8752
9159
9176
773
8748
8778
9239
803
8767
9075
644
9260
656
9081
8974
9270
609
9040
9191
9198
854
8758
9132
8771
8817
8911
9009
680
8651
662
892
8880
9184
8866
8985
882
9299
873
8873
9117
8731
9286
735
8826
9046
8821
8902
820
691
880
722
799
9054
8801
9116
8772
9217
8830
8799
8703
8735
8813
8625
9205
9098
8727
8915
8857
8715
719
895
9231
8834
891
9113
8916
8602
808
9020
9063
687
8961
798
8847
8754
840
9275
8750
9048
699
8905
8868
8784
859
8928
8659
9249
683
983
9370
9316
9984
9372
918
9872
929
9870
9680
1093
9342
9690
1059
9692
9914
9334
936
9460
9793
1002
960
9350
9560
9443
1157
9657
9922
1087
9913
9797
9492
1180
9963
9865
9911
9945
9523
9465
9704
1130
9815
9979
946
9564
9634
1126
9653
9809
9885
9490
9467
1134
9861
1016
1133
1082
9644
908
9709
9848
9635
9446
1103
947
9386
1054
958
9623
9905
1055
996
9546
9571
1155
9495
9989
9982
9656
935
9625
9812
9904
9811
9828
9434
9654
1139
9609
9715
1151
9574
9652
1112
907
923
1195
9743
9921
9795
9577
9592
9683
9674
9396
1091
943
9603
9620
9337
9325
9713
9855
9406
9562
1132
9408
9427
9976
9310
9324
9518
9770
9488
9484
950
1125
1097
9519
1175
9648
1013
986
9841
9313
1158
9528
9756
1105
1070
9502
997
9485
9356
9385
9301
9472
984
9393
9580
9783
9754
9688
1077
1089
9481
1102
1120
9616
9975
9606
9459
9624
1044
9830
1107
9547
1131
1170
9444
9630
9924
9833
9760
9589
9567
9787
9531
944
9346
980
9946
9892
9576
9604
1188
9343
1152
9416
9462
9662
9981
1071
9353
9847
9544
9728
9512
1011
926
9884
9423
9665
9978
9746
9591
903
9322
9379
1078
1014
9731
9803
9908
9750
9682
9810
9383
9968
9361
9726
9308
9748
9936
9714
9739
9901
957
9387
9749
1161
1197
1162
9822
1183
9903
9798
9642
9527
9769
9570
9831
9602
9453
9349
1015
931
9876
1179
1141
9647
930
1080
9896
9718
9669
9708
9384
9734
1123
9410
9464
974
9931
9368
9549
917
9538
9671
9710
1008
9506
9304
9352
9375
1174
9631
9962
9398
9940
9916
9395
1005
1033
1168
9887
9550
9878
9775
9678
1050
993
979
9597
9318
9974
9970
9409
9341
9376
10298
10274
1451
1492
1238
10511
10300
1348
1427
10530
10561
10623
1311
10587
10427
1264
10366
10308
10473
10073
10329
10188
10624
10405
1224
1229
10567
10124
10208
1228
10266
1404
10038
10356
1379
10632
10349
10187
10505
10408
10095
10214
10641
1461
10504
10065
10680
10613
10142
10368
10304
1460
1436
10100
1230
1254
10146
1466
1262
10636
10626
10223
10589
10262
10699
1285
10685
10284
10213
10192
10237
10294
10690
10464
1289
1418
10362
10060
1446
1329
1494
1321
10245
1430
10674
1283
10451
1394
10597
10310
1465
10552
10193
10396
1258
10367
10446
10258
10196
1334
10236
1464
10045
10377
10462
10459
10353
1211
10436
1455
1431
10684
10510
10186
10495
10033
10549
10644
10261
1428
10273
10633
1489
10154
1432
10132
1368
10232
10686
10165
1412
10275
10553
10145
10647
10341
10578
1369
1484
1210
10631
10002
10407
1362
1303
10681
1288
1222
10174
10159
10439
1250
10519
10078
10041
10129
1458
10672
1314
10091
10097
1227
10658
10205
10010
1295
10688
10480
10628
10104
10200
10085
10538
1277
10005
10330
10184
10689
10635
10051
10496
1413
1434
1499
1497
1354
10110
10251
10026
1217
10348
10092
10027
10380
10288
10467
10001
1252
1209
10076
1205
10295
1483
10573
1363
1322
1297
10253
1298
10387
10119
10648
10601
1479
10257
10082
1485
10216
10482
10323
10264
10302
10569
10067
10437
10611
10497
10664
1307
10557
10563
1309
10382
10077
10102
10422
10645
10691
10272
10070
10403
10506
10311
10487
10057
10246
1490
1407
10697
1370
10006
10250
10090
10698
10479
10022
10243
10466
10575
10516
1200
10662
10488
10279
1241
1359
10221
10219
10238
10263
10086
1269
10106
1371
10098
10197
10498
10291
10614
10072
1259
1408
10134
10286
10063
10391
1300
1424
10239
10130
10039
1231
10514
10125
1473
10548
10056
10602
10694
10634
1526
11089
11071
1592
1596
10862
1626
1789
10830
10888
10753
11316
10860
1535
10704
1617
10789
10813
1612
11381
1656
1685
1568
11094
10831
11120
11353
1644
11221
1745
11266
11008
10774
10780
1509
1638
1681
11166
11254
11079
1556
1701
11261
11162
11270
11015
11046
10931
1781
11017
11176
11252
1553
1675
11061
10985
1662
11070
11175
11207
11096
11054
11063
10724
11143
1799
1783
11060
1606
10844
1503
10803
10755
11099
11014
11332
1717
1610
1755
1787
10979
10891
11031
11170
1575
11279
11383
1679
1588
10872
10852
1727
1563
10978
1665
1767
1756
10892
11068
11097
11023
10847
11038
1582
1601
1791
10943
11399
11320
10937
1670
10758
11249
11282
10982
11082
1529
1710
11250
11291
10986
10749
1708
11127
10930
1528
11040
1658
11229
1513
1692
1660
11101
10893
1747
11020
10977
10770
10810
11284
10878
10788
11368
10924
11062
11027
11110
11147
11140
11209
10808
10771
11200
11276
11092
10737
10839
1754
1673
10965
11151
11330
10729
1551
11136
11213
1778
11012
1602
10779
1522
10723
11260
11080
11226
1643
11375
10875
1694
1549
11077
1569
11086
11000
10929
1758
11051
10993
10877
1615
11178
1567
1741
1702
11135
1738
11111
10946
11206
11021
1546
10812
11190
1764
1605
11395
11256
10735
1500
10911
10766
10941
10715
1676
1611
1693
10834
10826
1614
10883
10904
10718
11369
10958
10727
10983
1512
1598
11037
1506
11121
11377
10974
11115
10898
10719
11345
1746
11315
11011
1698
1639
10809
10997
11386
11049
10859
11129
11286
1554
11378
11114
10968
11327
11035
1584
11308
10988
10778
10923
11233
11148
11149
1719
10821
11235
11066
1793
1750
10746
10963
11022
10713
11398
11199
1633
1587
11217
1597
11295
11394
11253
10825
10948
10953
11220
11032
11192
1616
11304
10835
11161
1621
11081
11103
10819
1688
1736
10998
11387
1996
11908
11577
1833
11997
1804
11989
2005
12061
11659
11562
2022
1846
11834
1830
11903
11406
11588
2096
11809
1925
11742
11828
11801
11987
11623
11540
11512
11640
11530
2013
12085
11432
12027
11636
1889
11863
1836
11811
1961
12021
12028
1919
11919
11827
11672
12029
12008
1823
11523
11887
11549
12086
12045
2088
11444
2016
11403
11670
2046
12073
11480
2044
11969
1986
1915
11941
1818
12025
1845
1906
11417
11687
1949
11657
2065
2008
11643
11447
11888
11696
1907
2085
11966
11895
11483
11935
11946
12076
1834
1899
11469
12048
11556
1947
1819
1839
2012
1964
11757
11873
11768
1861
11807
11866
11910
12030
1972
11693
11422
11601
11984
11778
1975
11424
11963
11921
11810
1821
12020
11746
2002
11835
12052
11864
12003
11468
12022
11501
11822
11634
11614
11448
11711
11829
11740
11990
11808
11625
11776
11765
1983
11773
1924
11859
11434
11794
11825
2062
2003
1928
11869
11913
12089
1806
11613
11870
11631
1882
11473
12081
11465
11673
11744
11425
1874
12056
11890
11552
1826
11973
11730
11589
11948
11779
11836
1892
11655
1895
11433
11999
11457
11906
11712
11474
1879
11932
1855
11714
11645
11954
11472
11940
11865
1960
2040
11580
2006
2054
11928
11747
1922
11806
11467
11621
11602
11592
11852
11787
11879
11585
11956
11565
11831
1932
11653
2066
11724
12082
2099
11440
11561
1917
12038
11654
2050
12055
1995
11669
11571
2098
1948
11476
2001
2043
2025
11492
11606
12075
11756
12014
1817
11760
11749
11914
11709
12019
1913
11584
1805
2049
11526
1990
11619
11710
1937
11450
12095
11951
1908
1989
11694
11675
11915
11420
11463
11452
1963
11790
11617
11976
11414
11818
11924
11563
11985
11633
11798
1984
11769
1979
1890
11646
11732
11449
11683
11727
11542
11805
11731
2074
12026
11843
2079
2075
11525
2069
11993
11481
1824
2367
12566
12541
2209
12554
2176
12102
2172
12706
12179
12398
12246
2312
12720
12623
12523
12605
12335
12645
12492
2338
2104
12685
12657
2288
12366
2329
12474
12320
12736
12209
12715
12544
12282
2154
12435
2114
2342
2117
2250
2344
12687
2214
2270
2225
2181
12462
12678
12340
12302
12486
12417
2180
12125
2252
12129
12124
12349
12426
12410
2350
12568
2375
12448
12369
12395
2386
12445
2205
2115
12771
2337
12283
12126
12171
2358
12177
12693
12141
12728
12278
12138
2201
2120
12679
2105
12160
2232
12610
2310
12374
2110
12574
12562
12528
2268
2318
12146
12133
12137
2143
12359
2150
2129
12373
2353
12631
12570
12602
12277
2378
12119
12571
2163
12526
2157
12742
12249
12299
12405
12225
12565
12362
12497
12431
12553
12713
12245
2164
12221
2292
12322
2278
12598
2147
12182
2135
2106
12187
2397
12107
12525
2279
2202
12259
12586
12439
12250
2182
12287
12258
12625
12643
2103
12275
12785
12447
2253
2274
12784
12577
12267
2362
12402
2334
12220
2158
12793
12210
12219
12346
2199
12514
12191
2390
2194
12230
12780
12238
2380
12550
2346
12560
2141
12376
2368
12688
12452
2247
12115
12437
2203
12189
12354
12389
12477
12627
2183
12694
12193
2267
2136
12243
12145
12603
12276
2379
2303
12240
12614
12134
2381
2140
2207
2298
12352
12380
12401
12251
12114
12303
12108
12440
2210
2169
12297
12298
12546
12236
12311
12368
12517
12321
12315
12253
12756
12255
2177
12549
12716
2369
12451
2116
2299
12409
12232
12391
2313
2231
12144
12422
12530
12581
12580
12579
12629
2295
2151
12781
12363
12732
2217
12670
12705
12511
12651
12263
2155
12799
2248
12168
2266
12458
2228
12343
2213
12274
12288
2291
12606
12654
2227
12540
2223
12633
12211
12559
12111
12214
12538
12743
12488
12290
12425
12597
12296
12650
2321
12666
12636
2415
12998
2653
2439
2593
12945
13397
2405
13189
13210
2500
12924
13328
13499
2487
13047
13416
13202
13428
13364
13211
13096
13245
2453
2690
2630
2573
12975
13348
2423
13182
13103
2542
2541
13092
2613
13422
13235
13358
13490
13080
12882
12821
2535
13002
13496
12948
13081
13488
2657
12826
13082
13293
12888
12933
12958
13350
2645
13063
12925
13420
2509
13373
13345
13342
13070
12988
2693
12986
12804
12969
13447
13251
13491
12810
2441
13266
2431
13443
13277
13249
2568
2536
13414
2656
13136
2553
2544
13403
13196
2565
13010
2594
13064
2408
12885
2416
13415
13465
2463
13141
2478
12901
2411
13343
2450
13326
12929
13159
12886
2501
2456
13367
13225
13375
2697
13262
13073
13188
12972
13365
13116
2655
13413
13466
2560
13025
12892
13030
13203
13487
13300
2534
13174
13310
13453
2599
13060
13158
13269
13429
13301
2620
13419
13363
2477
2574
2443
13074
2529
12862
13479
13332
13021
12805
13195
13093
13156
2643
2429
13440
12968
13477
2458
13366
13493
13319
2526
13331
13296
12993
13451
13244
2556
2476
12930
2683
2435
12893
13026
12914
13330
12876
13279
13019
2495
12970
2666
13197
13313
2492
13450
12955
2486
2422
13492
2446
12837
12949
2619
13349
2662
2466
2669
13205
13133
13255
2472
13004
2604
12861
12846
2524
13299
12819
2589
2457
13434
13069
13395
2682
13484
12974
13181
13449
2627
13261
13322
13124
12928
12856
12880
13314
13411
2628
13200
13399
13037
13344
2631
13315
13351
13334
13057
2506
2638
13410
2467
2537
13352
2587
13114
13169
12927
13404
13014
13032
2455
12865
13246
2618
13190
12943
13483
2590
13288
13460
2584
13431
2612
13120
13335
13480
13379
12869
13446
13199
13154
13137
13272
13143
2634
13371
2473
13148
2577
13184
12897
13486
13242
13427
13436
13129
2454
13289
2519
2578
2624
13121
2461
14126
2883
13869
14125
13786
13791
13679
13529
2787
13574
2741
13634
13596
13748
13762
13998
13662
14040
2863
13836
13528
2783
13616
13912
14042
13880
13834
2798
14082
2947
2928
14102
2904
14016
2990
13625
2802
14123
14143
13716
14073
2873
14168
13975
13540
14090
13765
14118
13615
2720
13677
13980
2864
14033
13751
2705
14036
2906
14061
2907
2749
13678
13760
2846
13951
13970
13802
13694
14116
2971
2723
13771
13509
13828
13501
13602
13515
13739
13935
13922
14185
2813
13749
13604
2742
13977
13631
13914
2993
14052
14120
13851
14005
13767
13573
2960
2981
13808
13713
13593
2956
13545
2965
13799
13872
13953
13871
2709
14134
2831
13905
13832
14079
13668
14045
14024
13875
2925
14089
14133
13830
2744
13639
2957
13811
13658
13852
13856
13995
2735
14084
2919
2832
14047
14081
2923
2718
13566
13568
13997
2729
13687
13853
2745
2843
2877
14173
13717
13915
13637
13899
2789
13904
14179
13686
13893
13518
13543
13669
13725
14098
13525
2970
2909
14199
14155
14056
2836
13569
13787
2716
14011
13954
13814
2761
13948
13619
2830
14188
2734
2996
13829
13833
13813
2844
2740
2934
2917
13941
13643
2875
13600
13531
13567
14184
13682
13608
14086
2708
2759
13918
2751
13512
14053
2913
13796
13539
14165
13909
14159
2991
13565
2995
14097
2858
2944
14035
13707
2805
2891
2977
13705
13768
2848
13703
2774
14140
13810
2861
14138
13598
2983
2756
14019
2988
14006
13699
13896
2790
13803
2791
2845
14051
2850
13514
13792
2889
14109
13940
2755
2721
13882
13775
13764
13695
13535
2804
13629
14149
13744
13630
14055
2765
13931
2890
14198
13536
13860
13500
2998
14163
2815
14093
13516
2882
14091
13597
14020
2800
13618
13761
13708
13798
13533
2738
2739
13661
2879
2821
13987
13701
14177
14064
14092
14072
14153
2888
13603
14171
2986
14897
3195
14356
14364
3292
3298
3021
14653
14778
14460
14348
14271
14741
3196
14849
3080
3068
14395
14825
14409
14756
3192
14267
3042
14746
14320
3146
3226
14568
14571
14307
14848
14344
14286
3032
14587
14656
14461
3099
14738
3020
3212
14694
14484
14875
14711
14601
3242
14788
14498
14893
14545
14537
14765
3172
14372
14216
14338
14391
14830
14815
3294
14597
14719
3230
14316
14499
14470
14304
14213
3231
14526
3287
3008
3109
14293
14299
3170
14805
3246
3111
3240
14456
14679
14737
14650
3203
14631
3290
14522
14551
14226
14370
14692
14752
14828
14767
3272
3026
14877
14254
14458
14678
3081
14260
14438
14839
3038
14892
14728
3279
3256
14288
14690
14455
14270
14376
14705
3152
3275
14281
3142
14591
14217
3217
14340
3056
14618
14397
14716
14647
14428
3175
14402
3117
14576
14393
14799
14573
3118
3122
14446
14410
3286
3094
3190
14418
14663
14633
3253
14482
14809
14624
14600
14353
14596
14847
14732
14786
3043
3283
14233
14572
14717
14327
3031
14775
14425
14465
3138
14686
14662
3052
3120
3030
14318
14244
14542
14742
14490
3108
14645
14791
3116
14241
14515
14874
14617
3166
14346
3124
14700
14751
14513
14396
3135
3288
3145
14674
14654
3019
3062
14685
3167
14753
3095
14563
3051
14684
14657
14345
14471
14777
3139
14812
14664
14546
14643
14745
3097
14743
3125
14625
14483
14478
14787
14871
14314
14464
3101
3271
14250
14780
14442
14720
14564
14262
14263
3028
3249
3012
3001
3165
14277
14681
3297
14588
14636
3248
14414
3123
14441
14527
3220
14689
14640
3046
14651
14228
3096
14579
14652
14770
14852
14508
14268
3171
14201
14502
14489
14378
14748
3037
14416
14202
14898
14430
14510
14749
14648
14876
3126
14518
3213
14495
14462
3007
14854
14449
14432
14842
14342
14567
14729
14675
14354
3277
14403
14817
3006
15346
15499
15465
3324
3347
15089
3337
15316
15362
3309
14909
15283
14929
3351
15236
15514
3350
15594
14937
14987
15174
3482
15054
15549
15597
15420
14941
3314
15345
3411
3443
15164
15103
15220
15359
15491
3343
15428
3578
15357
3435
3537
15547
15285
15064
15512
15360
15135
15248
14994
15502
15044
3379
15378
15445
15072
3339
3381
15282
3484
15582
15560
15387
3531
15329
15469
15572
3539
15107
3357
15496
15185
15196
15122
15251
3386
3576
15510
15033
15075
15466
3469
15452
15355
14995
3415
14907
15318
15137
3402
3305
15095
3458
3552
3546
15419
15260
15580
15484
15063
3300
15571
15016
15545
3490
14996
15562
15139
3532
15575
15320
15180
3558
15333
3315
15534
15268
15344
15564
15400
14975
15524
3334
15145
3360
15559
15124
15403
15367
15179
3304
15272
15374
15415
3477
15568
14942
3560
3530
15467
15244
15215
15060
3544
14922
15321
14926
15488
3408
14952
15237
15309
3404
3446
15047
15409
15308
3405
15416
3384
15012
15154
3436
15493
3374
15551
15020
15471
15068
15108
3561
15351
15052
15456
15077
15586
15155
3506
15527
14916
15080
3320
3329
15334
15363
14927
3548
3488
3391
3332
15255
3510
15539
3454
15561
15242
3536
15386
3319
3524
15050
15489
3378
15109
15225
3503
15172
3399
3550
3306
14900
15114
15336
15555
15554
3525
15477
14964
15385
15090
15041
3556
3474
15506
15008
15343
15066
14919
15239
3497
15518
15591
14958
14954
15086
15313
15598
15444
15029
3364
3575
15003
15303
15302
15325
3372
15163
14931
15173
3308
15578
15127
15407
3466
15497
15464
3502
14983
3581
15040
15341
15149
15565
15305
3528
3424
15396
14984
15364
15330
15015
3566
3369
15273
3383
15057
15146
3508
14934
15437
15275
15198
3433
3450
14923
15479
15098
15324
3598
15013
15395
3430
15319
3498
15118
3545
15071
3549
14969
3472
3638
15747
16006
15929
15644
16045
3854
16189
16132
15827
16150
15748
15703
3770
16071
15944
3737
16202
15643
16122
3827
15690
16041
15652
3806
3722
15677
15771
15869
15757
15790
16028
16219
15753
16108
15868
15971
15952
15612
15767
3736
16018
16044
15758
16102
15627
16085
15682
15831
16236
15912
15729
16137
16005
15719
3885
16025
3862
3882
16148
3846
16038
16042
3741
3648
16298
16088
15840
16121
16009
3847
3629
16011
16220
3792
3893
16190
15998
15967
3858
3635
16257
15902
16156
15813
16056
3820
15877
16035
16164
15832
3828
15664
16016
16293
3810
15658
16023
16166
3651
15819
15614
16174
15667
15666
3703
3617
3680
3729
15631
15655
16192
3895
15879
3645
16120
15613
15818
16294
15730
3712
16032
3821
15876
3728
15741
16249
15768
3603
15610
3659
3620
15674
15656
15608
3874
16296
15785
15660
15777
15692
3701
15892
15742
15637
15784
3628
15715
15926
16265
16252
3804
15914
3716
15718
3797
3832
3632
15617
16123
16237
3869
15905
15707
3840
15936
16169
3610
15857
16222
15698
16075
15717
15964
3667
3775
3673
15688
3850
3841
3894
15723
15939
15922
16162
16209
15728
3664
15743
16060
3844
3715
15844
15638
3871
3630
16182
16253
16136
15930
3745
3677
3624
16093
15991
15960
16213
15911
15794
3687
3878
16112
15646
3665
3765
16191
16026
15835
3616
15972
16278
16285
16242
3801
3646
15974
16176
15916
3652
16210
15663
3879
3860
16195
15968
15634
3671
3695
15710
3707
3756
16224
15888
16248
16043
16083
3691
15734
3822
16143
15932
15746
15678
16186
15966
15776
15632
15853
3851
16001
3709
16002
16270
3663
15697
15980
15956
16268
16281
16024
3787
15769
3762
3720
3655
16204
3750
15737
16015
15659
15833
3751
3783
16196
3642
3767
15937
3679
3863
3668
15836
3672
3898
3609
3670
3843
3618
3649
3819
16157
16943
4147
4146
16312
16672
16611
16788
16534
16725
3911
16854
16571
16520
16989
16311
16890
16438
16314
16962
4030
16933
16641
16639
16889
3995
4082
16975
16560
16384
4059
16591
16767
4110
4094
16885
16541
16862
16391
3983
4018
16528
4039
16724
16992
16680
16460
16896
16679
16469
16576
16395
3927
16574
3940
16359
16613
16505
4016
4008
16718
16710
4017
4078
16637
4001
4199
4121
16442
16632
16484
16927
16473
16777
16950
16748
4098
16793
16585
16373
16468
16685
16654
16532
16944
4085
16420
16688
16813
16597
16594
4107
4041
16369
16902
16394
16687
4145
16882
16785
4156
16749
16498
16851
4020
16437
16745
3977
16757
4086
16636
16346
16758
16327
3924
3962
16598
16895
16839
16340
4101
16331
3967
16922
16977
4149
4160
4198
3957
16533
16693
16983
16914
3919
16873
16809
16365
3933
16845
3944
16436
16309
4064
3986
16711
4100
16897
16548
16397
16715
4044
16622
16470
4015
16841
16317
3952
16582
16305
16336
16392
16554
4013
16378
16417
4184
3956
16347
16545
16797
3932
4196
16904
16971
16652
3947
16421
16587
16717
3976
4076
16930
16698
16972
16947
16712
16606
16858
3966
4105
16842
16968
4051
16899
16345
16738
4197
16542
3914
16368
3970
4089
16491
16878
16353
4120
16456
16661
16796
4140
16964
3955
16784
4072
3974
3928
3907
16876
16506
16626
16452
16490
16961
3945
3930
16512
4169
3926
16959
16562
4144
3959
16967
16349
16326
4027
16740
16789
16602
16341
4073
16416
4195
16799
3950
16396
16510
3982
16966
16910
16773
3996
16848
16518
4166
16684
16612
16376
3900
16325
4077
16782
16938
16319
16667
16555
16808
16879
3998
16978
3997
16337
4157
16915
16550
3931
16439
4143
4188
3958
3917
16531
4159
16920
16786
16367
16431
16389
16496
16400
16434
16489
3913
16487
4040
16500
16884
16583
16769
16603
16837
17460
4421
4234
17268
17602
17037
17076
17401
17277
17297
17660
17054
4493
17125
17592
17415
4218
17191
17152
17512
4370
4394
17595
17412
17498
17098
17241
4307
17088
17653
17472
17319
17508
17388
4208
17385
4216
17261
4495
17173
4356
4397
4374
17103
17163
17545
17495
4243
4350
17457
4329
17221
17483
17400
4337
17211
4263
4316
4336
17072
17510
17247
17589
17097
17458
4496
17555
17170
17477
17528
17286
4437
17266
17579
4283
17082
4363
4226
17681
4241
17270
4451
17202
17456
17664
4389
4302
4466
17091
17213
17070
17332
17377
4268
17509
4422
17246
17416
17217
17002
17608
17392
17440
4303
17167
17069
17232
17141
4362
17656
17040
17296
17680
17386
4330
4229
4225
17535
17178
17581
17565
4358
17199
4436
17316
17687
4467
17120
17021
17605
17475
4227
17430
17360
4433
17414
17468
4266
17257
17465
17645
17447
17461
17062
4311
17453
17686
4258
17302
17159
17184
17482
17164
17511
17603
17068
17614
4476
4439
4281
17292
17237
17647
17254
4391
4219
4306
17263
4359
4480
4473
17649
17147
4317
4448
17016
17464
17281
17507
4401
17698
4452
17677
17515
17045
17109
17265
17503
17048
4223
4347
4453
17200
17665
17638
17128
17255
17307
4339
17368
17363
17382
17374
17327
17542
17245
4342
4366
17130
17552
4326
17544
17206
17407
17059
17480
17234
4345
17033
4479
17043
4215
17557
4301
4260
17096
17428
17186
17300
4498
4349
4295
4250
17018
17154
4239
17110
17242
4328
17224
17564
4273
17636
17413
17494
4468
17349
17207
4435
17403
17001
17208
17389
17370
17454
4206
17116
17484
17222
17648
4205
17433
4275
17056
17229
17418
4487
4294
17402
17562
17338
17347
4438
17233
4286
17492
4383
17502
17561
4289
17320
17487
4304
17623
4237
17524
17514
17642
17423
17083
4474
17104
17634
17251
4403
4202
17294
17177
4409
17695
18021
17997
4741
18148
4553
18009
4739
18244
18024
4533
4659
4604
17772
4700
4554
4578
18073
17792
18332
4536
18364
17881
4689
18205
17869
18377
4797
17951
18374
4777
18201
18260
17870
17898
4529
4787
17893
4646
18106
4531
4585
18071
18002
17780
4660
18286
17894
18356
18172
4562
17834
18268
18265
4527
18049
4707
4639
17704
17716
17803
18280
18192
17849
4615
17741
4720
18305
17765
17791
17820
18107
18341
18269
18382
18083
4703
17871
18006
4727
4584
18329
17959
18264
18227
18232
17895
4664
4773
17955
4724
17760
18216
4702
18221
4779
18103
4521
4790
18022
18082
17969
17827
17721
4599
17976
18008
17843
17770
17968
4640
17999
4742
17883
18037
18052
17841
18238
4726
17868
18213
18043
4635
18234
4749
17842
17910
4798
4717
17933
17737
17954
17936
17889
18361
4770
4766
18200
17892
18252
4757
17988
18340
17907
4734
17879
18229
18399
17731
18155
18267
17788
17700
4601
4679
17796
4570
17723
18397
17939
17714
18055
18297
4573
18344
4576
18251
17784
18117
17925
4520
17989
4641
18123
4764
17994
4575
18334
18320
17840
17931
17729
18003
17793
18086
4621
18243
4751
4650
4535
17743
17946
17706
18233
4581
18166
18250
17835
18040
4595
4618
4712
18263
17822
4600
18187
17942
4590
18314
4577
4514
17858
18284
17708
18089
17732
17801
17794
18101
4767
4768
17875
17891
4548
17816
18088
18360
4785
17865
18383
4598
18158
18368
18206
4593
4507
17771
18129
18337
18038
18076
17896
18349
17963
18358
18092
17990
18147
17735
17934
17813
18372
4624
18354
17966
18140
4676
18190
18279
17991
17763
18303
18134
18186
18388
17786
4656
4543
17886
17930
18015
18398
17998
17790
4523
18133
4622
18195
18222
4685
17903
4505
18242
18159
17808
18321
4611
4525
4687
18326
17709
17778
17805
18146
18135
18160
4517
17960
4686
18249
4759
18566
18501
18773
18844
18669
18748
19007
18588
5079
18723
18660
4848
18811
18561
4876
18456
18426
19013
18974
18662
18827
4867
18621
18505
4864
4932
18447
18908
18971
4959
19035
4967
4903
4804
19072
18545
18429
18979
18699
4869
19050
4936
18539
18493
18962
18607
18899
18873
19003
4982
18709
4972
4840
18563
18655
5046
4908
18845
18995
4803
19073
4842
5085
18927
18466
18522
19070
18894
19064
4821
18450
5052
18536
4805
18558
18696
5042
18776
18999
19065
18473
18965
18670
18846
18951
18485
18753
18930
18764
4941
18705
18672
18548
5041
5090
19004
5072
18903
18754
4999
18632
4988
18729
18724
18863
5097
18628
18812
18725
18525
18757
19056
18656
18875
18541
18759
4829
5091
5001
19044
4852
18986
18626
4850
18722
19061
18554
4881
18499
5080
18410
18504
4900
18480
18784
19022
18538
18926
18612
19000
18918
18795
5088
5004
18406
19037
18998
5060
18694
18799
18439
18667
5078
18766
18532
18884
18771
18494
18624
18529
18939
18847
18905
18804
18609
18706
4965
18422
4914
18611
18779
18666
5074
18794
4976
5037
18770
5086
18663
5068
18472
4978
18581
18719
18781
18683
18834
19029
5031
4800
18760
4874
19097
18604
19024
18964
5062
18404
19054
18518
18702
4989
4828
18597
18625
18423
18552
4939
18945
4834
5006
18735
4925
18914
19063
19053
4814
19002
19014
4815
18418
18950
18614
18886
18453
18710
5002
19085
4985
4851
18788
5028
18528
18500
4927
18802
5058
4895
19059
18459
18630
4844
5084
18787
4912
18449
18653
18838
18508
18942
18635
18560
4845
4891
18882
18796
18629
18569
18756
4983
18559
5032
19090
4926
18461
18582
18613
4935
18860
19023
18832
4921
18537
18885
18592
18994
18623
18507
18944
18432
4943
4966
4991
18833
18556
18651
5011
19038
18688
4928
18952
18762
5064
18602
18928
4904
18546
4898
18454
18859
19525
5285
19286
5237
19168
19562
19535
5380
19475
19230
19458
19749
5159
19649
19579
19643
19222
19690
19176
19645
19503
19630
19793
19411
19105
19468
19352
19568
19370
19235
5231
19646
19662
19745
19273
5338
19216
19153
19755
19368
5204
19102
5175
19514
19405
5158
19315
5232
19394
19393
19342
19404
19442
19549
19741
5227
19151
19596
19478
5144
19467
19375
19396
5389
19522
19266
19731
5343
5210
5244
19539
5373
19178
5360
19213
19464
19748
19403
19641
5125
19110
19446
19323
19118
19412
19191
5124
19372
19311
19689
19132
19397
19469
19270
5381
19357
19567
19709
19154
19186
19516
5279
5398
5160
19573
19621
19566
19267
19695
19798
19451
5154
19607
19124
19733
19758
19233
19137
19334
5153
19285
19572
19438
5173
19348
5123
5255
5116
19143
5306
19720
19188
19717
19636
5366
19637
19317
19361
5178
19694
19272
5174
19301
5192
19473
19245
5205
19221
5298
5326
19496
5394
19284
19335
5289
19769
5344
19642
19339
5155
19380
19432
19377
19439
5198
19500
19506
19366
5248
19344
19708
19575
19647
19144
19358
19784
5365
5206
5193
19532
19408
19430
5327
19133
19669
5324
19114
19728
19474
19552
19319
19713
5379
5276
19287
19597
19398
19349
5161
5277
19619
19460
19495
5383
19541
19175
19330
5320
19462
5355
19101
5127
19764
5367
19772
19511
19606
5397
19121
19208
19184
5292
19719
19612
5359
19754
5286
19340
19472
19139
19171
19140
19586
19328
19571
5212
5387
19779
19628
19615
19735
19391
5170
19274
19205
19722
5242
19218
5283
5247
19232
19505
5350
19134
19111
5295
5266
19519
5103
19246
19316
19362
19226
19354
19427
19540
19791
19577
19639
19629
19346
19538
19100
5215
19763
19498
19638
19435
5294
19242
19726
19686
19556
5363
19785
5364
19325
19231
5260
19485
19256
19599
19453
19209
19565
19419
19215
5246
19527
19113
20278
20125
5636
20468
20106
20196
20326
5434
20018
5537
20493
19910
20344
19914
5475
5596
20188
5620
5668
20318
20329
5559
5478
20171
20209
19955
20117
20187
19829
5638
20141
20343
5614
19907
5598
5661
5671
20271
20285
19802
19913
5555
5647
5662
19863
20290
19868
5457
20029
19878
20256
20407
20173
20224
5627
20420
20255
20429
5691
19875
20155
5683
19842
19874
5472
19917
5501
20193
19942
19943
5520
20185
5681
19934
20022
19988
20107
20045
19968
5572
19892
19885
20267
5672
20063
5518
20230
5400
20257
20341
5678
19812
5621
20443
20000
20225
19949
5554
20199
5629
19973
5511
19966
5660
20274
19839
5529
5503
5663
20156
20182
20008
19891
20229
19977
20150
20138
5634
5469
20317
20381
19909
20157
19938
5541
19921
5648
19844
20010
20062
20118
5656
20019
20353
19986
19814
19998
19937
5506
20444
5687
20316
20423
5697
20287
20251
20432
20093
19804
20461
20266
20148
5543
20482
20337
5564
19961
20217
5438
19813
5514
20154
5568
19848
20234
20238
19846
5508
19912
5449
19957
20191
20413
5489
19952
20328
20043
20279
5494
20015
19850
5591
20302
20416
5566
20359
20280
5415
20382
5644
20163
20497
19970
20433
5454
5584
19834
20405
20421
19870
19809
20474
20362
20426
20101
5451
5407
5635
20159
20152
20014
19859
20084
20069
5679
20140
20074
20145
20082
20471
20243
20142
20324
19915
19971
20070
5441
20360
20403
20376
20189
20094
5592
5455
5699
5513
20205
5674
5507
19969
20356
20282
19916
5652
20469
19924
5408
20478
20315
20105
20260
5456
20396
20364
20190
20080
19894
20023
5512
20160
20024
19980
5504
19886
20092
20476
5550
19972
5435
5577
5424
20288
19883
5534
19950
19963
20370
20389
20116
20222
20307
20213
5413
5658
20395
5626
20460
20048
20211
19801
19815
5649
5493
20418
19800
20334
20258
20313
5560
19838
21062
21160
20640
20669
21050
20798
20662
20691
20717
21063
5794
5906
5977
20801
20796
5964
5725
5769
21102
20682
5884
5991
21135
5746
20881
5702
20703
20538
20533
20924
20985
20743
5929
20863
5824
20587
21036
20934
20721
20745
21116
5979
20960
20989
5766
21058
21146
21066
20705
5790
21113
21087
21149
20807
5773
20658
20920
20723
20611
5800
5866
20783
20654
20841
21054
20632
20519
20900
20684
20696
20984
5874
20708
21019
20623
5877
5971
5987
21084
20994
20974
5798
20817
5862
21024
21196
20858
5911
21031
20518
20607
5956
20540
5857
5830
5808
21180
20670
5735
20834
20992
20766
21181
20650
21007
21027
21074
20660
21123
20861
20689
21159
20550
21169
5916
20828
21042
20882
20522
5747
5745
5757
5918
21140
5792
21114
20634
20594
5980
20958
20893
21075
5805
5720
21026
20592
5945
5914
5708
5715
20513
5713
5837
20977
5958
20884
5734
21099
20908
20965
20820
20867
5707
20579
21065
21091
20784
20751
20700
5736
5781
5990
5796
5825
20543
20797
21197
20915
20821
20753
5703
20968
20973
21005
21093
5784
5738
5765
5917
20764
21162
20633
21017
20790
20726
5851
20809
5822
5779
21172
5750
21129
20558
21127
20680
5996
20524
20565
20572
5850
5742
5858
21077
5902
21047
20563
5969
20988
21155
20504
21138
20603
21055
5926
20557
20570
20800
20851
20816
21115
20845
5817
20836
5912
5908
20872
20645
5831
5838
20746
20665
5777
20657
21124
21152
20786
20792
5833
5793
20604
21097
21126
5852
5753
20761
5915
5780
20859
20857
20643
5966
21190
5873
20967
20805
21051
20748
5810
21199
20671
20963
20581
20803
5928
5785
20907
20555
20899
20885
20598
5854
21163
20528
20933
20996
20896
20706
20831
20804
5972
5782
21187
20655
5755
20661
20781
20659
20698
21068
20701
20544
5855
20877
20546
21016
20916
5770
5710
20656
20567
21373
6040
21587
21728
21638
21641
6231
6221
6015
21432
21513
21605
21766
21546
21503
21405
21308
21565
6038
21730
6036
6160
21726
6206
21326
21493
21870
21623
21688
21240
6271
21662
21562
6193
6008
6007
21771
21299
21201
6296
21818
21485
21285
21838
21860
6064
21532
21785
6236
21355
21624
6148
21861
6223
6127
6268
21300
21693
21538
21841
21725
21377
6157
6176
6292
6071
21770
21602
6222
21303
21504
21506
21698
21357
21629
21663
21751
21329
6143
21773
6092
21508
21491
21616
21446
21374
21781
21816
21391
21846
21438
6095
21522
21711
21505
21699
21414
21517
21620
21442
6101
21632
21479
6186
6250
6138
6076
21626
21829
21665
21277
21701
21876
6055
21283
21417
6146
21710
21798
21658
21782
21556
6263
6156
6106
21865
21694
6003
21456
21394
21260
21214
21274
6034
21439
21555
21564
21613
6122
21741
21264
21552
21784
21826
21437
21392
21362
21708
21404
6129
21234
21889
21783
6072
21430
21370
21411
21652
21429
21474
6190
6234
21574
21761
6085
21358
21365
21440
21799
21237
21366
21379
21202
21512
21583
21660
21702
21223
6022
6154
21527
21567
21447
21500
6079
6183
21331
6042
21543
21813
21614
21317
6287
21396
6276
21218
21284
6033
21661
21603
21828
6024
21515
6014
21451
21600
6094
21734
21671
21777
21310
21484
21639
21787
21497
21712
6270
21622
21635
21209
6053
21775
21604
6220
6097
6291
6065
6049
21212
21529
6019
6174
6142
21800
6115
21827
21687
21748
21598
6245
6083
21843
21794
21579
21689
6011
21731
21511
21419
21558
21745
21729
21428
6091
21544
21293
6298
6111
21367
21893
21750
21537
6046
21871
6113
21736
21651
21410
6211
6179
6124
6128
21263
21330
21268
6181
6005
21536
6289
21690
6215
21680
21267
6030
6170
21381
21348
21686
6185
21418
21473
6093
21872
21656
21309
21585
21489
21478
6217
21647
22001
6551
6586
22253
6448
6420
6409
6508
22296
22464
22156
6501
6360
22207
22357
22005
22206
22147
22334
6418
22295
22187
22167
22506
6528
22277
22345
21993
6377
21908
6330
21963
22174
6400
22103
6476
22516
22309
22265
6441
6477
22115
21997
6434
22112
6378
22068
6322
6405
22299
6575
22531
22083
6303
6500
22236
22343
21919
22593
22549
6530
22480
22411
22434
6356
6430
22291
6344
6323
6388
22118
22462
22022
22094
22544
6533
22367
6442
22111
22217
22064
22588
22453
22419
22237
6539
22431
6320
22023
22310
6326
22065
22500
22017
6396
6366
22414
6365
22169
21976
6444
22271
22081
22212
22189
6526
22179
22346
6306
22324
22267
6514
22150
22539
6535
22538
22051
22438
22396
21923
22281
21929
22248
6473
21937
22391
22050
6557
21920
21943
22039
6583
22362
22332
22522
22582
6499
22570
22250
6553
22108
6435
22515
22585
6465
22007
22404
22072
22574
22505
22483
6346
6327
22224
22243
22046
22520
22234
22127
22163
22256
6563
21948
21910
22473
22258
6522
6329
6381
22149
6462
22383
22168
22564
6564
21954
22009
22180
6472
21998
22086
22528
6516
6567
22145
6415
22038
22097
21905
6401
22393
22547
6313
6556
22457
6315
22571
6316
6537
6449
22227
22498
22368
22465
22409
22317
22525
6312
21904
22488
22452
6431
22266
6468
6331
6592
21966
22489
6314
22036
21922
22546
6358
22231
21944
22093
21907
22140
22425
6544
21985
22188
6351
6593
22514
6352
22043
6491
22151
22580
6531
6487
22090
6363
21987
22390
22215
22255
21902
21970
22121
6589
22002
6347
21995
6482
21906
22084
22423
6545
22225
22293
22579
6534
22205
22552
6403
22342
22298
22200
22220
22244
22276
22160
21960
22129
6502
6350
6598
6571
22131
6591
22567
22305
22304
22372
21930
22441
22584
22341
22529
6389
6309
22166
22468
6423
22192
22035
22556
22203
22952
23130
23175
6773
23007
22956
6803
22715
6878
6725
6763
22969
23013
23154
22689
22711
6683
6651
23235
22678
6882
22607
23052
23185
6727
22936
23116
22904
6723
6666
22990
22706
23114
22776
22978
23176
22641
22934
23265
6758
23181
22843
22930
23198
23083
23141
22799
6776
6600
23183
6687
6658
23004
22687
22828
6685
22681
22838
23008
6815
6839
22616
6724
6634
22677
23120
22941
23111
6677
22900
23112
22871
23205
6675
23106
23109
23113
22609
22866
22834
23286
6612
22760
22924
22768
6633
6688
23014
23012
23278
22942
6753
22963
6786
23191
22829
22814
23168
22612
6632
22742
6664
23132
6811
23145
22815
23125
6858
23071
22996
22922
22888
23177
22753
6613
6889
22767
6896
6754
6608
22891
6623
23290
23118
23281
22810
23028
22914
22792
6877
22746
23261
23056
6879
22859
22817
6661
22867
6747
23140
22852
6637
23276
6614
23173
6669
23207
22972
6624
22916
6818
23080
22835
22714
22697
23222
22670
23193
22911
23274
22682
22917
23055
22846
6665
6802
23002
22648
22702
23031
6831
6709
22965
6870
23258
23248
22754
22765
23030
6874
22674
6646
22698
6716
22740
22647
6810
6861
6745
6732
6601
23096
22999
23227
23206
23102
6680
6660
22623
23134
6761
6782
23223
23245
23077
6603
23078
23075
22953
6678
6827
6609
22895
6819
6606
23256
6790
22771
23110
23169
6708
22716
22988
23293
22791
23192
23101
22961
22632
22863
6731
22864
22876
23011
22663
6704
22886
23066
6833
23108
23144
22881
22938
23158
6611
22727
6762
22761
22752
22974
22910
22927
6693
23272
6626
23068
23089
6820
22656
22650
22962
6796
22705
23277
22826
22868
22977
22807
22720
22766
22730
23085
23029
6805
6681
23279
23275
23230
6836
23212
23126
22964
22769
23094
22631
22783
23026
22918
22686
6838
6757
23129
22842
22816
6865
22611
6777
23262
23271
22634
23950
23484
23482
6905
6915
23664
7181
23885
23919
23568
6908
23590
23887
23550
6912
23508
7197
23678
23574
23990
7027
23821
7031
23407
6961
23501
23799
23531
23385
23670
23513
7161
6983
23362
23954
7062
7026
7017
7077
23524
7159
6954
7065
7163
23941
7004
23595
23626
6923
23397
7116
23992
23528
23614
23637
23365
23812
6951
23704
23569
23391
23910
23989
6994
23974
7060
23474
23383
23736
23886
23923
7038
23665
23584
23329
23898
23783
23387
23422
23489
23850
23419
23926
6969
23964
23846
7102
7150
6924
23582
23749
23646
23936
7154
23346
23527
23756
23570
7130
23453
23358
7033
23566
23461
23750
23991
7063
23413
23895
23305
23735
7152
6935
23951
7079
7112
23794
23949
7118
23748
23927
23881
23340
6936
23835
7034
23711
23866
23625
23767
23514
23791
6913
23801
6943
23361
6930
23889
23686
23326
6979
23790
7051
7098
23715
7037
23535
23723
23883
6922
23473
7009
23485
23372
7016
23979
23904
23347
23720
23987
6926
23943
23467
23795
23784
23759
7115
23444
7067
23691
23674
23601
7050
7035
23931
23417
23788
23429
23345
7052
23465
23882
6988
6982
23934
23364
7174
7147
23717
23310
23737
7092
6949
23330
7164
23694
23399
6985
23359
6981
7097
23957
23516
23382
23985
23969
23426
23408
6927
23304
23591
23773
23702
23916
23534
23644
23339
23838
23928
23355
7179
23981
23431
23432
23896
23813
6989
7019
7096
23435
23993
23554
7074
23884
6955
6966
7149
23492
7121
23908
23935
23893
23621
7104
23911
6953
23980
23620
23636
23424
23337
7127
23698
23630
6976
7135
7058
23400
23914
7054
23439
23971
23938
6970
7189
23802
23724
23891
7055
7170
23506
23551
6906
23865
23542
7090
7180
23864
23518
23983
23976
23348
23401
6991
6972
23863
7198
23331
7103
23918
7105
23507
7087
7046
23342
23775
7064
23909
23445
23402
