7678
7234
271
7702
216
7308
7712
94
7387
170
24
242
7442
7830
7786
7326
125
7353
7550
7813
168
7676
7472
7748
7775
7490
25
7384
7605
7789
7581
13
7779
277
7216
299
113
7862
7469
60
7613
7807
7615
7625
7607
7658
7239
7633
7879
99
7860
289
7874
34
53
7219
7856
7806
7686
7841
7601
7354
7262
7897
164
7373
7277
7272
7208
7745
7487
7805
7247
7589
108
7593
256
7618
7690
7372
7502
7710
7829
7251
7441
228
204
7524
7682
7866
153
7576
26
57
46
98
7871
7639
297
7872
7393
140
7553
7543
7322
259
7788
63
7785
7854
7629
7409
7899
7585
7681
146
7365
7817
7867
270
7444
7303
110
171
7851
7701
7798
9
7667
205
7411
7643
7230
7832
7257
61
7606
237
7679
7884
7708
7261
7486
7431
7430
109
7757
7205
7367
7636
148
7838
7557
7736
7898
7385
7559
128
7491
7458
7497
7399
7694
7221
7371
7494
7675
7382
7609
7366
134
232
159
7255
7226
7296
48
74
7649
7699
7738
7896
7391
7244
7532
7514
7389
7793
7495
7418
97
283
7580
285
127
7271
7311
7544
7881
7265
7500
80
158
7323
7647
7224
7765
7680
7575
7542
7526
7631
284
7337
179
7770
7739
222
122
7661
7892
7650
7773
7769
7347
7289
7331
244
7284
7579
220
7349
15
7452
7423
7297
7295
253
7834
7693
7746
7260
7890
7666
172
7586
147
186
43
7516
7428
7825
296
7503
138
54
7569
51
7719
7218
22
7400
7700
294
209
7612
142
50
166
7521
7555
81
7566
7883
7800
66
7632
7556
7835
7888
7410
7413
64
7634
264
7764
7363
7398
20
7267
7668
7596
7619
7478
261
7552
7620
7706
7470
7359
8162
311
8331
406
534
8306
8574
8373
7939
8457
8175
591
8439
407
592
302
7972
443
8485
8426
8489
8427
573
478
8505
333
8224
8188
7908
7912
8099
504
551
8522
8395
8355
506
8507
8015
410
8372
8222
7911
7913
8254
8071
8527
440
450
578
514
8028
529
596
8243
400
7951
7953
8052
8348
8034
559
7965
474
8304
485
7981
8040
8544
8454
7909
8117
8039
8449
8179
8167
8442
8451
8458
337
8402
8509
310
8351
358
300
472
408
537
7980
8504
8503
334
490
357
8092
8597
8228
8479
7960
8054
307
8300
8420
8554
8570
8378
7963
314
8176
8085
8512
547
496
427
8257
386
8184
8534
8240
8050
8484
579
8337
8021
331
7950
595
7967
8178
7986
8525
7975
8377
8023
8594
8412
344
7941
8369
8004
351
336
8380
305
533
8424
557
404
435
8320
8540
419
7944
8528
8365
492
497
8006
446
7997
8011
8481
8088
8408
8344
8559
8410
8301
8464
7992
8104
376
465
8530
8156
8297
8238
8294
599
8325
441
8107
7940
469
7971
387
8119
7930
8580
8455
8379
8371
8305
8501
8253
8127
8460
8030
479
8202
8418
8578
8223
7914
8027
8241
562
8001
8298
371
8321
8419
8274
429
8140
500
8155
8152
335
8010
8431
8065
8263
8163
8025
8114
416
503
584
318
541
8352
8397
304
8128
7998
346
8433
517
7943
8506
8074
8401
8019
8012
523
320
8526
527
8070
8075
8038
8353
8586
8445
494
598
8358
456
8502
7928
8043
345
7961
8434
8583
7949
8384
409
8366
8533
8282
7977
8149
7917
364
395
8041
8100
319
8511
405
8195
8312
7988
8428
8018
522
8361
8219
511
8270
411
7929
7993
8450
587
8362
8137
8889
8657
9230
8723
8729
9141
9191
8932
8807
9124
8859
8923
856
9115
8862
9163
805
8713
9276
9292
9260
9128
742
9170
8793
9240
9126
9103
727
9183
8984
9127
8643
9002
833
8854
8962
8720
8774
8794
831
8824
8980
841
8871
806
8675
8632
8786
9080
787
8699
756
615
8704
895
885
855
706
8877
8752
761
9176
680
8821
9222
9078
8920
9290
8812
8719
8937
8836
9160
830
8646
883
8782
9043
9298
8827
9162
8658
705
9158
9018
726
9085
828
602
662
9123
8924
763
8742
8991
786
9246
746
8979
8645
699
8865
8762
9052
836
9288
9249
8745
8936
669
8844
880
8878
8629
9027
8918
720
790
8722
698
9008
8938
8977
8887
785
8850
8638
8756
9271
608
9239
801
9210
8750
8784
755
9069
9005
8860
8902
8712
9034
8927
9073
8869
666
8726
9081
8799
8625
8832
8730
8823
9169
671
9277
8686
9090
8628
843
9147
826
8665
8897
9258
9074
9190
9262
8814
725
678
9096
8813
9264
718
8855
8890
8973
9284
9024
865
8727
9063
824
8857
8620
630
891
834
8689
744
8740
842
683
8940
9175
9293
736
8893
8631
635
8913
8922
626
9213
8715
9145
9017
8635
8800
871
9197
8649
751
660
8640
8690
9135
827
8846
9242
9278
667
9211
8956
9215
767
8987
9186
9172
731
9044
8701
8666
794
9297
9233
8990
9038
8718
9279
688
9252
878
8611
9058
8753
819
693
9229
9083
9250
8996
8606
816
8966
9151
8905
8616
8901
625
8866
9013
889
8840
9132
8867
8959
653
882
616
8776
870
9136
8898
9098
835
9112
771
710
8783
9089
9198
8994
8983
9140
704
9119
9056
8916
9235
8647
8673
9067
8798
779
867
778
8755
9379
9388
1173
9584
9408
9321
911
9569
9708
9601
9353
1148
9951
937
9343
953
9810
9540
9377
1013
1065
9615
9921
9368
954
1062
9894
9762
9747
9351
936
9364
9913
9512
9773
9407
9769
9714
9966
9471
9566
9324
9716
998
9793
9635
1053
9608
1071
948
9740
962
9737
9529
9804
9970
1077
9877
1050
9998
1189
9895
9412
986
9454
9571
9612
9428
9554
1125
9551
9926
9475
1043
9305
9607
9688
9470
9699
9663
1132
9867
950
9435
922
1048
9672
9402
929
9602
9691
9778
9858
1064
902
9633
918
9923
9578
9673
9981
947
9681
1073
9307
1113
945
9609
972
9822
9843
9709
9985
1128
9929
9859
9892
9705
9745
9727
9912
1154
9876
994
9340
9520
9406
9899
9914
1119
1157
9422
9743
9869
9647
9605
973
1162
1022
982
928
9764
1164
1177
9765
9357
9572
9370
9624
9419
9758
9814
1009
9413
9825
9797
9420
981
9603
9462
9574
9650
1150
1111
951
983
9383
9557
1120
9514
9878
9671
9513
925
1186
9990
1195
9675
1146
1055
939
9852
9734
1094
906
1187
9982
9416
1159
9585
9754
9606
9562
9452
1169
9474
9527
9328
9508
987
9449
9941
9652
9969
9684
9622
9731
9516
1074
9789
9864
1141
9932
9444
9992
9521
9579
9813
9509
9777
9660
9533
9568
9872
9844
9629
9993
9556
9964
9517
1098
9511
9621
9655
9360
9630
9817
9933
935
1001
9506
9794
9952
995
9493
9879
9661
9426
1082
9588
9855
9808
9335
9903
9846
9841
9898
9807
1199
9818
9907
9638
1056
9325
9704
975
9742
9390
1005
9539
9835
9911
9698
9640
1096
9311
9460
9856
1092
9935
9459
9472
9736
9805
9590
9632
9599
9479
9821
9651
9398
1075
9312
9320
1167
9834
9954
9694
1086
9378
1402
10411
10137
10637
1235
10204
10298
10326
10688
10208
10111
1312
1371
1445
10599
1292
1458
1361
1360
1279
10516
10550
10566
10646
1393
1265
1475
1327
10367
1252
1342
10051
10194
1352
10443
10337
10610
10283
1384
1243
10267
10518
1345
10209
10536
10448
1387
10223
10016
1249
10563
10261
10362
10104
10107
10474
10218
10287
10393
1254
10543
1399
10018
10075
10270
1336
10458
1427
10049
10217
10044
1395
10450
10456
1380
10372
1450
10323
10275
10613
10059
10106
10174
1394
10266
10351
10559
10140
10127
1264
10466
10321
1239
1401
1240
10524
1344
10085
10664
10070
1436
1429
10441
10587
1304
10507
10273
10047
10649
1218
10089
10689
1496
10336
10668
10146
10459
10412
10384
10150
1446
10455
10639
1448
10086
1302
10556
10118
1423
10009
10387
10481
1241
10310
1413
10437
10513
10486
1306
10133
1231
10108
10318
10112
10693
10110
1204
10675
1391
10192
10263
10334
10305
10021
1444
10426
10588
10163
10332
1410
10620
10244
10025
10269
10658
10191
1242
1482
10517
10439
1428
10594
1483
1385
10663
10012
10149
10623
10082
10586
10053
1377
10033
10055
10304
10028
10251
1481
10210
10479
10083
10048
10296
10432
10544
10201
1365
1294
10645
10581
10592
10297
10397
10428
1388
1214
10398
10526
10166
1317
10345
10344
10065
10131
10451
10159
10415
10354
1273
10038
10115
1283
10294
1331
10316
1266
10648
10490
10005
10422
10540
1376
10500
1303
1278
10319
1295
10589
1256
10531
10064
10539
10315
1469
1247
1398
1253
1343
10633
10177
10551
10636
10537
10030
10388
1318
10445
10603
1289
1454
10548
10144
10571
1366
10465
10252
10601
1293
1282
10126
10222
10553
10525
10327
10259
10585
1370
10667
10215
1497
1337
10650
1452
10683
1369
1210
10226
10243
10679
10561
10512
10122
10245
10475
1314
1296
10080
1485
1463
10681
1551
1741
11181
11300
1554
1507
10801
11389
1780
10809
1783
10718
11346
1603
10846
10760
10985
11298
10889
11076
1584
1617
11342
10712
1739
11167
11045
10842
11289
10733
1631
10988
1718
10724
11265
1556
10892
1682
11251
11201
11118
11032
11139
11379
11267
10856
1650
11375
10959
11259
11320
11327
11365
1589
10946
1696
10750
10948
1679
11017
11281
11041
10720
10764
10775
1536
11006
1655
10748
10725
11363
10868
1691
1694
1661
1735
11051
1776
10816
11187
11350
11138
11193
11024
11101
10798
1754
1565
11222
10866
10731
1559
1680
10785
10875
11096
11329
1615
1641
11242
11257
1706
11194
1518
11274
1708
11248
10890
11002
11071
11261
11340
1664
1746
1596
1744
10805
11065
11168
11180
1715
11392
11163
11219
11150
1586
1570
10833
1602
1594
10734
11338
10819
10887
10883
11214
10727
11014
10871
11087
1659
10893
10914
10922
11081
10707
10935
11237
1583
10977
10920
1501
11048
10723
10929
1791
11019
11268
11238
11357
10808
10710
11190
11297
1689
10850
11315
11355
10873
10864
10802
1523
11073
11269
1734
10730
10709
11216
11255
1750
1552
1648
11210
11188
11089
10986
11295
1789
10794
10996
1747
10784
11349
1587
10901
10745
10925
11001
11046
10754
1649
1685
10824
11369
10998
10852
1669
10803
1514
10705
11146
11035
11240
11195
11370
10895
11275
11129
11308
1792
11110
1775
10881
11290
10975
11111
1582
10951
11026
10989
11256
1576
10832
1645
11154
11159
11208
10911
10862
1543
11112
11324
11038
11334
10945
11141
11322
1676
11382
10781
1636
11074
11372
10825
1508
10939
11328
11153
11366
10791
11012
1642
10990
1690
10757
11098
11033
11084
10836
1500
11358
11205
10944
11047
10900
11272
11286
11013
10882
10800
11059
11304
11323
1546
11348
10719
10792
11367
10738
1625
11292
1781
11056
11244
10974
10795
10857
1768
11209
1592
11676
1990
11684
11644
11869
11779
11943
2052
11994
11656
1978
11728
2025
1865
11584
11497
12028
11944
11941
1887
12034
11857
11830
11662
11561
11922
1879
11923
2093
11685
1871
1882
11818
12088
11448
11790
11628
11864
11607
11543
1932
1809
11581
11518
11968
11808
12026
11837
12021
1928
11521
11716
11512
11606
11902
1931
11955
12011
11450
11597
11746
11541
11578
11949
11895
11527
11696
11769
1877
1985
11768
2045
2034
11739
11588
11777
11903
11784
11638
11984
1930
12052
11494
11887
1808
2000
2066
11934
11484
11573
1983
11765
1886
1900
1960
12090
11794
2019
11451
11760
12038
11959
11661
11796
12037
1926
11810
2037
11937
11401
11976
1955
2022
11622
2061
1869
11551
2078
11806
12057
1861
11720
11999
11866
11467
11595
11422
12067
1866
11552
11773
1994
11438
1918
11566
1811
12001
1921
2014
1944
11591
2054
2070
11754
1937
1905
11722
11817
12022
11616
11852
11729
2040
11736
1912
11509
1907
11635
2058
1867
2062
1995
1838
1864
1813
2067
11517
11714
11920
11660
11862
1997
11844
11727
11655
2074
11620
11499
11487
1803
1929
11545
1964
1906
12029
11763
11408
11918
1903
11691
11907
11939
2099
11759
11879
2053
1901
12076
2089
1853
11465
11705
12024
1894
1980
11500
11476
1857
11671
1846
2091
2080
12019
1859
1908
11459
11853
1992
11732
1989
11514
1801
1895
11524
11675
11470
12084
11828
11964
12008
11974
11589
11783
2077
11489
1951
11912
11993
11910
1826
11814
12098
11682
11836
12062
1969
11740
11855
11615
11757
1973
11446
1892
11641
11723
1950
1817
11792
11594
11954
11833
11580
11608
11896
11640
11842
11872
2005
11542
11472
11474
12069
1999
11426
11870
12040
11410
11715
1998
1925
11466
11750
11576
11888
11444
11609
11712
11455
11936
11824
11972
12035
11990
1954
11958
1953
2075
12002
11795
2065
12497
12413
12301
12695
12180
12534
2259
12532
12567
2180
12716
12154
12152
12131
12692
2132
12191
12336
2363
12198
12516
2187
12378
12250
2351
2175
2305
12175
2118
12748
12685
12104
12485
2164
2229
12651
12439
12151
12500
12259
12314
12555
2174
2240
12664
12242
2173
2194
2193
2388
12674
2169
2342
12579
12717
12161
12573
12604
12226
2399
12482
12308
12188
12384
2192
12358
2289
12658
12197
12529
12160
12641
12295
12102
12750
2147
12164
2265
12590
12598
12133
12526
2372
12661
12612
12123
2199
12727
12772
12298
12333
2151
12101
2307
2319
12591
2241
12752
12414
12368
12794
12238
12448
12504
12459
12174
2316
12418
2200
2216
12652
2376
12698
12461
12361
12528
2131
2303
2189
2122
12244
12268
12715
12257
12294
12345
12629
12135
12704
2212
12429
2221
12451
2160
2334
12120
12116
12458
2142
2311
2204
12654
12520
12251
12483
12776
12192
12395
12547
12603
2111
12195
12469
12606
2225
12181
2183
12193
2125
12708
12283
2320
2343
12168
12542
12533
12575
2248
12186
12260
12430
2263
12756
12269
12321
12656
12599
12798
2290
2344
2112
12473
12265
12215
12710
12262
12597
2310
12119
12380
2273
2269
12566
12718
12278
12248
12385
12435
2234
12391
2260
2110
12571
12334
12790
12376
12388
2159
12456
12105
12318
12148
2201
12653
2296
12109
2312
12396
2332
2213
12255
12390
12647
12729
12212
12381
12362
2361
12410
12720
12347
2386
12486
12697
2143
12712
2253
2329
12335
2202
12235
12574
12576
12307
2186
12650
2346
2302
12208
12622
12565
12132
12475
12607
12491
12737
12258
12645
12216
12214
12443
12490
12437
2230
12563
12777
12553
2239
12792
12743
12442
2244
12453
12739
12203
12495
2156
2203
12138
12513
12546
2398
12157
12322
12346
12285
12237
12158
12243
12211
12149
2165
12114
12178
12580
12666
12631
2185
12338
12354
13178
12921
13057
12926
2473
13271
13287
13024
13074
2485
13039
2483
13173
2554
13398
2549
13123
13481
13150
13211
13382
2609
12989
13432
13345
13015
2415
2416
13447
13030
12929
13187
12952
2530
13115
2486
13240
12905
13073
13064
13259
2650
13119
12995
13297
2693
13037
13324
13075
13298
13071
2496
12899
12874
13129
13224
2532
2405
2556
13439
13463
2452
12857
13348
13219
12979
12947
2662
13116
12835
2402
13256
2629
13180
13354
2646
2464
2555
12842
13461
2512
2525
2602
2433
13007
13086
2576
13487
2669
13236
2444
12848
2611
13326
12981
2553
12896
13056
13168
12850
2412
12925
12993
13154
13202
13044
13309
12831
13383
13172
2526
12901
12855
2435
2575
13473
13100
13330
13128
13208
13465
2664
13114
2622
13338
12819
2489
13231
13223
13052
2491
12913
2579
13005
2517
12843
13162
2661
13192
2543
13477
13386
12902
12839
2454
2531
12838
13084
12805
12804
2437
2568
13054
13146
2619
2426
2550
12833
12976
13395
12996
12841
13113
2605
13355
13076
12954
13455
2423
12862
13118
13353
2625
13004
13103
13282
13125
13017
13332
2580
13031
13483
2513
2524
2601
2432
13407
2488
2623
13206
2615
13066
13393
13235
12937
13440
13028
13337
12858
13364
12837
12978
13328
2699
13038
12903
13346
12893
13347
12920
2448
13452
2696
13163
13018
2597
12810
13000
13068
13082
2403
2567
13097
2573
13377
12975
2527
12860
2547
12961
13042
13092
12998
13357
2528
13158
13272
13303
2428
2675
13438
13070
13362
2538
2628
13133
2458
2495
13443
2456
13080
13302
2515
12922
2685
13270
13392
13466
13218
2668
13436
12953
13292
13425
12808
13372
12966
13269
13095
13169
13306
12963
12885
2683
13167
2688
2562
2450
13363
13226
2637
12897
12871
13083
13446
13329
2552
13252
12940
13334
12910
13317
13182
2478
13049
12853
2606
12918
13134
13145
2769
2783
13836
2809
14096
13916
2792
13951
2935
13767
14138
2777
2863
13698
13750
2776
13560
13506
14169
2797
13738
2986
14180
13958
14089
13942
13849
14168
13733
13779
13658
13819
2864
13569
13719
13955
14114
2965
13924
13855
2937
13736
14102
2973
2756
2969
2711
13648
2932
2979
13862
2959
2874
13986
2994
14023
2859
2930
13953
13582
13617
13868
2917
13630
13854
2900
14108
13775
13512
13596
14056
14082
14176
13632
2781
13943
13768
2865
13651
13558
2748
14072
2854
14043
13792
2766
13705
13508
13901
13806
13624
2877
13717
13641
2803
13990
13664
2720
2726
14193
13545
14199
2974
13931
13583
2861
13900
14191
13618
13585
13966
2875
2966
2951
2882
13936
2811
13638
13727
14118
14177
14092
2949
2961
14172
13700
2947
13773
13521
13830
13620
2901
13559
14183
2758
13547
2765
13561
13984
2848
2824
14121
13645
13612
13752
14000
13863
14073
14061
13822
14078
14065
2751
13737
2991
13674
13659
2728
13631
13787
14020
14086
13759
2778
13858
2812
2916
14064
14109
13915
14167
13839
13939
13963
13711
2844
13723
2996
13937
13756
14081
13813
13690
13681
2892
13950
13857
14001
13820
2871
2806
13500
13890
14075
2850
14053
2819
13626
13655
13740
14034
14048
13522
14166
2851
13606
2931
13516
2798
2939
13613
13510
14198
13888
14045
13694
13675
2788
13761
13710
13825
2920
14071
13797
2964
2836
13878
13920
13514
13799
13894
14068
14150
13683
2827
2813
13845
14039
13603
14157
14156
2948
2801
14106
14036
14116
14100
2706
13517
13633
13578
13640
13971
13800
13941
13608
14057
2736
14042
13882
14147
13832
2832
2764
13660
2760
14141
2755
14189
14011
2944
14025
14015
13501
13834
2793
13898
13818
13922
13826
13628
14104
13697
13947
13803
13926
13553
13932
13769
2705
2977
2928
2712
13934
2843
13757
13831
13574
2740
14050
14242
14644
3145
14420
14513
14239
3056
3063
14675
14770
14866
3229
14724
3185
14632
14502
14432
14789
14210
14889
3212
3154
3208
14665
14484
3223
14410
3224
14201
14667
3033
14777
14619
3075
14305
14712
14221
3010
14731
3084
3071
14202
14702
3162
14585
3182
3177
14349
14672
3141
14725
14355
3035
3081
14434
3110
3286
14768
14620
14453
14714
14776
14646
3045
14645
14325
14799
14374
14631
14651
14664
3089
14228
14251
14454
14860
14344
14648
14746
14688
3206
14227
14685
3096
14590
14533
14429
3146
14285
14489
3126
14368
14607
14888
14241
14873
14559
14342
14307
14587
14266
3108
14649
14383
14882
14735
3276
3043
3074
14553
14224
14248
3178
14389
14851
14551
14477
3083
14380
14331
14758
3125
14375
14544
14260
14297
14492
14761
14848
14216
3160
14317
3220
3262
14215
3299
14546
14554
14213
14743
14836
3037
14473
3209
14698
14748
3009
3119
14874
3252
14704
14468
14771
14249
14537
14271
14240
3016
14769
14459
14811
3189
3249
3218
14594
14457
14464
3247
14749
3291
14659
14426
3061
14494
14424
14444
14519
14668
14363
14362
14535
14346
14560
14861
14303
14709
14747
14817
14495
3191
14679
3080
14618
14657
14354
14897
14361
14518
14599
14800
3274
14719
3002
3031
3048
3085
3088
14333
3098
3265
3067
14883
3135
3153
14370
14406
14753
14809
14598
3050
14868
14222
3091
14359
3187
14413
14425
14700
3235
14865
14435
14373
3159
14802
14418
3073
14600
14323
3118
3241
14443
14881
14400
3062
3127
14220
14639
3180
14211
14343
14708
14356
14467
3076
3078
3158
14452
3065
3170
14589
14334
14701
14402
14707
3292
3152
14552
14578
14521
14471
14886
14321
14843
14750
14625
14857
14335
14207
3052
14268
14339
14792
14581
14795
14779
14204
14793
3121
14244
14381
14835
14732
3082
14478
14570
14447
3069
14230
3287
14568
14908
15326
15498
15251
15057
15589
14942
15105
15082
15078
15152
3340
15010
3389
3498
15213
3399
15360
3495
15014
3574
3430
14994
15143
15120
3482
15342
15436
15119
15021
3337
3505
15481
15479
14976
14969
3305
15526
3597
15560
3576
3546
15018
3326
14901
15369
15051
14983
15234
15478
15516
15179
15341
3363
15123
14931
3577
15109
15357
15259
15486
15532
15003
15349
3516
3371
15482
14907
3534
15563
15090
15413
15275
15587
3475
14903
15157
3524
15439
15079
14960
15257
3465
15221
3527
15468
3512
14936
15318
3429
15101
15147
3410
15569
15582
14990
15265
15193
3339
15237
3469
3336
14924
15417
15562
15396
15578
15017
15240
15469
14977
15329
15363
15263
3556
3394
15175
3438
3417
15402
15134
15027
15186
3426
15297
14966
3372
3385
15421
15067
3592
15289
15130
15224
3491
3509
15245
15255
15307
15500
3317
15102
15324
3568
15089
15550
15223
3531
15293
15336
15488
15207
15332
15395
15064
3569
15127
15248
15241
3419
15054
15142
3502
3571
15031
15531
15149
3468
15409
15233
15042
14921
15056
3473
15304
15281
15542
3581
15541
3344
14975
3537
15491
15217
3471
3464
3453
15429
3416
3595
3387
15209
3390
14920
14952
3472
3564
15461
15138
15092
15584
15011
15483
15554
15493
3573
3463
14981
3357
15405
15072
15356
3413
15215
3478
3589
15313
3555
14998
14911
15523
3365
15331
3306
3437
15579
15506
15490
14943
15502
15285
15074
15387
14997
3349
3458
15189
15231
15570
14982
3414
14900
15545
3593
3316
15047
3553
15574
15371
3432
15276
3507
3368
15544
15437
3409
15535
15463
15196
3407
15098
15423
15174
15477
15029
3585
15442
3545
15300
3395
15494
3547
15368
14958
3362
3580
15568
15379
15201
14946
15100
15551
15428
3309
15235
15270
3558
14940
15330
14944
14988
15359
3461
3490
3436
3384
15247
15122
3481
3528
16074
16060
15703
16190
15733
16079
16087
16207
16006
3790
3637
16118
15986
3642
15912
3835
16226
15683
3610
3623
3732
3742
3722
3669
3877
16135
3719
15717
16056
15839
16164
16259
3809
15804
15636
16287
16046
16082
15666
16005
15850
3607
3726
16260
3672
16221
15812
16172
16015
15663
16102
16085
15928
3724
3799
3640
16036
15728
3769
15887
15931
16192
16027
15903
15709
16196
3880
16159
15998
16075
15856
15848
15823
15841
16052
16142
16011
16169
16066
16208
16213
15825
15601
15810
15847
15915
15852
15781
3721
16002
15904
15961
15836
16194
16018
16165
15787
15879
3855
15710
3760
15815
16266
3824
15924
3707
3826
15824
15605
16262
15925
16242
16022
16284
3606
3870
3729
16228
15635
15944
16048
16059
3618
16263
3728
3808
3629
16294
3806
15699
15750
3604
16186
15854
16187
16091
3783
16205
3725
3816
3860
15713
3819
16003
3839
16248
3693
3753
16140
16231
3735
15908
15858
15895
16265
15892
15956
15723
15906
3763
16134
3736
15672
15860
15829
15901
15897
15837
15964
16039
15722
3838
15700
15686
3639
3892
16203
15871
16177
16049
16201
15773
3685
15706
3781
16028
15622
16191
15933
15708
16200
16289
15968
3733
3635
15610
16101
15853
3757
16174
16032
16127
15830
15629
16094
15864
16217
16037
15647
16272
3889
3668
15701
16298
16230
15983
3848
3634
15953
3603
16072
3714
3727
3682
15656
3899
3861
3829
16249
15965
3775
16250
15955
3747
3886
15731
15976
15626
15784
16195
3882
16143
3896
15687
16214
16297
3646
15973
15937
16069
15752
3814
3666
16225
16110
16116
3815
3885
16044
15697
15975
16077
15729
15827
15649
15749
16108
16137
3638
3770
3740
16167
3844
15963
16171
3833
15788
3791
15762
3660
15727
15885
3779
16290
16204
15922
16212
15726
15698
15844
15619
15662
3643
16119
15764
15632
15870
15936
3700
16009
4072
4063
16521
16767
4014
16622
16410
16418
3930
16951
16673
16490
16997
16354
4175
16732
16623
16994
4071
16725
16753
16660
3914
16528
16746
16735
16686
16693
3927
4070
16859
16866
4116
3986
4066
3983
4170
4084
4165
16583
16539
16828
16822
16489
4187
16799
3947
4176
16982
16790
16943
4125
16300
16820
3989
16542
16619
16879
3994
4192
16930
4132
16705
3969
16483
16755
16834
3901
16481
4161
4035
16428
16674
16433
16889
16958
16351
4182
16874
16937
16508
16504
4065
16474
4025
16806
16593
16626
4022
16977
16904
4007
3976
16952
16752
16658
16561
16948
3954
16371
16851
16380
16397
16860
4138
16954
16931
16558
4105
16509
4037
16832
16334
16431
3937
4062
16762
16368
16661
3911
16913
16384
16308
16319
3971
16640
16568
16562
16744
16742
4020
16757
16586
3922
4100
16600
4024
16307
16555
16426
16473
3964
3974
16692
16888
16375
16809
16315
16922
16608
4079
16721
16535
16929
16787
16589
4163
3993
3913
16336
16999
4047
16582
4158
16924
16363
4042
3953
16387
4136
16544
16657
16917
4099
16696
4178
16821
16547
16458
16502
4049
4167
4013
16462
4186
4101
3950
4027
16961
16760
16569
16578
16842
16972
16743
16981
16571
16998
16439
16964
16695
16466
3946
16512
4117
16519
16516
4040
16893
16475
16847
4183
16601
16398
4134
16830
16324
16559
16590
16357
4199
16403
16756
3926
3916
4174
4000
16450
4150
4160
16635
16549
16419
16872
16754
4102
16730
16350
16733
4103
16452
16793
4164
16318
16768
4057
3959
3933
16876
16469
4077
16401
16388
16776
16882
4120
16894
16869
16345
16761
3929
3995
16377
16352
4193
16987
3906
16538
4123
16896
16348
16829
16355
16706
16646
4010
4142
16494
16960
16911
16617
4033
16427
16560
16604
16644
16575
16598
16895
16454
16718
4092
16700
4058
4054
16979
3905
16488
16360
16717
17438
17056
17083
17393
17395
4260
17080
4240
17010
17564
17130
17286
17603
4263
17656
17383
17231
17425
17677
17054
17023
17259
17300
17107
4221
17178
4323
17642
17613
17631
17309
4434
17682
4491
17405
4498
17113
17430
17524
4428
17453
17449
17262
17668
17476
17203
17285
4378
17021
17145
17183
17388
17415
17333
17456
17164
17535
17653
17385
17191
4462
17049
17364
17067
4302
17640
4245
4383
4385
17625
17251
4487
17626
17129
17521
17177
17236
17419
17584
17441
17356
17058
17265
17158
17254
17180
17026
17270
4362
17561
17211
17412
17373
17232
4495
17460
4389
17028
17212
17543
17225
17035
17281
17274
17017
17497
4294
17387
17136
17149
17197
4343
17224
17594
4470
17607
17410
17135
17493
17558
17240
17461
17676
17577
17649
4300
17485
4290
4317
4233
4206
17451
17548
17665
17003
17650
17299
4471
4417
17204
17636
4257
17569
4268
4299
17514
17045
4345
17172
4448
17698
4445
17096
4358
4380
4228
17042
17078
4423
17528
4227
17420
17016
4214
17036
17377
4436
17686
4492
4315
17127
17579
17462
17355
17606
4265
4329
17544
17562
17633
17344
4316
17255
4354
17474
17634
17142
4461
17433
17347
4371
17020
17119
4229
17013
17527
4409
17007
17406
17498
4330
17622
17193
17465
17301
17334
4209
17060
17478
4488
17683
17468
17287
4393
17351
17585
17106
17692
17229
4271
17541
4261
4312
4351
17086
17202
4220
17082
17139
17216
17084
17575
4414
17664
17050
17264
4306
17298
4274
17662
17473
17199
17624
17282
17294
17491
17247
17316
4396
17689
17295
17599
4269
17194
4397
17556
4211
17221
17551
17272
17435
4421
17341
17563
17104
4276
17030
17540
17046
4335
17532
17421
17157
17345
17566
4281
17529
17123
17152
4411
17226
4381
4410
17550
17390
17386
17326
17239
17200
17559
17407
4248
17571
4475
4270
17110
17466
17678
17072
4232
4791
17805
4727
18001
4658
4573
17886
17851
18357
18214
17913
18347
17859
17710
18041
17933
4662
4587
4730
17843
17967
4782
18268
17810
17882
17860
18380
17841
18142
18291
4735
4559
17850
18208
17758
4789
17719
4604
18330
17856
4629
4560
17944
17900
17801
17826
17832
18190
18019
18201
4642
18105
18321
17903
17807
17998
4790
17737
17736
18174
4717
17961
18313
4621
4601
18066
17772
18119
18229
17884
4504
4585
17820
18377
4751
17766
4714
4646
4579
18143
17707
17704
17780
18352
4778
4561
4687
17784
17802
18322
4761
17835
17821
18243
17727
18271
18230
18370
17914
4668
18358
4524
17738
17857
18015
17918
18350
17765
17988
4788
4762
18128
18130
17838
17783
4715
18173
4688
17901
17929
4699
4764
4544
18196
18387
18078
4515
18178
17915
4577
17828
17740
18193
18228
4768
4713
4784
17809
17948
17854
17866
18233
18363
4637
4797
18039
4792
18266
18207
18282
18386
4633
17885
18255
4755
18171
17917
18373
18382
4550
18035
4780
18155
18050
18063
17768
18185
17815
18212
17700
4584
17951
17724
4536
4582
4766
18110
4580
18189
4628
18294
4650
17982
4622
18335
17732
18264
18258
18025
4594
17861
18184
18095
18118
4692
18088
17921
18376
4588
4600
17909
17844
17811
17729
17956
4566
18397
18152
18338
18371
18085
17863
4681
18288
4752
4632
18257
4680
18164
17762
17842
4712
4670
17797
17786
18395
17936
4721
18197
4631
18114
4617
18303
18129
17769
17735
4704
18239
18083
18296
17853
4608
4501
18122
17705
4672
4568
17995
4769
17994
17930
18007
17976
18127
17824
4507
17875
18102
18166
17750
17781
4749
4765
17906
4696
18310
18097
4794
4659
18341
18081
4689
17889
4708
17947
17836
18047
4636
18385
18231
17963
4651
17990
18038
18283
18030
4618
4503
18139
18191
18123
4630
17791
4581
17759
17754
4520
18234
17904
4771
18624
18472
5031
18717
18936
18756
18673
18669
18657
18638
18502
18736
4906
18890
18875
4882
18777
4981
18821
18976
18675
18610
18925
4902
4832
19083
19055
18666
18930
18690
4818
18926
4862
18727
18403
4895
18920
18436
18860
4938
18845
19079
18774
4877
18770
18778
4871
18579
18407
18934
4890
4856
4897
18764
18563
18744
19056
18404
18838
18746
18896
18687
19035
18565
18835
18876
5076
19006
18719
18698
18798
5019
18891
5074
19033
18438
18495
4974
18667
4990
19023
4962
4961
18864
18622
19076
18776
18919
18725
4965
18866
19098
18587
4894
18699
18598
18524
18730
18522
18898
4881
4878
18672
18912
18538
18478
18544
18785
18909
18872
18577
18751
19068
18567
19072
18884
5093
4922
18794
18552
5012
18692
4966
18593
18729
19087
18487
4932
4821
18856
19000
18716
4868
5046
4958
18414
18754
4913
18895
18955
18469
18962
4946
18691
4885
19029
4989
18825
5085
18634
18493
18615
4910
18559
18989
18629
18957
4945
4927
18832
19007
19015
4864
4998
18704
18819
18758
18823
18688
4802
18949
4919
18613
19082
18429
18413
18850
18721
18605
18584
18597
18637
18481
18942
5021
18709
18627
4941
18604
18457
4842
18883
18543
18480
4936
19094
19019
19054
18810
18620
19013
18483
19088
18929
4830
18530
4934
18718
18990
5069
18738
18728
19025
19067
4849
4948
18427
18946
18471
18972
4824
18594
18512
18901
4879
18607
4907
19066
18808
18788
4889
18703
18518
18540
19077
18496
18592
18696
18997
18571
19089
19096
5084
18482
18851
4873
18771
18854
18805
18979
18618
18812
5091
5050
4812
18550
5006
18473
4848
18453
18753
18878
5060
18951
4903
4875
4872
18939
4982
18877
18523
4813
18441
5001
19099
18820
4840
18708
4839
18793
4923
18424
4933
18529
19095
18800
18987
19022
18451
18980
18595
5004
18458
18581
18616
4987
18426
5061
18869
4831
5159
19787
19695
19560
19587
19279
19497
5346
19378
19146
5379
19652
19117
19288
19154
5101
19357
5157
5390
19340
19518
5252
19744
19755
19306
19600
19210
5207
19358
19440
19332
5188
5214
5339
5245
19557
19421
19517
19500
5289
19145
5378
19105
19659
19750
19300
19127
5367
19194
19547
19271
19350
5134
19689
19551
19799
19139
19747
19407
5320
19189
19177
19239
19457
5396
19596
19489
19660
5165
5310
19384
19723
19169
5116
19272
19183
19699
19702
19284
5139
19535
19450
19256
19285
19724
19757
19221
19245
19609
19218
19604
5220
19586
19647
5120
19396
19603
5294
5215
5342
19157
19276
5373
19673
19351
19277
5184
19575
19607
5151
19462
19618
19601
19129
19582
19544
19700
19773
19346
5204
19377
5257
19719
5210
5265
19776
19282
19230
5186
19299
19636
19429
19620
19718
19238
19403
19703
5174
19568
19704
19164
19633
19690
19556
5355
19235
19142
19278
19578
19442
19186
19521
19711
19360
19113
19187
5356
19437
19655
5238
19265
19201
19104
19553
19715
5270
5199
19720
5349
5239
19261
19625
19130
19215
5192
5109
19565
19623
19594
5302
5103
19710
19121
5281
19615
5354
19323
5260
19495
19244
5161
19363
19641
19619
19252
19330
19181
19349
5113
19111
19315
19593
19109
19123
5366
19687
19653
19774
5217
19612
19597
19628
5141
5240
5213
19171
5190
19758
5381
19260
19499
19654
5326
19589
19400
19742
5212
19209
19492
19175
19237
19672
19469
19741
5314
19791
19726
5226
19334
5216
19651
19197
19486
19598
5208
19184
19562
5389
19133
5337
19297
19745
19103
19707
5318
19114
19622
19226
19255
19367
5106
19765
5341
19540
19650
19116
5155
19355
19115
19617
19665
19526
19602
19224
19503
19444
5255
19250
19698
19611
19714
5237
5334
5332
19415
19101
19468
19735
19343
5374
5182
19480
19550
19236
19501
5172
5372
19132
5277
19645
19813
19820
20470
5645
20152
20208
20493
5678
20162
20201
20487
20498
20499
20457
5496
20312
19852
20474
20006
20259
20410
19937
20014
19860
19933
19850
5560
20465
5434
20408
19902
5558
19829
19841
5541
20167
20114
20460
19959
20403
20147
20217
20028
20412
19839
20490
20446
5421
20107
20043
5607
20419
20116
20156
5650
20328
5472
20314
20230
19806
5439
19801
19862
20340
20023
19936
20166
19912
5534
20413
19946
5505
20334
20405
20053
19934
20305
19911
20434
19922
20214
19883
5649
20223
20180
20359
5489
5666
20452
5551
5599
5652
20343
20301
5581
5547
5544
5479
5512
19885
5455
5535
20176
20002
5459
20496
20060
20439
20069
5689
5436
20497
19991
20099
20271
20118
20109
20001
5519
5464
5562
5665
20062
20485
20282
19981
20095
20326
20231
5681
5596
19940
20297
20489
19993
5638
20143
5460
20029
20193
5538
5492
19983
5603
19947
19866
5423
20309
20091
5698
5422
20140
19949
5513
5484
19842
19863
20092
20106
5468
19916
20333
5617
5567
19869
19867
5591
20041
19853
20190
20290
20174
20022
20110
5667
20476
19977
5671
20038
5431
5635
5500
20012
20121
20467
19805
20246
20090
20308
19854
20089
5683
5630
20074
20379
20295
5660
5522
19811
20310
19924
5499
5647
5598
19928
20396
19834
20048
5592
5529
20430
19843
20274
5589
20448
20016
20289
5474
20078
5531
19988
20169
19817
20148
5536
20105
20085
20247
20083
20194
5493
20286
20435
5525
5495
5427
20124
5533
5526
20146
20122
19818
20471
19954
20007
5685
20025
5470
20356
20263
5641
5621
19968
20433
20227
20000
20422
19890
19879
5409
5478
20278
5601
19965
20395
20005
5600
20453
20358
5432
20103
20213
20473
20311
20362
20082
20283
20454
20093
20219
5594
5612
5425
19976
5410
20376
5655
20392
20097
20211
20390
20304
20161
19872
5506
5511
19819
20133
19974
20365
21078
5913
20770
20533
20575
5985
5973
20576
20708
20653
21170
20635
5714
20858
20950
20703
5765
20866
21185
20983
20600
20625
5837
20598
5941
20827
20952
21097
20846
20911
20806
5702
20817
20696
20864
20589
20813
21138
20914
21183
20831
21107
20921
20652
5767
20888
20671
20648
5990
21071
20924
5732
20978
5926
21094
21025
5784
20804
20510
5938
20906
21168
5884
5708
21028
5771
20617
21065
20797
20733
20949
21091
5789
21014
21089
5922
20898
21162
20665
5925
5759
20669
20670
21114
5793
20796
20748
21111
20729
20572
20984
5892
20884
20998
20907
5933
20516
21115
21117
20690
21075
5803
20916
21067
20614
20504
20825
20535
5749
5869
20528
20839
5790
20570
20992
20559
20802
20738
20923
20558
20879
20784
20521
20684
5910
20853
5753
20658
5827
20550
21056
20578
20795
21012
5968
5953
5744
20599
20841
21069
5787
5889
20672
21006
20674
20838
20568
5843
21197
5841
20518
20645
5975
5808
20515
20832
5983
21030
20706
20805
20845
5976
5865
20975
21130
5813
20676
21157
5830
20694
5883
20584
20850
20887
5944
5746
20621
20644
5800
5835
20611
5726
20774
5727
20624
20970
20948
20539
21104
20830
20773
20954
5935
21015
21164
20765
21043
5811
20666
5751
5766
20585
20718
5855
5965
20965
21092
21166
20680
20594
20917
20881
20717
5796
5921
20999
5961
20686
5745
20963
5916
21180
21147
5900
5801
20910
20932
5812
21020
5920
20935
20772
20788
21000
20723
5948
20815
5705
20903
20809
5957
21135
5849
20607
5894
21146
20601
5700
20641
20909
21163
21137
20747
21058
20995
20820
5717
20927
20941
20613
21126
21167
5942
20986
20640
20544
21009
20634
20783
20745
21082
20681
5882
5982
20643
5826
5852
5814
5739
20552
5761
5867
5757
5850
21070
5711
20529
20633
20798
20759
5760
20980
21001
5770
5939
20647
20937
21118
20824
20537
21375
21484
21814
21327
21611
21383
6072
21733
6146
21751
6244
21303
21259
21565
21712
21533
21860
21237
21837
6166
6067
6165
21436
21823
6140
21619
6088
21699
21420
21335
21665
21767
21885
21684
21284
6291
6105
6039
21302
6083
21559
21349
21780
21459
6255
21817
21550
6131
21540
6103
6155
21763
21316
6293
21359
21618
21647
6048
21202
21708
21718
21654
21502
21509
21737
21704
6257
21617
21374
21442
6051
21393
6157
6020
21201
21430
21567
6211
21784
21879
6216
21534
6261
21523
21722
6248
21797
6172
6107
21216
21578
21272
21629
21242
21790
21816
21321
6147
21421
6122
21557
21882
21788
21793
21595
21834
21792
6086
21586
21306
21723
21821
21849
21836
21858
21268
21245
21700
21432
21838
21210
6265
6052
21313
21233
21889
21746
21408
21429
6201
6192
6223
6158
21456
6008
21558
6290
21212
21765
6268
21589
21508
21464
6087
21412
21695
6168
21875
21451
21815
21244
6285
21555
21230
6011
21319
6009
21406
6080
6013
21495
6229
21626
21453
21466
21734
6267
6096
21866
21541
21640
6117
6174
21649
6243
21773
6119
6175
21273
21794
6033
21264
21808
21830
6003
21467
6101
21340
21613
6057
21655
21329
6047
21224
6274
21492
6120
21311
6204
21741
6241
21681
21552
21881
6102
21663
6253
21575
21298
6128
6162
21604
21515
21221
21415
21686
6191
6196
21569
6222
21376
21728
21852
21391
6236
6050
21232
21208
6202
21869
6226
6173
21209
6116
21443
21487
21207
21377
21864
21824
21779
21596
21512
21251
21211
6056
21521
21402
6085
21714
21390
6049
6118
6018
21322
21519
21524
21428
21543
6137
21603
21357
21424
21553
21500
21270
6090
21372
21564
21462
21702
21811
21419
6006
6149
6228
21637
21738
6171
21724
21690
21388
21339
6200
21614
21203
6213
21842
6143
21413
21804
21810
6233
6231
21785
21588
6082
21504
21434
21318
22409
6351
22040
22292
22402
6341
22588
21985
22477
22532
22345
22529
6599
6540
22153
22241
22293
21962
22263
6357
21921
22166
22248
6382
6575
22148
22031
21948
22229
22348
22244
6314
22500
22160
6563
22128
22002
21958
22474
22046
22555
22183
22059
6532
6534
22051
22022
6364
22552
22472
6577
21981
22219
22320
6319
22067
6452
22065
22084
22233
6438
22246
6449
22145
21979
22597
6301
6544
6384
22374
22124
22009
6484
22357
6580
22486
22050
22594
21974
21975
22130
6496
22214
22445
22099
22460
21907
22045
6363
6394
22156
22157
6465
21959
6497
6489
21956
22542
22239
6574
6469
22230
22071
22329
6440
22195
6415
21953
21987
22534
22134
6471
22554
6385
22309
22437
22215
21936
6561
6330
22024
22027
22193
22102
22562
22255
22044
6426
21925
22172
22113
22412
22377
22235
21929
22132
22387
6538
6420
6392
22169
22171
6498
22068
6541
22511
21967
21952
6419
6507
22279
6483
6585
22346
22396
22088
22018
22119
6303
22011
6418
22443
6542
22547
22468
22386
6475
6366
22030
21947
6512
6358
22003
22163
22185
22261
22180
6381
22595
22344
22587
6430
21993
22516
6516
6586
22249
6565
22056
22319
6528
21946
6391
21937
21913
22362
22528
22436
22575
22283
21900
21931
22549
21918
6439
22494
22515
6590
21955
22308
6533
22176
22075
6309
22257
22586
22091
6456
22060
6443
6307
6593
6339
6467
22423
22457
6461
22330
22298
6502
21908
22140
22343
22400
6500
22439
6596
22450
21932
22026
22379
22137
22198
22479
22360
21917
22253
22579
22106
22126
21961
22227
6598
6510
22589
6411
22444
21915
22058
22574
6442
6545
22557
22073
22254
22571
6460
6453
22189
22375
21988
22390
22008
21968
22135
22223
6321
22580
6539
22541
22385
6375
22596
22318
6338
22007
6406
21935
22399
21984
6531
6571
6476
6522
6451
22028
6355
22369
22568
6332
23277
6831
22693
22705
22976
22774
23258
22949
6610
6764
6632
6741
23011
22871
6872
22833
23097
6744
22734
23076
22951
22886
22841
22906
22885
23119
23149
22897
22751
6711
22999
23248
6794
6662
23251
22657
22755
23102
23169
23126
22964
6721
23293
6790
22958
23046
23264
22867
22831
23196
6698
23233
6622
23168
22822
23298
22763
22814
22980
6749
23044
22786
23074
22732
23035
23291
22752
23189
6647
23010
23166
23252
6765
6797
22866
6855
6740
23208
23214
6892
6890
22896
23003
23063
23001
6617
22987
23048
23024
6676
23040
6871
6609
23172
6897
22922
22901
22920
22748
6854
22641
22973
22630
6700
22713
22676
6783
23203
22882
6651
22639
22723
22803
23193
22651
22823
6719
6706
22988
22938
22603
22711
23156
22671
22981
23090
6760
22913
6666
23146
22769
6627
6774
6812
23206
23202
23083
22937
22827
6626
22696
23086
22772
22845
22605
6771
6660
22602
22673
22794
22697
22898
22635
6755
23034
23039
6768
6895
22682
23285
23056
6779
6752
23201
6860
22862
6678
23147
22686
6849
22852
23121
23259
6638
22738
22935
23139
23262
23089
22632
22702
23183
23292
6717
6645
23211
23207
22941
22865
6640
6885
22699
6824
23032
22829
6845
23240
6826
22806
6710
23153
6859
22900
23279
22643
6691
23133
22910
22731
23289
22839
6775
23075
22782
23245
22809
22692
22670
22757
6782
22975
22756
22954
23227
6670
22894
22853
23042
6806
6893
6608
23272
22637
23278
22924
6759
23241
6731
6693
23192
6862
6643
22653
6848
23043
23033
23091
6766
23018
23144
22798
22819
6614
22911
23008
6754
22679
6773
6623
6680
23006
22689
22766
23113
22742
6656
23176
22796
6745
6827
23061
22944
22830
22736
6881
22717
22895
22727
22959
23021
23283
23116
23007
6894
6870
6861
6688
22648
23228
6810
6722
23235
6724
22645
23067
22638
23030
23068
6628
22926
7066
7070
23669
7125
7052
23932
7110
23643
23625
7151
23549
23380
7145
23435
7091
23754
6915
7012
7191
23898
23821
6934
7014
23498
6905
7154
23597
23573
23810
23311
7069
23408
23917
7138
23760
23621
23817
23511
23823
23349
23539
23639
7161
23412
7119
7099
23483
23862
7149
7184
23930
7103
23850
23752
6989
23622
6968
23874
23503
23481
7075
23761
23636
23562
7175
23465
23673
23979
23842
23351
23993
6995
23527
23340
23347
23604
7026
6972
6928
23455
23882
23411
23737
23418
7198
23799
23520
23884
23923
23494
6958
23629
23690
23596
7005
23482
23725
23404
23300
7000
7015
23456
23561
7057
23460
23946
23348
23317
23797
23642
23409
23421
23972
23819
23550
23547
7141
7173
7188
7112
23490
23353
6979
23327
23987
7170
23995
23398
6962
23526
7124
6931
23383
23308
23538
23663
23355
7025
23514
23372
7034
23966
7160
7054
7001
23533
23374
23579
6971
23980
23522
7167
7197
23565
23800
23399
23963
23905
6901
23601
23414
23651
23464
23358
7117
6976
23571
23700
23675
23718
23670
23971
23615
23818
23474
23388
23532
7076
7029
23828
23521
6937
7041
7019
23400
23454
23679
23458
7064
7180
7115
7018
23891
23812
23495
23666
7013
23362
7045
7039
23766
23885
6945
7073
7134
23950
23504
23608
23457
23545
23568
23590
23519
23422
23595
23772
23336
7143
23334
6935
7190
6949
23396
7042
23576
23375
23677
6991
23641
23857
7004
23735
23908
23496
23377
23925
7053
7163
23493
6946
23668
23934
23499
23743
7108
23920
23577
7165
6998
7193
23484
7152
23680
7122
7183
23626
23337
6963
23710
23699
23382
23942
6916
7116
6983
23368
23486
23489
23510
23462
23360
23765
7147
7140
23518
23607
23508
23502
23628
23665
23861
23472
23631
23401
6942
23506
23696
23328
23488
23648
23988
7035
7146
23691
23385
23316
23302
23427
23303
23350
