7598
7477
7663
7690
7420
7725
7858
7896
7717
152
7417
7284
7781
247
170
7808
7436
7536
7200
7707
7684
7655
224
7328
88
153
7524
147
7770
7496
7488
72
7678
7258
7228
7365
7426
7755
236
7439
7659
47
273
7850
7807
7563
7889
40
92
7600
7324
7751
7574
76
7285
191
63
7715
7630
7887
7475
110
89
7552
7823
7521
154
7852
133
7811
17
7379
7471
7879
7381
178
7281
7650
7653
7325
244
270
7290
7604
115
283
7225
289
7454
138
7594
7637
163
7861
66
7367
7262
7631
7280
7389
239
7204
7864
102
7767
237
253
215
262
7533
7722
70
7635
35
7856
7421
98
7827
7441
7319
179
7515
164
7221
7673
7799
7605
7819
7480
7240
104
157
155
55
7422
74
7791
7670
238
67
7263
7847
214
7362
7543
7638
7617
7375
7545
7444
221
146
7666
7523
7822
7695
65
7425
290
7305
285
7531
7474
7716
7806
280
254
7529
7358
7257
7493
7372
7780
7272
7306
7329
299
293
7476
211
77
7412
7341
7404
7612
162
7616
7230
7584
7748
7203
7577
7219
7302
7687
127
7824
7532
7769
11
7508
7411
7541
112
7435
7274
7658
7355
7680
188
7492
7724
7396
7564
36
7892
7528
124
7253
265
7701
260
225
7254
7224
7279
62
7463
7890
7784
33
7299
7206
7786
13
7698
228
7337
193
7535
7298
7614
7512
7668
189
7542
7783
7320
7346
34
209
7352
7418
7866
7825
7596
7308
180
136
7518
7549
7810
286
7247
7754
7301
7870
42
7382
194
7872
7662
7675
120
7423
106
113
7327
7485
7207
7626
7845
287
7373
7726
90
7742
220
7374
7438
288
7323
7814
7478
7237
53
282
7556
7895
50
7914
8238
324
8379
7963
8200
8384
8505
8510
437
8095
426
8116
569
311
8586
8118
572
8261
300
8125
453
516
8267
8339
8044
7954
8521
8487
8283
8514
8299
8364
487
425
8204
8481
7915
7912
8170
8254
331
8234
357
8144
8017
8209
8093
8381
8143
8260
8069
8485
7918
583
8187
7942
8018
8492
597
7929
440
8309
376
8399
8051
8047
396
8195
387
8099
8171
8046
8086
316
358
444
8297
8293
8134
8323
8190
8032
531
8483
477
388
326
370
502
8005
8371
8162
309
7976
8153
489
8259
7925
8447
8486
525
447
8090
8215
558
8577
500
8108
8374
8154
349
562
8538
598
8536
8345
8546
391
8540
8237
513
8453
8519
8567
462
8203
8183
7950
8082
7901
398
7951
8292
308
7958
380
8353
8027
8278
368
532
552
8410
375
7990
8225
8578
8318
8495
8218
8500
330
327
322
432
8535
8552
8454
8361
519
7997
8363
8496
8201
8408
8247
7935
586
536
573
343
576
564
8175
8249
8016
409
7957
8177
543
446
8599
8341
8094
8205
8106
7996
8502
356
488
8038
511
386
8583
438
594
7972
484
8422
8575
8494
7956
8066
7938
8397
8358
8087
377
8591
8288
8230
533
8529
553
413
8413
8501
483
8503
498
8420
8320
352
7998
8401
8100
8199
8163
8365
367
8057
8214
8194
8479
8033
482
7983
474
563
7988
8092
419
7977
8310
8444
8482
8006
510
8497
560
8232
7973
383
417
8073
517
595
402
353
8328
403
8110
381
364
8302
8003
8322
8241
8344
8343
8192
8385
366
8150
8078
530
8396
555
8014
8336
8298
8576
561
312
8022
578
8468
8048
8354
7923
479
8049
8333
464
7908
8366
8091
7906
8581
8693
8695
9022
9115
9248
8648
8721
862
8791
9083
9125
8882
880
8821
678
8836
791
9085
8991
8993
9160
876
8930
8733
672
801
9129
8652
8783
8945
8795
796
799
8715
9221
8717
665
9013
8633
8700
737
646
8708
9172
8811
8612
8834
9296
821
8999
631
8946
654
852
8702
8614
743
8719
8668
8737
8776
813
695
9044
9121
9184
889
863
733
8637
8964
649
712
8643
9026
9128
8602
9090
9166
8981
661
8601
601
8720
8691
9042
829
868
9156
9236
8687
9016
793
899
9050
8857
9153
9089
9095
8894
9012
9209
615
824
8685
9070
9074
9149
8728
772
8718
8600
8987
8940
8967
9021
8621
606
686
9140
8956
604
8646
8958
669
9051
8995
8851
9175
711
854
644
8994
9187
835
8950
9196
8777
8943
8986
9185
640
8853
9249
8605
623
8767
8928
9018
9189
9204
8845
8676
9262
8748
8980
9009
9126
9096
8796
8829
8667
8941
9002
9220
8873
9297
9224
635
9135
8744
8895
8706
9291
898
602
8704
804
8650
9176
770
9244
629
8623
600
9203
738
759
885
8631
8670
659
662
8609
8847
9118
8671
8814
9239
9107
9208
8731
8802
8929
8679
9292
8752
8885
8827
632
8698
8897
744
822
847
9136
687
9071
682
9255
8972
8787
607
634
8762
9132
8996
8640
897
755
8760
8615
9177
692
9141
8830
9031
765
8801
9193
9041
9284
9104
8977
8983
8780
9267
9271
8903
9127
782
803
8690
890
8860
9093
8803
648
879
8798
688
8805
9285
9182
9275
603
760
9139
9019
891
8910
8831
8913
8871
848
773
627
795
8630
8759
8603
8663
8758
707
8707
8937
9134
8683
8992
8809
9063
831
8952
9210
8749
8841
9228
9179
670
8825
9740
1094
9349
1104
9922
9377
1022
9763
992
9976
9720
9497
9401
9633
9965
9381
9375
9859
9476
961
9400
9591
9826
9411
956
1189
929
988
1125
1158
1086
9941
9648
957
9372
9773
1011
907
989
9724
9539
9776
9402
9436
920
9621
9963
9915
9690
9378
9620
1142
9981
9779
9354
9465
9406
9973
9967
1065
9327
9418
9518
9386
9388
9424
993
9774
9742
1148
1187
1060
9938
9803
999
1030
9451
9517
9746
9353
1024
9473
990
9625
1006
9624
9919
9486
9656
9300
942
1084
9899
9612
9756
1192
9444
9368
9654
9655
9942
1120
9554
1161
1076
1053
1081
9504
9883
9641
954
913
9512
9743
1174
1018
9739
964
991
9685
9796
9964
9904
9582
921
9597
1160
9925
9716
9650
9956
9564
9336
1034
9787
9843
9751
9461
9794
986
9984
9341
9513
9699
9596
1061
9675
9477
9823
9361
9371
9901
9882
9348
9421
9837
9613
9691
977
9328
9959
944
9325
9923
9660
928
1116
1182
9873
1131
9838
1013
9969
9482
9858
9780
9490
1062
9944
9912
1163
1153
9481
9902
9821
1051
9758
9637
9993
1145
996
9469
9589
9966
1170
9567
9842
9494
9608
9410
9555
915
9819
919
9759
1014
9383
962
1066
1049
9851
9538
9760
9937
9542
9615
955
1055
9709
9487
958
1123
9834
9784
9741
9770
9644
904
9557
9847
1147
948
9748
9572
912
9795
9483
9668
9730
1050
1184
9342
9470
9491
9356
972
9568
9623
1071
9569
9530
1134
1090
9322
9708
9524
9979
9723
9515
9404
9686
9645
937
980
9781
1191
9450
9373
9413
9889
9824
9575
9355
1091
9457
9953
968
9653
9603
9687
1088
9825
9510
9927
9831
1185
936
1077
9454
9911
9428
1183
1196
9989
9558
9446
1173
9480
9665
9380
1345
10612
10028
10172
10029
1324
10127
10645
10410
10093
1413
1326
10037
10272
10250
10682
10002
10228
10538
10211
1348
10693
10508
10256
10075
1401
1330
1204
10001
10500
10098
10241
1235
10073
1346
10019
10571
10489
10655
1354
10626
1463
10343
1261
10299
10068
10157
10416
10359
10589
10100
1331
1497
10664
10415
10327
10433
10287
1424
10348
1321
10639
1363
10530
10453
10590
10406
10006
1203
1294
10660
10588
1247
10458
1475
1397
10261
1378
10376
1209
1398
10118
1358
10370
10624
10417
1214
10325
10237
1460
10340
10265
10120
10338
10043
1202
10305
10334
1412
10161
10504
10549
1226
10270
10212
10516
10455
1242
1211
10175
10318
10319
10543
10316
10565
10593
10628
1487
1357
10642
10542
10652
10064
1335
10147
10188
1284
10638
1311
10115
10323
1411
1405
1420
10585
10080
10132
1433
10595
10199
10684
10308
1230
10437
10456
10541
10399
10264
10387
1263
10351
10032
10189
1344
10472
1288
10071
10335
10107
10673
1375
10388
10570
1377
1257
10067
1385
10561
1370
1233
10367
10024
10201
10449
10048
1493
10289
1443
10679
10572
10460
1310
10573
10403
10322
10294
10354
1406
10371
1395
1423
10633
10309
10659
10509
1407
10464
10277
1308
10181
10232
10493
10295
10248
10505
10396
1472
10304
10450
10104
1301
10373
10432
10116
1295
1400
1268
10036
10108
1498
10072
10236
10119
10145
10550
10427
10052
10144
1274
1293
10033
10366
10623
1416
10692
10022
10547
1390
10076
10544
10296
1396
10222
1234
10567
1359
1387
1319
1464
10618
10557
10140
10315
1262
1383
10473
10390
10537
10648
10519
10026
1291
10313
10162
10446
10395
10606
10268
10060
1355
10420
10656
10271
10393
10524
10251
1333
1445
10311
1210
10697
10040
10647
10314
10130
1266
10089
10441
1439
10463
1296
10698
1260
1309
1414
1453
10651
10041
10658
10670
11014
1562
11106
10808
1794
10702
11240
1765
1629
1542
1539
10900
10894
11163
11057
1549
10783
11333
1605
10754
1513
1622
10939
11098
10918
10775
11141
11157
11127
11107
10943
10890
10715
10764
11396
11136
10934
11298
1798
10889
10919
1606
10733
1576
1654
1592
11071
1518
1694
1607
10875
1538
11129
1593
1611
11086
11162
10870
10884
1573
1615
1790
11264
10805
11081
10812
11050
11148
1565
1663
1728
1600
1560
1597
1671
11161
1564
11191
11101
10844
11306
1501
10931
11282
1528
11299
1534
1727
10920
10819
11055
11245
1658
1530
10731
1618
11132
10965
11192
11207
11058
11213
10927
1650
10896
11354
11118
11259
1753
1543
10741
10815
1718
11284
11331
11244
10921
1714
11239
1759
11254
11296
1756
10833
1533
11261
1575
11255
10840
11024
1598
1784
1716
1527
1541
1599
10763
11228
1777
11303
11048
11293
1546
11007
10962
10854
1537
10778
10903
11087
11165
11077
10985
1747
1686
10712
11112
1673
1536
1788
11105
10914
1578
11295
11274
11281
10912
10977
11017
11111
10876
11088
10940
10904
1500
10714
11197
1509
1762
11096
1692
11224
1666
1757
11182
1687
10799
11371
10798
11374
1799
11074
10782
1735
11128
1507
10729
10728
1740
10732
11215
11388
10901
10742
11195
11369
11300
11030
10726
11365
1570
10710
1595
11150
10842
11287
10897
1732
1670
11309
10752
10810
11266
1643
1744
10979
10997
1741
11193
1635
11323
10888
1684
1693
11186
10838
11214
1621
11216
1719
11130
11356
10935
1668
1581
1763
10809
11173
10948
1792
11072
10885
11390
11151
11069
10818
10869
11289
10895
11230
11080
10837
11121
10986
10806
10887
11138
1722
10825
10956
10709
11070
11372
10915
10713
10807
1766
1604
10716
10749
1644
11360
11397
1520
10774
1772
1737
11008
11381
11313
1689
10944
1699
11359
11114
11260
10850
10744
11205
11001
11923
11713
1975
11735
12057
11869
11732
11810
11523
11479
2007
11701
11966
11574
11648
11912
1820
1964
1832
12076
11638
2065
12061
12043
11477
11803
11839
11999
11469
12012
12091
11418
11906
11516
12088
11945
11678
2019
12095
11458
2031
11550
12066
11541
11830
2010
11892
11424
2094
11843
1996
1813
11740
11967
11434
11518
11462
11978
11492
1816
11556
11436
11562
11846
11731
11760
2090
11992
1998
11962
11765
12029
11650
11703
2071
1854
11630
12055
11526
2099
11953
12077
11498
1926
2053
1982
11771
2095
12069
1861
11637
1882
11640
11553
2035
11654
11617
2017
12080
2089
1946
11724
1873
11450
11439
11950
11632
11706
11963
2032
11837
11958
1967
11446
1808
1995
2003
1909
11921
11571
11487
1932
1884
12044
11825
11658
11987
11775
11730
1999
11899
11572
11564
2008
11951
11693
11631
11722
11505
11657
11944
2049
11883
11502
1924
2012
2028
11789
11488
11543
11622
11995
11827
11480
11694
11705
2082
1971
12078
1827
11677
12070
1898
1841
11842
11934
2059
2046
11545
11805
11490
1957
11452
1922
1846
1943
11557
11813
11880
1936
1979
1875
1913
1968
11895
11769
11781
1933
11628
11882
11453
11799
12099
11558
11927
12063
11441
11929
11922
12041
2054
11725
11692
12033
11491
11528
11580
11629
11918
11698
11773
11655
2005
11868
11850
11521
1988
11530
11656
2023
12007
12051
11685
12048
1842
2021
11751
11680
11644
12085
11829
2074
11605
1896
11741
11651
11756
2047
1944
1839
1852
1843
11711
1911
11690
1848
11624
11621
2002
11484
11832
1893
11431
11565
12092
11873
12083
12047
11581
11447
1829
11914
2096
11417
1945
11888
12035
2025
1955
11925
12013
11986
11887
12005
11470
11504
11403
12050
2073
11449
11856
1877
11597
11884
11816
11871
1950
11519
11415
1887
11864
11433
11614
11665
11834
1904
12028
1959
12003
11524
2190
12539
12551
12486
12166
12481
12467
12787
2258
12105
2216
12152
12671
2124
12149
12103
12428
12672
2396
2186
12752
12297
12785
12660
12443
12547
2109
12338
12585
12504
12793
12519
2342
12133
12254
2133
2368
12212
12136
2310
12182
12359
2366
12555
2347
12629
12641
12634
12408
2379
12507
2358
12280
2292
12508
12567
12113
12739
12783
2242
12330
12737
12176
2229
12620
12740
12406
12329
12268
12252
12525
2170
12456
12562
12749
12466
2116
12516
2129
12537
12387
12441
2376
12706
12782
12277
12775
12681
2283
2393
12685
12723
2123
2319
12160
12789
12675
2198
12100
2386
12155
12431
12524
2184
2280
12197
12230
12722
12119
2390
2382
2211
12424
12527
12284
2207
12131
12130
12279
12718
12446
12437
2246
12183
12219
2135
12220
12299
12292
12225
12258
12340
12341
2278
12448
2102
12712
2338
2299
12350
2330
12630
12383
12171
12164
12281
12500
12112
12536
2249
2387
12403
12175
2355
12510
12666
12529
12352
12319
12461
12571
2329
12603
12452
12245
12635
12310
12676
12346
12544
12455
12564
12517
2155
12499
12263
2332
12322
2154
12762
2273
2384
12575
12148
12348
12447
2115
12336
12141
2100
2215
12587
12515
12309
12664
12234
12425
2237
2276
12306
12534
12763
12473
12151
2248
2365
12470
12429
12453
2202
2193
12165
12704
2106
12655
12231
12731
2152
2260
12668
2225
12380
12553
2209
12169
12146
12135
12347
12173
12170
12506
12184
2151
12780
12390
2345
2274
12163
12345
12438
12127
12213
12377
12691
12605
12573
2255
2119
12720
12114
12391
2111
12496
12335
2309
12628
12637
2230
12291
12705
12274
2234
12238
2185
12227
2232
12651
12777
12140
12621
12327
12648
12633
12579
2108
2199
12513
12732
12766
12369
2146
12707
2354
12650
12577
2336
12315
12427
12246
12250
12600
12289
12690
12569
12275
12440
12363
12597
12361
2341
2470
13192
13484
2541
13482
13058
12864
2609
2466
12957
12866
2416
2576
2538
13011
2617
13295
2606
13415
13051
13127
13212
13216
12814
13146
13340
12869
2491
2546
2526
13306
13036
13115
2456
2674
13339
2571
13294
13410
13429
12822
13196
2647
13104
13392
12895
2594
13494
13404
13006
2443
2436
12867
2459
13395
2558
2429
13289
13387
13234
2587
12969
2625
12998
13207
12915
13489
2465
2513
13333
12928
13397
2608
12823
13031
13191
13279
2467
13381
2598
12809
13141
13408
13001
13441
13348
2453
2529
13498
2577
2578
2695
13021
12886
13114
2425
2624
12810
13160
2422
2690
13174
2410
13443
2685
13401
12903
12811
13312
13201
12952
12890
13019
13436
2474
2621
13369
13122
2420
12920
12825
12927
12844
13448
13259
2584
13068
13493
2696
2554
2679
2634
13026
13194
13349
13152
13416
13208
2662
13267
13028
12947
2599
13362
13496
12882
2505
2597
2504
12914
12955
13470
13004
13320
13239
13342
12913
12966
12938
12802
13393
13471
13124
13046
2551
2440
12850
12982
13140
13261
13495
13054
13412
2419
13206
2415
12950
13444
12897
2660
13304
2533
13353
13273
13198
12824
2644
12934
2479
13113
13255
2627
12977
13426
12891
13424
13475
13069
2498
13166
13119
12840
13331
13260
2536
2544
2404
2549
13483
12841
13490
2490
12849
12973
13474
13213
2639
13287
13241
2485
13039
2483
12905
13125
13324
13077
2560
2657
2427
13117
12960
12846
12821
13343
13173
2409
2469
12930
13100
13277
2502
13227
13219
13481
2698
13460
13222
2670
13384
13439
13453
12907
13180
2495
12832
13185
13373
13297
13254
13305
2405
13350
13145
12874
12831
13283
2476
13149
12818
2532
2433
2458
2564
13402
2439
13286
13109
12992
13317
13188
13199
2593
2448
2506
2561
2618
13203
2508
13433
13027
2494
13002
2519
12827
13134
13167
2575
2638
12834
13029
13827
13899
13836
13905
13936
13759
13533
2935
13877
13869
13794
14040
14015
2843
14157
14130
2811
2899
13553
2961
13850
13851
14060
2912
13561
2939
2860
13811
14038
13910
14199
2977
13588
13600
2790
2831
13587
13953
13906
2853
13624
13907
14045
14075
13984
2729
2744
14054
13725
13942
13976
13866
14069
13848
14023
13918
13649
13766
2924
2936
2766
13597
13987
13596
13579
14185
13505
13723
13684
14110
2856
14087
13790
13830
14103
13508
13648
13515
13889
14016
2981
13573
13606
2906
2932
14033
2985
13678
2801
13799
13971
2754
13888
14100
2979
13586
13541
13559
2980
2918
13575
14074
14032
13926
13528
2962
2732
14184
2896
13873
2986
13962
2925
2994
14156
13947
13950
13616
2874
13817
2956
14095
2739
2751
14148
13733
13788
14145
13706
2913
2846
2921
13973
14119
2877
2722
13522
2761
2971
2799
13935
13554
13718
13569
2810
2982
13523
14124
13909
13822
13810
14099
14067
13620
2702
13529
13576
13566
13993
13693
13883
13751
13728
13803
13975
2958
13960
2890
14053
14138
14122
13551
2758
2895
13957
13900
13954
2948
13610
2723
13872
14178
2928
13518
13818
14147
14173
14096
13749
14072
13921
2996
13711
13840
2855
2904
2816
13937
2969
13633
2907
14135
14003
13940
14196
14198
2900
2970
2923
13657
14050
13773
13519
13726
13720
14030
13636
13696
13779
14174
14070
2709
2713
13631
14009
13500
13585
13980
14017
13868
13634
13545
13996
2791
14140
2813
13922
2945
14175
2926
13629
2782
13917
13816
13995
13796
2783
13988
2792
13809
13941
2730
2844
14073
13639
13658
2937
14161
14049
13968
13619
14104
14166
13780
14195
13732
13646
14035
14079
2878
14187
13613
13581
2705
2821
2768
13768
2797
2889
13509
13712
13724
13632
13737
13593
13864
2796
2881
2876
2827
13752
13894
13614
13804
13903
13763
14026
14169
2785
13812
3107
14261
14681
14640
3135
14806
14456
14677
3068
14542
14428
14730
14895
14685
14407
3180
14520
14548
14554
14494
3065
3075
14495
3023
14448
14491
14435
14526
14669
3080
14426
3245
3166
14488
3117
14809
14739
14571
14848
14769
14287
3254
3273
14513
3095
14755
14393
14735
14245
3152
3238
3128
3126
14250
14343
14734
14234
14433
14395
3084
3206
14309
3161
14203
14600
14365
14622
3074
14275
3123
14531
3227
3028
14387
14398
14356
3269
3127
14754
14632
14425
14781
14225
14505
3158
14327
14487
14417
14608
14603
14217
14276
14778
14441
14399
14877
3193
14524
14581
14260
3043
14286
3192
14596
3283
14852
14582
3060
14348
3047
14731
14325
14773
14453
14866
3169
14770
3279
14391
14509
14237
3092
14403
14822
14871
14455
14819
14481
3105
14750
14319
3261
3205
14899
3276
14438
3203
14335
14223
3067
14611
14460
14459
3088
14566
3271
14556
3186
14465
3153
14475
14609
3242
14729
3085
14865
14214
3071
14418
3012
14703
14429
14619
14517
14375
14347
14606
14831
14266
14762
14676
3202
3298
3116
3118
14311
14666
14768
14412
14323
14410
3257
3038
14262
14637
14518
14377
3175
14678
14442
3143
14297
3082
14642
14281
3226
14774
3216
14538
14704
14662
14586
14401
3106
14508
14497
14292
3008
14620
14682
14615
14657
14271
3125
14352
14543
3077
3035
3039
14688
3083
14752
14812
14342
14659
14884
14751
14578
14854
14432
14811
14858
3099
14897
14447
3046
14573
14332
3233
14816
3087
14823
14638
14216
3212
3174
14591
14594
14722
14263
3282
14274
3141
14824
14766
14344
14742
14894
14843
3020
14408
14280
14492
14799
14519
14667
14229
14424
14821
3184
14256
3026
14617
3100
14295
14452
3159
3185
3259
14444
3140
3124
3148
3164
14882
14427
3022
14336
14875
14523
14793
14725
14815
3287
3288
14357
3183
14209
14536
14364
3499
14952
3517
15100
15039
15536
15165
15583
15055
15544
15285
15576
3396
14937
15598
15034
15069
15289
3581
15387
15023
15532
15104
14996
14971
14919
15322
15202
3303
15106
15309
15213
15338
3482
3405
15091
3496
15120
15339
15012
15358
3449
3548
15249
15205
15077
3590
14995
15585
3574
15156
3554
15162
15276
3596
15594
15175
15274
3444
15406
15238
15500
14981
15550
15182
15399
15361
15186
15108
3543
15068
15130
3426
15310
15381
15402
15463
15079
15279
3448
15535
15337
15551
15050
3494
15035
15410
15278
15473
15365
15331
15166
15014
14967
14940
3456
15460
15038
15199
15541
15419
14959
3577
15236
3538
15071
15581
15103
3350
15110
15494
14991
15045
15543
3406
3480
3364
15534
15015
15347
15090
3573
15008
15173
15545
3575
3535
3534
15105
3390
15599
15529
15303
3529
3359
15102
15299
3423
15020
15250
15184
15076
3546
15229
14980
15094
15160
15393
15052
15504
15503
15065
15557
3300
15445
15560
3483
15552
15305
15067
15412
15221
3433
15118
14989
15126
3377
3549
14927
15591
15253
3455
15177
15471
3440
14926
15483
15030
15384
15456
15134
3306
15040
15036
15115
14964
15336
3391
3339
3537
15201
15057
15312
15438
14960
15151
15540
15007
15427
15344
3506
3565
15001
15485
14925
15453
15288
3443
3507
3597
15101
15119
14951
15394
15462
15113
15178
15377
3528
15395
15588
3328
15571
15208
15505
3470
3432
14963
15330
3522
3401
3310
3520
15319
15248
15401
3341
15533
15408
14956
15342
3579
15024
3485
15538
15169
15170
3346
15061
15089
15501
15180
15125
15256
15179
15368
15265
14962
15423
3370
15116
15232
15590
15146
15282
15228
15563
3447
15254
3469
15528
14902
14955
3527
3360
15382
3583
15080
3475
15142
15307
3351
15193
14968
15044
15281
3400
15397
15063
3402
15476
3363
3304
3540
3312
3355
3317
3570
3311
15197
15842
16213
3798
15962
15700
15721
3650
16034
15867
15783
15905
3755
3654
16211
3700
16181
15902
16055
15849
16271
16131
15789
15893
15680
15895
16150
15998
15688
16023
3895
3743
15999
15926
16126
3704
15974
15671
16251
15881
3742
16241
15704
3732
3827
3795
15996
15837
15942
3790
16097
15742
15891
15602
16089
15720
15661
15857
15920
16230
16073
15626
15941
16201
3659
15632
15740
3672
3664
15839
15763
16281
15813
3735
15817
15760
16257
3716
15709
15641
15672
16256
16135
15961
16287
16245
15714
15796
16264
3871
3890
3809
15731
3718
15769
3667
15960
15850
3695
16220
3648
16232
16010
16044
16134
16288
16144
16209
3843
3610
15970
3657
3676
16294
3776
15667
16198
15684
16039
16151
15708
15811
15746
16197
3658
3609
3872
3608
15759
3727
16187
16231
16064
15807
16291
16161
16228
15608
3684
3699
15887
15698
3769
15797
16070
16214
16178
15944
16180
16137
16260
15957
15848
16085
3876
15719
16054
3696
3615
15619
15637
3780
3721
16068
16215
3622
16092
16025
3858
15747
3605
16119
3816
15872
16258
15979
16248
16283
15706
15779
16129
3647
15805
16177
16148
15775
16221
16172
15967
16249
16277
15846
15616
16156
3602
15903
16205
3691
15863
3815
15722
15652
15630
3763
3788
16199
3873
16102
16191
15932
16226
15878
15765
3708
15718
3893
3859
15750
3810
3643
16122
15994
3786
15791
16050
16107
3892
3748
15762
15776
3759
16128
3685
16272
16056
15642
15885
15702
15993
16158
15802
3733
15678
16117
15730
15935
16021
3728
16236
15915
3837
16040
16123
15936
16109
15855
15736
3600
15711
16082
16195
3751
3831
15943
15990
3651
15871
3887
16169
3705
16176
3669
3838
15834
15946
15831
15778
16183
15937
15751
15685
15658
15918
16013
16124
16222
15977
15852
3641
3656
15621
3808
3701
16216
16066
3634
3868
15676
3853
3614
15744
16480
3971
16616
3987
4134
16327
16793
3917
16865
16828
16589
16489
16776
4090
16364
16860
16931
16397
16994
4164
4022
16959
16953
16944
16885
16724
16568
16320
3933
16726
4040
16799
16984
16679
16986
16605
16659
16309
4146
3903
16511
4170
16717
16306
16749
4126
16370
16935
16849
4179
16853
4037
16689
4007
4145
16387
3970
16379
16906
4088
16541
16361
16982
4050
16580
3968
16411
16535
4004
16539
16693
16870
16503
16945
16621
4049
16677
16746
16506
16710
16832
4114
16564
16491
16646
4106
16308
16335
16950
4002
4052
16563
16788
16654
16922
16487
16706
16926
16404
3949
16312
16376
4083
16578
16721
16581
16813
16918
16819
4188
16899
3916
16769
16461
4117
4102
16307
3921
16529
4046
16651
4089
16625
4060
16825
3900
4027
16822
3963
3952
16802
16608
4081
16505
16911
4014
4166
16980
4071
16641
16527
16431
16873
3905
16927
4167
3911
16758
16963
16603
16592
16593
16652
16626
4098
16302
16415
16456
16923
4015
16739
16562
16454
16319
16827
4001
16672
16405
3992
16993
16328
16627
16929
16936
16611
16598
16538
16362
3946
4087
16457
4086
16884
16478
16798
16469
16314
16374
16701
16645
16463
16657
16820
16336
16305
16633
3931
16850
16709
16599
16741
16471
4148
16528
16430
16876
16864
16771
4017
16524
3936
4092
16977
3961
16843
4009
16366
4048
4192
4105
16342
16412
16908
4042
16690
16817
16359
16384
16961
3982
4077
16386
3925
16647
16990
16727
4033
4174
4065
16767
16997
16667
3912
16318
16816
16956
16697
4135
3935
16787
16713
16684
3920
16367
4025
16797
4195
4197
16447
16542
16877
16474
16434
4180
4177
16691
16610
16497
16742
4059
16452
16368
16358
16357
16560
4173
3988
16406
16600
16981
16826
4028
16324
16594
16909
3914
4012
16890
16790
3975
16330
4185
3984
4157
4158
16655
16612
16838
3999
16409
17139
17603
17173
4430
17114
4341
4314
17112
17456
4369
4215
4484
17577
17693
17379
17665
17094
17111
17217
17337
17110
17164
17294
4340
17224
17235
17364
4319
17409
4495
17222
4386
17468
17141
17457
17056
17666
17240
17371
17513
17246
17658
17288
17372
4376
17315
17605
17290
17207
17377
17274
4278
17568
4321
17033
4417
4402
17192
17251
17154
17313
17498
17237
17571
4399
4256
4400
4418
17482
4367
4411
17266
4281
4474
4280
17083
17494
17682
17303
17035
17466
4234
4414
17441
4276
4233
4491
4217
4231
4303
17358
4375
4441
17198
4315
4312
4465
17147
17275
4255
4268
17269
17319
17120
17200
17333
4458
17119
4475
17024
17144
17285
4450
17668
4294
17308
17398
17541
4364
4244
4431
4482
17228
4258
17130
17293
17214
17607
17585
4365
17432
17301
4494
17411
17492
17116
17616
17540
17216
17632
17459
17195
4210
17422
17183
17129
17322
4442
4394
17614
4202
17508
17258
17236
17311
17638
17108
17145
17092
17133
17450
17254
17255
17455
17510
17031
17664
4283
4480
17243
17321
4239
4481
17155
17414
4351
17345
4338
17069
17151
17226
4320
4452
17497
17523
17359
17016
17314
17403
17445
17242
17190
17328
17310
4301
17565
17298
4487
17202
17165
4440
17370
17437
17284
17318
17517
17401
17564
17386
17663
17676
4467
4290
17091
17463
17075
4468
17615
17394
17350
4279
4347
4435
17469
17132
4236
17646
17505
4419
4296
17152
17387
17493
4286
4462
17556
17599
4309
4300
17053
17392
4479
17610
17204
17532
4326
4295
4344
17248
17696
17697
17479
17550
17589
17185
17552
17187
17657
17100
17218
17104
17245
17470
17101
17393
17063
17474
17501
17331
17124
17271
4237
17671
4251
17029
17259
17320
17643
4439
4260
4436
17634
4299
17353
17563
4285
17521
4463
17107
4433
17229
4360
17674
17543
4212
4387
4275
17177
17150
17620
18029
18187
18274
17843
4714
18088
18229
17976
17858
17709
18180
17802
17924
18108
18296
4556
4781
4585
17881
4553
18038
17863
18147
4658
4708
17835
18305
17951
17851
18245
4683
4668
17780
4690
17743
17920
17755
18015
4631
17981
18393
17992
18196
17794
18017
17959
4550
18210
18105
18068
17700
4506
17810
17859
4767
4766
18307
17739
17753
4699
4762
18294
17980
17908
18190
17811
18041
4776
4657
17948
4573
17918
18016
18051
18123
4518
17941
18209
4502
4626
4617
4640
4745
17791
18203
4567
4632
17872
18370
17895
18304
17969
17772
18142
18377
4741
18220
4522
18219
18389
4732
17855
18019
18325
18261
4691
17964
4669
18200
18085
17938
18162
17748
18204
18365
18273
18301
17771
18254
18213
18045
4787
18058
4572
18222
17901
18159
18397
4529
18242
4758
4633
17774
4705
18114
4552
18308
17849
18111
4795
4610
18275
18152
18232
4752
4578
18149
18268
4636
18371
4589
18338
17896
4730
18239
18167
17963
18206
18293
17763
4606
17790
4512
18091
18398
18115
18182
18186
4728
18263
17783
4528
18221
17820
4569
18323
17828
17876
18081
17862
17741
18080
18110
17946
18131
4687
4704
18279
18387
4508
18322
4614
4648
18169
18337
4548
17744
4558
18368
4516
17726
18001
17801
17892
17888
4656
4700
18021
18259
18236
18010
18297
17894
4605
17708
18003
18265
4793
18298
18171
17750
4696
18189
4600
17844
4520
18117
18369
4527
17923
18320
17871
4685
4503
18343
4763
18153
4637
18139
17897
18208
4789
4607
4754
18289
18024
17793
4723
18243
18252
4571
4641
18027
4574
18310
17900
4771
17944
4592
17782
17867
18234
18349
18224
18272
4501
18214
17703
17766
4780
4581
18392
18391
17916
18231
17943
17775
17838
4500
17979
17704
4542
4646
18145
4778
4794
17915
17913
17925
17978
18300
18347
17799
18163
17758
4768
17906
18031
18198
18096
18927
18868
18901
5063
18717
19003
18836
18613
4862
4884
18914
18684
19044
18813
18668
4851
4826
18460
18814
5087
18465
18655
18857
18660
19093
18998
4860
18492
19002
18909
18616
4942
18430
18442
18565
18968
4845
4960
19095
18454
18671
18726
18593
5010
18423
4807
5081
18818
18477
18401
19085
5089
4976
18455
18418
18730
18843
18573
19008
4903
19014
18727
18505
5007
4866
18615
18723
18415
19072
18830
4931
18435
18806
18504
4895
18495
18675
18456
18981
19075
18700
18768
4888
4825
4849
18545
5065
4925
18941
18889
18535
18803
18416
18931
18733
4859
18957
19073
18794
18697
18587
18925
18894
18766
19051
18930
18548
18657
18934
4998
18840
18433
18880
19038
4958
18985
18624
18775
4916
18873
5005
18715
18559
18758
18576
4947
19080
5003
18571
4843
18942
4990
18621
18420
18801
18574
18777
4991
18784
4929
18973
4995
18705
5064
5084
18474
19060
19062
18987
18604
18879
18650
18875
4811
18509
18557
19035
18988
18591
18950
5092
18516
18664
18903
5099
18906
18672
4809
18756
19013
18946
5027
18844
5070
18635
18464
18627
18592
4904
18447
18623
19007
5035
4980
18964
18910
18479
18547
18646
5036
5055
18677
4800
18484
18859
18851
5050
18932
18564
18546
18617
4898
18656
19076
18683
4802
4928
18437
18826
18770
18644
18864
4821
18744
18928
18618
18485
18924
18983
18825
18578
4999
18722
4897
18742
18761
4812
19010
5059
18933
18869
18746
18641
18659
18711
4977
4840
19022
18603
18895
18863
18598
4803
4945
18629
18648
18829
18698
18421
18513
19049
18471
18979
18552
4927
18482
18678
4833
18994
18911
4808
18605
19040
18970
4985
4923
4937
4804
18425
4987
18956
18747
18511
18503
18751
18850
19050
19074
4993
18585
18579
18782
19034
19032
4889
18708
18789
18567
5016
18489
18729
18631
18606
18905
5068
18666
18773
4827
18690
18405
19412
19251
19262
19722
19506
19726
5122
19730
19112
19591
19171
19607
19495
5375
19269
5208
19298
19786
5352
19442
19371
19449
19170
19274
5327
19767
19775
5354
19377
19710
19400
19424
19479
19521
19769
19748
19587
19552
19678
5248
5202
5296
19428
19421
19129
19441
19135
19744
19723
19648
19502
19123
5302
19662
19676
19673
19174
19464
5334
5145
5138
5100
19127
19218
19580
19423
19647
19454
19701
19641
19565
19738
19403
19671
5359
5118
19120
19192
19266
5371
5116
5317
5255
19471
19724
19684
19462
5387
19507
19279
19102
19522
19445
19177
19395
5279
5171
19230
19570
19531
19347
19250
5345
19721
19632
5384
19564
19391
19631
19787
5374
5370
19798
19411
19364
19345
5108
19753
19232
5398
5278
5120
5186
5301
5172
19321
19520
19572
5200
19413
5184
19749
19429
19399
19185
5149
19705
5238
19633
5321
5249
19335
5363
19362
19713
19455
19596
19500
19781
5372
19256
19417
19740
19706
5157
5206
5285
19220
5314
19108
5130
19510
5182
19258
19325
19191
19735
19666
19697
19104
19352
19668
19161
5219
19199
5396
19615
19609
19259
5131
19150
19285
19783
19795
19334
19231
5134
19707
19603
19661
5243
19308
19488
5291
19562
19774
5269
19380
19332
19166
19731
5335
19652
19215
19469
19328
19545
5114
5253
5364
19165
19508
5205
19543
19755
19778
5251
5177
5368
5250
19407
19355
19389
5289
19263
19537
19208
5276
5333
19159
19183
19252
19459
19624
19483
5316
19688
19712
19136
19659
5306
19322
5309
19655
19626
19398
19450
19612
5126
5369
5258
5338
19575
19453
5267
5349
19689
19509
5282
19343
19333
19764
19329
19550
19727
19791
19297
19541
5237
5230
5189
19106
19487
19569
19741
5215
19559
5325
19799
19567
5392
5256
19283
5323
5394
19372
19628
19311
5227
19307
19405
19243
19302
19365
19410
19158
19338
19160
19660
19561
20060
20090
20072
20115
5660
20295
19882
5556
19980
20494
20478
20177
20251
5667
5419
19956
19914
19960
20259
5505
5417
20468
5618
5617
20390
5684
5645
20267
20405
5499
20031
20117
5520
20172
20134
20415
20059
5463
5627
5668
19810
19836
20086
20152
20067
20458
20248
20472
20318
5583
5580
20456
20124
20012
20489
20036
5529
20440
20462
5411
5611
20051
5637
5554
19935
5551
5427
20127
20255
5458
5480
5481
19939
20044
20139
5693
19934
5489
5454
20319
20154
20309
20080
20089
5638
20361
19927
20244
5424
5560
20344
20351
19961
19966
20182
19814
5421
19962
5404
20170
5431
20488
19805
20228
19988
20199
20025
20004
19913
19920
19857
20210
5689
20336
20290
20128
5575
5492
5477
20273
5665
20358
5609
20386
19862
19922
19998
5487
19865
5666
19942
20328
20291
20332
20258
19985
20430
19877
20428
20158
19997
20180
20363
20418
20195
20192
5491
20181
20121
20317
20068
20453
5691
20278
20173
20102
20294
20447
20364
5599
20018
19931
20420
5586
5502
19905
20040
5688
5552
20380
5655
20065
5407
20058
20442
20241
20460
5401
5447
20355
20448
20497
20145
20236
19835
19921
20392
20414
5511
20185
5438
5534
20315
20394
20359
20263
5423
20431
19843
20435
5576
5652
5476
20470
19916
20209
20423
20211
5662
19989
20103
20096
19807
20437
20486
19930
20091
20155
20374
20039
20467
20379
19973
5698
20234
20084
20043
19984
20252
5406
20305
20265
20343
20219
19803
19885
20496
19946
5501
20011
20404
20280
20186
5629
20187
20261
20052
5433
20092
20212
20082
20246
5648
20238
5654
20269
20411
5506
19817
20313
20198
20046
5692
19897
20433
5523
20023
20425
5585
19861
19851
19908
20441
5495
5636
20000
5473
5430
5439
19856
20335
20327
20120
5619
20167
19953
20088
5515
20169
5460
5595
5543
20417
5696
5615
20284
20045
20027
5557
5537
20750
21136
20867
20628
21050
5891
20616
5876
20973
21179
21176
21016
21067
21017
20723
5857
21173
5771
20772
21149
20630
21148
5922
21031
20617
5742
20631
5786
5872
20633
20894
5814
20795
5780
20926
20947
21147
20768
5862
20827
20931
20720
5733
20719
20744
20511
20518
21127
21101
20709
5921
5955
20681
20531
20776
21098
21192
5992
21024
20937
5971
20581
5912
21022
21151
21150
5952
21199
20683
20740
21122
5843
20904
20832
5761
5741
20838
5870
5790
20813
21131
20997
5823
20698
5751
20545
21161
20820
20751
20500
20507
5740
5851
5716
20888
20801
21100
20823
20575
20700
21137
21033
20749
20697
20901
21152
20935
5997
20982
21178
20591
20777
21096
5883
20501
20626
21190
21041
20558
20829
20673
20721
21191
5833
21188
20990
21166
20763
20950
20711
20566
20969
20541
20555
20835
21157
5954
21062
21123
5951
20638
5936
20550
5895
5757
20686
20802
20569
5745
21057
5935
20623
20914
5705
21000
20945
20934
20752
20552
21034
20651
5820
20637
20636
20734
20509
20694
20748
21189
20992
20707
21023
21079
20520
5987
20953
20761
20851
20622
21028
5933
20505
5808
20897
21108
5828
5744
21106
5899
20977
21056
5772
21105
5796
20864
5811
20624
5806
21049
21118
20959
20678
20905
5897
20579
21186
5762
20915
21043
5715
5854
21163
20642
5822
5962
21159
5858
20525
21013
20811
5720
5967
20725
20958
21104
21164
20800
20809
20839
21082
20517
5805
20885
20613
5890
5929
5750
20599
21125
20983
5981
5969
21112
20714
20535
21158
20528
5784
20764
20948
21085
5958
5888
5988
20840
5791
20963
5996
5943
20760
20858
20979
21075
20574
20524
20976
21172
5913
21134
20738
21064
20928
20717
5927
20727
20850
5836
5934
21165
21087
20597
5708
20596
5920
21142
20654
20585
20705
5953
20580
20551
20529
21120
5825
20543
5907
21097
5901
5846
20929
21535
6018
21742
21220
6285
21578
21872
21559
21658
21292
21289
21494
21255
6107
21796
21419
21229
21764
21276
21791
6290
21858
21428
21409
21674
21332
6233
6046
6034
6278
21392
6007
21893
6160
21243
6130
21208
21754
6260
21213
21395
21561
6212
6002
6095
21546
21278
6274
21807
21871
6236
21418
6297
6142
6208
6184
21802
21430
21484
21722
6206
21537
21899
21675
21851
6283
21709
21697
6204
21670
21507
21725
6219
6166
21897
21840
21788
21758
21776
21678
21518
21898
6169
21688
6021
21320
21785
6056
21701
6258
6073
21305
21486
6225
21223
21634
21714
21782
21336
21548
21630
21631
6055
6196
21439
6032
21380
6084
21246
21572
21573
6035
21676
6110
21737
21343
21860
21602
6237
21304
6091
6010
21259
6271
21503
21436
6081
6087
6259
21667
21293
21476
21617
21601
21720
21483
21751
21280
6214
21755
21294
21797
21773
21891
6075
21888
21211
21437
6013
6129
21480
21429
6191
21795
21512
21344
21553
6224
21816
21837
6252
6176
21718
21710
21805
21330
21508
6133
6038
21643
6098
21252
21863
6228
21621
21716
21308
6265
6008
21338
21705
6180
6064
21774
21355
21639
6139
21868
21354
21398
21770
21699
6071
21232
21653
21207
6102
21284
21321
6287
21619
21826
21443
21879
6137
21359
21365
21827
21889
21316
21707
21286
21371
6248
21325
21526
21843
21865
21798
6031
6235
6001
21422
6027
21877
21389
21288
21740
21808
6217
21374
21314
21824
21547
21309
6030
21206
21215
21358
21745
6227
21850
6052
21830
21582
6003
6145
21606
21468
21534
6262
21505
6119
6186
6266
21477
21882
21319
21331
21435
21506
21301
21323
6172
6220
6005
21379
21665
6006
21884
21282
21414
21394
21249
21743
6060
6226
6112
6165
21456
6293
21412
6082
21618
21596
21856
21258
21445
21251
6189
6086
6099
6025
21202
21772
21748
6105
21502
21731
6284
22376
22282
22257
21938
6351
22503
21968
22455
21945
21970
22272
22134
6425
22435
22172
22120
22362
22232
6339
6514
22060
21949
22189
6581
22411
22512
22408
22458
22301
22121
21905
22434
22262
22194
22000
22031
6403
6519
21962
21952
6505
6455
6381
22341
21922
6314
21984
6583
22196
6445
22117
22345
22561
22335
22192
22443
6348
21916
22592
22251
21948
22160
6313
6327
22009
22176
22191
6508
6517
21934
22156
22249
6571
22489
22306
22050
22052
6457
6456
22265
22119
22186
21995
21989
6558
22524
6359
21967
22478
6543
21939
22380
22399
21960
6340
22275
22181
22130
6512
22332
6476
6599
22040
22227
22101
22586
6432
6374
6372
21947
22322
22352
22025
21979
22461
22381
22333
21964
22383
22312
22573
22116
6460
6458
22444
6529
6577
22568
6570
6393
22533
22033
22219
6585
22307
22349
22437
22202
22454
22256
22423
6503
22495
22006
6421
21942
22204
6495
6448
22564
6429
22447
22090
6408
6410
22441
21963
22317
22199
21955
22218
22384
22418
22168
22536
6475
22042
22032
22211
22363
22453
22222
22158
22392
6524
22071
22319
6406
22389
22598
21953
22270
22505
6528
6361
22139
6594
22231
6502
6309
22551
22372
22124
22072
6412
22520
22464
22599
21936
22112
21987
22472
6530
22179
22374
22043
22355
6452
22483
6477
22494
22038
21990
6464
22590
6331
22131
22198
22169
22213
22514
22047
22594
22413
22467
6417
21980
22029
6578
22552
6579
6326
21924
22235
6344
6550
22076
22567
6548
22138
6453
6523
22343
6507
22021
22065
22073
22475
21974
22074
22289
22369
22410
21908
22487
22147
22541
22259
22373
22115
6426
22377
22099
6555
6388
22304
22078
22209
6546
22123
22351
6443
21957
22085
22496
6479
22143
22110
22510
21977
22044
6454
22007
6499
6533
22255
21966
21943
6409
22445
22175
6354
21932
22465
22588
22593
6511
22283
6547
6483
22741
23249
22869
22763
6875
22645
6826
23067
6842
22918
6818
22795
6880
22607
23071
23050
22653
6639
23199
22646
23154
6830
22689
22640
6703
23013
23270
22940
6851
23159
6637
23109
6740
22666
22606
6726
22847
23103
6802
22959
6647
23264
22724
23089
6855
22856
23207
22892
22735
23165
6878
23016
22908
6625
22823
22937
6849
6757
22991
23186
23045
22831
22948
6683
23257
22615
22746
6798
6892
23106
6622
23268
23225
22962
22777
23046
22718
6613
22899
6833
6682
22955
22665
6786
6767
6623
22838
22945
6895
23139
6788
23112
22925
22626
22963
6634
22837
22811
22641
22697
6852
22680
23292
22851
6854
22884
22982
22688
6743
6706
22860
23144
23124
6812
22957
6841
6863
6763
6844
6738
22664
22681
22876
6769
22733
6611
23220
23157
23095
22722
23267
22737
23255
22822
22898
23008
22936
22701
22893
6655
6873
22871
22881
23126
6619
6796
23246
22843
23082
23285
23115
6868
22618
6629
23147
22929
6896
23038
6858
23218
22926
22638
6621
22814
6768
23174
22703
6797
22601
6836
6691
6872
23141
23173
22721
22696
6761
22745
22723
22834
6723
6627
6659
23078
23275
23031
22815
22643
22971
22692
23001
23069
23295
6702
22904
22912
23185
23184
22973
6690
23108
6663
23192
23076
23172
22809
6831
6807
22817
6652
22853
22873
23175
6803
6888
22914
6813
22944
23206
22946
22751
23133
22981
22941
22915
23087
22656
22972
22885
22788
23041
23054
23135
22875
6700
22600
22644
22671
6840
22652
6793
23161
22740
22620
23290
6810
23129
23074
23212
22662
6846
6698
22997
22890
22779
6850
6861
6681
6651
6720
22785
6711
23099
22804
22694
22931
22938
6688
23101
23047
6804
22965
22841
22717
23111
22819
22905
23259
6640
6867
23289
22975
23243
6685
23131
22730
6694
6707
23081
6709
6755
6744
6828
22738
22882
6751
6739
22602
23039
6781
23396
23872
7129
23989
23542
23459
23974
23645
23878
23577
23312
23826
23723
23657
23437
23836
23419
23734
23570
23558
23778
23674
23472
7163
7195
23817
23316
23587
23453
23484
23446
23559
7025
23720
23971
23698
23701
6920
23705
23494
23383
23743
23379
23323
23936
23881
23392
23416
23434
23365
23301
7117
23858
23374
23340
23776
23344
7177
6977
7189
23487
23948
23696
23628
23845
23394
7198
23501
23465
7017
23851
23625
23777
6943
23571
23924
23764
23443
7116
23761
23666
23686
23445
23306
23865
23444
23901
23462
23561
23873
7069
23896
6916
23464
7143
23808
23940
23318
23812
23857
6923
23431
7064
7105
23975
7112
23438
23707
23815
23566
23433
23522
23986
7088
23399
23319
23502
7166
7000
7075
7019
7077
23866
23824
7029
23724
6910
6935
23716
23730
23757
23517
23497
23422
23997
7003
23809
6949
23670
6937
23335
6903
23907
7038
23679
23749
23334
6902
23536
23347
23321
7082
23555
23969
23499
23929
7061
23983
6971
23509
6996
23884
23538
23410
7113
23581
7013
6932
7047
23532
23852
7101
23413
23568
23402
23806
23742
7007
7130
23552
7144
6982
7039
23567
23580
23412
7032
23421
7042
7004
7066
6905
6938
6939
7181
6963
23976
23384
7097
7070
23429
7119
23612
23713
23411
7135
23966
23726
23324
23476
7136
6953
23954
23653
23579
23803
23505
6957
23900
23789
23800
23470
23704
23331
7020
7159
23934
7037
23603
23560
23650
7071
23479
23847
23794
7052
7110
23448
23772
23652
23611
23408
23480
6992
6944
23758
23553
23368
23871
23435
23795
23711
23823
7063
23832
23750
23816
23678
23432
23584
7040
23594
23801
23837
6985
23578
23717
7027
6907
23942
23352
23659
23604
7048
23973
23913
7133
23348
23504
23692
23380
23671
23714
23662
6919
23908
23387
23477
23822
23673
23382
23814
23302
6951
7030
6940
7022
23417
23336
7062
