7418
7771
7697
274
7225
7727
7666
7732
7831
7268
7462
7281
7407
7406
3
7742
136
7838
7754
190
7823
7294
122
7215
7220
109
7207
7388
7324
7644
7221
7897
7568
7211
7520
7692
79
228
7557
101
7498
7818
168
7395
7634
7496
207
78
50
7866
161
7722
7837
7472
244
102
7507
7287
7224
7297
7492
7404
7338
7555
7758
7376
7426
7321
7414
7265
7552
172
7564
7747
7573
71
7729
23
7417
7293
7671
7643
7308
7779
7251
224
7639
193
7447
7632
7895
7807
258
7419
235
7303
7786
7442
29
116
7819
7659
7604
7331
7594
7768
7350
7859
7723
7463
7704
7512
7409
7703
7441
270
7625
129
216
7201
7648
75
7274
7263
7821
7335
7344
7254
7784
218
242
7822
37
7878
188
7862
7348
7580
7454
98
7362
298
7850
35
7247
176
7469
7413
7679
7877
7887
7340
7315
142
7543
7285
7536
7325
7385
130
7733
267
7341
7561
7653
7277
7615
10
7770
286
7288
12
177
7851
7797
63
7269
121
7579
7397
7322
7502
7258
195
120
7853
7762
7587
7219
7785
7588
7257
7606
7682
7600
7809
7657
7865
4
151
56
7855
231
7638
7640
7466
7581
7363
7766
11
7360
247
7260
263
7872
7202
7661
22
7272
7876
7402
39
140
7302
7423
7605
150
201
7808
280
88
7241
7750
14
7342
7436
7609
7455
7305
42
7508
186
27
7374
7534
106
7602
7551
7266
67
7824
173
7226
283
7494
7649
7815
299
7883
200
252
275
117
7428
97
7412
7882
7368
243
7486
8
7349
7885
7622
7861
7840
221
7769
7334
38
86
94
7755
59
281
170
7663
7464
7783
292
7619
7569
7794
229
7327
7522
251
222
7262
7574
8274
8243
7942
8310
8010
8598
8479
8588
8337
7958
7960
361
8270
7943
8477
483
570
8448
377
8483
8562
529
416
8050
490
577
7921
8056
8576
8592
8427
8089
8164
8374
8201
8396
401
8101
8111
7941
8331
7990
411
597
7953
8445
8471
548
496
316
8505
7913
8467
8059
467
8368
8394
8575
8335
551
8125
8299
8594
8066
8075
8248
8348
8204
7919
8173
8145
8141
592
8031
8282
554
566
7988
8170
397
7993
420
8475
8113
375
8538
8500
453
315
8387
568
7955
507
491
518
582
7975
8239
8130
8002
8247
389
8304
589
8413
8042
338
487
8124
8524
8549
8040
8305
8038
8392
7947
7951
8041
494
475
8158
304
8495
8091
8378
8219
8213
7952
8435
463
464
334
8350
7963
8352
8525
516
8308
8015
433
521
8185
7944
7971
549
8320
320
8021
398
8263
8154
8199
343
8062
8565
8143
8460
431
8484
506
8419
8557
8119
8510
354
390
8593
8408
8291
8169
8076
550
513
578
8108
415
8167
7930
8067
313
574
8349
8286
417
478
583
8544
8080
422
8507
8139
307
477
8107
8411
8430
461
8065
8280
7977
8008
8172
526
8142
8192
310
552
8346
8463
8288
8554
8122
8073
542
8100
8034
8137
8259
504
8018
8276
8025
8422
8340
8146
8563
473
7926
8001
8028
7901
7991
8517
366
8179
596
8272
8260
8234
8556
527
424
8412
8585
8000
8171
392
8453
8456
8221
8522
7924
8351
8242
327
8558
7969
8120
8526
7950
8425
8186
429
374
8207
8131
7903
8012
8473
525
302
556
432
8232
8547
8514
8492
8414
8499
437
7935
8379
305
8461
8287
351
8428
8367
465
8289
8251
8589
8267
443
8132
8078
8548
8353
8515
7920
8844
8932
9112
656
679
803
8913
9234
8813
779
8825
8619
8944
8930
753
8656
806
9168
842
8835
888
9065
9226
8739
8607
9222
827
9058
9093
707
8867
9052
824
8665
8720
883
770
8776
8969
8625
892
612
9169
8613
8917
9097
8803
8646
9235
800
8970
9188
8644
840
859
9001
766
9043
8669
9123
8918
9268
9022
8870
624
8777
8642
651
9116
9252
630
9171
682
9045
678
820
9042
8779
9134
9258
9189
858
8628
9161
8821
8778
9278
9271
870
9276
8658
9037
610
8890
8666
8733
659
786
8766
8696
8860
761
9002
754
719
8757
667
732
8771
8952
9039
8806
8623
8855
8763
9282
8980
9212
9050
8956
730
9081
748
8764
897
8907
8984
9069
8801
867
9110
805
706
791
9203
8895
655
8960
876
763
9281
702
744
8686
843
661
8652
9277
8742
773
757
8901
8677
8690
9179
8610
9038
9030
8967
9199
8715
8885
807
9040
9260
8990
8689
829
9142
8736
9102
9165
797
8846
9264
9018
9218
620
8985
9094
9224
8947
8772
9119
709
8759
8804
609
8948
8823
789
8925
8687
8734
9138
8768
8827
775
8746
645
641
9191
9118
8692
8999
784
622
9145
815
9133
654
9089
848
683
8874
9026
8826
736
9007
8639
8812
8951
689
9029
637
9062
9057
635
642
9211
8624
8608
9111
9068
9274
813
9213
621
718
724
9085
9254
636
8629
9247
8957
8808
8943
673
849
8833
847
669
676
9232
9200
819
751
9031
628
8815
9296
8741
714
9207
9159
9251
9177
8997
657
8858
696
9048
9152
8805
9063
745
632
759
613
9263
8872
9289
879
614
8783
8879
8935
9019
8683
9259
9215
663
9137
8881
8661
857
8747
836
9013
9437
9507
9380
9656
1191
9819
9428
9391
986
970
9910
9935
9666
9712
9474
9473
1137
9905
9641
1103
9837
9582
9453
9630
9985
9371
9900
9430
9803
9573
9915
9659
1141
1197
1159
1126
959
9802
9991
9723
1085
910
1087
9828
9922
9646
1157
9471
943
9639
1128
1144
9888
1116
9640
9608
9850
1100
9312
9734
9839
1170
9753
9537
9515
9762
9448
9479
1010
9532
9617
9552
9586
9857
9940
9336
9621
9937
975
9807
9974
1131
9378
9335
1089
9669
9705
9993
1091
9975
1027
9682
9718
9951
9307
9995
9615
9389
9999
1139
1136
9862
9842
1080
9420
9939
9835
9741
9429
9668
9393
9944
9357
9421
1158
9344
9814
9516
1012
913
9405
9321
1107
9813
9566
1062
9931
1168
9924
9450
9904
1163
9401
9490
9778
9982
9830
9980
937
978
9930
9484
965
9489
9662
9611
969
983
979
1078
9954
9364
956
9418
963
9774
9449
9943
9702
9406
9715
9454
9727
1105
9565
997
9864
1082
1074
9514
9952
9579
9441
9908
9352
1162
925
9561
9976
1114
1187
9511
982
920
9805
9520
1104
9829
9663
9540
9377
9370
1171
9338
9609
9684
9491
9411
1002
9618
922
9472
9946
1021
9607
9826
1028
9465
9623
973
9876
1055
9889
9310
9300
1122
9751
9342
932
9518
9658
9562
9530
1178
9438
9362
1111
9818
1007
9685
1147
9681
1020
9861
9764
942
9981
9331
9833
1096
9558
9354
9694
9901
950
9687
9870
9848
9898
9325
9355
9671
9431
9387
9701
9347
996
1040
9708
9713
9554
1120
9527
9849
9574
9984
9957
9434
966
9998
995
9521
9422
1113
9326
1133
9324
9550
9533
1064
1150
9972
9314
964
9433
1161
9500
9619
1016
933
9955
9625
9859
9783
9460
9871
1140
9396
9759
9968
10427
10538
10277
10260
10335
10436
10216
1268
1335
10328
10474
10246
10544
10369
10518
1204
10687
10259
1421
10210
1341
10230
10412
10107
1390
10666
10645
10601
10622
10568
10007
1321
1340
10056
10291
10338
10238
10009
10186
1431
10547
10430
10058
1297
10187
10611
10367
1200
10163
10004
10416
1475
10233
10537
10214
10147
10311
10447
10450
10177
10428
10603
10250
10044
10561
10002
10497
10084
10235
10581
1298
1261
10271
10115
10473
10337
10626
10596
1307
1382
1251
10569
10559
10501
1482
10692
10406
10392
10539
1494
10531
10129
10083
10488
10490
10159
10351
1396
1345
1296
1333
10442
10152
10424
10363
1440
10620
10296
10057
1312
10133
10336
1418
1231
10402
10027
1478
10516
1464
1356
1235
10408
10334
1221
10600
10140
10125
10659
10433
10279
10469
10574
1385
10483
10074
1415
1309
1439
10441
1422
10341
1203
1398
10348
10064
10176
1364
10477
1215
10670
10025
10667
10487
10121
10410
10220
10095
10522
10676
10047
10155
10111
10096
1242
1350
10624
1375
10204
10046
1479
10195
10188
10118
10409
10417
10127
10249
10114
10357
10467
10434
10286
10103
10368
1262
1401
10553
10512
1217
10358
10617
1365
10073
10174
10128
10165
1257
10690
1272
10226
1473
10356
1416
10251
1237
10309
1460
1232
10040
10677
10492
10222
10545
10065
1301
10556
10167
1211
10517
1344
10160
10503
1236
1462
10228
1493
10314
10466
10312
10324
10035
10267
10033
10395
10001
10200
10151
10451
1230
10393
10693
10577
1248
10323
10674
10098
10008
10215
10623
1441
10353
10432
1315
10342
1228
10263
10387
10555
10414
10298
1240
1260
10043
10258
1209
10371
10305
10052
10232
10390
1486
10660
10105
10171
10240
1280
1293
1491
1457
10012
10379
10431
10266
10089
10523
10632
1287
10038
10191
10631
1436
10178
10229
10026
10566
10256
1319
10470
10063
10529
1587
10751
1764
11116
1745
11202
10736
1541
10845
1590
10785
11002
11396
10951
10708
11283
11076
10726
1762
11207
11203
1732
1668
1620
10994
10899
1569
11208
1618
10945
11288
10843
10991
10954
10743
10774
11198
1784
11255
11342
1543
11267
10716
1795
11166
11184
1602
1735
11273
1500
1604
11338
1645
11180
1558
11011
11309
11186
1562
11077
1532
11275
11217
11260
10848
11065
1743
11276
11158
1515
11013
1799
11069
10938
11371
1535
11173
11161
11304
10854
11300
1642
11200
11321
11346
1561
10984
11132
1716
11159
11022
10713
11380
1778
11209
10981
1607
10714
10996
1564
1576
10778
11110
11033
11175
10701
11157
1554
10910
10887
10731
1511
11233
11079
10869
10948
1565
10824
1652
10798
10739
1700
11335
10897
10717
11151
1758
11368
11130
11084
1726
1751
10742
10712
1632
11115
11105
10920
11001
11040
11195
11190
10865
1616
11167
10744
11376
1792
10969
1523
11331
11323
11398
11194
11172
10924
11387
1695
11062
10921
10925
11000
11301
11128
1563
10764
10922
11169
11041
10904
11177
10828
11181
10972
1512
10829
10733
1551
10816
10862
10852
10952
1786
11391
11035
11026
11354
11324
10773
11334
10819
11176
1502
11122
11384
1575
1791
10930
1518
1526
10755
11050
10722
1634
11318
10735
10903
1693
1619
10900
11383
10702
11107
1585
11292
10802
1727
1633
10759
11192
1510
11049
1785
11293
11029
1736
10878
11325
1654
11386
10912
10975
11254
11136
11178
1760
10987
11123
10970
10812
1581
1574
1704
1559
1697
10892
11034
1679
1733
11089
11020
10949
11031
1646
1648
11039
11109
11319
11210
11353
1524
10720
10746
1699
11193
11225
11101
1655
11303
1790
1741
1542
1513
10817
10804
1663
1506
10827
1568
1630
10786
10779
10809
1516
1613
1548
11191
11337
11258
11305
11291
11005
11068
1552
10721
1709
1639
10905
11153
10833
1809
11889
11581
11623
1977
11717
1875
11707
2012
2033
12091
11920
11880
2037
11736
11826
11820
1993
11413
2082
2095
11960
1954
2053
1970
2084
11608
11858
1990
11958
11425
11420
11750
11738
11654
11410
11471
11882
11701
11944
1889
11749
11639
11641
11769
1927
1968
1830
11775
11801
1999
1964
11839
11530
11582
12005
1828
11409
12067
11607
11439
11550
11814
11731
12055
1981
2086
2009
11574
12048
11804
11440
11417
11780
11547
11888
11400
11625
1996
11426
1883
11725
11472
11542
2087
1849
2079
1979
1911
2094
11503
11511
1869
11652
11734
11931
11723
2097
11875
11741
11918
11561
11896
11483
11909
12081
11994
12008
1978
11902
11833
1924
2085
1879
11453
11568
11921
12003
11722
11520
1833
11809
1975
11605
11500
11866
11485
1972
11527
11408
1919
11948
11966
12033
12080
11989
1831
11452
2019
2022
11864
11506
11984
1937
2066
2003
11917
11572
11924
12096
11986
1859
11493
11645
2077
2067
12086
11998
1845
11832
1870
11932
11518
11855
1844
12021
1934
12077
11643
1986
11794
1918
11947
12026
11648
11576
2036
11490
11797
11728
11799
11499
11759
11915
11748
11767
11919
12092
11893
11464
11419
11974
11983
1943
1959
11672
1963
11766
12094
11807
1868
12069
1821
11551
12053
2063
11849
11516
11842
1872
11487
11661
11817
11954
11945
11640
2038
11891
2056
11609
11781
11587
11649
1822
1958
11831
11505
11756
11668
11502
1819
11981
1931
11688
11535
11739
1950
11549
11871
1936
2039
11711
11447
11621
11824
11771
12063
11712
11427
1814
11904
11532
11459
11763
1947
11627
11583
11733
11887
11760
11929
11451
11777
11867
12083
1910
2017
12004
11955
12066
11462
11504
1926
11634
12095
2089
2060
11430
11560
1865
1942
11591
11853
1832
11978
1920
12065
1973
11496
2070
1989
1952
11836
11431
11838
11597
11450
1847
11808
1903
12642
2398
12648
12180
12328
2313
12522
12595
12443
12342
12625
12393
12561
12451
2139
12210
2325
2187
12195
12116
12212
2290
12746
12200
12243
12402
2164
12550
2291
2207
2154
12678
2181
2226
12275
2218
2385
12466
12421
2276
12447
12773
2283
12519
12636
2191
12481
12236
2194
2279
2260
2126
2351
2129
12403
12427
12322
12198
12498
12318
12355
12164
12785
12689
12216
12178
12607
2153
12615
12680
12426
2108
12399
12292
12565
12395
12786
12731
2293
12340
12100
12312
12334
12653
12264
2159
12233
2243
2319
12510
2335
12352
12416
12768
2186
12140
12738
12335
12187
12576
2229
12244
2149
12154
2317
12446
2173
2119
12512
12571
12172
12351
12657
2395
12630
12406
2114
12267
12513
12581
2124
12614
2332
12567
2294
2161
12124
12732
12346
2263
12684
12230
12671
2127
12433
2230
2250
2209
12385
12135
12400
12380
2156
12284
12454
12306
2298
12396
12286
12758
2365
12669
12778
12656
12566
12391
2329
12639
12735
12338
12573
12239
12771
12468
12336
12789
2142
12122
12790
2216
2188
12739
2389
12492
12617
12430
2157
12628
12323
12285
12165
12252
12152
12518
12173
12506
2232
12769
2318
12667
2386
2240
12596
12776
12423
12256
2236
12626
12547
12608
2285
12333
12514
12177
2346
2370
12665
12422
2368
12529
12386
12196
2308
12723
2342
12629
12564
12747
2234
12363
12754
12379
12577
12330
12761
12587
2349
12228
12709
12311
2302
12320
12798
2134
12248
12132
12597
12796
12634
12411
12622
2328
12473
12279
12442
12331
2339
12509
12563
2327
12495
12755
12582
12781
12470
12283
2244
12663
12686
12508
2253
12452
12190
12341
12641
2297
2100
12161
12327
12745
12744
12603
12390
2306
2130
2213
12435
2182
12397
2326
12431
2170
12309
12487
12186
12349
2135
12469
12144
2160
12364
12207
12166
12791
12226
12188
12464
12204
12584
12126
12841
13389
13277
13381
13237
2400
13464
12908
12875
2569
13400
13428
13200
2562
2589
13267
2507
13306
12812
12936
13292
12849
12821
2480
13208
2532
2693
2624
13020
2699
13374
2600
13097
13285
13057
13311
12853
13142
2623
2431
13169
2653
13035
13124
12917
13320
13248
13183
12985
13151
13463
13281
2464
2669
13116
13227
13197
13010
13288
12863
2674
13308
2433
2602
13024
12850
12994
13411
12923
2521
13040
12991
12926
13333
12957
12962
13475
13154
13335
13069
12891
12806
2519
13250
2683
2611
12995
13274
13239
12852
13314
13088
2481
13384
2536
13398
2508
2436
12981
12819
12971
13181
13425
2534
2448
13323
13106
12883
13163
13484
13046
13436
2696
2637
13325
12946
13135
12964
12956
13148
2609
2509
13174
13485
12930
2635
2541
12840
13284
13388
13238
2420
2518
12901
13076
13121
12866
2441
13009
13146
13490
2660
12889
12842
2429
13498
13119
13061
2496
13479
12993
12871
13032
2413
13352
13246
2520
13156
2622
12832
13339
2613
2450
13405
12940
13172
2646
13170
12913
13021
13190
2566
12867
13413
2425
12830
13303
2612
2499
13209
12894
13312
13038
13456
13139
13466
2568
13018
13165
2401
13487
2475
13296
2423
2461
13420
13431
13471
12862
13253
2547
2530
13155
13302
12973
13499
13440
12958
13218
13477
12915
2692
2546
13386
13328
13011
2658
13317
13433
2649
13397
13407
13280
12928
13054
13489
13387
2428
13168
2437
2682
13422
13113
2584
13125
2657
12864
2427
2667
13437
13276
2487
13495
13173
13313
13228
13141
2570
2545
13271
13014
13223
13476
12879
2559
12805
13392
13426
2652
2405
13372
13044
2502
13082
13147
12927
2587
2552
13272
13039
12833
12945
2474
2478
2655
2440
2590
13371
13282
12954
13052
12869
13460
2647
13216
13394
13098
2638
12977
13101
13472
2558
13232
12807
13364
13015
2479
13438
13083
13257
2893
2999
2966
13576
13649
13957
13939
13735
13847
13823
13976
13916
2733
2958
13733
13968
13994
2815
2978
13786
14137
13963
14159
14134
2890
14095
2851
13965
2820
13818
13951
13848
13804
2832
2763
14174
13765
2725
2801
2898
2988
14161
13858
14039
13731
2959
14167
14177
14011
13723
2911
2878
14075
2940
13663
14063
14194
2855
13624
13746
2986
14085
13980
13708
14132
13726
14060
2831
2860
2835
2719
2794
13578
13647
13553
2971
13594
14099
2828
14077
14119
13531
14080
13953
13522
13783
2995
13992
2967
13983
2992
2961
2822
13638
2791
13659
2866
13883
2834
13984
14135
13993
2738
2814
14023
14112
14182
2726
2871
2853
13704
13508
13551
13544
13548
13668
2919
13685
14156
14086
13610
13890
13643
13839
13628
13860
14047
14078
14150
13764
13615
13868
2804
2897
13796
13536
13579
2718
13537
13982
13614
13753
14044
14163
2795
2830
14097
13691
2916
2747
13882
2760
13530
14170
14116
13717
14183
13709
13806
13802
14035
14031
14025
13546
13840
2793
13512
14055
2751
2942
2716
14126
14125
13792
13998
2717
13641
2811
14073
14120
14101
13562
2913
13572
13503
2886
2909
13977
13815
2972
2849
13832
13955
13886
2792
14087
14012
13603
2873
2708
2896
13975
13919
14088
2903
2771
14185
14093
2705
13619
13750
13813
14184
14026
13589
13927
13652
13820
2774
2744
13865
13932
2788
2852
2797
13542
2755
13807
14059
13571
13991
13780
13772
2962
13611
2877
2943
13857
2996
13567
14147
14081
13660
14164
13730
13519
13935
13997
14168
2780
2844
13570
14058
14052
13800
13838
13789
14173
14142
13819
2887
13747
13936
14130
13702
2750
13581
13591
13843
2739
14064
14098
14186
13549
14103
13909
2845
13915
13684
13528
13635
14033
13555
13678
13770
2975
13990
13938
13775
2883
2740
2991
13552
13646
2891
13913
14179
13942
13587
13667
14785
14213
14519
3183
3128
14388
3093
3213
3116
3236
14353
14720
14635
14368
3109
14756
3005
3037
14260
14453
14438
3222
14734
14487
3221
14767
3193
3258
14640
3207
14390
3068
14259
3039
3084
14652
14572
14233
14491
14449
14493
14820
14414
14432
14278
14246
3272
3129
14582
14299
14243
14350
14746
14704
14605
14311
14834
14369
3025
3011
14521
3220
14672
3083
14771
14599
14797
14465
14703
14293
14683
14226
14896
14878
14826
3172
3055
14765
3105
3050
14793
14742
14298
14661
14645
3219
14309
14396
14292
3063
14425
3027
3275
3112
3248
14270
14346
14691
3130
14412
14585
14208
14394
14893
3142
3270
14468
3141
14884
14544
3082
3094
14397
3135
14576
14524
14577
14285
14326
14563
14469
14657
14565
3235
3131
14423
14481
3138
3215
3251
14633
14777
14515
3212
14495
14819
14803
14271
14626
14354
14560
3256
14871
14780
14875
3098
3287
3119
14392
14716
3165
14860
3054
14876
14534
14253
3064
3228
3072
14533
14345
3073
3070
14594
14530
14805
3200
3168
14655
3113
14872
14658
14328
14705
3020
14332
14768
14404
14676
14735
14851
14206
14666
14545
14751
14282
14732
3223
3010
14644
3092
3286
3031
14761
3260
3044
14348
3042
14885
14654
14263
3035
14556
3254
14864
3186
14714
14265
3198
3244
3009
14266
3177
3088
3013
3081
14612
14235
3047
14448
14381
3181
14245
14306
3201
14839
14262
3021
3137
14443
3124
3160
14410
3080
3281
14280
14297
3014
3079
14295
3144
14836
14407
14721
14273
3133
3278
3263
14719
14697
14883
14737
3159
14827
14500
14302
14643
14846
14796
3206
3048
14680
3115
14850
14384
3040
3273
3052
3043
3241
3090
14634
3153
14743
14758
14772
14241
3185
14702
3117
14709
14217
14513
14325
14728
14725
14547
3022
14400
3114
14790
14690
3151
14866
14421
14877
14558
14656
14379
14868
15438
15519
15151
15034
14943
14958
15056
3368
15257
15569
15199
15130
15589
15188
3340
15482
15267
3578
15098
15495
3508
3384
3348
3536
15488
14913
3409
3357
3456
15309
15061
15386
15590
15113
15002
15159
15018
15230
3533
15556
3323
3596
15431
14975
14952
3330
15326
15146
15133
15511
14904
15493
14916
3351
3579
14979
15534
3381
15403
15435
3404
3554
3512
14978
3460
15045
3555
15210
3541
15173
3477
15003
3448
15115
15538
3473
3556
14923
3325
15201
15377
15332
15038
15522
15016
15393
3413
15161
15024
3455
3520
15494
3534
15192
15066
3353
3492
15160
14984
14987
15076
3490
15033
3412
15523
15592
15145
15542
3420
15460
15004
15020
3426
15485
15053
15388
15109
3397
15000
15380
15225
14946
15526
3343
14936
3543
15258
3450
15263
15392
15555
15396
15139
15446
14961
15591
3322
15196
15441
14933
14996
3435
14953
15179
3415
15244
15207
15077
15107
15229
15157
15249
3537
15331
3545
15342
15120
15548
15042
15528
3586
15241
3358
15238
15337
15168
15318
3328
3575
3416
15158
15215
15181
3594
15222
15301
3321
15095
15251
14973
15148
3308
15093
15096
15328
14980
3563
3553
15479
15292
15170
14991
15419
15372
3311
3302
14929
15406
3551
3314
3396
15128
14932
15069
14910
15361
15415
15111
15443
3590
15112
15584
3307
15100
14998
15457
14954
15471
15239
3300
15132
15175
15472
3589
3591
15197
3443
15413
15284
15048
15565
15465
15524
15143
15586
3574
3423
14971
15007
15477
15162
15324
15212
15459
15010
15439
3582
3472
3331
3383
15134
3327
3549
3548
3540
14922
14902
15410
14903
3467
15264
15501
15347
3539
15458
15182
3572
15118
15219
3461
14944
15553
15137
15323
15334
3334
3559
14934
15166
15448
15375
3453
15478
14992
15101
15444
15515
3407
3304
15341
15083
15365
3478
15598
3369
15087
3366
15340
14947
14940
16258
3790
3711
15716
3663
3655
15810
15930
3714
16025
16282
3695
3756
15651
15895
3610
3839
15697
16192
3717
3809
15721
15672
15840
16119
3804
15977
3678
15879
3797
15764
16017
16274
15602
15823
15740
3864
16122
3646
3662
16002
16137
16140
15974
15896
16016
3891
15691
3810
3650
16227
16268
3818
3816
15796
15683
15875
3872
15713
15888
16039
16027
15649
16011
3847
15964
3757
15901
15730
16199
16058
16101
16082
15671
16193
3833
16130
3762
16110
3813
15690
15715
15725
3743
16293
16096
3866
3737
15724
3701
16143
16013
3712
15743
16090
3892
3684
15880
15871
3651
16074
16191
16093
16112
15772
15608
16296
16187
15737
3656
15851
15922
3836
16241
16217
15857
16037
16245
15889
3619
15915
15907
15945
15845
15905
3807
3753
3705
16171
3861
15946
15959
16100
16250
3634
15686
3898
15825
3791
15834
15854
15944
3658
15689
3698
3642
15668
3823
15862
15953
15693
3729
3727
3848
3675
15624
3808
15884
16185
16102
16131
3621
3766
16263
15933
15870
15955
15807
16108
3875
3829
15995
3600
3888
16004
16043
15607
3640
15774
3677
15776
15979
16299
3845
15684
16089
3670
3759
15996
15982
15625
16235
16265
16048
15849
15887
16248
15726
15987
3883
15943
15983
16099
16208
16234
3694
15858
3706
3648
16259
15746
16018
15714
3814
15761
16014
3803
16256
15604
15601
15863
16028
3747
3788
3755
3897
16218
16040
16087
15613
16113
15629
15893
15729
15719
16095
15859
15962
16012
3723
16214
16159
15675
15656
16076
15784
3828
15609
3844
15647
16264
3680
16195
3664
15637
16020
15773
15703
16249
16109
3671
15652
15670
3653
16008
16078
15931
15744
15827
15674
15809
16232
16125
3739
3732
3827
15997
16022
3608
3798
15963
3896
15741
3659
15920
15751
15673
16292
16278
15970
16068
15994
15766
16240
3874
16194
3696
16075
16221
3637
16904
4007
16553
3943
3900
3933
16926
16614
16417
16376
16878
16317
3998
16735
4120
16478
4122
16382
16510
16936
4189
4190
16751
3939
16601
16959
16665
16611
16923
16684
16398
16531
16858
16549
16747
16394
16927
16314
4021
16713
3948
16960
4168
16384
16925
16758
16801
16504
16433
16651
4064
16508
16563
16846
16496
16512
4178
16668
16679
4091
16386
16748
16641
16944
4140
16475
3907
4160
16974
16947
16451
16602
16556
16692
16862
16775
4130
4100
3901
3923
16797
4085
16986
16761
3972
16459
16770
3928
16537
4023
16370
4070
16921
16780
16756
3956
16849
16596
4112
16836
16638
16954
4004
16690
4153
16305
3951
16358
16952
3963
16397
16777
16389
16426
16884
16407
16851
4106
16995
16365
3915
16919
16492
3911
4052
16529
4195
16449
4026
16413
16762
16798
16666
16850
16448
16994
16814
16581
3979
16523
16750
16375
16760
4072
16626
16658
3971
16946
16718
3944
16646
16821
16915
4194
4076
4041
16479
4110
16771
16793
16418
16854
16530
4152
16399
16470
16784
16647
3908
4165
4163
16615
16794
3996
16380
16873
16795
16996
16987
16840
16800
16708
4033
16953
16608
16458
16542
16886
16660
4101
16313
16476
4192
16334
16682
16970
16981
4109
16879
4121
16450
16642
4086
4068
16525
16351
16452
16993
16753
3946
4115
16743
16979
16764
16856
16357
4050
16806
16831
4173
3904
16462
4060
16330
16597
16521
16883
16454
16610
4056
16579
3910
3912
16632
4199
16429
16689
4154
16319
16560
16541
16359
16509
16985
16693
16515
3934
16754
4035
16867
4156
16489
4113
16562
3918
4166
16421
16463
16916
3953
3917
16892
4077
16778
16906
4075
16719
16810
4055
16977
16617
16971
4182
16622
16584
16487
16688
16306
16594
16437
16456
16363
4181
16691
16670
4170
3952
4172
16695
16711
3941
16685
16966
4038
4037
4092
4108
16661
16655
3964
17204
4293
4406
17505
17559
17603
4310
17447
17234
17511
17087
4365
4252
4417
17552
4238
17428
17113
17457
17202
4281
17544
4499
17016
17295
17311
4341
17491
4402
4294
4396
4363
17325
17132
17417
17634
17146
17285
17185
4389
17138
4449
17494
4200
17080
4259
17407
17493
17216
17659
4485
17492
17137
17309
17215
17110
17454
4481
17056
17583
17070
17123
4468
17419
17340
17007
4371
17384
17416
17187
17632
4457
17667
4418
17222
4224
17571
17400
4202
4220
4372
4229
17096
4357
17523
17436
17665
4377
17650
17267
17425
17013
17082
17585
17367
4436
17232
4473
17620
17506
17352
17644
17365
4401
4442
4367
17499
17192
17281
17153
4489
17388
4479
17221
17674
17546
17560
17660
17262
17313
4318
4263
4350
17458
4333
17597
17379
17383
17163
17164
17097
17316
17698
17357
17503
4455
4362
17335
17420
17046
4221
17520
4453
17470
17084
17238
17542
17112
4299
17152
4314
17089
4382
17106
17427
17622
4462
17272
4207
17584
17136
4311
17201
17035
17349
4419
4287
17156
4302
17652
17446
17127
4368
4387
17596
17210
4332
17291
4300
17451
4216
17566
17095
17298
4397
17060
17482
17575
4347
17310
17302
17331
17630
4282
17512
4439
17395
17373
17277
4303
4233
17103
17126
17276
17320
17424
4379
17171
17465
4444
17015
4467
17403
17319
17387
4384
4420
17270
4400
17176
17025
17275
4359
17032
4346
17330
4223
17570
17414
17413
17599
17502
17001
17564
17694
17396
17317
4255
17072
17655
4435
17509
17440
4470
17020
17018
17299
4205
17012
17695
17635
17533
17002
17631
17044
17129
4475
17508
17075
4257
17004
17186
17606
4345
17182
17429
17683
17510
17054
4445
17507
4405
17679
4480
17172
17350
17550
17445
4414
17563
17519
4393
17393
17068
17345
17184
4284
17228
4231
17083
4327
4451
17399
17203
17241
4343
4413
17605
4386
17026
17837
17962
17704
4788
18016
17932
18065
18341
17951
4508
17833
17811
17780
4778
4516
17785
4742
17807
18371
17934
17810
4687
18033
17895
18201
4731
18388
4644
4732
4520
4783
17715
4562
18364
17770
18125
18004
18326
4671
18328
18397
4624
17923
17724
17764
18049
18367
4751
4637
18300
4578
18257
4760
4792
17805
18174
4503
18245
18180
17991
17885
18190
18339
4780
4759
17842
4715
17921
4728
4693
4680
18135
17909
4726
17763
18303
17818
18304
17863
4658
18165
18255
4718
18332
18337
18331
18058
18144
17933
18280
18211
17712
18325
17743
4598
4634
18373
18235
4577
17940
18134
18105
4711
4799
17892
18017
18242
4750
18369
18281
18142
4645
4557
17777
17812
18228
4774
18278
17941
4791
17736
4727
18161
17773
18266
4663
18265
18111
18063
17760
18239
4622
18166
18119
17938
18299
4686
17806
4589
4550
17789
17781
18191
17969
17745
17835
4684
17709
4796
17871
18060
17899
17816
18346
18335
4517
18319
17870
4670
4606
17758
18183
17800
18296
4704
18014
4682
18095
4708
17859
18334
18078
17872
18024
4737
17929
17927
17713
4592
17845
18163
18009
18342
17765
18219
18396
4502
18208
17732
17913
18237
17790
4681
18146
17829
4572
4564
4544
17755
18054
4584
18222
17903
18362
4595
4552
17772
18393
18048
4636
18217
17814
18045
18098
4585
4515
4594
18318
17721
17875
18250
4647
17756
4794
18002
18327
18057
17707
17954
18116
17953
18150
4707
4668
17775
4757
18205
18226
17861
18110
17994
17711
4602
4522
18390
18159
18292
17722
17894
4643
18258
18323
17705
17747
18312
18305
18185
4621
17931
18108
18260
17936
17820
17819
4541
4705
18066
18333
18155
4733
18167
4786
17939
4729
17973
18244
18389
17734
18264
18267
4581
4672
4678
4631
17864
18156
17947
4576
18053
18074
18338
18036
4639
4558
18394
18083
18117
4719
17794
17744
18886
18973
18863
18640
18914
18599
19051
18446
18486
19047
5050
18438
18781
4910
18667
18682
18777
18414
18934
5049
4972
18432
4812
18651
18704
4806
4951
18654
19027
18453
18522
18767
18802
18542
18941
18454
18615
4992
5002
18822
18563
18827
18451
4966
4824
18898
4907
18605
18958
18450
18494
18943
18591
18779
18960
18712
18433
5016
4821
4892
4919
18965
18834
4971
18876
18518
18639
4870
4877
18666
18703
4937
18660
18997
18813
18483
18748
4862
18988
4879
18851
19034
18751
5083
18798
18982
4925
18458
18921
4847
4965
18407
18460
18942
19003
4981
18979
18470
19081
19065
19045
5009
18879
5099
18472
18991
4944
4891
5044
4871
4864
18747
19064
18531
18916
18801
19040
4927
18650
18865
4894
18750
5013
18891
18603
5064
18652
18874
18920
18595
18975
18581
18913
19010
18636
5005
18408
18832
18423
18560
19036
5080
5059
18727
5041
18578
18907
4923
18426
18633
18526
18785
4886
19090
5095
4960
19015
19011
5066
18612
18796
18434
18424
18491
18892
4826
18737
18405
18467
18867
18431
18733
18642
4830
18743
5063
18702
18690
19008
18635
4868
5040
5026
19097
18839
18869
4811
18538
19004
18836
18502
18658
4945
18964
18875
5070
4914
5032
18717
18998
5024
18752
18946
5082
18971
18428
19076
18436
18683
18734
18568
18910
4930
4802
4956
18593
4999
18580
4985
4957
18449
4980
18457
18901
18706
18440
18447
4897
4822
18645
18579
19094
5072
19018
18523
18881
18477
18864
19028
18959
19023
19054
18724
5029
18951
4901
18574
4865
4837
18918
18492
18663
19038
5010
18769
18586
18815
5015
19073
19005
18719
18412
5091
18877
5055
18729
18485
18513
4986
18606
4829
4846
5001
19071
4903
18714
4817
4867
4805
18945
18400
18559
5088
18976
4902
18986
18583
18556
4916
18413
5019
18772
18987
5006
18967
18823
18570
18923
4845
18692
5376
19306
19376
19340
5377
5149
5218
5352
19793
19636
5374
5244
19269
19210
19332
19300
5197
19231
5326
19228
19742
19451
19116
19556
5294
5154
19435
19248
19779
19257
19677
19440
19748
5322
5271
19325
19575
19639
19357
19179
5318
19270
19359
19141
19426
19431
5107
19566
19138
19733
19229
19711
19682
19516
19393
5345
5315
5180
19291
19404
5394
19407
19456
5299
19237
19719
5114
19505
19363
5140
5223
19467
5397
5247
5346
19427
19213
5273
5113
19214
5332
5166
19172
19614
19766
19681
5237
5399
19165
19203
19218
19272
5396
19151
5254
19115
19308
19554
5357
5201
19131
19707
19354
19618
5272
5390
19253
19415
5262
19765
5288
19107
19626
5264
19422
19610
19482
19484
19746
19518
19644
19100
5115
19215
5145
19522
19298
19195
19339
5152
19777
19568
19635
19656
19159
5270
5162
19692
19586
5253
19445
19543
19474
5382
19661
19204
19101
19180
5350
19383
19561
19361
19227
5124
5365
19102
19274
5255
19157
5172
19333
19337
19311
5327
5293
19734
19277
5215
19192
5156
5302
19771
5242
19461
19143
5177
19411
5193
5153
5342
19770
19705
19606
19168
19595
5178
19242
5258
19284
5311
19233
19144
5203
19164
5214
19608
19785
19391
19485
19444
19154
19190
19278
19688
5235
19455
5184
19725
5249
5380
5134
19498
19727
5121
19299
5355
19268
5338
19127
19495
5240
19182
5259
19478
19113
19601
19671
19741
5138
19537
19400
19208
19781
5298
19717
19611
19619
19266
5170
19596
19209
19263
19342
19241
19347
19530
19189
19623
19281
19529
19524
19234
19122
19255
19470
19124
19417
19352
19454
5123
19569
19128
5367
19114
19390
19202
19654
19703
5243
19757
19225
5155
19562
5306
19145
19767
19224
19535
19592
19756
5112
19297
19708
19158
5263
19473
5340
19245
19670
19672
19184
5211
19405
19191
19439
19437
19312
5280
19676
19630
5423
5634
20096
20202
5613
20024
20067
20137
5609
20205
20365
5553
5519
20436
19925
20358
20150
5574
20279
5529
19984
5615
5549
20242
19810
19990
20064
20084
20225
20471
20046
19835
20048
20004
5414
5407
20178
20020
19815
20308
20409
20482
5581
5489
5570
20059
20180
20408
5535
20120
20298
5651
5420
20334
20035
20479
19845
5601
20418
19825
20447
20315
20450
20433
5427
20044
20445
20069
20204
5623
19993
19900
20375
20201
5465
5677
20188
5614
5658
20283
5567
20353
20459
5466
20373
20344
19938
19869
20307
19820
5626
20316
19871
5413
5586
20113
20478
5436
19947
19890
20487
19875
20286
20066
20310
19824
20053
5674
19876
20306
20033
5624
5653
5503
19963
5625
20394
5616
19979
19802
20003
20498
19917
19991
20085
20151
5693
5497
5481
19897
20295
19894
5458
20161
5505
20438
5514
20017
5456
20061
5526
19903
20356
20465
19830
19870
20426
19967
19960
20222
20362
20241
20318
20056
19934
5483
20259
19803
20133
5443
20421
19946
20332
19931
5513
19952
5563
20229
20311
5502
20170
19953
20099
20112
20312
20107
5649
20212
5630
5605
20389
19950
20157
20336
19945
20299
5689
5565
5445
20135
20322
20121
20289
19920
5550
20187
19887
5690
5620
5454
5540
5473
20042
5642
20255
19986
5640
20452
19857
20011
5595
20073
20070
20163
20244
20028
20415
5437
20392
5515
20378
20401
20476
20052
20274
5638
20247
5698
5462
5470
5617
5478
19865
20102
5402
5448
19971
5648
5576
5408
20166
19980
19998
20456
20227
20496
5425
20000
20354
5633
5544
20088
20140
5528
20065
5509
20122
20075
20223
19995
20343
20405
5412
20387
20398
20280
5460
19895
20115
20174
19964
20262
19801
5479
19974
20154
5444
20281
5406
19848
5522
20419
5564
5569
20221
5680
19829
5662
19853
5487
20403
20089
20072
5461
5463
5536
19859
20090
5491
20424
21080
20906
20552
5908
5930
20905
5991
20931
20867
20775
21171
5939
20601
21116
5995
20910
20983
5924
20893
20847
5941
5808
20902
20556
21139
20871
20916
5756
21158
21161
20836
20719
21156
5817
20701
5921
21054
20918
20936
20681
5800
5809
20941
20759
20521
20813
21198
20691
20530
5965
21117
20765
20687
20956
20686
20589
20978
20720
5759
20583
20798
5858
5996
20660
5982
20972
20726
5736
20542
5853
21154
20964
21036
20677
21103
5899
21188
20812
20585
20914
20508
5954
5718
5750
5836
21111
20525
5816
20529
21051
21132
21044
20586
21015
20662
21089
20961
20797
20944
5986
20973
20756
20842
21078
20539
20501
21013
5961
20904
5942
5843
20966
20509
20971
5804
20920
21000
5754
20773
21119
5856
20872
20985
20840
20640
20678
5793
5796
20658
5757
20548
5905
20647
21057
5780
5906
20584
21166
20599
20949
21021
20760
20786
5863
5781
20610
5782
21009
5720
20890
20977
20520
5802
20948
5713
5938
5789
5932
20546
5896
20738
20652
21007
5983
20945
5886
21172
5976
20523
5970
21062
21027
5922
20864
5855
20600
20764
20622
20700
5776
21164
5841
5775
21006
20526
5901
20568
20549
20809
21033
5772
21093
5768
21131
21045
5706
20669
5834
20633
5923
20831
20997
20794
5830
21097
21192
21076
21147
5949
20829
5844
20694
20913
5871
20782
20711
21140
5811
20708
21016
21176
5818
20962
21121
5914
21126
20591
21040
21061
5805
5707
21094
5784
21194
5842
20566
21102
20825
5703
21003
21030
21084
5764
21149
21173
21125
5742
20572
5953
5909
20537
5708
5751
5826
21055
20980
21177
5990
21189
21199
21063
5876
5890
20953
20793
20870
5835
5878
5917
20758
20950
20808
20532
20551
20522
20619
20770
20879
21031
20795
20588
5894
21178
21017
5765
21168
20907
20679
21153
20991
5779
5918
20559
5749
5821
21144
20693
5999
20625
21046
6175
6244
21866
6295
21498
21232
21369
6161
6033
21812
21391
6254
21735
21871
6198
6264
21654
6109
21256
21749
21272
21696
6271
6049
6010
21723
21896
21641
21452
21464
21773
21466
21741
21868
21791
21891
21894
21820
21581
6213
6235
6103
21890
21370
6204
21213
21802
21624
6000
6120
21317
6229
21850
6294
21881
21721
21742
21710
6059
6047
21268
21852
21744
6028
21316
6084
21352
6290
21389
21711
21591
21385
21542
6183
21386
6158
21318
21497
21619
6228
6269
6105
21605
21756
6044
21632
21788
6159
6287
21875
6211
6024
6253
21459
21768
21421
21630
6110
6068
21219
21673
21471
21626
6273
21508
21672
21645
21548
21888
6062
6072
21799
6111
21666
21869
21779
6015
6064
21838
21709
6236
21297
6005
21683
21797
21202
21691
6267
21362
21578
6126
6245
6240
6067
6107
21264
21429
6299
6128
6205
6065
21801
6233
21504
21740
6081
21547
21584
21209
21766
6270
21315
6274
21455
21299
21482
6095
21776
21283
21323
21338
21635
21342
21273
21811
21519
21755
21340
6091
21384
21308
21358
21392
21803
21593
6209
6090
21505
6167
21488
6036
21814
21648
6246
21271
21899
21816
21724
21856
21653
6080
21765
6008
21678
6196
21715
6102
21862
21858
21448
21889
6139
21258
21449
21418
21595
21596
21337
6046
21589
21892
21643
21637
6181
21832
21309
21247
21826
21872
21713
21403
6112
21261
21603
21284
6045
21655
6218
21569
21354
21475
21677
21293
21821
21789
21534
21501
21319
21322
6038
6199
21893
21601
21414
6285
21269
6224
21458
21467
21775
21714
21335
21445
21734
6168
6192
21277
21607
21573
21226
21556
21238
21275
21718
21298
6157
6066
21296
21487
21774
6076
21397
21587
21432
21250
6082
21841
6260
21374
21483
21303
21549
6048
6032
21863
6078
21451
21703
6193
21529
21825
21255
21343
6255
21480
6293
21570
21233
21844
21417
6387
6377
6389
22168
22260
6423
6520
22491
22381
21955
6426
22478
22509
6481
6478
6482
6491
22414
6555
6572
21957
22220
21936
22149
6467
6494
6341
22043
6349
6550
21961
22181
6333
6475
6541
6452
6330
6310
22395
21997
22370
21999
22598
22103
6356
22091
21947
22135
21998
22184
22007
22499
21931
22190
6396
22179
22462
22042
22320
6548
22431
6441
22275
6443
22585
22313
22393
22127
22158
6381
22188
6564
22594
22057
22435
22147
21904
22505
22032
22162
22110
22490
22480
22116
22427
22361
22461
22051
6322
22550
21995
22243
22519
22192
22138
22117
22360
6472
22590
22126
6332
6367
22022
22266
22078
22463
22055
22171
6529
6407
22268
21982
6327
22097
6576
22017
6424
22018
6557
6514
6304
22053
22146
22353
22311
22139
22074
22182
22213
6575
22443
22592
22444
6509
22269
22198
6375
6582
22261
22245
6438
21960
22459
21993
22312
22342
22560
22457
22479
21919
22359
22348
22481
22173
22154
22502
22099
21964
22466
22203
22121
22449
22284
6490
22064
6497
22207
22564
6463
22152
22177
22456
22111
6301
22515
22036
22374
22567
22218
22232
6425
22556
22389
21949
22569
22392
22079
22153
21980
22467
6414
22005
22539
6486
22133
22588
22165
22364
6460
22584
22248
6392
22006
22234
22052
22453
6357
21912
22241
22239
22205
6431
6313
6439
22528
22433
6402
22580
22586
21924
21973
22174
22378
21934
6413
22523
22229
22048
6315
22230
22576
22517
22120
22045
6433
22475
6487
21911
22366
6335
21975
21978
21928
21922
22596
22049
6526
22447
22503
22376
6532
22008
21917
21969
6558
22390
6511
22536
22175
6543
6417
22004
22163
22535
6468
22440
6311
22408
6421
22436
22485
22267
21976
6398
22482
22068
22319
22565
6342
6596
22421
22489
21983
21992
6546
22437
22071
22411
22210
22500
6501
22206
22501
6531
6536
22041
22118
6384
6571
22001
6854
6648
23036
23208
23012
6869
23121
23114
6874
23291
22855
6883
23153
22964
22800
6853
23022
6830
23106
6899
22683
23229
22849
22654
6651
22604
22719
23006
23039
6832
23115
22619
22786
22668
6836
23204
22781
22659
23239
22963
6725
6721
6865
22991
22857
22872
6896
23244
23222
22600
22648
6850
6719
6621
22866
23255
23010
6862
22831
22838
22794
23231
23274
22692
22983
22769
22989
6809
22626
23158
23055
23265
6624
23186
6772
22696
22935
6784
22885
23066
6848
22816
6844
22937
23024
23067
22629
23248
6742
22957
23014
23251
6826
23143
22646
23000
23064
6829
6729
22782
6609
23004
22817
6839
23276
6837
6792
6786
23260
22678
23213
22985
22919
23065
6630
6690
23062
6622
23023
22832
22905
23051
22657
6814
6885
6834
23132
22759
6641
22647
22641
6870
23097
6658
23182
23285
6676
22869
23093
22998
23073
23016
22736
23145
22917
22689
6754
6805
6675
6866
22882
22815
23127
6724
22842
23071
23270
22813
23111
22865
6738
22627
22847
22702
23077
23170
23196
22728
23159
6603
6872
23027
23206
22753
22636
6700
23185
23173
6734
22863
23079
22731
22601
6808
22750
6877
22739
22662
23148
23299
6781
22921
22848
23069
22918
6713
22940
6672
23188
6800
22930
22699
6762
6711
23240
22638
22705
23031
23263
22673
23028
6864
23100
23289
6771
22703
23063
23268
23215
6611
6835
23232
22621
6644
6632
22936
22779
23046
6642
23160
22956
23125
22718
23075
6794
22776
22734
22658
22643
22690
23109
6760
23209
23133
22835
22672
22951
23130
23272
23297
23171
22911
23254
22960
6892
22986
22996
22862
6889
23009
22943
22669
6715
6685
22806
6634
22609
22780
23087
22999
6650
23241
22656
22853
22742
22707
6615
23199
22852
6867
23131
6629
23194
22834
6776
6743
6882
23029
23134
22870
22950
6671
23282
22970
22887
22876
22645
23092
23246
6691
7079
23932
23841
7020
7019
23916
23892
23781
7193
23802
7055
23579
23986
23786
7048
23302
6920
23338
23417
23474
23908
23911
7042
23731
23733
6991
23312
6928
23463
23933
23530
23695
7031
23778
23567
23658
23995
23432
23678
23551
23872
23564
6955
23637
23603
7051
7091
7095
7058
6936
7071
6953
23744
23465
7114
6957
23889
7015
6944
23431
23594
23549
23960
23730
23538
6973
7136
6950
23629
23562
6949
7140
23435
23452
23799
7181
6924
23735
7198
23557
23750
7150
6996
23372
23412
23710
23650
6939
23582
6974
23346
23640
23764
23331
23425
23874
23429
23560
23928
23752
6931
23902
23981
6912
23840
23522
23905
7075
23447
23878
7005
23761
23797
7080
23627
23485
7188
23848
7186
7088
23756
7108
23517
6970
23758
23789
7113
23323
7007
23858
23632
23700
7018
23408
23696
7189
23454
7175
23602
23901
6908
23850
23506
6966
23388
23999
23450
6971
7194
6915
23434
23453
7052
23513
23309
23962
6938
23727
23495
23736
23725
23893
6932
6962
7102
23795
23552
23740
6922
23301
23490
23948
23814
6981
23896
23321
23762
23699
7046
23785
7068
23763
23427
23569
23674
23526
23581
7011
23661
23809
23709
23597
23972
23808
23935
6916
23543
23746
7026
23379
23842
7174
7008
23755
23987
6937
7152
6930
23663
6948
23470
23909
23877
23991
23819
23360
23458
23355
23914
23363
7040
7147
23852
23669
23708
7027
7024
23823
6988
23311
23768
23705
23927
7022
23983
7099
23926
23844
23318
23389
23609
23645
23336
23612
7009
23420
6975
7137
6925
23891
23989
23692
23394
23861
7037
23838
23715
23406
23575
23387
23416
6952
23367
7159
7063
23481
7133
23867
7094
23460
23558
23536
23628
23396
23834
23821
7038
23356
7103
23828
7169
7086
23625
23817
23433
7145
7074
23869
23540
23613
23324
7072
23665
7166
23660
23510
23455
6994
23619
23333
