7686
7399
7830
217
7703
69
7710
98
7883
78
7675
7258
7520
7824
7769
168
293
7346
7475
7344
7507
7585
7413
7697
7826
7365
7327
151
236
7227
7621
7466
7448
7569
7609
142
171
7296
7755
203
7292
139
7482
7547
7463
7328
7753
7634
7583
7884
7351
7740
15
7214
7739
7649
103
192
7815
7593
216
123
7778
7691
52
114
111
7210
7383
76
199
7757
7899
7269
7357
191
7402
7808
7513
71
7308
48
7254
99
7325
7746
7236
7636
7786
7530
7779
7405
7241
214
7780
7765
172
7485
7252
7262
211
7565
7494
7628
7226
7663
54
7469
188
7846
7788
7747
7848
7639
7392
7861
7625
7641
261
7498
7322
7533
7367
7548
7734
7307
7319
7667
7589
7571
207
7801
7680
7721
276
280
7654
7566
7828
7653
7313
210
25
7868
7611
7342
7302
7398
189
7756
7200
7656
7443
7771
248
7504
7363
7817
46
7517
7792
7433
7873
169
7720
33
176
7814
147
7429
7456
7338
7334
7525
7579
7587
7297
126
200
7679
7706
7759
7317
7762
7477
7246
7503
56
136
7600
7642
7671
7364
7373
7350
7864
7823
7495
113
7618
7321
165
7528
7685
7293
7554
7474
7819
7784
7426
7690
7789
7400
7813
115
28
7271
7243
105
7381
7250
204
14
7409
7452
7736
7245
7742
134
7486
7519
53
58
7766
7497
7445
7237
7540
7511
274
7257
7862
7603
7479
7545
7568
7550
226
7804
7599
284
7637
144
7301
232
7768
140
7732
242
7619
7773
7447
68
7627
265
7624
7726
7800
167
7483
7716
7280
7677
7752
132
7406
7896
7480
19
180
277
7897
179
7442
201
7847
7541
7270
7341
7358
286
7435
7218
7555
45
7539
7403
7838
7361
288
8431
8477
7931
8198
417
7965
7954
351
8448
306
8054
8163
8329
8541
8439
7968
8596
8252
7976
8166
493
8247
413
8519
8279
590
8577
7924
407
8154
8450
7969
8544
8134
8579
8138
8172
8396
535
323
8538
7973
8287
8180
8146
8219
7918
347
311
8493
400
8007
7927
7939
8528
8494
7950
8319
8522
7983
471
7906
495
8367
8038
8248
8588
509
517
8322
8428
8347
8337
8598
8305
7903
8582
333
545
8411
8270
8383
8484
481
8357
486
8209
8137
397
8530
7955
461
341
520
515
8419
555
8326
8011
8107
8119
362
455
492
8020
7962
7961
8088
8384
8067
8562
8371
8100
8075
470
401
8096
8060
8254
8499
8456
8115
8552
8210
379
7970
8000
8197
8375
8515
8435
569
8380
408
8179
8593
8529
8573
501
457
532
8532
318
8058
427
8527
8525
8150
8243
7901
8526
8018
465
556
386
8275
8542
358
484
366
526
8512
411
8557
321
344
7960
477
575
8153
8170
578
410
7907
488
8416
8225
7992
8309
336
301
8144
7951
8191
385
7966
8308
8320
571
8014
581
583
7915
7972
8095
521
8507
8440
8312
8091
8385
8447
8164
8216
317
8203
8457
8463
8171
7967
8288
444
8228
338
8101
8445
485
499
8346
503
7914
387
8345
395
8245
7930
8250
8599
8297
8073
595
8480
8158
8267
437
8050
415
8084
8276
8555
8047
8379
428
8581
8366
8022
337
8316
8032
8291
8549
8438
469
8061
8118
8468
561
354
8220
8169
8451
8343
524
8425
8262
8578
8334
8019
8141
8452
8455
536
8167
8025
8503
8583
8193
8140
8524
447
8352
8517
8284
8041
8576
8317
8072
7942
8086
414
8444
8340
454
8049
8495
8070
459
599
8533
8196
9233
751
781
9244
9283
9008
8627
9285
9131
830
8642
9204
9106
8661
671
8862
8859
8995
8902
8834
8795
776
8863
9063
8817
811
8647
8988
8706
8708
786
8768
9098
8922
8934
8843
613
691
8771
8879
648
9064
831
8958
8941
9122
779
756
8975
865
9061
9110
881
8659
9252
828
8637
8990
8781
8737
9067
8634
8618
8840
8961
833
9172
8700
9141
772
9248
877
9073
8986
8665
626
9057
8889
814
9168
9059
9129
8740
832
8845
9184
8640
793
9288
604
9151
8713
8724
8963
647
8806
9078
642
8670
775
8848
698
8959
8791
8699
858
8892
9047
8786
674
9070
652
8736
9143
8895
873
9132
848
8849
791
609
9175
9208
8937
9154
800
9006
8792
9165
8978
669
9079
745
611
9269
664
8769
9088
8932
635
8797
9138
8857
617
9002
676
8841
9094
8602
8766
9038
843
770
8623
8823
9200
8774
844
8864
643
8752
639
9105
9052
8765
8952
8745
8650
8619
753
8927
638
625
8819
9258
712
650
9245
9145
624
8866
8867
687
8954
9187
847
780
769
9215
8928
9241
741
8746
8780
8693
892
8816
777
707
8991
9125
8730
8744
9202
8950
9214
734
9275
9161
8976
9075
9232
861
787
8981
8896
9176
9119
8739
8787
8904
8671
8688
8695
9133
9238
8964
803
8776
9294
8833
693
718
834
714
8712
8644
8705
645
9188
8751
9292
8675
880
9114
8890
8853
9039
662
8836
8822
9194
9080
8948
632
8953
9191
8847
851
8687
747
829
8651
9005
9085
9186
690
8722
649
9066
788
9246
710
878
8814
8992
896
836
9146
9107
805
9142
9225
8717
799
816
785
8733
752
9144
9007
9072
9195
9207
8994
9053
9264
9156
760
8731
9796
9525
9996
9917
9758
9619
958
9566
1073
9575
9494
9762
9727
9554
9434
9327
9304
1007
9934
9584
9706
953
9440
9677
1084
9348
9791
1010
9834
9889
9428
1025
9846
9468
9701
9616
9863
929
9809
1090
1101
9788
968
1059
917
9556
9615
9499
9991
1109
1165
9504
9570
9349
9723
9510
1106
9709
1096
950
9774
9724
1094
1113
9981
948
9885
9495
1072
1040
9365
9638
9819
944
9620
9887
1055
1020
1058
9766
9815
9467
1186
9715
9710
9328
9798
987
1027
9379
9322
9871
1112
9978
9363
9445
9875
9868
945
1068
9346
9759
9404
9582
9329
9913
9466
1075
9647
951
9747
9899
9576
956
9311
9457
9853
911
1079
9426
9767
9898
9835
1198
9911
1132
1006
901
9381
1176
9751
9805
1160
1011
1169
1146
9478
995
9757
9463
9625
9388
9736
972
9785
1095
9537
9470
1159
1177
9683
1161
1070
9782
921
9523
9973
9317
9401
916
937
9375
9318
9592
1001
9784
9716
923
992
1135
9319
9658
9794
9332
1197
9832
9928
9589
9717
9475
9465
9730
910
9893
1077
9678
9323
9368
1154
1032
9824
1083
9397
9643
1091
9960
9410
9881
9838
9487
9309
1124
9844
9924
9532
1016
1017
9325
9488
1118
9906
1149
1153
9666
9781
9929
9320
920
991
9360
9474
9629
9455
9331
1195
9947
1026
9990
9860
915
9883
1144
1033
9894
9735
902
9609
9939
9943
9361
9651
9520
9945
1157
1048
9969
9531
9966
9416
9527
9539
9652
1116
9628
9603
9599
1189
9817
9586
9341
912
9511
1019
1139
9777
9679
9830
9637
9764
9800
9344
1044
9932
9880
1102
1085
9659
970
9645
9964
9415
9850
9879
9598
9314
9633
1023
9572
9998
9812
1005
985
963
9760
9989
977
9749
9300
9866
9627
1218
10245
10653
10026
10168
1255
10540
1226
10610
10220
10096
10027
10225
1354
1308
10465
10367
1358
10557
1356
10277
10011
10669
1366
10239
10287
10456
1377
10347
10082
10579
10676
10623
10433
10028
10178
10122
10253
10596
10656
1378
10298
10553
10310
1362
10618
10675
1234
10223
10663
10299
1491
10018
1265
10314
1240
10560
10601
10412
1410
10550
1239
10491
1309
10044
10694
10430
10300
1318
10514
10613
10670
1438
1249
10634
10349
1384
10422
1291
1481
10530
10113
10436
1208
10578
1348
1304
1232
10373
10496
1373
10582
10084
10269
10272
1225
1262
1242
10386
10396
10597
1273
10570
10339
1296
10652
10050
1219
1388
1399
10131
1251
1241
10196
1415
10524
10029
1370
10278
10362
1288
10449
10326
10589
10304
10466
10215
1337
10147
1465
10495
10181
10485
10102
10219
10574
10590
10479
10647
10306
10649
10174
10355
1269
10372
1276
10217
10129
10211
10480
10571
10189
10369
10544
1363
10038
10487
10301
10332
10056
10364
10587
1433
10628
10549
10644
10004
1468
10175
1448
10302
1352
10039
1489
10159
10266
10202
10671
1332
10286
10105
10385
1260
1244
10614
10267
1459
1393
10234
1258
1200
1355
1463
10296
10342
1480
10624
10312
10358
10573
10049
1379
10444
10437
10248
1490
10061
10190
10504
10535
10470
10565
10555
10681
10359
1443
10625
1335
10472
10511
10651
1496
10360
10078
10035
10660
1342
10066
10012
10209
1284
10626
10073
10124
10020
1275
10611
1320
1474
10685
10567
1319
10001
10185
10643
10488
1406
10453
1237
1470
10404
10458
1466
10054
10158
10345
10019
10257
1268
1280
10125
1405
1407
10469
10319
10538
1360
1475
1409
10275
10137
10556
1429
10451
1315
1402
1351
1357
10199
1361
1413
10065
10512
10111
10258
10374
1246
10274
10138
10329
1462
1245
10493
10192
1485
10238
10417
10510
10141
1374
11044
1636
11073
11046
10800
11304
10942
10963
11215
11106
11283
11075
1783
1779
10940
11285
11160
11015
1631
1703
11086
10895
11011
1589
11321
1657
1662
11303
10793
11206
11150
10971
1686
11167
10759
10909
11380
1755
11395
1790
10992
11110
10947
11082
11223
11242
1540
1688
11098
11103
1590
11316
11083
11078
1735
10899
11359
1581
10888
10981
1776
1658
1584
11094
11214
10954
10946
1736
10913
11148
1644
1757
11379
1500
10728
11210
1510
1595
10738
1577
10944
1747
11114
10708
1645
1778
1697
10966
11054
11207
1559
10859
11115
10937
1521
1552
11324
10725
11217
11399
1641
10916
1578
1745
1743
10881
1673
11174
1718
11113
1770
11186
1534
10871
1717
10750
11183
11090
1547
1597
10853
11282
11096
10911
1618
1787
1628
10805
1515
11292
11019
11196
1691
11187
10839
11248
10891
11337
10832
10762
1622
1796
11048
10769
1564
1773
10868
11219
11345
10756
10731
1667
11155
1719
1715
11355
1754
10999
11381
10910
11296
11262
1649
10818
11301
1504
1555
1604
11335
11047
10975
1675
1795
11338
1524
1738
1756
1619
11077
10965
1679
11367
1752
10848
11298
11091
11156
11225
1594
1706
11179
1724
11365
11247
1535
11017
10760
11369
10876
10928
10882
10736
1609
1560
1744
1511
11056
11030
11005
10712
1588
11200
11203
11123
11328
10746
10784
1614
11382
11163
10837
11189
10814
10994
1601
10884
1625
11356
10879
1767
11134
1570
11147
11238
1585
11384
11396
1674
11372
1635
1661
1621
11267
1761
11127
10821
10743
11343
1788
1630
1758
10804
10819
1541
1694
1708
1637
10997
1696
1544
1606
11065
10956
10957
1502
10993
11182
1528
1538
1670
11264
11084
10774
11340
10852
11000
1602
10908
1700
11063
11256
10869
11366
1684
11212
10972
10935
10838
10801
10763
10813
1607
11279
10749
1532
10855
1786
10904
1575
11202
11478
11981
11870
11481
11499
1849
1933
2089
12018
11527
11837
1847
11679
11828
1837
11549
2060
11488
11428
12088
11610
11608
11760
1843
11790
2069
12039
11883
2028
2023
1872
2084
1851
1901
1974
2030
11917
11439
11810
11670
2052
11502
12077
11840
2058
1890
1919
11570
1817
1821
1904
12023
12094
2040
11611
1873
11653
11432
11909
12074
1982
11541
11564
11715
1985
1947
11529
11669
11431
2091
2054
12044
11833
2074
1927
11599
1845
11967
12071
12043
12017
11887
1897
1870
1952
1857
11990
11674
11417
11885
11598
11495
11948
11566
1887
11764
1938
11424
11781
11971
11681
11938
11966
11591
11464
11712
12046
1959
11496
11910
2050
11955
11931
11544
1859
11834
1913
11816
11894
11524
11808
1831
11824
12048
1900
11490
11961
2017
11503
12061
11412
11964
11619
1853
11731
1865
11842
11772
1917
11888
11996
11930
2082
11684
1815
11634
11505
11668
11664
2065
11928
1911
11778
1942
2034
1832
1987
1962
11736
11690
11916
1825
11420
1915
11621
11479
11646
11486
2086
11572
1951
11656
11543
11459
11587
11753
12067
12047
1992
11822
11576
11998
11558
2080
11571
11860
11937
2099
2072
11847
2092
1908
12090
11969
11580
11873
11418
11553
11891
11815
11435
11951
11876
11724
11919
2094
11997
11650
1898
1963
11560
12006
11592
11995
11443
11765
11538
11980
1866
1905
2053
11843
11857
12005
1874
11933
12089
11512
11469
11783
11914
12093
11869
11447
11625
11953
11562
12030
11968
1856
12055
1840
1981
11539
11696
11826
11875
1804
2029
12041
11792
1909
11737
11911
1896
11934
11957
1876
11926
11831
11497
1918
12066
1829
11706
11678
11515
11707
11460
12015
11438
11643
2018
11618
11766
11989
11743
11687
1906
11719
12004
11407
2045
12009
1869
11845
1852
2000
11960
12099
11729
11550
11633
11793
11769
11740
1844
12049
11739
12078
12734
2396
12104
2290
12678
12601
2346
12620
12602
12463
12245
12111
12772
2116
2125
12177
2284
12330
12128
2273
12462
12273
12549
12152
12691
12525
12101
2277
2368
2285
12733
12558
12339
12351
2110
2395
12418
12740
2366
2112
12435
12777
2265
12211
2212
12455
12254
12105
2379
12405
2133
12722
12348
2377
12397
2105
12149
2328
2240
2118
12765
12460
12715
12275
12332
2371
12743
2101
2148
2302
12676
12454
12380
12216
12750
2115
12286
12321
12167
12714
2171
2186
12548
2102
12439
12509
12181
12623
2299
2309
2344
2187
2214
12666
12421
12500
12766
2203
12236
12511
2253
12272
2348
12364
12440
12442
2224
12154
2387
12599
2388
2227
12246
12248
12559
2233
2384
12476
12408
12471
2165
12480
2175
2146
12300
2129
12532
12682
2375
2174
12441
12296
2339
12627
12285
2106
2189
12427
2210
12586
12316
12347
12158
12301
12681
12242
12331
12537
12799
2180
12135
2305
2361
2272
12118
12288
12663
12108
12533
12717
12281
12379
2274
2390
2135
12758
2114
12197
12784
12449
12642
2318
12360
12430
12369
12306
12572
12444
12553
12233
12114
12415
12112
12229
2260
12209
12251
12569
2257
12611
12492
12652
12312
12438
12417
12336
12115
12759
2204
2141
12141
12263
2392
12185
12732
12508
2326
12520
12253
2245
12721
2278
12173
12371
2283
2249
2266
12337
12199
2337
12412
12541
12654
2286
2247
12771
12338
2311
12368
2100
12741
12384
12551
12341
2317
12546
12655
12150
12129
12317
12266
2334
2359
2350
2235
12712
2163
2173
12184
12707
12782
2301
2178
12668
12279
12431
2336
2295
12738
12244
2168
12220
12458
2276
12450
12522
12125
12701
12534
12133
12673
12116
2279
2289
12170
12335
12452
2308
12702
12447
2362
12377
12268
2310
12708
2198
2120
12510
12289
2264
12748
2393
12760
12639
12457
2222
12210
2354
12544
12416
13038
13353
13222
2522
13411
13192
12993
13149
13241
2400
2606
13403
12998
2490
13233
13304
2444
2462
13075
13161
13362
13009
2617
13324
2550
13425
13226
2691
13079
13338
12973
2425
13068
13497
2449
13234
12950
13087
13133
13446
13421
2534
12960
13086
2450
12965
13267
13118
12958
2524
2546
2580
2555
2503
13209
13471
12940
13008
12826
13368
12927
2438
13126
13249
13484
13119
12963
13251
12933
13335
2618
2575
13157
12928
13336
2452
12875
13374
2501
13414
13031
12930
12870
13057
2683
13294
13224
13089
13381
12812
13306
12804
12981
2547
2586
13344
2470
2639
13185
13049
13054
2608
13456
13146
12878
13400
13186
13141
12806
13074
13017
13262
13011
13387
2554
13391
13194
13010
13416
2455
2465
13434
13284
13021
12929
2442
12800
13206
13193
13114
2519
13181
13268
2695
13184
13160
2679
13122
2686
2518
12892
13321
2637
13007
13398
13492
13295
13470
2401
12809
13205
2405
2436
13246
13367
13175
13094
13263
13358
12902
2458
2654
13072
13420
2538
13093
13097
13027
2463
13397
12999
12918
12897
12959
2468
2615
13316
12972
13300
12851
13269
2578
13424
2626
12956
13312
12954
13469
12926
12917
2585
2664
13123
13056
13099
2572
12845
13383
13048
13158
13069
2574
2523
13452
13493
2602
2620
13309
12835
2439
13433
12880
13168
13436
2505
2426
2635
2612
13363
13247
2653
2672
13473
13077
13427
13401
2529
13002
12991
12852
13372
12863
13322
13419
12945
13001
13459
2506
2566
2687
13311
13360
13379
13084
2427
2598
2560
13356
13422
12946
13253
2495
13399
13406
13015
13480
12935
13491
13030
12877
13299
13182
2644
2625
13000
2521
13033
13148
2657
12904
2512
12860
13486
13098
2483
13198
2484
2678
2647
13478
13428
2611
12898
2697
12934
2454
13389
2698
12828
13390
2430
13173
2527
13450
13047
2665
13178
12938
2640
2472
13790
14021
13746
2727
2796
13970
13714
13819
2740
13990
13959
14015
2835
13978
13635
13615
2734
2931
14182
14150
13582
13541
2998
13576
13542
2826
2919
2705
2982
13527
2718
14053
13593
13668
14089
13755
2953
13930
2842
14170
13901
2921
2983
14094
2867
14160
2792
13843
14128
13547
13763
2925
14023
13606
2892
13543
13858
14191
14134
13710
14146
13740
2786
13801
13731
14082
13818
14168
2732
14052
14109
13800
14017
13729
13557
13592
13961
13769
13873
13875
13908
14061
13706
14139
2808
13570
2742
13501
14019
13907
13846
13568
2806
13860
13997
13670
14179
14183
13513
13727
14088
2843
14167
13842
14045
13713
14154
2716
2769
2944
13588
14049
13799
14055
14047
14148
14084
2803
13509
13581
13793
13687
2707
13748
14187
13871
2708
2976
13583
13546
14151
2717
13626
2789
2839
13718
14014
13664
2883
13598
14188
2923
13826
13690
14104
13723
2851
13979
2825
14107
13996
13552
2915
2818
13803
13912
13618
14098
14192
2709
13816
2798
13872
13537
13985
2869
14087
13972
13561
2933
13681
13637
2753
2943
14046
13762
13994
13986
14069
13607
2736
13932
14102
14178
2895
2838
2788
13692
2816
14050
13934
13851
13797
13506
13782
2936
13831
2840
14163
13698
13691
14092
14159
13711
13644
2995
2775
14065
13760
13848
13870
2849
14016
13761
13973
14009
13556
14119
13707
13660
2817
2882
14003
2959
14199
13572
13682
2780
2836
13638
2966
13605
2724
2916
13807
13924
13504
2917
13666
2898
14137
13571
2922
13560
13521
13827
14048
14110
13950
13619
2702
13845
14165
13634
14172
13864
14131
2768
2715
2787
13897
13549
2896
13648
13955
13753
13573
2814
13866
13591
13861
14039
13599
13674
13614
14113
2822
13655
13520
14034
14158
13963
2906
13675
2968
13722
14133
13879
13947
2926
2726
2929
13613
13578
13798
13781
13808
2975
13923
2991
3268
3140
14391
14505
14433
14680
14253
14592
14747
14744
14324
3097
14507
14268
14777
14619
14611
14303
3105
3099
14411
14665
14230
14731
14392
3021
3177
3292
3255
14720
14764
3236
3076
3271
3191
14270
14886
14494
3086
14854
14461
14813
14536
14673
14825
14285
14837
14317
14496
3252
3109
14827
3012
3121
14366
3142
3036
14870
3247
3260
3113
14564
14754
3040
3204
3085
14839
14688
3077
14667
3026
14272
14341
14481
14620
14314
14235
14498
14586
14748
3257
3297
3064
14604
3288
14800
14271
14757
14363
3035
14843
3182
3096
14857
3181
14279
14200
14318
3254
3004
14687
14726
14422
14621
14637
14398
14261
14851
14472
14807
14312
14658
14792
14570
14805
14262
14721
14756
14647
14804
3264
3111
14605
14577
14443
14866
14215
3010
14514
14626
14453
14429
14399
14668
3167
14543
14214
3258
14551
14737
14795
14254
14427
3218
14548
14356
14858
14612
3136
3276
14396
14864
3198
3190
3210
14559
14772
14338
14441
14662
14511
3266
14223
14641
14549
14576
3003
14260
14714
14789
14330
3171
14895
3033
14664
3197
3217
14797
14746
3202
14500
14295
14557
3144
14627
3296
3240
14806
3259
14405
14213
14512
14828
14542
3074
3187
3038
14860
14228
3267
3081
3150
3244
14697
14370
14438
14898
14762
14871
14876
14587
14345
14859
14537
14531
14509
3235
14367
14603
3093
14521
3279
14348
3243
14336
3261
14452
14460
3055
14252
14444
3061
14656
14616
14269
14761
3102
3094
3070
14322
14394
3025
14383
14861
14553
14575
3050
14709
14340
14803
3029
3227
14660
14250
14442
14740
14347
14562
14889
14867
14776
3133
3130
14407
14608
14369
14390
14342
14360
3017
14796
14670
14690
14440
14831
14351
3039
14415
14602
14849
14420
14774
14622
14256
14220
14292
14887
3007
14386
14769
14742
14437
14741
14239
3194
14474
14722
14247
14225
14632
15514
15055
15181
3472
14923
3409
15441
3542
15471
3394
15400
15264
15373
3422
3316
15396
15254
15107
15018
15586
15183
3311
15433
15480
15540
3337
3398
3524
15521
15414
15113
14982
15221
15213
15565
3466
15121
15501
15054
15409
3591
3484
3565
3349
14919
14912
15328
3340
3423
3371
15090
3502
15237
15194
14967
15360
15446
15045
3352
3324
15466
15132
15015
15434
15539
15225
15092
15162
3350
15263
15554
3441
15203
15029
15284
3539
14932
15033
14907
15538
15061
3555
15598
14952
15274
3563
3578
15347
15118
15193
3300
15345
15374
15100
15191
15487
15339
3595
15180
3382
15087
14976
15169
3308
15096
15599
15390
3408
3460
3541
15047
15012
15116
3476
3407
15091
15085
15106
3342
3425
3571
3481
15476
15560
3318
14900
3438
3458
3475
14934
15516
14916
14965
14971
15534
3553
15265
15531
15246
15152
15226
14951
3354
15338
14930
15158
3421
3400
15432
15410
3559
15068
3322
3570
14998
15404
15532
15505
15064
3533
15552
15147
15346
15070
15302
15175
15563
3395
3492
3367
15286
15580
15460
15235
15500
15027
3456
15541
3443
15597
15088
15421
15182
15555
15041
3482
15569
3426
3545
15518
15451
15056
14984
15137
14992
15562
15497
3368
14958
15482
15359
15209
3399
3378
3465
15579
3331
3471
15255
15575
3586
15046
3315
15160
15277
15262
14997
15386
3449
14948
3406
15588
15062
3473
3529
15052
15205
15483
3361
3589
15593
14917
15032
15411
15227
3512
15429
15403
15499
15436
15444
15076
15442
3344
15212
3418
15185
15449
3450
3396
15253
15083
15103
15407
15401
15523
14955
15459
15571
15535
15355
3462
14909
15099
15202
15294
15247
15430
15037
15238
15550
15168
3546
15120
14913
15472
15266
15479
15204
15453
3439
14921
15581
15028
15417
15478
15242
3415
15288
14983
3496
15148
15591
3364
14956
15080
3590
3530
15353
15293
15832
3758
16193
3793
3617
3751
15992
16188
3661
16196
3790
16251
16296
16118
3718
15989
3743
15854
3739
15858
16153
3858
15702
15744
16241
15877
15651
16147
16229
15604
16298
3666
3759
15794
3772
15681
3612
16277
16083
15821
15682
15601
3813
16219
16243
16099
15889
3807
16274
15888
3710
3809
15663
15749
3650
16048
15737
15914
16062
3626
15870
15860
15652
3637
15684
15813
16022
15886
15824
15831
16299
15939
16250
15966
3692
3619
3874
16000
3820
16176
16109
16095
15810
3627
16203
3891
3823
3848
3621
15658
16220
15703
3829
16137
3659
3727
15927
3601
16178
16237
15623
16116
3828
15931
15654
3768
16021
3653
3607
16285
15932
3868
3860
3773
16258
15933
15994
3652
15834
3720
16104
16001
3724
3816
15747
15635
15985
15962
16105
15792
16166
15709
3894
15783
16173
16061
15819
15715
15895
15908
3686
16082
15896
15897
15904
3810
16222
15950
15616
16272
15861
16145
3825
16242
15723
15632
3689
15859
3888
15728
16260
3792
16040
15630
15934
3876
15600
3610
15692
3804
3752
15875
15935
3802
16156
3603
16091
16232
15988
15899
16157
3838
16123
16165
15986
16132
15891
15942
16139
15845
16270
3821
15647
16202
16065
3852
16130
16031
15851
15722
15929
16199
15940
16059
3811
15734
15650
15701
3856
3805
15925
15662
15745
15868
15637
15700
16162
16263
15839
15680
16113
16276
3665
15999
3730
15846
16175
16212
3726
3879
15673
15959
3797
16086
16191
3696
15880
15634
15946
16106
15825
16076
15974
16170
16192
15856
3631
3604
15730
16245
3855
15881
3734
16143
3713
15627
16235
15995
15705
15977
3866
15678
15944
16107
15740
16233
16171
3705
3608
15833
15717
3712
15815
15699
15711
16112
3786
15712
16160
15748
3632
3836
16108
16128
15656
15694
3634
3863
16020
16090
3669
15903
15743
3853
15811
15894
3812
3881
3877
3600
16832
16529
4090
16921
4074
4177
16887
16303
4116
16795
16775
16336
16560
16435
16638
4166
16743
16913
3903
4163
16429
4115
16628
16566
16493
16564
4048
16363
4119
16477
16939
16583
16854
16860
16794
4086
16648
4066
16377
16988
16758
16995
16636
4036
16948
16606
16520
16726
4067
16399
4110
16979
4025
4193
4012
16599
4039
16872
16506
4055
16770
16789
16891
4104
16301
16786
16984
16604
3931
16397
3909
4089
16670
3949
16610
16940
16946
16498
16401
16845
16871
16464
16635
16347
16952
16345
16352
16745
4109
16849
16485
16918
16441
16496
16905
16976
16687
4013
3952
4182
4077
16931
16886
16490
16708
16991
16479
4085
3941
16956
3929
16968
16809
16398
4160
16935
16641
16737
16491
3917
16756
16719
3956
16587
16454
16812
4127
16446
16957
4183
3934
3954
3904
16892
16495
16626
16588
16374
4056
3979
16814
16702
16338
16526
16738
16420
16882
16430
4144
3937
16718
16591
16469
4009
16525
16692
4035
4188
16974
16653
16455
16987
16515
16519
4098
16590
16755
16494
16837
16799
3955
16309
4194
16895
16553
16528
16844
4106
16885
16903
16661
16594
16394
16450
16512
16953
4041
16835
16584
16663
16372
16727
16550
4005
16888
16683
16810
16802
4135
16841
16616
4024
16741
16384
16807
16706
3968
16908
16772
16969
16341
16448
16574
16559
16926
16596
3967
16800
16440
4131
16478
16447
16715
4078
16412
16543
16985
3901
16388
4112
16744
16876
4168
16713
16502
16500
16944
4113
16376
16761
16686
16509
16685
16917
16311
16620
16313
16784
16699
4125
16815
16391
16776
16884
16667
16302
16679
16643
16348
16900
16866
16577
16754
3933
16368
16851
16644
16355
16730
4120
16822
16414
3948
4007
16582
16734
16867
16732
16943
16771
16647
4092
16922
16612
3977
3963
16425
4138
16820
3926
3940
4126
4158
16456
16666
16660
16937
16712
16689
4040
17501
17699
17582
17381
17111
17597
17161
4263
17259
4465
17439
17110
17432
4265
4463
4320
4245
17177
4490
17032
17334
4349
17093
4290
17186
17604
17590
17695
4239
17669
4437
17452
17602
17097
17058
4443
17190
4416
17350
17204
17249
4395
17233
17467
4360
17628
17012
17618
4486
17050
17369
17020
17062
17218
17057
17031
17332
4467
17447
17069
17335
4347
17040
4312
17029
17414
17382
17393
17309
4319
17017
4364
17539
17592
17291
17115
4258
4426
17113
17243
17066
17085
17454
4313
17103
4252
4381
17001
17099
4333
17241
4322
17502
4247
17153
17614
17076
17293
17391
17072
17065
17458
17622
17693
17468
4351
17538
17219
4297
17145
17352
4300
4477
4202
17109
17426
17459
17694
17271
4284
4342
17496
4276
4352
17084
17665
17101
17360
17216
17480
17232
17681
17288
17139
4323
17470
17006
4481
17407
17056
17002
17688
17677
17399
4375
17158
17588
4236
17491
4299
4367
17494
17138
4327
17108
17674
17371
4374
4335
17364
17488
4420
17635
17417
4435
17666
4488
17696
17547
17411
17261
4441
17229
17686
4493
4310
17605
17668
4222
17300
17615
17037
17074
17698
17297
17435
4348
17070
17560
17284
17343
4357
17405
4408
17516
4496
17048
4392
17386
17167
17036
4270
4271
17220
4303
17642
17127
17430
17555
17266
4315
17446
17575
17431
17401
17492
17318
17581
17160
17341
4293
17512
17003
17338
17400
17427
17563
17676
17321
4268
17535
17471
17559
17337
17591
4411
17552
17324
17404
17033
17647
4471
17126
4321
17320
17030
17362
4459
17572
17253
4377
17660
4256
17279
17207
4489
17194
17313
17478
17392
17294
17043
17355
17061
17469
4433
17275
17551
17584
17051
4366
4331
17170
17672
17260
17210
17510
17526
4242
4494
17685
17346
17319
17554
4390
17141
17682
17301
17088
17366
17044
4439
17546
17187
4304
17285
17402
17049
17368
17154
18313
18119
17705
17890
4786
17917
18367
4783
4717
17758
4567
4608
18011
18333
17920
17706
4679
18131
18114
17868
18169
17940
4706
17816
18273
18216
18105
4784
17960
18017
17923
17711
17945
17820
17934
18020
4778
17766
4760
4596
17889
4649
4693
4754
4761
18193
4664
4791
18069
18012
17946
4508
18298
4587
4602
4584
18126
18386
4736
18040
4547
4548
18014
4629
17838
17776
4797
18121
4606
4576
4780
18173
17956
4739
17962
18132
4589
18329
17867
17701
17787
4583
18090
17818
4639
4509
17801
18001
18144
4752
18307
18141
4673
17921
4598
17930
17700
18204
17858
18025
17941
18352
17785
18157
18072
17978
17883
17739
4621
18306
17897
17993
18223
4795
4512
17727
4562
4570
4657
18160
18211
17857
4655
4620
4550
4603
4519
4725
17981
4701
18375
18373
4612
17788
4743
17914
17915
17850
18222
17786
4666
18112
17789
17872
18316
18265
4516
18282
18188
17707
4656
18285
17780
4735
18354
18205
18166
17834
18145
18086
17948
17881
4694
18068
18104
4544
4595
18199
4619
18100
4749
17745
18079
17756
17909
17737
18109
4642
17970
17907
18317
4615
4552
17837
18018
17998
17994
4684
17906
18045
18292
18195
4597
17807
4542
17774
18185
4643
18118
18026
4617
18047
18318
17863
18237
18353
18231
4518
17733
17950
4764
17892
18359
18270
18058
4753
17794
18085
17839
18308
4582
18320
18077
17958
18003
18300
18060
18355
17815
17761
4705
17862
18311
17859
18343
17778
18241
17750
18328
18009
17976
18246
18391
18338
18303
17928
18383
18030
18023
17932
4532
17965
4776
17836
4723
18168
4636
17908
17744
4788
18170
17805
4758
17953
18376
18249
17895
17853
18181
18377
4766
4521
18148
18122
17880
18159
4690
17793
18097
18269
18387
4507
18310
17985
17933
18139
4500
18242
17849
4653
18397
17721
18092
17823
17865
18220
18149
18191
17811
18153
18816
4866
18662
19019
18422
18865
4957
18947
4945
4816
19017
4881
18637
18893
18417
18666
4976
18503
18953
18774
18701
18653
4958
18612
5046
18560
19084
18686
18561
18880
5077
4918
4984
5081
18578
5017
18656
19055
18822
4911
18638
18729
18617
4894
18997
18543
18771
18565
18661
19039
19078
4982
19021
18636
18814
18524
18721
18831
18939
18623
4831
18415
5021
4843
4996
18654
18669
4838
18554
18571
18959
18487
18497
4977
4933
18903
4968
18852
18835
18545
5027
19071
18747
18850
5012
18518
4830
18610
18615
18577
5028
18489
5022
18897
5038
18559
18536
4853
18635
18962
18918
4966
5078
18621
18801
4841
18848
18418
18566
18651
18732
4879
19062
18932
18677
4905
18844
18945
18716
4987
18579
18956
18624
18682
19006
18446
18671
18990
18532
4972
18786
18931
18595
18826
18455
18468
18450
18674
19093
18773
5088
18837
18542
18519
19034
18929
4809
18909
18432
18538
18657
18921
5080
4801
18491
19087
5056
19013
19023
18870
4842
5099
18429
18996
18888
18829
4839
19007
18705
19047
18698
18541
18550
18804
5051
4856
4897
18772
19043
4895
18797
4969
5075
18761
18896
4864
5037
19004
18659
5006
4854
18750
18593
4855
18482
18400
4812
4994
18737
19038
19011
18821
18730
18472
18983
4833
18832
18443
18769
5049
19051
19050
4904
4906
5001
18408
5090
18602
18875
18977
19098
18665
18668
5094
18733
18405
5093
18825
18810
4963
18420
4908
4885
5072
18937
18714
4995
18652
18683
18403
18971
18470
4913
18799
18963
18784
18681
4937
18924
18438
18975
4884
19065
5045
18676
18724
18722
18690
19069
19052
18952
5000
18812
18442
5067
4935
18711
18922
4993
19074
18790
19031
18770
18882
18791
18890
18401
18598
18506
18441
4825
18788
4990
4927
18502
18684
18910
18412
18628
18926
18556
18476
18426
4898
18938
19054
18868
18575
5041
18895
19395
19367
19119
19376
19265
19195
5115
19796
19500
19131
19571
19504
5175
19391
19536
5369
19120
19163
5286
19358
19598
19375
5164
19225
19629
19165
19112
19232
19783
19341
19207
5305
19189
5266
19616
19528
5289
5215
19578
19347
19694
19216
19311
5106
5386
19276
19542
5282
19485
5142
19569
19205
19423
19213
19186
19527
19149
19543
19608
19350
5153
5324
19672
19146
19113
19539
5148
19329
19648
19135
19446
19370
19753
19745
19737
19661
5356
19381
19150
5224
19618
19692
19114
19172
5244
5156
19762
19458
5357
19159
19697
5344
19107
19312
5339
19561
19260
19279
19558
19156
5276
19593
19173
19244
19278
19426
19699
19538
19425
19115
5304
19416
5112
19316
19281
19436
19640
19667
5348
19110
19610
19742
5387
19547
5173
19366
19319
19605
19151
19789
5312
5100
19386
19643
5201
19406
19770
19644
19262
19766
19293
19495
5143
5152
19632
19478
19403
19137
5251
5222
19209
19212
5322
19190
5385
19601
5263
19413
19128
19233
19693
19464
19228
19266
5360
19253
5298
19705
5277
19430
19346
19328
19565
19286
19323
19373
19669
19305
5125
19496
19568
5374
19459
19628
19474
19412
5272
19223
5197
19493
5102
19657
19663
19720
19405
19590
19791
5384
19535
19224
19734
19785
19690
19411
5373
19619
19472
19551
5389
5249
19754
5232
19575
19557
19779
5318
19492
19371
5111
19218
19721
19764
19635
5166
19442
19722
19729
5225
19388
5169
19154
19674
19309
19185
19562
19104
5362
19275
19515
19554
5261
19679
19511
5309
19540
5262
19788
19475
19698
19142
5192
19572
5326
19344
19723
19434
19237
19249
19681
19418
5271
19148
5349
5316
5182
5393
19499
19132
19170
19193
19606
5340
5284
5330
19355
19468
19284
19161
5382
19184
5195
5245
19752
19718
19530
5303
19612
19204
19369
19390
19166
5332
19407
19544
19353
19298
19322
5231
19201
5190
19920
5450
5661
20134
20099
19939
20073
20340
5494
5670
19903
20300
20069
20121
5625
20146
19821
20453
5478
5472
5583
5509
20480
19815
20355
5439
5422
20291
20106
5691
20313
19908
5667
19820
20183
20390
20239
20302
5576
5606
20090
20018
5666
20244
20380
5608
20320
20486
5574
5649
19816
19951
20287
20494
20068
5485
19953
20330
20326
5543
5637
20227
5695
20079
5410
5657
19813
19833
20420
19914
5584
20281
20082
20159
5682
20444
20328
20424
5462
5412
20357
19905
19814
20138
20233
20329
20043
20189
20171
5503
5493
5640
19972
20063
20344
19877
20131
5526
20332
19836
20338
19807
20145
5523
20416
19804
20046
5607
20234
5619
20473
19985
20002
5436
5507
20110
20493
5688
20179
20141
19910
5645
19965
20194
5463
19835
20288
19829
5615
20360
20435
19890
5423
19989
20060
5461
5542
20307
5532
20036
5480
5566
5569
20054
19881
20109
20474
20238
5668
5516
20193
20223
20097
19869
20275
19902
19954
5699
20312
5585
20426
20484
19802
20124
5642
5697
5475
5553
19825
5554
20410
20475
5611
20016
5431
19931
20279
20164
20472
20056
19826
19900
20050
20115
20498
20311
19863
19952
20083
20386
19956
19906
5563
5685
5580
19945
5565
20125
5403
20455
20080
5593
20471
5561
5428
5599
5689
19950
20292
19871
19892
19873
20247
20198
20071
5614
20436
20400
20488
19915
19841
19854
20324
5421
5417
20413
20081
20284
20467
5425
5498
5633
5416
20495
20325
5536
5547
5451
20456
5518
20184
20136
20304
20255
5490
5469
5680
20130
19926
19911
20485
20208
20042
20458
20077
20318
5631
20478
20250
5496
19808
5663
20378
20113
20394
20149
20315
5686
5515
20166
5424
20285
19901
19938
20352
20362
19878
19810
20200
20173
20240
19947
20363
5664
20399
5487
20207
20280
20398
20273
5505
20341
20152
19862
5589
19918
20065
5453
20008
20395
5961
20665
20904
20960
21020
21079
20875
5967
21047
20640
21131
20817
5954
5721
5793
20578
20955
5725
20717
20746
20970
20758
20626
5906
20954
21080
20807
20873
20592
20732
20889
5760
20743
20747
21118
20582
20512
21000
5719
21178
21173
20562
20857
21169
20681
20733
5718
5772
5768
20828
5947
5897
5879
20662
20521
20636
20552
5850
20535
20591
5976
20845
20517
5777
20537
20579
21166
5701
20829
21055
20676
5754
5905
5882
5731
21197
21194
21177
5764
5803
5948
20939
21154
20766
20750
5730
20610
5974
20952
21017
20541
5765
20932
21095
20659
21109
21185
20614
5703
20657
5845
21094
20593
20653
20736
21132
20926
5838
21092
21152
5796
5928
20549
20581
20881
5895
5794
20529
5883
20693
20739
20687
20678
5909
5781
20841
5815
5984
5849
5716
20999
21133
21024
20652
20990
21135
21098
20656
20595
5991
21110
21105
5825
21134
21180
21084
20865
5943
5912
21172
21176
21078
20818
21115
20587
20624
20572
21186
20979
20801
21174
20928
20882
20551
20925
5743
20699
5831
21074
20646
20546
21041
5975
20707
20547
21063
21028
20795
21096
20958
5914
5717
5707
20725
20877
5726
5745
20791
20781
21023
5790
20799
20688
21138
20697
20848
21008
20770
20684
5985
20822
5913
5973
5852
20534
20800
5902
21151
20808
20507
5901
5960
20834
20504
20550
5763
20674
20765
20705
20998
20625
5889
5904
21157
20930
21108
20594
5865
20917
20571
20615
20819
21075
20630
21195
21030
5722
5766
20692
20613
21117
21042
5949
20830
20931
20994
5884
20772
5946
21144
21107
5808
21059
5814
20609
20803
5978
20531
21143
5968
20749
20637
21073
5709
20785
21016
20981
20895
20933
5924
21035
20689
5956
20879
20980
21163
5747
20759
5771
20789
20694
20915
20728
5782
21015
20741
5972
5784
21081
5917
20797
21003
20718
20850
20713
21086
20523
5887
5833
5944
21241
6261
21202
6024
6197
21422
21389
21807
21387
21557
21594
21264
21206
21709
6201
21704
21572
21221
6049
21856
21459
6062
21885
6234
6237
21454
21403
21693
21527
6088
21320
21698
21849
21462
21577
21813
21467
6218
6020
21785
21876
21561
21342
21892
21575
6212
6170
6094
6044
21787
6192
21729
21701
6158
21596
6104
6167
21333
21508
21638
21625
21296
6048
21401
21707
21360
21804
6022
21398
21714
21722
6185
21276
6026
21573
21350
6221
6208
21245
21507
21404
21745
6082
21818
21664
21506
21394
21304
6181
6245
6001
21796
6189
21298
6053
6068
21565
21522
21587
21418
21731
21514
6163
21402
21325
6077
21361
21744
6154
21533
21583
6248
21741
6100
6101
6193
21366
21285
6065
6239
21713
21684
6083
21882
21835
21290
6055
21220
6116
21584
21886
21552
6298
21483
21717
6112
21400
21523
6138
21412
6016
21773
21677
6195
21504
21377
21371
21392
21780
21242
21590
21234
21519
21344
21749
21763
21460
21726
21258
21305
21336
21474
21311
21851
21208
21254
6255
21281
21692
6142
21373
6178
21244
21475
21643
21441
6190
21815
21845
6086
21644
21588
6010
21581
6032
21690
21771
21760
21495
21801
21866
21204
21822
21261
21414
21617
21346
6004
21800
21279
6006
21511
6299
21509
21410
6263
21329
6274
6289
21875
21648
21340
21699
21524
6121
21764
6061
6249
21471
6070
21327
21687
6043
21409
21863
6188
21734
6074
6242
21742
21733
21349
6199
6296
21702
21468
21226
6118
21688
21666
21759
6119
21463
6275
21682
21439
21814
21354
21881
21498
6213
6211
6174
21779
21246
21819
21425
21852
21443
21520
6180
6246
21470
21532
21711
21842
21525
21252
21879
21270
21384
21363
21368
21641
21322
21597
21386
6171
6260
6161
21536
6093
21878
21655
6277
6111
21376
21703
6090
6230
21840
21560
21215
21277
6269
21640
21359
21262
6287
21762
22384
6429
22232
22311
22216
22425
22076
6377
22256
21977
6455
22248
6531
22480
21952
22571
22227
22109
6310
6353
21972
21922
22019
22249
21944
21994
22299
6350
6331
22545
22176
21965
6316
22370
6345
22558
22288
22447
6373
6309
22439
22221
22104
6564
22364
21914
22103
6567
22596
22594
6371
6513
22343
22422
22220
6461
6588
22565
22279
22599
22589
21992
22055
22128
22438
21910
22389
6514
6408
6341
22491
21988
22202
6583
22027
6504
22036
6555
21942
6591
22394
22211
22170
22466
21950
22234
21902
22093
22013
22509
22156
22219
6322
22325
6482
22269
6483
22505
22468
6440
21911
6576
6418
22390
22569
22162
22338
22184
22283
6397
22112
6393
22163
6549
6315
21996
6347
22497
6405
22446
6550
6533
22086
22082
22555
22203
6386
22042
22408
22445
6490
22274
21969
22450
21953
22153
22387
6372
6342
6515
22513
22396
22110
22029
6566
22374
21906
22424
22180
22179
6359
21980
22346
22500
22168
6447
22073
6580
6305
21981
22030
6308
22048
21930
21984
6428
6384
6389
6458
22556
22481
22215
22382
22142
22368
22131
22317
6356
22579
22040
22506
22418
6443
22268
22351
22021
6402
6578
6468
22598
6368
22022
22391
22126
22547
21946
22228
6382
22043
22270
6300
6390
6553
22373
22201
22498
22255
22118
22011
22063
22469
22532
6411
21921
22455
22016
6551
22198
22552
21985
22356
22018
22344
22428
21945
22200
6543
22095
6320
6471
22287
22406
21939
6318
22005
6396
21961
22587
6302
22167
22561
22078
21912
22488
22205
21971
22144
22236
22514
22122
22333
6430
6582
6394
6438
22531
6366
22543
22332
22124
21951
22117
22401
22591
22470
21918
22130
6526
22572
6501
6584
22189
22314
22326
6364
22400
22181
22484
6536
6562
21913
22409
22052
6355
22319
22125
22472
22494
22098
6321
6557
22237
22577
22233
22196
21937
22304
22544
22524
22580
22885
6757
6636
23135
23012
23123
22820
6691
22969
6779
23296
22633
22725
22890
6862
6869
23251
22619
22672
23256
22689
6827
23200
23144
6820
23075
23281
6713
22668
22800
23044
22941
22989
6690
23049
22731
23104
23132
6799
6825
22699
22688
23230
23124
23163
22902
23061
6790
6688
23089
22831
22923
6868
23084
23078
22678
6728
23114
6696
23172
6722
22906
6652
6683
6816
23204
6705
22719
23220
22751
23298
22966
22840
22748
23072
22887
6697
23243
6863
22775
23244
22850
22797
6751
6677
23022
23099
23260
22863
22657
23065
6723
22801
22693
23070
22832
6830
23233
6669
22682
6803
23169
23268
22779
22701
6715
22938
23188
6889
6847
6859
23157
22920
23118
22853
22852
22882
22950
23029
22976
6692
22822
23064
23138
23063
22761
6650
23264
23090
6897
6829
22864
23221
23037
6716
23245
23093
22889
6732
22651
6672
22912
23212
23158
6788
22698
22994
23088
23068
23262
23055
23122
22631
6834
22898
22732
23266
6661
22638
6737
6815
23125
22782
6832
6808
22843
6662
22808
22606
23263
23178
6739
22917
6627
23026
23234
22911
22953
6798
23214
22926
22872
6877
6849
22634
6642
6656
6837
23054
23087
6888
22965
23153
22837
6845
22874
23232
23242
6763
23287
6890
22628
23295
22670
23025
22993
22842
22791
23133
22846
23024
23252
22869
6821
23193
6620
23152
22878
22925
6784
23162
23097
22616
22771
6708
23036
22880
6860
23130
23236
22733
6657
23235
23117
23211
6667
22708
22856
22922
23095
22683
23279
23185
23051
23286
23191
6629
6676
22900
6745
22868
22995
22740
6673
6777
6886
22777
6770
6703
23254
22839
6749
22886
6854
23198
22612
6855
23033
23165
23111
22649
22802
22888
23040
23226
23249
6603
22729
22700
23261
23293
22858
22607
22971
6791
22935
23224
23094
22613
6873
23155
6658
6774
6689
22805
23048
23042
22816
6711
6671
7144
23381
23885
6970
23835
6913
23626
23352
23715
23377
6953
7163
23636
23824
23767
23595
23460
7013
23494
23501
23722
7143
23796
23965
23773
7198
23310
23535
7065
23805
23346
23374
23688
23776
23833
23906
6976
23920
6920
23904
6930
7149
7169
6937
23955
7005
23554
23825
23988
23594
23854
23451
23879
6968
7094
23999
23311
23801
23847
7190
23638
23546
7023
23424
23671
23730
23687
23895
23708
6952
23855
23437
23856
7042
23675
23383
23721
23386
23987
7128
6955
23357
7180
23380
23819
6901
6931
23648
23399
23300
23901
7138
23866
23506
23762
23849
7101
23537
23661
7075
23810
23977
7107
23658
23830
7104
23696
7068
23909
7072
6998
23442
23508
23800
23417
23690
7116
23507
7161
7127
6977
23640
23860
23560
23945
23970
7179
23726
23936
23561
6949
23984
7009
7055
6938
7139
23645
23861
23754
23917
23512
7071
7166
23994
23804
23720
23765
23317
23711
23910
23312
6947
23345
23698
23937
7199
23448
23616
23886
23581
23845
23551
23907
6994
23707
23864
23471
23336
23744
23406
7105
23428
23575
23652
23316
6959
23813
23815
23322
23474
23669
23313
23332
23330
23412
23541
23394
23823
23574
23933
23382
23487
23831
23421
23342
23882
23623
7112
7027
23323
23565
23493
23942
23542
23989
23344
23844
23606
23639
23954
23436
23528
23717
7147
23441
23438
23395
23798
23832
23523
23695
7083
7077
23553
23635
23325
6956
23432
23349
23657
23389
6991
23997
23359
7008
6908
7010
23777
23370
7029
23729
23612
23343
23728
23938
7158
6919
23710
23579
7113
23468
7021
23794
23972
23868
23752
23358
23903
23409
7040
23814
23473
6942
6983
23979
7176
23795
23609
7058
7093
23704
23921
6922
23779
23807
23761
23499
7165
23625
7092
7024
23634
7053
23452
23631
23790
7080
23958
6995
6910
23630
23939
23621
23983
23685
6971
6933
23314
7196
23789
