7669
7724
107
7821
157
7233
267
7380
7621
7619
44
7462
7806
80
273
7351
129
63
57
71
7596
7259
7795
7491
7768
152
7430
7246
7668
67
7512
163
7293
7653
245
7239
7417
7616
7646
218
7880
7516
7216
146
101
7555
7353
4
239
7437
7840
7274
199
7739
7285
7578
7797
7591
7451
7346
138
7571
7857
211
55
7655
286
7408
7529
251
7867
182
7788
7313
7206
7775
7610
7542
7744
7264
7362
270
7658
7878
105
7350
116
285
200
7562
7426
7275
7431
7420
7327
7406
7333
145
7279
62
192
7650
7331
7261
7599
7677
70
7657
53
7265
155
7524
69
7715
7266
153
7663
7347
7678
7308
11
25
7805
7531
7532
7620
7745
121
229
123
104
7541
49
58
10
7291
7640
7651
7831
194
50
7393
7859
7813
7761
7549
7626
7799
156
7254
7645
130
7452
7317
7297
7612
181
7643
7263
7341
7478
94
7752
7454
7413
207
7397
7676
7636
7390
136
111
7634
7695
7463
48
7244
7557
7229
7894
7798
93
274
212
7712
7710
7502
264
7849
46
261
7705
7247
233
276
7375
186
7684
167
7482
144
64
7787
7629
7349
7816
35
7396
7447
7563
295
7363
7733
7315
7435
7682
7746
7321
206
7714
7804
7784
149
159
7877
7368
7533
7608
272
7853
7847
114
12
7310
7439
7807
7734
7231
2
290
244
7794
7228
7391
5
7872
7649
7267
7829
7538
7537
7609
7409
7444
125
7743
7271
7723
14
7399
269
294
40
103
7697
222
7690
7412
275
7553
27
7214
7270
7756
7570
7800
7587
236
7554
7884
7287
298
266
7438
7617
7741
7680
7355
7750
124
134
7483
7224
81
7692
26
7388
242
7461
7759
7919
8069
8459
8012
399
345
7961
8573
8111
8276
7944
325
8054
8474
382
569
8367
8415
8332
8139
8377
8171
8596
335
8420
8466
8155
359
332
8368
8320
7915
8208
8138
8086
8175
8506
440
8508
353
317
468
343
8507
8199
327
8505
8039
8347
404
8385
8550
8326
8148
397
8272
546
7940
8390
8543
8022
8281
8211
8450
8286
8593
8125
8192
8406
386
8457
8479
8569
481
7935
537
8375
8100
8245
8107
8498
8378
7973
360
509
543
7994
8045
571
479
461
8485
568
403
8182
8412
408
562
8181
8407
8452
8403
8089
7962
8225
8231
8264
8370
573
8481
447
8365
7904
542
8436
7965
478
7971
8035
7926
7954
8164
534
584
8220
451
8548
8401
310
8057
362
8579
8237
381
8541
480
8559
340
8537
8250
7964
8106
371
470
320
318
346
8046
8430
8051
8115
501
8291
8575
8574
493
8062
8561
8065
7949
8540
8020
8215
8468
8178
8206
594
7920
8149
7997
8576
7977
8449
463
8259
8042
8482
564
8150
8301
432
7978
306
363
8116
434
8599
374
8179
344
7987
7936
7921
8591
8277
8351
8260
505
8398
550
8032
8538
444
7907
8426
307
431
8004
8486
8228
8483
7927
8079
8362
8570
375
8153
8093
8170
515
8356
330
8156
7979
315
8453
348
8000
8163
8572
528
8421
8314
331
378
350
8416
7916
8402
341
8026
466
8361
8443
563
7906
8345
437
8580
8209
7917
8433
8120
8001
8218
301
8210
7902
8545
8009
369
559
8003
8288
530
8321
417
8113
329
8047
8511
8040
312
8391
8172
8445
7934
8101
7900
8130
7942
8462
8441
8586
8531
8037
8097
8363
372
8092
305
8552
8044
595
8033
7972
8078
560
8195
7956
8947
715
9037
8621
680
8611
8771
8694
9055
9283
9255
9185
8741
8953
836
8835
873
874
8625
8776
8802
790
815
794
816
804
9216
8798
8954
750
8827
865
9239
8736
8941
825
817
684
8630
889
8906
641
9039
8923
8984
8976
9186
778
9107
8912
9120
8784
9085
8952
876
9122
8861
8820
695
9063
756
8845
8628
8637
8936
856
8639
8865
8800
8875
9276
8812
655
8944
9081
8683
8764
8801
9156
883
8938
9073
9198
8750
8973
9058
818
869
8709
9021
9080
8979
635
9228
9089
9070
8986
8661
9098
9134
600
9202
8635
638
9192
628
9041
872
795
8792
727
8650
834
8847
8926
8641
8823
9225
8685
8921
9047
8897
9013
9109
799
8670
9222
9159
887
8774
9275
701
8704
8646
9061
672
688
669
9024
762
8754
814
8892
9298
9128
616
8740
9166
9045
9104
619
9019
647
8841
878
9099
8779
9264
8763
9240
9236
8951
9165
659
8720
9082
899
8831
670
9205
870
8956
9088
9139
8929
9184
8748
9075
9282
9140
9116
837
700
8678
763
729
8937
9154
851
646
651
8806
630
9167
9199
8810
621
9230
807
9121
9118
8815
9130
9286
783
8725
8780
8793
8766
8626
8692
8701
8981
8804
633
8723
702
8609
8884
8911
9266
8633
9164
8651
9054
8893
9162
8777
8760
771
8960
8629
8900
9169
8610
831
9076
9060
842
9163
8913
8676
687
9293
722
605
8965
8852
855
610
9244
9126
8902
740
9161
8616
9177
699
8758
9151
8871
9034
747
705
9232
9050
8830
9272
782
9234
8681
8974
8677
682
791
9187
871
9065
9084
664
877
8669
8755
867
9231
830
9191
8996
8663
8969
601
8991
765
8708
674
8640
9106
8638
618
8862
926
9366
1134
9439
934
9681
9599
9318
1043
1048
9724
9342
9480
996
1141
9846
9726
9443
9504
924
9461
9748
1085
9617
9985
989
9584
1071
918
9838
9665
920
9315
9485
9693
9620
9823
9629
9502
9861
9802
1179
9840
9558
9768
972
9348
9525
1062
9486
9808
997
9602
947
9833
905
9625
9409
1140
9598
9829
1127
9952
9340
9750
9908
9503
1181
9888
1068
912
9344
9332
1151
9870
9919
9769
9574
9587
1180
9825
1101
9796
977
9736
9683
9520
9879
9737
964
9937
9776
959
9807
9496
9571
9718
9566
9964
9785
9899
900
9533
9581
9360
9949
9444
931
9814
9800
9959
9733
9347
9548
1124
9350
9732
9482
9885
9740
9641
9460
999
1021
9709
9886
954
9392
1059
9837
9560
9687
9809
9362
9986
1103
9711
9874
9670
9565
971
961
9319
982
9778
9593
9661
1064
9312
9746
9458
9928
945
9387
9667
9346
1013
9465
985
9385
1091
9591
9356
1128
9484
1041
9764
922
1126
9852
9462
901
1188
1088
9983
9622
1027
1118
9438
9782
9610
9609
9993
9367
9891
1061
1166
9572
9305
9860
9372
917
9696
1033
923
9893
9894
9780
1054
9979
9892
911
9430
9762
9626
9355
9393
9432
998
9810
970
9614
9613
9351
1104
9539
9804
9832
9435
9436
9863
9556
9592
9523
9918
1138
9619
9727
9902
9651
1003
1147
9901
991
1186
9640
9699
1189
1142
1044
9877
9509
9763
946
9530
9526
9845
9383
9753
966
9869
9493
9735
9375
9449
9734
1102
9454
9994
9905
9978
9674
9777
1096
1174
1040
9669
9864
904
1133
9783
9691
9314
1019
9535
9386
1144
9437
9820
9595
1153
9966
9455
9363
9853
1182
9803
1094
9567
9563
930
955
9816
1129
9644
9431
1158
9427
9471
9957
10275
10396
10310
10266
1400
10413
10179
1238
10683
10030
10616
1202
1462
10650
10485
10263
10581
1251
10296
10199
10297
1231
10368
1289
1200
10346
1299
10566
1336
10434
1283
10596
10152
10512
10268
10100
10579
1407
1471
10039
1298
10363
1489
1427
10442
10407
1413
10258
1287
10223
10332
10628
10586
10300
10361
10325
10059
10278
1465
1237
10008
10534
10175
10449
10083
10013
10403
10066
10676
1470
10659
10118
10533
10388
10563
10282
10595
10042
1222
1326
10127
10392
10106
10214
1363
1433
10421
10253
1325
1349
10638
10198
1460
10458
10423
10192
1263
10553
10163
10339
10599
10051
10606
10487
10024
1388
1495
1374
1344
1314
1456
1378
1432
10271
1285
1243
10194
10167
10227
10632
10682
10155
10326
10692
10517
10691
1464
10629
10267
1380
10465
10306
1288
10276
1480
10058
10215
10068
10612
10463
10411
10431
10254
10145
1265
1361
10319
1360
10610
10480
1459
10380
1247
1391
10125
10038
10079
10288
10398
1443
1461
10012
10343
10295
10341
10191
10634
10091
10551
10071
10338
1273
10045
1312
10280
10314
10345
10337
1339
10699
10041
1346
10347
10584
10148
10362
10241
10619
1252
1469
1311
10076
1290
10261
10459
10209
10202
10113
10690
10453
1444
1242
10324
10082
10652
1396
10161
10668
10274
10538
10245
10348
10285
10284
10219
1428
10233
10654
10056
10238
10000
10269
10464
10158
10027
10197
10022
1332
10044
1492
1373
1296
10260
10646
10615
10514
10255
10664
10349
10246
10298
1347
1445
10077
10259
1293
10286
1352
10144
1230
1297
10101
10315
10573
10257
10224
10675
1406
10133
10333
1302
1385
10147
10099
10400
10443
10417
1248
10301
10236
10672
10681
10084
1351
1414
1292
1487
10523
10149
1264
1253
10500
10531
10138
10385
10026
10527
10535
10478
1371
1483
1389
10554
10488
1458
10569
10544
1415
10591
10386
1668
1600
1744
10834
11203
10712
11047
1575
1573
1649
1640
10917
11002
1545
11026
11088
1794
11280
1501
11069
11057
1519
11024
11253
11113
10831
1722
11068
1561
11298
10998
1530
10870
11303
1648
1598
1653
11089
10808
11364
10963
1541
1760
11230
11229
10760
11274
11343
10872
11225
10911
11188
11021
11175
10882
1785
10820
11008
11354
1768
11227
11124
1502
1781
11045
10807
10775
10863
1682
10755
1699
11399
11179
10976
1576
11199
10752
1708
1775
10735
10773
1559
10975
10722
1672
1558
11108
11339
10879
1693
10969
11006
11240
11321
1724
1526
1644
11210
10971
1620
10850
10945
11174
1567
1761
10982
1686
11085
11296
10918
11317
1786
10803
1531
11081
1555
10955
10996
10981
10814
11261
1516
1799
11287
11221
11009
1564
11013
11383
11160
1550
11052
1725
10987
10786
1643
10860
10716
11012
10932
11320
10747
11365
11139
11264
1616
11250
10915
11038
1742
1571
11098
10927
11213
10961
11116
1788
10838
1543
1798
10751
1671
1695
10906
10964
10991
11378
1787
11381
1797
11363
10777
1673
11151
11358
11004
10753
10968
10962
10797
11028
10843
11023
1734
11128
11328
10815
1583
1772
11125
11029
11093
1647
11067
11153
1636
11070
10742
10748
11051
1776
10909
10743
10795
10910
1508
1611
11176
1579
1697
1663
10769
11191
11138
11305
1569
11333
10895
10764
1612
11017
10894
10817
11237
11295
11314
11380
11161
11094
11254
10903
11307
11158
10730
11183
1746
10829
1594
11149
1546
11255
1690
1738
1593
1665
1599
10862
11058
11391
10899
10744
1710
1691
1765
10729
10812
11169
11242
10864
11236
1536
10867
10824
11394
1747
11279
10711
10792
10916
1553
10893
11220
10924
11144
10721
11258
1625
11101
10873
10767
10835
10954
11130
10949
11129
10759
1737
1732
11189
11387
10787
11018
1651
11172
1694
10947
1518
10942
10904
10756
11680
11728
11605
1917
12055
11850
11854
1884
11527
11883
11851
11434
11469
1857
1923
11964
11616
2036
11717
12076
12048
2052
11432
2099
1971
11595
1877
11405
1863
12068
1888
12013
1941
1950
11465
1935
12030
12031
12065
1906
2038
11531
12043
12008
11977
1952
11956
1861
11957
12046
12054
11929
12075
1835
2073
11899
11589
11852
1974
2063
11913
1889
1912
12024
11747
11800
11919
11860
11822
11401
2044
11426
11567
11975
11772
11528
1983
11523
1911
11533
11836
1997
1922
11502
12021
11742
11499
11718
11906
11515
11494
11890
11810
1987
11796
11939
1951
11628
11892
2010
2086
11564
11646
11536
12067
11477
11915
11981
12094
11690
11757
1885
1854
1967
11479
1847
11979
11581
2049
11903
11559
11709
1904
1896
11739
12057
11467
11548
11695
11561
11983
12038
12040
1938
11493
1960
12071
11670
11825
1999
12032
11750
11448
1901
11630
1808
12018
11980
1926
11758
2039
11491
11696
11807
11933
11525
11516
11784
11455
11594
2050
1878
11986
11846
11674
11777
11544
1842
12033
11452
1881
11505
12028
11842
11716
2005
11724
11618
1879
11792
2090
11530
11963
2026
1813
11738
11578
11673
12051
11737
11624
11814
11824
11817
11654
11651
11726
11914
11601
2091
1824
11560
11569
11481
2025
12022
11556
11591
12084
11570
2088
11942
11608
11884
12078
1930
2055
11783
11551
11420
11484
11417
11495
11480
2059
1940
11658
11976
1962
11590
11889
11755
2020
1868
11886
11992
11928
11587
2079
11776
1832
11645
11781
11779
11637
12003
1988
11476
11922
11882
11459
12039
11859
11725
1829
11478
11526
11808
11550
1821
11406
1994
2068
1955
11816
12092
1945
11989
11727
2041
11425
11539
11633
11978
1995
11797
12007
11708
12010
11534
1870
11908
11599
11496
1973
11413
11648
11686
11856
11706
1823
2022
11895
1956
11941
1862
11685
2040
11507
1993
2215
12783
2154
12123
12195
2355
12773
12139
12441
12301
2146
12397
12105
12611
12645
2216
12616
12170
12230
12336
12602
12647
12623
12559
2334
12701
2217
12488
12288
12667
12506
12560
2340
2152
12568
2268
2166
2247
12768
12402
12244
2331
12418
12666
12439
12743
12340
12346
2292
12698
12292
12140
12126
12296
2123
12322
2316
2128
2196
12383
12627
12108
12431
12161
12461
2322
12637
12552
12401
12266
12469
2176
2218
12540
12216
12394
2230
12369
12399
12689
2378
2207
2320
2157
12777
12308
2354
12699
12489
2277
12443
12658
12400
12716
2309
12723
12409
2375
2191
12620
2201
12239
12630
2395
2291
12622
2388
2151
12692
12128
2253
12450
12314
2365
12214
2221
12491
2317
12447
12479
12672
12201
2368
2376
2379
12157
12778
12290
12521
12388
12458
2330
12586
2318
2336
12487
12366
12736
12392
12117
12714
12601
2359
2222
12660
12517
2241
12457
12683
12330
12703
12640
12115
12277
12116
12287
12124
2244
12326
2266
12625
12652
12525
12129
2273
12681
12795
12551
12764
12335
12362
12510
2212
12556
12260
2313
2321
12523
2227
2155
12536
12793
2183
12737
12648
2139
2280
2326
12410
12676
12496
12281
12722
2143
12371
12298
2333
12153
12512
12717
2206
2275
12638
2117
12291
2323
12429
2205
12673
2394
2290
12765
12168
2219
12530
2144
2362
2373
12155
2142
12750
12572
12606
2197
12704
2288
2271
12112
2133
12537
2186
12319
2281
12109
12592
2164
12532
2156
12238
12310
12585
12111
12361
2392
2129
2229
12577
12619
12744
12242
12316
12798
12499
12713
12177
2232
12604
2382
12603
12163
12194
12226
12156
12618
12254
12164
12158
12256
2372
12763
12541
12373
12367
12549
12421
12344
12169
12503
12215
12202
12374
2335
2393
12724
12702
12343
12114
12650
2124
12127
12184
12520
12377
2352
12135
2398
12327
2195
12685
12141
2594
12958
13034
13494
12899
13134
2656
13294
12898
13236
12891
13297
12893
13174
2403
13084
13452
2505
13233
13371
13305
2489
2431
2509
13024
2675
2476
13248
2593
12831
12810
13264
2404
2460
13121
12961
13072
12979
13265
12847
12803
13075
12914
12993
13032
2424
2531
2400
13408
13006
13113
13055
13183
12990
2502
12836
13345
2511
13486
2667
12989
2552
2573
13101
2516
13440
13461
2624
2466
12839
13092
2471
13286
2598
12940
13095
13023
13403
13303
13196
13232
2579
13208
13319
2600
12998
13274
12992
2684
13040
13341
2661
12916
2639
12845
2560
13013
12952
2498
13313
13361
13074
2500
2499
13443
12843
2487
13155
13406
13394
12963
12980
2508
12922
12825
12957
12821
2604
13094
2437
2668
13272
2629
13210
13187
13387
2657
2544
2644
2637
12947
13207
13047
13375
13355
13335
12969
2634
2534
12892
13077
13173
2569
12868
12970
13093
13051
13220
13036
12942
12931
13125
2588
13091
2417
13114
2535
12982
2459
13044
2450
2465
2543
12987
2630
13492
12812
2597
2484
2507
2677
13399
2528
13026
13188
13108
2606
12853
12968
13418
2436
13325
2572
2477
13324
13096
13326
12819
2628
12930
13106
13063
12889
2414
12948
12841
2485
2641
2478
12906
13439
2405
2648
2601
13357
2518
13388
2621
2654
2583
13434
13373
13007
2428
13082
13431
2529
12813
13306
2589
13442
2407
12829
2463
12818
13065
2461
13458
2646
2603
13369
2553
13139
12927
12840
13409
13182
13360
12912
2512
2446
2645
2674
12939
13459
2514
13164
13328
2698
2608
13384
13436
12850
13193
2678
2427
12917
2609
12824
13180
12832
13107
13211
13012
2501
13428
13268
13162
13322
13028
13451
2625
13250
13293
2442
2497
13402
13339
13407
13144
13261
13277
13401
13018
12887
13269
13473
13043
13366
13235
13181
2546
13169
2469
12966
2539
13450
13323
12919
13192
14177
13508
13861
14040
13849
2934
13595
14180
2884
2845
13986
2891
14005
2731
13916
14064
13530
13826
13852
2719
2976
2758
14176
13603
2763
14140
13955
2791
13850
2948
2848
13774
13513
2958
13605
13894
13553
14193
2993
13510
2787
14033
13842
2725
13506
13516
2782
13787
13771
2996
2987
2751
13611
13883
13995
13965
13769
13569
13694
2939
13848
13913
13831
13992
2941
13974
2716
13871
2896
13687
2922
13550
13746
14046
13792
2984
13755
13512
13577
13652
2966
13969
2821
13725
13551
13884
13723
14197
13777
13677
2805
2991
13889
13985
13728
13858
2711
13962
14101
2869
14165
2768
13724
13934
14096
2890
13928
13598
2988
2969
13819
2781
14089
2857
13589
2792
13938
13503
13756
13631
13741
2778
13592
2893
13713
2994
2718
13895
14124
14139
14036
13800
2983
13970
14087
14097
14042
14137
14100
2837
14074
13578
2702
2770
13763
2797
13560
13999
14142
13675
2701
2963
13941
2780
13525
13964
2814
13984
2783
13942
13621
13810
13559
2817
13972
13910
2897
13950
13979
13868
13511
13548
13815
2843
13523
13963
2753
2961
13946
13788
2762
14157
14133
13882
14071
13729
14039
13845
13892
13997
13900
13904
13634
2772
14192
13911
14023
13798
14132
2838
2962
13662
14144
13790
13824
13692
2815
13975
14162
14158
14078
14075
14173
13890
13827
13616
2974
13762
13906
13775
2959
13795
14050
2933
13593
13544
2723
2903
14009
13917
13924
13683
13653
2813
14174
2872
2827
14028
13987
14025
14152
2952
13976
13710
2863
13766
2964
2960
2861
2849
2736
14008
2844
13812
2771
13535
13585
13958
13807
2944
2986
13981
13709
14038
2743
2930
13905
14138
13507
14099
2824
13509
14041
2880
2911
13689
2980
14122
2839
2847
13735
13821
13865
14114
13915
13971
2874
2995
13760
13538
2745
13977
13834
14166
13878
2923
14083
2894
14178
14070
3029
14521
14847
3069
3169
14273
3187
14778
14659
14411
14593
14530
3174
14360
3139
14275
3203
14806
3074
14735
14417
14396
3125
14471
3236
3063
14442
3110
3060
14443
14283
3055
3052
14262
14615
3050
14419
14357
3180
14740
14702
14736
14868
14820
3080
3230
14522
14888
3225
3275
3047
14555
3274
14482
3291
3036
14664
3276
14451
14890
14860
14632
3258
14389
3057
14252
3223
14282
3117
14781
14388
14712
3152
14428
14307
14349
14865
14386
14812
14839
14685
14469
14675
3292
14661
14560
14667
14550
14474
14616
14318
14737
14678
3221
3137
3008
14720
14838
14771
14368
14705
14855
14607
3046
14529
3198
3295
14288
3015
3075
3023
14881
14458
14489
14234
3097
14322
14544
14666
14714
3098
14609
14356
14663
3253
3134
14223
14575
14617
14733
3091
3040
14738
14891
3045
3298
3003
14325
14432
14268
14384
3226
14241
14219
14801
3127
14433
14343
14353
14883
14341
3281
14301
14717
14845
14424
3028
14832
14744
14798
14211
14265
3132
14299
3173
14572
3296
3181
3031
14692
14892
14677
14846
14541
3018
3115
3282
14751
14416
14472
14882
3238
3196
14312
14481
3106
14407
14448
14382
14706
14532
3131
3128
3157
3263
14213
14711
14513
14598
14413
14334
3244
14475
14610
14585
14339
14773
14574
14390
14509
3012
3241
3072
14716
14345
14569
14570
14871
3179
14499
14402
14849
3096
14694
14690
14703
3243
14501
14535
14225
3107
3093
3130
3111
14374
14383
14745
3208
14291
14436
14559
3202
14285
3245
14505
14250
3119
14680
14202
14379
14365
3209
3264
14210
3204
3035
14410
14870
14602
14224
14639
14897
14689
3071
14638
14866
14824
14817
14859
14568
14644
14483
14493
14547
3218
14825
14804
14549
14453
14571
14408
3163
14840
14317
3289
14762
14636
14877
14637
14792
14203
14656
14582
3248
14592
14734
14450
3002
14728
14567
15000
3357
15027
15120
15142
15283
15180
15079
15400
15412
15076
15418
3574
15163
15026
15527
15055
15269
15502
15565
15356
15123
15455
3551
15406
15403
3534
15484
15131
15141
15213
3565
15597
15135
14921
15391
15520
15575
15075
3527
15018
15451
3329
15416
15013
14988
3361
3444
15012
15185
15107
15479
15372
15567
14914
15332
15022
15241
3341
15211
15492
3562
15512
15359
3331
15466
14932
15208
14957
15289
15468
15537
3573
15472
3594
14966
15543
15560
3553
14906
3587
14928
3423
3401
15217
3585
14990
15261
15347
15080
15353
15553
15533
15047
15231
15251
3499
15443
15199
15587
3520
15108
15385
3486
15019
3318
15401
15209
15428
15306
3549
15153
15374
15445
3447
14989
15169
3563
14945
3466
3576
15220
15469
3382
3522
14999
14947
3507
15486
3305
3558
15183
3554
15346
3508
3425
15160
15092
15456
15179
3456
15110
15282
3421
15457
15581
15111
15516
15252
14993
3540
3510
3439
14902
14937
15070
3348
15216
15599
15304
15538
3364
15312
3543
3359
15339
15305
15101
15594
15057
15574
3314
3475
3506
14924
15325
14917
3319
15128
15212
14929
3521
15483
3481
15254
15547
3404
3402
15072
3473
15042
3550
3487
15540
15576
15536
15103
15546
3393
3440
15119
3431
15210
15098
15224
3454
15376
15191
15460
3488
15355
15221
15060
15001
3595
14959
3577
14985
3498
14903
3526
15579
3383
15377
15031
15164
15559
15030
15324
14955
15561
15077
3582
15361
3395
3366
15285
15480
15278
14949
3429
15518
15326
15322
3596
3327
15133
3500
3589
14913
3460
15509
15260
15508
15588
15563
3446
15227
15204
3334
15364
15194
15239
15580
3561
15578
14978
3367
15571
15336
15063
15122
15201
3559
15384
3380
15048
15038
15184
15345
3387
3557
15165
15447
15314
15591
15173
15051
15500
15422
15307
15223
15368
15357
15116
15340
14975
15144
15067
3529
16222
3657
16019
3736
3609
15702
15642
15809
16170
15934
16229
15716
16066
15763
16143
3706
16147
15734
15797
16223
15692
15652
15912
3698
16085
15803
16115
3646
15740
15984
15970
15644
3857
16041
3734
3723
3618
3704
15730
3662
15903
15948
3645
3766
16108
3789
3829
16269
15782
16282
15891
3876
16156
16190
15755
3793
16200
15905
16152
16048
16176
16124
15645
16046
16103
3788
16116
15676
3847
15994
15747
16193
3813
15819
3702
3834
16054
16053
16064
15671
16095
16028
3801
15902
15785
16113
15749
15629
15884
16111
15771
16126
16033
15881
15684
15901
16247
16209
3653
16110
3764
15774
15909
16104
3679
15714
3892
3886
15825
15846
16178
16240
15766
15674
3794
15754
3823
3807
3741
16168
15675
16062
16090
3805
16206
16175
3676
3869
16241
3861
3647
15836
3782
3700
15700
3651
15745
3725
15868
3768
15634
3843
15792
15739
15935
16194
16211
15971
15717
15911
16130
15963
15982
15704
15835
15725
16221
15646
3731
3759
15883
16167
15630
16292
15631
15618
3873
15609
15624
16233
15619
15832
3631
16278
15913
15854
16060
15620
15953
15768
15728
16236
15940
15682
16134
15867
15820
16081
16146
16166
16191
3762
3856
3787
15759
16106
3656
15829
16251
3671
3632
16177
15661
16069
16283
16253
16242
3754
16296
15834
3858
15641
16173
3749
3663
15915
15794
15917
16101
3677
16210
3699
15895
3772
15816
16006
16298
15840
3818
15858
16102
3899
15936
15708
16004
16018
15964
3756
3675
3826
15888
16208
15615
15610
3835
15954
16189
3713
3624
3641
15709
16052
15769
15939
15608
3864
3667
15638
15959
15744
16055
16036
15945
15873
15752
16071
3617
3664
15847
16297
3872
16180
15957
15600
15980
15848
15793
15837
15767
16072
15781
15967
3770
16059
3724
16068
15690
3747
15718
3678
3815
3821
16265
3894
15897
16199
15965
15736
15687
3751
16768
16445
16966
16560
16775
4061
16778
16489
3971
16986
16720
16446
16907
16619
16499
3983
4031
16383
16957
4155
4172
4133
16846
16670
16447
16811
4158
16772
16573
16598
16831
16662
16565
4153
16623
16824
16868
16945
16508
4111
4181
4069
16776
16702
16624
16529
16432
4022
4160
16669
16328
16421
4139
16767
16933
16925
16713
16909
16843
16817
16814
16719
16854
16951
3992
3914
4013
16454
4147
16541
16929
3926
4009
16849
16582
16656
3966
4068
16998
4145
4109
16728
4169
16891
16614
3910
16506
16937
16975
3939
16512
16942
16666
16518
16903
16654
16320
16735
16345
16959
4112
16765
16859
4065
16452
4094
16329
4199
16528
16882
16944
16650
16629
16391
16680
16411
16520
16338
16927
16423
16318
16839
16701
4039
4053
16785
16780
3902
4140
16749
4042
16902
16441
3984
16536
16802
3961
16962
3960
16531
16377
16449
16593
4179
16712
16354
4051
3952
4128
16980
3912
16356
16562
4198
16393
16939
16804
4063
16502
3928
16579
16742
16953
4156
16459
16305
16414
16497
16672
4123
16572
16563
16874
3908
4195
16954
16858
16752
16828
16494
16627
3988
16866
4054
16763
16769
3943
16884
16863
16370
16429
16567
16488
16575
16390
16732
16781
16608
4043
16688
16543
16938
16799
16910
16618
16816
16395
4099
16797
16792
4021
16546
16693
16603
4166
16586
3959
16344
4131
16465
16368
4106
16864
4143
4029
3969
16437
3962
16326
16758
16653
16992
4058
4047
16440
16706
16331
16755
4026
16376
16492
16482
16689
16412
16671
16514
16387
16798
16748
16905
16480
16676
16515
16926
4072
16697
4020
16590
3934
4189
16878
16743
16610
4121
16791
16682
4018
16379
16881
16823
16385
16587
4127
16311
16378
16353
4103
16591
16556
3985
4176
16683
16652
4060
3945
4108
16695
16511
16736
16410
3918
16346
3948
16853
3973
16889
16400
16655
16484
4154
4436
4423
4338
17185
17058
4422
4426
17376
4301
17017
17664
4440
17417
17488
4473
17145
17636
17553
17163
17042
4206
17577
17325
4255
17015
17022
4412
17384
4429
17153
17321
17409
17583
17266
17567
17057
17182
17682
17412
17084
4278
4386
4341
17339
17340
4314
17558
17528
17394
4202
4371
4300
17643
17222
4233
17656
17033
17170
17406
17254
17449
17481
4421
17618
4378
17299
17466
17408
4419
17319
17099
4203
17400
17207
17055
17047
17053
17295
4414
17425
17532
17503
4427
17694
17243
17548
17177
17167
17183
17590
17110
4488
4389
17680
17430
17665
17213
17652
17543
17530
17493
4331
17104
4492
17683
17184
17189
17459
4211
17671
17038
17116
17225
4479
4453
17328
4342
17588
4352
4329
17433
17405
17605
17379
4464
17246
17399
17176
17193
17223
17056
17420
17071
17078
17263
17668
17003
4312
4200
4229
4280
17396
17220
17415
4263
4347
17560
17692
17422
17639
17616
4394
4227
17388
17206
17473
17086
17348
4324
17093
17238
17291
17098
17589
17580
4484
17453
17054
17306
17029
17028
17565
17347
17597
17508
17505
4292
17533
17298
17360
17594
17077
17641
17611
17026
4449
17060
17162
4413
4382
17344
4265
17151
17140
17687
17101
4257
4214
17353
17089
4471
4254
17152
17587
17240
4355
17465
17426
4393
17365
17203
17363
17470
17178
17228
17416
17239
17072
17260
4411
4401
4244
17491
17290
4380
17192
17555
17317
17117
17612
4391
17313
17468
4335
17224
17136
17447
17372
17216
17582
4207
17314
17667
17688
17066
4406
17585
17382
17392
17551
17235
17082
17367
17336
4404
17016
4208
17275
17457
17270
17061
4303
4425
17576
4325
17474
17043
17662
4470
4249
17180
17390
4209
17634
17602
4201
17337
17169
17666
17079
4332
17414
17673
17249
17126
4251
17366
17574
17236
4306
17265
17624
17500
4455
17088
4248
4282
17387
17277
17331
17864
4748
4673
18392
17723
4580
18313
18218
17739
4782
17750
18273
17895
17942
17874
4765
18148
18374
4632
4751
4769
17885
18028
17757
18287
17966
4703
17736
17769
18097
18293
4783
4554
18164
4589
17908
18253
18336
18032
18081
4708
4571
18215
4518
17897
18371
18286
17833
17960
17775
18106
18345
18275
4656
4778
18245
18331
17817
18303
18248
17734
17811
17758
18214
17746
4677
4557
18096
17994
17827
18377
4776
18370
17741
4732
18166
4556
18156
4602
17993
18340
18130
18296
4716
18039
17939
18307
18256
18265
18186
17899
17887
17974
4565
4637
18085
18227
18399
18362
4533
18252
17745
4550
18211
4541
17844
17935
17779
17843
4513
18171
18117
18115
4700
4514
18196
18282
18040
18269
4531
18000
17740
17747
4526
4671
18330
18393
18082
4638
18263
17803
17826
4761
18335
17790
4617
17852
17748
17806
18145
4560
17948
18329
4603
4788
18183
4754
17956
17717
17884
17873
17973
17709
18277
18327
18007
18318
17917
4786
4746
18346
4798
18356
4707
18057
17765
17742
17891
4797
17890
17915
4770
17880
18010
4534
17774
18116
4619
18084
18152
18241
4662
4719
18223
17855
18004
4752
18159
4660
17830
17947
18021
17714
18239
4516
17829
17738
18053
4542
4721
4566
17793
17744
4685
4775
18127
4502
17842
18170
18094
18143
18217
17869
17710
17754
18119
4510
4645
4654
4596
17952
4796
4676
17986
17943
17853
4517
18244
17938
17791
17988
4585
18391
17858
4625
18311
4581
4741
4584
17720
18144
18044
4578
17945
4601
17835
17712
18264
18162
4593
4564
4636
4615
17910
18001
4785
18258
18314
17953
18134
18172
17834
17951
18176
17822
17840
4772
17979
4734
4726
18310
17783
17781
18024
17759
17768
18136
18122
17814
18050
17987
18365
4710
18182
4520
18270
4525
4718
4538
4545
18087
18103
4639
17866
4686
17725
4699
18031
17875
4711
5017
18476
4865
4972
19050
4845
18993
18471
4921
18610
4897
4851
18461
18684
19006
18437
18560
5066
18990
18912
18533
18734
4843
18831
18600
18616
18896
18895
18999
18949
19099
18571
18959
5061
19097
18875
18499
19075
18691
18489
18772
19002
18611
18672
4814
5019
18466
18425
4980
18486
18805
4971
18991
18588
4849
19028
4918
18605
18548
4861
18904
5023
4969
18874
18469
18529
18837
19049
18581
18764
18523
18869
5067
18769
18953
18473
5069
18925
5000
18846
18659
5015
18862
19035
19089
18536
18755
18552
18575
18731
18795
18555
4893
18730
5059
18644
19016
18786
19001
18632
18849
19027
4906
18564
18998
19073
4960
4844
18722
18807
18823
18789
18894
18419
18954
19041
18811
18841
18591
18700
5031
18750
5054
19030
18733
18586
18697
18873
18827
18794
18863
18449
18817
4825
4930
18545
18703
18760
4804
18924
18965
18880
4994
19053
18793
18744
18729
18887
18784
18620
18735
18683
5082
5043
18897
18840
19062
18549
18524
4824
18406
18404
4903
19021
18711
18470
19079
5040
18816
18401
18749
18667
5052
18910
18740
18509
18773
19020
18727
18579
18546
5096
18649
4990
18804
18448
5099
18618
4975
18770
18881
18447
18835
18622
18888
19071
5003
18962
19095
5060
18964
18568
18668
18606
4925
4803
18438
18484
18551
18687
18719
5009
18913
18920
4983
18643
18928
5049
18814
18936
18593
19078
18705
19031
18948
5022
18518
4943
4958
5088
19066
4973
18707
18640
5074
19025
5064
18968
18670
4892
4899
19005
18650
4876
18715
18638
19026
18542
18939
5038
4826
4974
18984
18635
18495
19013
18790
18766
5079
18487
18950
5072
5085
18848
18828
4941
18454
18608
18961
4898
4820
18774
18739
18836
4937
18737
18905
18491
18859
18883
5095
18791
18669
18558
5053
5024
5050
18726
18908
18460
18759
18919
18787
4945
18702
4947
18732
18942
4867
4847
19571
5136
19582
5121
5390
19208
19573
19353
19306
19543
19665
5350
19384
19591
19313
19144
5145
19146
19613
19304
5193
19468
19237
19519
5366
5228
19749
5357
19126
5314
19711
19272
19594
19173
5130
19609
19217
19429
5293
5375
19555
5213
19674
19508
19192
5383
5195
19310
19150
5143
19722
19642
19187
5131
19678
19523
5358
5126
19172
5237
19680
5347
19465
19198
19493
19564
19339
19415
5215
19745
19268
5273
19360
19713
19218
19352
19281
5301
19273
5116
19549
19675
19444
19757
5354
19423
19685
19587
19743
19670
5114
19729
5132
19775
19254
19522
5325
19456
19412
19593
19297
19100
5363
19357
5190
19529
19111
19731
19160
19781
19504
19389
5162
19537
5388
19750
19455
19551
19475
5339
19764
5268
5348
19646
5352
5164
19579
19503
19629
19565
19158
5225
5125
19225
19163
19385
5329
19526
19131
19405
19477
19176
19243
19194
5334
19257
5298
5379
19506
5134
19359
19211
19383
5393
19440
5399
19242
19724
5153
5287
19645
5242
19338
19376
5364
19633
19501
19576
19280
19324
19469
19524
5102
19495
19539
19753
19121
19767
19266
19714
5376
5127
5331
19716
19691
19624
19653
19327
19195
5236
5166
19260
5392
5108
19735
5306
5198
19398
19230
19141
19247
19476
19296
19787
19382
19410
5294
19623
19490
19362
19461
19253
19541
19400
5223
5380
19575
19752
19792
5345
19394
19203
5174
5277
19358
19600
19686
5391
19467
5373
19738
19321
5283
19219
19151
19494
5367
5362
5220
19648
19447
19710
19698
5356
19488
19428
5107
5276
19702
19153
19773
19789
5179
19485
19703
19248
5221
19535
5310
19779
19491
19742
19216
19643
5397
19627
5303
19482
19181
19370
5123
5275
19599
19367
19649
5138
5161
5101
5212
19726
5280
5137
19409
19404
19101
19120
19748
19114
5172
19651
19794
19634
19622
19790
19466
19322
19518
19416
19274
19214
5505
20158
19846
5518
20421
20312
19835
5430
20490
20146
5402
20457
20285
20486
20089
19951
20028
5513
20398
5401
5576
19854
19991
20178
20005
19917
5662
19981
5423
20297
5564
20099
5427
5679
5558
5570
19950
20056
20266
20139
19980
5492
5426
19888
5436
20432
20167
5547
19927
19915
19971
5400
19942
19998
19926
5611
20380
20196
5640
5506
20460
20444
20314
5637
5451
19858
20110
20366
20081
20391
19856
20006
19866
20330
5580
19860
20080
20292
5493
20422
20031
20041
20271
5512
5515
19876
20293
5464
20055
19940
19964
19928
20449
19913
20375
19871
5633
19868
5425
19969
20469
20282
5661
5675
20043
20250
19988
5514
20306
5683
5684
5449
20365
20227
19978
5696
20441
20291
20221
20052
20176
5433
5687
5559
5484
20208
5403
19934
19959
19816
19849
20173
20459
5685
5548
20059
20121
5698
19935
20286
5560
20155
20322
5432
20024
19977
20463
20096
5447
19916
19833
19877
5556
19948
20298
19896
5688
19906
20480
20063
5639
5549
5587
19909
19939
19979
19972
20452
5534
20477
19873
19891
5636
20448
20278
5571
19910
5444
20065
19814
20307
20011
20098
5500
20495
19828
5613
20273
19827
20268
5529
19883
20234
20325
20455
5458
20475
20137
5510
20255
20241
20061
20337
5629
5466
20203
20464
19965
5638
5474
5543
20140
20035
5603
19809
5467
20308
5450
20386
5620
5533
20450
5502
5680
5482
20231
20395
20357
5455
5537
20355
5551
5607
19822
20033
5562
20451
5650
19839
5504
19818
20070
19851
20117
20215
20093
20109
19862
20154
20442
5487
20424
5631
20396
20407
20242
5541
20129
20354
5627
5663
20288
5644
20019
20383
20054
5525
5583
20211
5585
20413
20378
19984
19920
5654
20172
19885
20492
19947
20209
20483
5612
5597
20123
5554
19992
20411
19918
20440
20230
5531
5465
20053
20161
5668
19930
5584
20114
20363
19803
5963
20744
20637
20942
21000
20777
5900
20850
21092
20550
21034
20724
20581
20625
20568
5893
5786
20898
5811
20512
5956
20557
21146
20740
20794
20731
20698
20974
20606
20814
5800
21185
21035
20954
20587
5962
5754
5726
5714
5804
20976
21124
21056
20756
20826
20862
20979
20669
20896
5857
21182
5910
21186
20824
21050
21135
20738
20943
20848
5973
20884
5878
5966
5715
5977
21102
20911
21107
20542
20663
21090
21120
5907
20793
20783
20700
21113
21081
20699
20548
20908
20629
20922
20580
5991
20915
5719
21074
21073
20516
20527
21066
21138
20835
20825
20945
5727
20801
5829
20920
20638
20839
5822
5797
5841
20886
5713
5806
5967
5743
5995
20903
20947
5946
20520
21044
21162
20913
21155
20597
20741
5892
5870
5834
21108
5903
5783
20750
5918
21172
20687
20993
21029
5988
5789
20703
5941
5716
20905
21095
20861
21132
5875
20961
20720
5836
20649
20780
20572
5779
20936
20878
5831
5987
20977
5969
5818
20769
20707
5863
21067
20712
20661
20868
20671
5778
20667
5820
20785
21101
5815
21031
20856
20644
21161
5886
20887
20541
20689
5702
20633
21195
20749
20754
21051
20653
21039
20985
20590
20683
21058
20659
21128
20626
20737
5855
20753
21077
20897
5926
20973
21028
5799
21115
5889
21100
21174
20799
20513
21127
21060
21192
20505
20857
20788
20709
5723
21019
20596
20804
20526
5862
20876
21099
20504
21022
5990
5798
5757
5769
5938
5935
20800
20711
21123
5958
20901
20507
5764
5711
20743
21068
21193
5738
20941
20859
5846
21143
20517
5937
5777
20565
5752
21169
5730
5997
21194
20802
5858
20679
5773
5725
21084
20867
5866
20717
20966
21112
5821
20532
20939
20774
21071
20926
5994
20885
21064
21040
5753
20722
20984
5916
21014
21145
20621
5847
20571
5839
21114
20503
20511
5949
5922
21085
20693
5810
21086
5850
5960
20612
6102
21711
21339
21865
6024
21260
21744
21507
21382
21640
21656
21634
21387
6111
21357
21442
21652
21772
21604
6122
21553
21600
6155
21544
21447
21224
21587
21532
21443
21747
6019
21450
6072
21527
6035
6217
6188
21563
21472
21789
21458
21262
21490
21728
21538
6299
6027
6291
6262
21614
6254
6205
6006
6275
21396
21740
21796
21585
21265
21818
21664
21620
6136
21496
21742
21642
6197
21217
6247
21468
21727
6170
6000
21491
21276
21322
6140
21320
21541
21254
21792
21248
21887
21428
6271
21318
6293
21811
21763
21827
21569
21359
21489
21223
6196
21715
21729
21215
6256
6175
6093
21540
21896
21733
21863
6029
21327
21803
21203
21678
21487
21408
21213
6245
6237
21448
21227
21628
6028
21354
6100
6273
21567
21816
21326
21534
21360
21573
21702
21271
21294
21353
6164
21757
21410
6077
6085
21770
21210
21692
21298
6192
21743
21242
21535
6097
21776
21807
21424
6022
6115
6023
21777
21335
6069
21413
6026
21878
6169
21397
6282
21346
6048
6129
6242
21883
21401
21626
21575
21344
6225
21610
21840
21771
21400
6046
6249
6199
21500
21825
21704
21756
21366
21671
6113
21625
21766
21200
21823
21255
21602
6015
21502
6184
21377
21307
21693
6151
21473
6042
21676
6255
21791
21279
21333
21689
21467
21571
21445
21470
6094
6274
21510
21236
21361
21669
21790
21463
6181
21650
21782
21219
6043
6124
6224
21722
21438
6163
6288
6297
21244
21476
21659
21752
6081
21317
21842
21291
21701
21375
21696
21570
21258
21211
21675
21440
21282
21278
21461
21717
21643
21334
6232
6141
21471
6145
21407
21287
21332
21622
21837
6135
6119
21899
21321
6194
21780
21220
6295
21603
21439
21420
21775
6213
21518
21773
21421
21412
21624
6139
21760
21269
21547
21586
21449
6252
21204
21261
21480
21411
6277
6058
21748
21297
21835
6278
6223
21691
21207
21556
22293
22548
6495
22588
22221
22274
22504
22415
22511
22398
22349
22506
21995
6348
22008
22154
21961
22072
22452
22587
6340
6411
22217
22567
21955
6424
22412
6435
22238
21941
22223
21986
22286
22498
6363
22142
6464
22593
22006
6556
6563
22256
22097
21949
22073
22250
22455
6590
22012
22190
22534
6487
6472
22224
22213
6580
22215
22000
21910
22598
22164
22002
6388
22270
22552
22143
22319
6547
22023
22441
22175
6434
22549
22259
21976
22390
6412
22448
22367
22027
6509
21990
6535
6471
6538
22496
21920
6528
22044
21969
22541
6436
22199
6564
22036
22248
6420
21975
22481
22263
6339
22556
6355
22017
22020
21937
6383
22007
6336
6574
22460
22139
22400
22160
22435
6469
22497
22522
22465
22074
22080
22013
22321
6330
6595
22095
21996
21922
22366
22186
6401
22124
22574
22462
22411
22451
22591
6343
22099
22344
22177
21989
22062
22575
22109
22515
22140
6429
6549
22003
22278
6389
21967
22148
6357
6531
6489
6460
22243
22389
21919
22369
22505
22136
22438
6501
22042
6377
21926
22346
22028
22561
6571
22292
22030
6515
22180
6525
6369
22226
22276
22596
22584
21932
22499
22579
22392
22254
6554
22282
22406
22484
22049
6586
6593
22429
22301
21925
22436
21956
6317
22120
22564
22158
22491
6490
22425
22059
6572
6463
6431
22208
21917
21972
22495
22077
22106
6541
22298
6562
22266
22317
22347
22397
22081
22340
22161
6585
21980
6566
22551
22461
22516
6559
6454
6423
22258
22126
6376
6392
22414
22245
22039
22294
6492
21984
6518
6328
22116
6457
22518
21965
22247
22098
6407
6414
22178
22163
22280
22209
6433
6320
22422
6591
22589
6598
22571
22260
22133
22070
6302
21997
6403
6467
6308
6310
22144
6353
22337
21988
21938
22378
22092
22134
22232
6319
6565
22058
6354
22075
22050
22313
6506
22169
22303
22150
6386
22117
21939
22529
22863
22831
22980
6860
22773
6782
22729
6797
23229
23223
6629
23053
22677
23038
6656
22706
6633
6771
6672
6668
22825
22712
23103
6866
6754
22716
22887
22873
6729
23007
6793
22741
22736
22600
6876
22613
22751
22699
22810
6618
22853
22645
6896
6831
6744
6898
22812
6762
22845
22664
6784
23298
6828
23227
6715
22906
22876
22965
22836
23130
6645
22865
6625
6818
23005
6615
6791
6884
6813
6880
6886
22864
23243
22763
22940
23021
22748
22654
6735
22816
22900
23082
22700
22819
6609
23254
22884
23181
6872
22649
23119
22996
6867
22813
23094
22636
23169
22964
22938
22656
22632
23046
23091
6610
22851
6707
23089
6649
22867
22626
22852
22619
22910
22695
22966
22824
22886
22972
6798
23027
6666
23127
6698
22917
6679
22967
23165
22877
23035
6690
6807
23136
22769
23151
23164
22746
22615
6728
6705
22658
22960
22651
23050
22808
6812
22988
22638
6895
23265
23085
22924
6785
22644
22913
23109
22807
22999
22962
6879
22849
22957
23278
22635
6856
23252
6683
22973
23190
23219
6711
6861
6621
23116
23140
22894
22737
6733
6655
23135
6721
6702
6643
23191
22955
22995
23002
6829
22689
23036
22976
23248
23235
22666
23063
23010
22969
23276
6603
23022
6688
23110
22739
22707
6680
22710
23286
23245
6865
23294
6674
6636
22771
22956
22785
6795
6730
23271
6843
23013
23236
23075
23098
6878
22848
23241
6606
22870
22949
23173
22696
22971
22921
22948
22792
23158
22724
22925
22890
23133
22630
22688
22820
23043
6840
22708
22984
6800
22690
6870
23034
23026
6660
6693
6726
6803
23274
23114
6862
23162
23150
6611
22818
23142
22974
23287
6651
22653
22714
6677
23009
6662
22789
6885
22946
6868
22770
23178
23279
6820
23154
22605
22993
23000
22874
6842
22947
22931
6832
22705
23061
23081
22869
23003
6652
23060
6817
6650
6808
23280
6696
23305
23704
6990
23329
6914
23616
7037
6900
23865
23316
23421
23816
23652
23313
23317
23410
7007
23669
23501
23994
23782
7162
23875
23807
7063
7013
7109
23366
23873
23464
7083
23433
6981
23749
6906
6935
23536
23629
23564
23860
23358
23673
23670
7149
23339
7041
23477
23601
23800
23566
7151
23499
6938
23897
23546
23345
23701
23898
23492
7156
23982
23414
6927
23919
23735
23762
23937
23570
23939
23356
23944
23723
6910
6953
23841
7035
7027
23627
23575
23427
23784
23695
23929
7181
23309
23928
7072
23597
23304
23369
6908
23953
23621
23760
7040
7093
23424
23870
7193
6992
7183
23555
23417
23599
23607
23992
7143
23986
23608
6997
7096
23949
23454
23350
23408
23338
23913
23448
6918
7082
23303
23850
23979
23739
6985
23589
23527
23804
23962
23482
23827
23945
23649
6916
23435
23811
23503
23351
23925
23318
7002
7033
23742
23799
23610
23767
23676
6942
7137
7186
23844
23612
23773
7088
23326
23857
23878
23891
23392
23322
23517
23901
23476
23888
7060
23647
6945
23541
23700
23836
23806
23436
23565
23458
23974
7020
23921
23708
23666
23984
23973
6971
23832
23703
23497
23341
23320
23510
23515
23509
7086
23790
23337
23715
23470
23738
23540
6960
23307
23635
23523
7130
23644
23718
23906
7078
23733
23573
23349
23409
23838
7138
7048
23821
23630
23814
23881
7110
23514
23864
23362
23508
23538
23367
23585
23812
23357
7148
23344
23660
23783
23440
23781
23678
6980
7052
23385
23425
23835
23706
23624
23545
7064
23748
23535
23675
7192
23794
23543
23643
23563
23335
23460
23858
23411
23831
23368
23988
6905
23753
23384
23709
23496
23967
23671
23950
23772
6931
23972
7102
6923
23861
23444
7105
23889
7142
23993
23871
23817
23614
7106
23593
7182
7076
23395
7121
7023
7169
23904
23487
23798
7036
23489
23488
23863
7053
23856
23745
23880
23500
