7790
7594
7698
147
7758
7346
7534
127
7712
7338
7647
7428
7458
7492
7399
7405
45
20
7206
62
7518
7695
105
7770
7248
7382
7472
7295
197
7696
180
269
7419
7410
7287
7895
14
7741
7384
7507
7211
120
7457
7749
7786
266
7697
7228
7503
7395
7764
7291
7715
58
143
200
7544
7414
7303
32
7795
7423
7216
7391
7427
214
7626
7429
7873
270
7612
7718
7552
7562
7421
7389
7611
7246
7844
59
13
7860
211
7364
7890
7353
7807
7858
121
119
7774
106
7220
7407
175
182
7340
7256
7217
7461
18
189
7344
7524
7486
195
7234
7732
1
7602
7475
202
7798
7765
7243
7588
7328
7361
7433
109
56
7577
250
7631
7713
7783
7442
7843
7722
7453
94
7400
7883
7446
213
90
292
7352
283
7496
7701
7372
7321
7504
7345
7871
7630
7802
7628
206
7242
7471
7294
7266
7381
116
7237
7250
7886
7244
7420
296
7494
8
7252
7777
7425
7616
7478
7815
7
7270
7412
7357
7894
7371
10
248
7430
80
7730
7669
34
7731
92
7818
267
7334
36
137
132
7569
7488
7331
7307
150
279
7444
7468
7811
7404
7739
141
7725
7370
7826
173
117
7755
7208
7316
7522
7290
46
7651
7432
237
7513
7356
7251
7650
205
7597
156
7479
7638
7349
7398
7556
7641
7489
7688
7377
7213
7273
7505
7748
285
7782
7258
7240
226
7796
272
7607
7367
172
7735
7501
171
7726
7864
7339
7514
7596
128
7545
7276
7426
7254
7646
7848
38
9
7685
7643
26
7668
89
7604
24
7622
191
204
7581
44
7289
29
49
7679
7508
7212
253
7445
7387
7823
53
7402
7653
7689
7441
7531
7221
261
216
257
7491
7277
7838
57
418
8016
520
8462
8407
7909
8327
556
366
8153
439
389
365
536
8578
8012
8030
592
8561
8190
373
431
8436
8225
8237
8269
8155
8278
8003
560
7995
504
463
7926
8368
8502
399
516
8419
8213
8102
8544
8452
8518
7978
8309
325
8238
8182
500
8183
8310
8466
8479
318
8210
413
7977
8535
8446
8066
8363
8187
557
457
8380
525
8512
8470
405
8240
8126
522
579
8215
8384
8531
449
7910
8247
7945
8212
313
327
529
8395
416
499
588
461
382
566
8321
356
8007
8510
410
436
8546
8455
358
8017
8484
8382
8038
8107
7959
8085
8204
434
8543
8388
368
7920
487
428
8028
8138
8087
8439
8285
8399
8236
8214
8425
8069
7958
7984
383
441
8146
8326
329
8483
8557
8248
415
464
8377
345
387
582
550
8435
8357
8121
7962
8020
8562
309
8184
8274
8358
7913
589
8299
8068
8457
7981
8524
374
7902
8538
7938
8063
8364
8131
8461
8168
8143
8195
7919
8316
8151
8011
8520
8304
8339
8343
7960
364
7996
8406
8246
8381
8508
7951
404
549
8140
8023
527
565
8516
8521
8124
569
555
8397
402
543
8277
8152
8315
340
8473
317
430
8037
8394
572
8503
8548
320
8081
393
561
384
8217
8137
8350
8186
473
8090
8075
554
7939
8262
8590
8281
570
8567
7931
7911
8249
7957
8481
8254
337
8178
8232
8044
7928
7947
8042
8076
8539
8268
303
7907
446
8279
8374
8415
8513
8110
471
8430
450
8193
8139
8448
475
344
8243
8233
353
8440
8574
545
578
8449
339
8096
8474
8427
8173
8082
8337
8270
8242
7985
8464
8100
452
8103
470
8597
564
8408
8485
541
7969
481
8458
8157
8490
8288
8426
458
9291
9224
8971
816
9238
803
8881
645
8934
758
636
8977
8989
8625
675
8645
9282
9000
8626
8903
9002
9206
706
8623
8965
8628
8732
807
9115
8959
798
8664
612
9229
8736
9168
8743
838
755
877
707
8691
8637
743
718
793
626
8647
8811
869
9086
8981
794
8784
8809
827
9026
9081
9150
9142
9024
768
742
8794
874
856
8837
765
9057
8764
737
8964
814
8731
8888
8721
8698
9156
9164
8705
8974
9163
649
8801
8839
9096
9134
752
9035
745
763
9274
703
9047
8994
632
8995
8991
8751
8621
823
9280
779
9231
8944
8817
613
9088
648
8787
9205
8983
8845
609
9105
9113
8797
9236
812
8725
656
639
8655
8807
739
8824
8710
9250
8703
857
8812
655
9260
8889
8649
8675
9269
690
9085
9045
837
833
781
8635
846
9079
8613
771
897
8894
9031
725
653
8856
9012
8829
8704
8942
9127
8740
789
8612
778
836
860
9233
660
9090
8883
8816
8738
678
8683
8776
8920
842
8733
8963
9268
738
878
8767
611
8771
9128
9119
8810
8945
754
8780
9110
875
8607
8814
8712
8757
668
9200
9249
9158
8603
862
8663
8941
9159
9102
9139
9146
9263
658
8679
8988
9067
8846
9219
9195
9155
8617
8774
9279
9285
677
849
8791
9091
8653
8879
9270
792
9010
9170
9027
810
8987
681
8915
866
762
9043
9036
9181
9242
9234
642
680
8689
604
8984
9109
8644
662
9191
736
813
8641
617
8940
9056
9051
616
8659
748
9176
8792
9111
8671
8925
724
659
9182
9023
679
9217
9106
8890
651
9098
8842
780
818
8929
9253
8651
9157
701
855
8805
8836
8692
647
734
9060
8986
9296
8713
9076
753
630
634
8855
9956
9336
9842
9795
9965
9696
9419
9397
9353
9760
9491
9625
9464
9650
1130
9392
9374
9913
9936
9324
1164
1063
9637
9417
9393
9980
9690
9986
9782
9343
995
9415
1162
9718
997
1077
950
1118
1147
9451
9804
9741
9893
9615
9495
9427
9821
9934
930
941
958
9624
1148
9628
9862
9962
9348
9717
928
9440
9512
1132
9558
1088
1100
9416
9378
9912
9406
9418
9797
9768
9362
1002
1150
9943
9967
9368
933
1072
9450
974
9744
977
9618
1166
9380
9354
9515
9473
9347
9465
9942
9796
9437
9931
946
9305
9721
9884
9762
1192
9499
9421
971
9715
1177
947
9835
999
1055
9554
985
9548
9743
9754
1183
989
9800
9301
976
9381
9988
908
9534
1008
9799
9952
1074
1109
1154
9836
1145
9681
940
1115
9542
1062
1139
9759
9848
1061
1172
9921
9584
9443
9752
9531
9501
9667
9845
1122
961
1039
9385
9849
903
9359
994
9307
9947
1030
9428
9966
9622
9401
9334
9631
9918
9497
9583
9953
9920
9855
9649
9818
9411
9678
1168
9822
9529
9860
9593
9506
9883
9510
1116
936
9945
9442
1169
9749
904
9773
9964
9729
975
9361
9993
9828
1089
9598
1151
1128
9777
9639
9386
1197
993
9756
9874
1157
9302
1188
9623
9691
9672
1040
9772
9316
9670
9655
1159
9769
9567
9425
1153
1112
9713
9320
1024
1176
9843
9462
906
9834
1186
9911
1045
9780
9653
1078
9544
987
9767
9704
9765
9383
9344
9714
9338
9979
9954
9494
9482
9326
9725
1013
1096
9719
9396
934
1163
9553
990
9349
9351
9847
9758
9705
9565
1179
970
1012
9746
9590
9827
9846
9703
1184
9371
9507
968
973
9481
9978
9898
9859
9340
9596
1000
9556
9526
967
9685
9726
9310
9668
902
9857
1334
10078
10229
1418
10354
10169
10381
10000
10005
1265
10123
10217
1372
10132
1245
10018
10584
1412
10533
10003
1291
10227
10524
10438
1271
10581
10692
10355
10662
1338
1377
10215
10330
10334
10014
10385
10457
1295
10353
10212
10027
10566
10222
10103
10273
10120
10282
1252
10160
1383
1462
10386
10296
10130
1378
1459
10110
10427
1363
10239
1351
10178
10279
10336
10567
1212
1423
1356
1487
10194
10598
10583
1380
10240
10069
1450
10534
10180
10406
10076
10696
1438
1479
10661
10484
10654
10055
10599
10176
1427
10297
10237
1409
10287
10256
10157
10418
1266
10290
10187
10247
1320
10388
10154
10435
10560
10293
10019
10126
1421
1405
10254
1407
10426
1233
10550
10424
10646
1223
1381
1416
10431
10298
10479
10070
10593
1454
10403
10010
10046
10270
10689
10050
1225
1292
10140
10316
10499
1306
1490
1318
10493
10650
1417
1484
1397
10054
10683
1458
10415
10630
10305
10171
10485
10173
1262
1360
10234
10682
10572
1281
10184
1385
10276
1402
10421
10487
10149
10224
10299
1469
10133
10507
10108
10246
10511
10260
10498
1220
10098
10033
10138
10295
10259
10548
1237
10502
10588
10370
1374
10129
10061
10119
10122
10074
10632
10578
10670
10558
10449
10387
1250
10051
1341
1208
10106
1249
1267
1229
10611
10045
10255
10633
1358
10285
10447
10568
1366
10377
1218
10042
10422
1440
10466
10543
10095
1430
10344
10643
10197
1285
10535
10158
10552
1456
10356
10029
1346
1471
10117
1488
10549
1369
10399
1349
10342
1215
10156
10001
10207
10213
10362
10319
1310
10340
10384
10456
10152
10669
10235
10699
10236
1305
10505
1477
1324
1325
1256
10614
10262
10009
10357
1435
10698
1491
10174
1401
10667
10268
10364
10659
10510
10573
1345
10209
10400
10609
10603
1495
10202
10348
10144
10478
1379
10264
10393
10607
10419
10351
10360
10711
11092
11262
10949
10757
11385
11275
1754
10951
11026
1546
11190
11110
1701
10744
11351
10858
11207
10957
11271
10922
11283
11341
1503
10877
1559
11027
10738
11221
11268
11339
1584
11134
11095
10705
11034
11156
1537
11228
11256
1635
11152
1666
10843
10856
11248
1550
11233
1617
11234
1733
11282
11189
10767
10796
10721
11225
11231
11162
1548
1678
10826
11373
10976
1528
11371
11126
11201
11180
11013
10958
10874
10857
11153
11365
11312
11329
11287
1793
1553
1650
11241
10839
11322
10715
10872
10923
11297
1791
10807
11205
11212
10855
1749
11300
1767
1659
11364
10804
11071
11079
1651
10799
11021
10727
11195
10773
11066
1608
11325
1560
11085
11255
11137
1535
1645
10956
1696
11213
1566
10768
1655
10971
11197
1598
10984
11211
11147
10876
10713
1688
11350
11150
11083
10739
1695
1677
10760
1705
11158
11149
11129
10818
11199
11227
10910
11121
10808
11335
11306
10889
1746
10867
1604
11303
1630
1517
1582
10823
10840
11389
1526
1700
11045
1640
1520
11318
10961
11258
11340
1606
1747
10723
11302
11161
11031
10981
1776
1797
1739
10846
11073
10966
11056
1783
1597
1769
10798
10741
1527
11050
11072
11148
11011
11144
10801
11281
11179
11359
1603
10795
10854
1750
11117
1502
1570
1657
10875
1656
10834
11288
1525
11062
10873
11000
11333
11005
11049
10709
10898
11260
1782
11154
11386
10982
11392
11046
11244
11142
10893
10914
1720
1641
1778
1672
1763
10838
1757
11042
11276
11345
10908
1669
1611
1740
10732
11012
11004
11274
11383
10786
1780
10800
11362
1579
1636
11249
10784
10712
1602
11382
10836
11277
11250
10740
11261
10764
10819
1694
11166
1699
1654
11369
1576
1613
11349
11203
11040
11193
1539
10969
10731
1557
11076
10725
1515
10869
1684
10759
10913
11101
11059
10879
10722
1762
10916
11081
1790
1712
1511
11953
1878
11967
1978
2073
11656
1968
11477
11509
12090
2031
12083
1890
11899
1989
11559
11740
12056
11921
12048
11416
1911
1821
11778
11470
11962
11464
2042
11513
11527
11947
11749
11825
1813
11618
11827
12085
11993
1917
1975
2029
11756
11459
11766
1897
1958
11532
11604
11949
11911
11781
2096
11965
11450
12050
1839
11777
11881
11909
11760
1811
11834
11982
1957
11703
1894
1842
1857
11673
11910
11474
1948
11986
11679
2066
11779
11476
11830
11602
11654
12004
12011
11707
11785
11788
11613
11776
12074
11627
2054
11805
2098
12019
11423
1835
2015
12089
11810
2001
2016
11836
11725
11427
11700
11687
11708
1909
11595
11861
1810
11697
11773
1858
11680
11517
11539
12064
11796
11448
12026
11920
1893
11621
11932
11954
11745
11997
2013
1984
11600
12044
11941
11864
12046
1865
11748
11668
11488
2060
1964
11671
11529
11880
2010
11939
1983
11907
1931
1837
1950
2020
1934
12021
12013
12005
11690
11718
2084
11491
11693
11694
11784
11619
12010
11726
12091
11969
2033
11797
2065
1994
11541
11847
1889
11780
11685
11738
11630
11767
1954
2036
12057
2044
1924
11495
12031
1981
11735
11815
11410
11946
1937
2059
11696
11912
1906
11648
11444
11837
2051
2097
11787
12068
11768
11752
11739
11674
11981
11520
11757
11588
11429
11950
1991
11883
11655
11611
1949
11624
11915
2083
12073
11489
1979
11975
11622
11839
12053
11558
1873
11556
1898
11799
11415
11642
11798
11879
11750
1966
11563
1871
11560
1804
2006
11999
11453
2081
1927
12002
1972
11669
1832
12008
12063
11543
11501
11597
11990
1955
11719
11414
12086
11790
12097
2069
11583
1848
1881
11758
11892
12015
11577
11607
11811
11496
11659
11764
11914
11751
11665
11549
11446
1936
11832
11706
11497
12029
1847
11573
2017
11699
12067
11672
11860
1892
11678
1844
11522
11564
11759
12579
2371
12560
12650
12191
12426
12100
12488
12246
12535
12105
12145
2301
12230
2330
2141
12293
12342
12588
12243
12716
12761
12176
12450
12614
2214
12155
12457
12681
2219
2370
12454
2278
12517
2129
2135
12131
12798
12497
12522
12607
12520
12642
2390
12441
12462
12307
12537
12455
12125
2177
2127
2215
12132
2397
12683
12746
12625
12328
2180
12713
12679
12667
12331
12333
12513
12534
12192
2274
2309
2200
12210
12203
2254
12639
12740
12608
12794
12747
12359
12316
12248
12636
12335
12622
2335
2197
2137
2208
12708
12766
2375
2210
2169
12194
12280
12288
2171
12240
2360
12330
12493
12104
12435
12420
2333
12494
2383
2225
12741
12453
12263
12149
12408
12684
2119
12539
12768
12217
12730
12726
2118
12220
2257
12382
2204
12695
2132
2222
12347
12281
2131
12762
12384
12646
12126
12310
2269
2341
12438
2113
12190
2295
2325
2221
2359
12788
12213
12417
12752
12770
12739
12717
12102
12143
12464
12423
12228
12568
12409
12484
12184
12352
2346
2394
2270
2153
12577
12279
12432
2157
12124
12148
12169
12499
12236
12414
2291
2258
12274
12710
12544
12597
12318
12737
2230
12521
12138
12500
12368
12725
12199
2227
12413
2385
12264
12154
12353
2216
2266
2147
2384
12372
2144
12269
12657
2290
12229
12208
2164
12663
12612
12504
12466
12549
12277
12687
2104
12581
2152
12412
2347
12514
2122
2303
12647
12489
2300
12108
12654
12325
12302
12789
2250
2130
12698
12531
12635
2192
12111
12319
2218
12461
2181
2336
12594
2239
12127
12736
12619
12674
12383
12257
12483
12337
2101
12540
2182
12428
2203
2310
12600
12787
12757
12226
12570
12299
2238
12129
2308
2110
12572
2387
2282
12760
12580
2285
12160
12555
2280
2279
12152
12471
12114
12575
2317
12729
12448
2166
12218
2314
12699
12764
12664
12669
12182
12332
12392
12109
12122
13020
12812
13188
13009
2505
13283
13268
13260
13469
13213
12911
2630
13437
12891
13026
2500
2686
13094
12837
13058
13113
12857
12957
13166
13100
13403
13286
13132
2508
13170
12873
2443
2549
13456
13147
13325
12827
2417
12855
13041
13413
13108
13328
12901
13401
2516
13194
13232
2618
2643
13104
13146
13203
13459
13473
13089
13102
13354
12848
13273
13000
13329
2682
13292
12987
13116
13386
2598
13048
13351
13208
2683
13259
12830
2582
2533
13400
13430
13428
13290
13057
13186
13218
13275
2560
2425
2552
12893
13433
2479
13139
13043
13270
13494
13285
13311
13125
13495
12892
2602
2662
12820
13095
2429
2535
13246
13201
2680
13347
12964
2576
2525
13173
13012
2645
13217
2591
12919
12990
2652
13056
13129
13333
2455
12985
2541
12821
12974
13263
12927
13481
2405
2488
13081
12808
2547
13085
2537
13282
12850
2572
13040
12913
13171
13240
12983
2690
13019
2481
13425
13131
12898
13122
13187
13291
13319
2521
13205
13300
2577
13310
13060
2536
12928
13155
13034
12864
2648
2584
12996
2482
13013
13103
13151
13121
13499
12903
2696
2413
2498
2402
12801
13496
13014
13075
13117
2581
13423
2551
12950
13480
12929
2449
2524
12888
2461
12951
2644
2638
2510
13053
13370
13193
13076
13241
2667
2559
13394
13093
13421
12842
2459
2474
13476
13266
13069
13352
13475
13303
2470
2597
2415
12869
12845
2464
13439
13123
2623
13279
2565
2401
13206
13230
12863
13172
13330
13065
13477
13130
2694
13216
13468
12968
13174
12986
2435
13493
2674
12926
2408
2430
12948
12851
12969
12961
2657
2659
13391
2543
13162
13071
12982
2446
2587
13281
2515
13488
13159
13384
2632
13195
2550
13227
13111
12942
13236
13489
13243
13379
13198
12807
13257
13167
2650
13160
12980
13124
2656
13357
2410
13298
13350
2688
12881
13345
13378
13323
2612
13244
13405
13964
14019
13576
2725
14063
14088
13967
14160
13892
2967
14163
13826
13599
14196
14188
14191
13636
2703
13905
13989
13836
13756
13919
2950
2723
13819
14179
13747
13517
2701
2824
13882
13653
13977
14041
2951
13886
13550
13601
2840
13631
13714
13740
13580
2784
2809
14090
2920
13685
13851
14161
2978
13834
13761
2882
2888
13558
13831
13505
14002
2826
14132
13983
2708
14012
13995
13957
2860
2858
2895
2943
14017
13671
13936
14131
13912
13946
13686
2937
14134
13887
13620
14072
2792
13652
14065
13720
2731
14173
14062
14020
2715
2930
2956
13627
13520
13648
13779
2762
13978
13530
13843
13625
13870
13523
14171
13518
2790
13742
13667
13658
13542
13584
13869
2946
14073
13775
2925
14029
2857
13865
2727
2864
13763
2767
2938
13889
13958
2887
13909
13818
13733
2846
13564
13965
2998
2927
14138
13858
13963
13755
13674
13859
13559
2908
14000
13835
13694
14008
2712
2961
14174
13992
14170
2955
13509
13780
14067
2832
14141
13563
14167
14162
13626
13975
13699
2746
2970
14151
2797
2833
2853
14175
13929
2779
13741
13935
13840
14044
13585
2932
2962
2757
2936
14192
14112
14034
13644
13816
14108
2885
14083
13602
2736
13890
13675
2866
13947
13536
14093
2987
2963
13898
13822
2980
2801
14182
13753
13507
13925
2769
14129
13731
13927
2813
13553
2831
13844
13814
2795
2847
2807
14091
13802
2964
2749
2968
13617
13632
2741
13934
13583
14154
14140
13824
13783
14104
2791
13622
13754
13949
2972
13980
13830
14189
13951
2971
2923
2756
2960
2843
2709
13931
13839
13623
13952
2958
13752
2710
13959
2924
13561
13973
14095
13708
2975
14107
13618
2942
2991
13798
14123
14027
13569
13737
13691
14128
13693
14133
2812
2896
13879
14149
13805
2763
13974
13781
14071
13895
13514
13749
13829
2780
13765
13856
13730
13513
14125
2884
13769
14726
14669
14321
14596
3098
14630
14485
14869
3207
14632
14740
3096
14713
14378
14863
14610
3041
3253
3072
14755
3193
14273
14375
14574
3105
14809
14581
3245
14286
14267
14719
14534
14864
14225
14668
14294
14356
14454
14862
3093
3242
3191
14445
3011
14699
14255
14504
14626
14395
14688
14384
14783
14715
3236
14899
14663
14567
3256
14671
14219
14260
14549
14883
14855
3223
14884
14729
14309
14412
3013
14526
14868
3254
14730
3123
14570
14211
14502
14348
14768
3285
3062
14641
3171
14533
14427
3140
14251
14748
14388
3147
14306
14659
14635
14347
14250
14876
14416
14208
14693
14453
14462
14215
14898
3107
14274
3144
14497
3233
14742
14257
14475
14661
14402
14525
14832
14452
14478
14611
14563
3289
3112
3060
14459
14268
3278
14673
3137
3226
14827
3228
14449
3110
14554
14302
14376
3204
3186
14879
14397
3284
14647
14243
3222
14484
14815
14297
14808
3007
3047
14796
14790
3083
14835
3018
14340
14469
14873
3174
14263
14385
3035
14770
14552
3274
14428
3065
14816
14339
14774
14519
14761
14866
14419
3111
14350
3103
3162
14792
14698
14665
3295
3057
3128
14565
14841
3087
14887
14357
14559
14380
14672
14892
14448
14528
14594
3090
3077
3275
14839
14362
14780
14254
14355
14760
14435
14382
14292
14606
14400
3129
14588
3266
14842
14227
14775
3132
14248
14560
14629
3117
14396
3298
3130
14293
14616
14551
14747
14800
3051
14433
14732
3044
14480
14304
14334
14405
14370
14301
14514
3185
14721
14429
3010
14386
14802
3052
14224
3133
14575
14731
14431
3273
14256
14300
14275
14546
14410
14271
14787
14482
14580
14392
3243
3116
14778
3125
14834
14265
14733
14298
14287
14319
14602
3086
14442
14520
14683
14352
14720
14415
3189
14710
3066
14561
14314
14840
3251
14639
14759
3026
14393
3291
14523
14336
14474
14264
3229
14777
14746
15343
3420
15552
3574
3394
15076
15294
15337
15169
15394
3342
15116
3382
15135
15475
3392
3370
15377
3486
14917
15060
15221
3545
3300
3327
15320
14919
15180
3573
15467
15581
15356
15188
15093
15386
15408
15483
15311
3307
3455
15484
3428
15203
3581
15080
3598
15405
3314
15366
3432
3492
3514
15094
3429
15383
3419
3473
15025
15008
14911
15402
15096
15127
3520
15443
15564
15186
3547
14922
14904
15136
3465
3483
15308
15304
15560
15282
3365
14954
15078
15083
15251
3590
15321
14925
14974
15046
15027
15538
15164
14964
3530
15591
15519
3450
15433
15468
15042
3377
15068
15178
15498
14981
15488
15172
3353
15171
15161
3404
3357
3497
15317
3368
3542
3460
3461
15495
3531
15326
14926
15571
15496
15455
15300
15391
15120
15494
15238
14915
15524
3373
14932
15502
15565
15535
15590
3435
3561
3326
3360
3305
3480
3585
15388
14983
15579
15030
3409
15301
15004
15596
14944
15122
15218
14969
14943
15074
3525
15032
15215
3592
15507
15363
3323
15298
15358
15318
3437
3329
14985
3402
15274
3352
3479
15540
15228
15055
3332
3406
3515
15544
15155
15173
3443
3569
15322
15350
3579
15248
15219
15240
3355
3578
15450
15352
15445
15062
14950
15295
15212
15177
3302
15288
15009
3457
15103
15422
15482
3321
15022
15204
15139
15578
14993
15465
15267
3383
15053
14992
3393
15520
15474
14906
15470
15097
15197
15347
14959
15518
3485
3597
15534
15006
15435
15287
15019
3453
15156
15376
15061
3538
15063
15292
15199
3584
15416
15549
15367
15582
3484
15129
15501
15123
15464
3446
3533
3349
15587
15563
15313
14951
3503
14948
15393
15002
3493
15142
3325
15473
3537
14901
15409
15003
3568
15160
15190
14907
14937
14956
14946
3459
15226
15289
15302
14952
3328
3466
3362
15183
15216
15512
15090
15174
3344
3482
3567
15381
14913
15138
15100
16255
15803
15847
3693
3616
16246
16108
16112
3740
16073
15642
3647
16079
15873
16190
16241
16021
16232
3697
15654
15872
16220
15949
15831
15630
15679
15880
16037
3813
15921
16132
16086
15936
16206
15950
15858
3729
3704
15893
15709
15732
16224
16159
15896
16202
3776
16126
3744
16172
3800
16243
3866
15678
16027
3859
3854
15926
3751
15802
15844
15867
16147
16290
15714
15717
15902
15779
15821
16157
15869
16208
15651
3617
15804
3670
3688
15850
15793
16094
16188
3862
16119
15852
3723
15739
15737
15629
16143
16291
3750
16227
15931
15916
15810
16088
3709
16056
15964
15657
3602
15941
16008
15759
3772
16121
16110
16236
15928
15973
15672
3626
3632
15791
16273
16156
16006
3849
3680
16149
16278
3716
16117
15778
15996
15618
16234
15925
15704
16054
15735
15769
3788
3780
16214
15638
3640
3816
16298
16052
15899
15774
16023
15677
16020
15825
15933
15653
15625
15680
15861
15609
15700
15855
15627
15948
15607
15756
3736
15754
15789
15912
3706
16047
15712
16091
16221
3652
15660
3627
15723
16238
3795
15770
15818
3731
15691
15722
16131
16271
16058
3811
16295
15748
16096
3607
16242
16128
16248
16281
16011
15725
3710
16260
16249
16168
16200
16104
15930
16259
16022
15946
16184
3877
15637
16272
16152
3839
3623
3683
3673
15610
16129
16169
15999
16165
3783
3700
15938
16114
3620
3746
15814
15798
16085
15866
15788
3631
15957
15995
15958
15940
3831
16170
3622
15918
15884
3691
3609
3612
3812
3784
15942
15686
3836
16087
3872
15695
15846
3664
16071
15755
15795
3899
16285
15728
3886
16010
15883
15975
16097
15935
3803
3645
3878
16072
15604
3694
3692
16089
16211
15624
3613
15690
3754
3875
16276
16239
16254
15903
3841
15915
16101
16068
16230
3676
3738
15721
15713
16213
3672
15688
16134
16262
3705
15782
3868
15617
15963
3689
3656
4158
16768
16722
16706
4152
4090
16649
16873
16494
16881
4139
16616
16450
3946
16638
16742
16596
16836
16463
3964
16620
16525
16827
4087
3989
16599
16689
16430
3930
16723
16495
16930
16708
16556
16681
16710
16989
16811
16831
3955
16639
16316
16378
16407
16780
4170
16618
16568
16628
16484
16843
3926
16542
16883
16592
16855
3923
16794
4084
16477
16854
16987
16806
3944
16461
4075
4116
16784
3918
16667
16521
16713
16563
16900
4163
16446
3949
16848
16789
16756
16732
4121
4042
4039
16429
16941
16375
16546
16790
16954
4194
4165
16459
16845
3990
16496
16668
4120
16895
3980
16413
16486
16735
16308
4022
16642
16438
4127
16909
4122
16471
16354
16557
16906
16666
4073
3902
3920
16982
16654
16889
16703
16961
16716
16963
4078
16939
16721
16745
3998
16775
16894
16656
16625
4150
16322
4061
16823
4149
3932
4077
3909
16757
3945
16380
16899
4147
4092
16355
16800
4196
3903
16755
16851
16404
16606
16761
16798
16682
16951
16749
16392
16300
16531
16999
16345
4055
16434
4024
16717
3942
16996
16502
16570
16892
16362
4037
16955
16704
16532
16645
16418
4190
4021
16984
16709
16427
16466
4096
16936
16419
16738
16332
4071
16540
16832
4185
3979
16367
16431
16872
4118
16910
16948
16390
16516
16473
16686
4126
4012
16664
3939
16406
16801
4135
16475
3936
4142
16535
4145
3914
4137
16352
16981
16614
16876
4002
4006
4011
16727
3987
16528
4007
3954
16882
16491
16762
16898
4009
16660
16610
16425
16740
16396
4048
3951
16916
16593
16572
3927
16663
16340
4199
16458
16853
3957
16947
4052
3981
16391
16903
16474
4134
16534
16357
16457
16349
16529
16760
16567
16482
4181
4130
16643
4094
16522
3967
16683
4056
16792
3905
16608
4101
16623
4191
16309
16303
4153
16485
16759
16979
16374
16870
3966
16476
16422
3984
16497
16547
16341
17225
17147
17180
4428
4454
17275
17242
17472
17508
17251
17208
17568
4480
17561
17077
4495
17605
17576
17366
17088
17115
4363
17615
17178
17255
17658
17669
17655
4409
17484
4458
4238
4340
17171
17173
17638
17481
17630
4218
17079
17633
17531
17187
17499
17231
4225
4410
4201
17016
17236
17020
17176
17320
4423
17597
17072
17397
17112
4437
17690
17049
4267
17203
4440
17074
17697
17304
4416
17293
17536
17335
17083
17264
4255
17089
17281
17627
17305
4329
17003
17521
4203
17490
17619
17664
4310
17383
17126
17198
17493
4452
4333
17069
17314
17688
17206
17313
17261
17047
17526
17096
4422
17478
17216
4400
4294
4301
4483
4279
17283
17151
4450
17120
4418
4208
17246
4227
17233
17354
17200
17093
4383
17144
17025
4288
17391
17105
4365
17404
17683
17459
4259
17516
4332
4434
17011
4202
4433
17506
17190
17240
17268
4391
4306
17207
17666
17418
4415
17360
17637
17241
4322
17611
4369
17410
17551
17645
17125
4274
17646
4230
17692
17039
17161
17035
4311
17017
17331
17435
17053
17518
17555
17230
17066
17424
4200
17336
17005
17364
17489
17315
4265
4463
17103
17681
17585
17537
17447
17378
17116
17512
4326
17018
4276
17154
17372
17377
17464
17453
17290
17474
17316
4412
17067
17301
17299
4312
17012
4275
17317
4235
17428
4334
17104
17149
17196
17146
4404
17624
17211
4256
17613
17160
17280
17642
4282
17204
17119
17502
17235
17587
4377
17339
17699
17095
4291
17286
4358
17384
4278
4486
4493
17675
17058
17649
17504
17566
4443
17425
17451
4489
17337
4484
17390
17098
17438
4378
17622
17106
17082
4229
17686
4457
17557
17298
17091
17141
17569
4315
4456
17195
17024
4374
17113
17081
17375
17322
17133
17580
4281
17483
17287
17657
17197
17654
17193
4474
17155
17541
17430
17599
4246
17260
17164
17591
4424
4210
17156
4324
4467
17886
18047
4643
18104
17895
17784
18216
17755
4614
17808
17810
4531
17717
18244
18288
17889
4733
4628
18140
17704
18317
18175
18307
4727
4555
4539
17794
17737
17735
4552
4663
18335
18319
18399
17926
17708
4753
18036
18374
18117
17701
18112
17766
17843
4515
4551
17781
17841
4699
18237
4682
17761
17947
4672
17867
18202
4692
4671
18127
18286
4592
4656
17868
17885
18231
4728
17852
17835
4788
18173
4562
17872
18061
4648
18052
18000
4716
4706
17806
4776
17978
18004
18021
18246
17795
18063
18014
17785
18120
18124
18010
17977
17942
4745
18347
4721
18109
4778
17827
4593
18280
18106
17725
18072
4636
18225
18064
17836
17822
4563
18266
18151
17988
18282
4512
4767
18303
4749
17870
4676
18101
18046
18198
17851
4514
17906
18329
17998
18269
18308
18272
18234
4510
17703
18147
17963
17950
18311
4675
18250
17765
4691
4584
18132
18044
18081
17983
17751
18363
18353
4517
18133
4674
18184
17710
18318
4576
18086
4541
17907
18093
17946
18032
18174
17951
4505
4618
4568
17932
17744
18276
4554
17779
4744
17745
4534
4764
18378
4595
17733
4714
18397
17746
4508
18281
17789
18332
4765
17799
17968
18011
18249
4528
17892
4532
4556
18160
18385
4777
17974
4635
4722
4557
18163
18157
4669
4652
17909
18049
4581
17953
17811
17834
4523
4683
18278
4680
4579
17788
17975
4658
18390
17772
17793
18368
18260
4775
17990
17855
18181
18350
4565
17723
18141
4757
17984
18107
18150
4798
18228
18041
18028
4667
18267
18197
18299
17728
17762
17786
4734
4758
17775
18097
17957
18024
4524
18071
4642
17743
18091
18136
4560
18203
4609
17913
17961
17956
18348
4787
18194
17839
18398
4707
18232
17924
17876
17971
18264
4561
17919
4607
17991
4752
4610
17847
17960
4633
18169
17813
4784
18199
18185
4690
18212
4660
17738
18204
4575
18369
17807
4926
19017
18866
18560
4952
19083
18992
18681
18891
4907
5011
18524
18668
4989
19093
18878
18816
4934
18604
18404
19013
19016
18489
18743
18581
18551
4867
5054
18438
18835
4974
18906
18978
4962
4965
18612
18843
18974
18618
18669
18475
18639
4866
4933
18677
18993
19061
18472
18855
18533
18772
18688
4938
18798
18452
18642
18511
19050
18741
5042
19023
5005
18434
18569
18981
18453
19069
18459
18592
18411
4878
18455
18420
18965
18888
5016
19082
18781
5091
18405
18462
18999
4848
18496
4883
18831
18673
19040
18479
18928
18577
18768
18482
4967
5074
4875
18616
18982
4928
18856
4850
19090
18922
5049
4982
18630
5068
18832
18728
19006
18666
18412
18667
18968
4996
5043
18695
18427
19058
18595
5001
18610
4831
18939
5083
4945
18740
18517
18483
18774
18514
4940
18698
18945
19037
5081
5012
18594
18645
18748
19014
18446
18529
5018
19024
18871
4901
4972
4994
18626
18407
18441
18671
18742
5079
18840
4991
5082
18959
18913
18437
5006
19009
4971
18895
18643
18644
18480
5015
4980
4879
5041
19085
5028
18973
18477
19002
18658
18946
18763
4851
18958
18764
19073
18806
18818
4830
18980
5092
18808
18660
4838
18421
18454
4903
18526
5090
18692
19042
5048
18494
19036
18892
18708
18788
18583
18436
4853
18428
18822
4948
18442
18615
19031
18994
4849
18499
18987
18702
5063
18789
18869
19062
18860
18953
5062
5053
18471
18805
4805
18429
4822
18947
5059
4873
18909
18751
18570
4824
18829
18571
4810
19018
18492
4809
19063
18619
18859
18785
18887
19092
18535
4871
18662
5030
18773
18575
18754
18414
4986
18419
19078
18861
4937
18793
4885
18691
19086
18786
18767
4840
5035
4852
18715
4918
18589
18697
18591
18925
19089
4896
18486
18883
18521
18775
4902
19060
18450
18749
18971
18539
18886
18873
18493
18712
5098
4827
5064
18622
18714
5359
19776
19682
19694
5177
19655
19186
5212
19482
19142
19520
19232
5237
19105
19638
19280
19140
5176
19531
19486
5378
19752
5386
19738
5110
19632
5126
19671
19315
19194
5330
19699
19408
5324
5118
5128
19129
5267
5243
19471
19435
19234
5259
19275
19737
5200
19757
5277
19670
5201
19266
19539
19138
5275
19324
19443
19160
19168
19484
19731
19773
5271
19532
19689
5395
5341
19734
19545
19296
19177
19230
19568
19554
19764
19725
19284
19526
19319
5170
19191
5269
19341
19653
19530
19641
5334
19262
5186
19369
19149
5224
19111
5141
19428
5387
5317
5363
5314
19741
19223
5229
19438
19494
19131
19208
5320
5172
5372
19221
5278
19383
19735
5305
19506
5274
19598
19595
19612
19199
19474
19499
5304
19228
19766
5119
5273
5136
19258
5368
19753
19581
19589
5245
5256
19463
19646
19703
19524
19424
19461
5329
5276
5340
5319
19394
5373
19288
5148
19269
19159
19675
5214
5154
19537
19196
19449
19166
19386
5216
19635
19799
5220
5279
19559
19637
19623
19382
19215
5323
19692
19508
5125
5129
5367
19715
19203
5230
5397
19410
19379
19611
19306
19599
19557
5218
19688
19187
19251
19767
19333
19119
19357
19127
19629
5258
19130
5308
19195
19490
19225
19480
19331
19643
19769
19327
19222
19427
19110
5100
19535
19541
5103
19706
5284
5272
19261
19782
5210
19308
19713
5219
19432
19342
5286
5233
19768
5254
19751
19701
5262
19739
5296
5316
5283
19754
19343
19685
19622
19698
5301
19155
19720
19255
19765
5179
19185
19388
19385
19282
19189
5195
19348
19624
5399
19332
19112
19513
5225
19718
5381
19169
19436
5356
19573
5268
19387
5121
19511
19374
19125
5124
5298
5134
19450
19485
19504
5164
19391
19121
19473
5160
5321
19728
19328
19477
19126
19344
5226
19483
5104
5204
19419
19540
5215
19460
5120
19368
5183
19181
19780
19816
20244
19970
5645
20202
19866
20093
20221
20070
20257
20287
20356
20440
20159
20270
19853
5423
20387
5502
5531
19974
5659
5676
20099
19994
19841
20250
5635
20320
20049
5684
20067
20311
5641
20333
20488
5481
20419
20264
5529
19903
5634
20277
5626
19858
20276
20455
20246
5434
5587
5560
20209
20338
20005
20097
5655
20216
5574
20484
20378
5407
5515
20165
5543
5699
20107
5534
19927
5440
20302
20423
5570
20300
20150
5640
20041
5435
19877
20155
20087
19998
20384
20154
19940
5530
20015
20427
20219
20385
5618
20143
5569
5467
20285
19906
5568
20185
5549
20466
5512
20317
20051
5447
20023
5596
20137
20272
20309
5538
19902
20335
5585
19849
5421
20145
5492
20454
19992
19960
20436
5503
20305
20142
5691
20265
5547
20092
5642
19881
5583
20318
20476
20082
20111
20364
20447
20104
20312
5558
5647
20183
5682
20100
5469
19982
19933
19984
20283
5485
20170
20088
20134
20084
5456
20343
19830
19965
19811
20239
20395
19804
20060
5539
5516
19907
5475
19833
5599
19867
5601
19813
19943
5600
20011
5617
20074
19879
5405
20249
5451
20064
20152
5662
19937
19846
5500
19874
20034
20089
5686
20091
20461
20026
5666
20003
19993
5479
19936
5460
20018
5466
5592
20124
19823
19802
5439
20228
5638
20319
19818
20110
20290
20105
20337
5553
19842
19919
20138
5695
20188
5627
20157
5442
19962
19894
19808
5652
5614
5689
19952
20468
5545
20428
20262
5621
19939
20313
5654
5571
5520
20175
5639
19848
20247
20435
20346
20120
5698
19864
20233
20032
20218
20031
19934
20028
19883
20242
19946
20396
5540
5458
5633
20179
20182
5588
20397
19957
5443
5644
20496
20348
20254
19999
5680
20404
20180
20021
19875
20402
5612
5542
20025
20112
5521
19956
20481
19909
20172
20414
20267
20268
19865
5548
20065
19863
19828
19950
5528
20133
20315
5807
21020
5835
20701
21034
5804
20778
5763
20633
21191
5814
20799
5742
5951
5938
20893
20677
21120
20572
20568
5771
20751
21022
20676
20828
20912
20720
5872
21166
5888
5884
20735
20549
20823
20783
5970
5741
20761
5752
20607
20796
21008
20867
21146
21051
5939
20898
20874
20577
5760
5757
20903
20648
21072
21067
21005
5841
20615
21122
5819
5735
5879
20781
5743
21027
20941
5853
21060
20585
5700
5747
5710
5731
21119
20965
20818
20616
5754
20557
21045
20955
5751
20809
5886
21182
20846
21079
5801
20827
21176
20791
5779
21128
21011
5976
5878
20628
20936
20655
21127
20630
5778
20682
5794
20524
20973
20948
5845
5896
5989
20510
5913
20877
5818
20673
20534
5946
20709
5787
20719
21144
5930
20601
20945
20775
20860
21090
21142
20958
21014
20851
20960
5984
20853
5748
5945
20732
21180
20688
20979
20736
5702
5792
20712
20881
5753
20857
20742
5948
20718
20606
5761
20947
20738
20805
5953
21171
20503
20729
21104
20531
20996
5954
20920
5982
20907
5895
5834
21170
20889
5810
5776
21055
20768
21185
20699
20834
20659
21103
20762
20993
5724
5732
20689
21190
20641
20954
20756
20971
21187
5849
20771
20612
5828
21084
5855
21107
21174
20574
5745
20785
21040
5738
20660
20836
5979
5762
5773
20789
20844
20802
20595
20745
5971
21099
5708
5910
21077
20639
20541
20845
20565
5809
20942
21133
21071
21141
20755
20813
20687
20705
5768
20663
5863
20953
21130
5962
5780
20838
5868
21068
21029
20580
20661
20733
20896
20892
5739
20935
21033
20634
5843
21162
21080
20746
5994
21095
5737
20665
21140
20776
20540
5986
5978
5857
5966
5816
20917
20519
5980
21092
5944
20590
20611
21123
21199
20515
21083
5774
20982
20589
20997
5722
20625
21111
5850
20500
21179
20610
20829
5854
20899
20509
20670
20652
20759
21178
20916
5875
20932
6236
21415
6062
21321
21889
6198
21630
6091
6243
6171
6138
21200
21659
21587
21604
6234
21586
21545
6162
21738
6289
21718
6202
6200
6153
6161
21772
21815
21689
21258
21306
21472
21737
6156
21837
21540
21485
21844
21223
21822
6279
6180
21665
6249
6262
21436
21769
6045
6253
21684
6233
21852
21241
21721
6281
6169
6298
21855
21319
6054
21298
21771
21614
21337
6105
21309
6242
21358
6046
21249
21831
6150
21375
21226
6056
21397
21598
21263
21595
21758
21477
6110
21861
6139
21636
6059
21637
21576
6081
21382
21618
21683
21282
6151
21599
21639
6042
6154
21384
21252
21355
6100
6264
6273
21502
21308
21378
21490
21825
6225
6017
21681
6074
6193
21215
21766
21402
21590
6221
6003
21699
6210
6173
21716
6245
21523
21656
21568
21243
21884
21440
6232
6089
21667
21539
6069
6147
6220
21605
21512
21220
21324
21883
21704
21212
21584
6023
21611
6124
21572
6208
21680
6076
21381
21610
21880
21872
21698
21239
6168
6260
6127
21686
21640
21565
21860
21585
6000
21867
6009
6174
21293
21296
21238
21269
21877
21505
21210
6163
6013
6115
21398
21352
21641
6209
21256
21456
21898
6034
21675
6217
21330
21873
21845
21399
21425
21764
6142
6261
21798
21546
21519
21452
21272
21314
21340
21284
21783
21596
21443
21371
21363
21482
6286
21280
21570
21204
6246
21493
21217
6187
6075
6099
21626
21670
21299
6172
21862
21483
21216
21406
21255
21577
21551
6021
21894
21810
21800
21408
21323
21759
21658
21446
21301
21267
21312
21433
21575
21386
21431
6044
21497
21410
21206
6019
21597
21591
21661
6284
21732
21685
21711
21515
6016
6112
6194
6129
6004
21801
21338
6006
21824
6027
21838
21885
21660
6213
6155
21846
21367
21488
21712
21886
6226
6295
6065
21468
21688
21696
6040
21619
21756
21682
21799
21609
6250
21286
6274
21475
21294
22134
22511
22147
6561
22448
22367
6381
6318
21966
22497
22465
22439
6372
21945
6557
21976
22309
6477
22077
6499
6458
21965
6532
6585
22457
22225
22504
22211
22450
22165
21916
22140
22262
21913
22115
22357
22330
22554
22368
6439
22487
22212
22256
6428
21905
22300
22069
22198
22356
22496
22469
22383
6551
21922
6321
22276
22583
6513
22295
6516
22556
22358
22376
6312
22232
6500
22399
21958
21949
21997
22034
22332
6541
6406
21921
22381
6442
21943
22415
22483
22086
6554
22200
6338
6438
22411
6356
22118
6481
6564
22423
22331
6437
22474
6440
22342
22594
22194
22011
6433
22293
6454
22409
6347
6514
6529
6364
22041
6334
22500
22559
22189
6489
6432
22349
6404
22121
22079
22369
22038
22373
22428
6370
6588
6367
22325
6469
22223
22217
6394
21975
22014
22533
22455
21930
22387
6524
22274
22572
22555
22099
6573
6335
22258
22379
22593
22529
22366
22176
22303
22361
22156
6379
22036
6435
22114
22526
22010
22017
22515
22042
22000
22442
22063
22458
22464
6533
6330
22084
6382
22421
6592
22480
6422
6570
22397
22543
22499
22190
22226
22263
22146
22534
22266
22597
6560
21914
22436
22513
22187
22548
21968
22538
22569
22004
22476
6542
6343
22125
22294
22580
6505
21934
22405
6475
21960
6426
22298
6535
6431
22540
6476
22372
22384
22090
22108
22001
6311
22144
22557
6552
22590
21901
22286
6446
22097
22346
21908
22402
21956
21955
22453
21981
22363
6452
22033
6340
21980
22207
22426
6586
6509
22149
22067
22479
22466
22591
22164
21973
22452
22196
22065
22296
22174
6348
22592
6580
22105
22516
22020
6474
22461
22444
6504
22012
22259
22032
22101
22053
22438
22418
6436
21928
22023
22162
22510
6471
22210
22119
22375
22324
6345
22449
22401
21989
6361
22181
6410
6341
6425
22456
6409
22229
6429
22447
22531
22596
22492
21911
22345
6735
22667
6825
22819
23200
22731
6778
6603
22612
23081
22734
23048
6870
6815
6829
23146
6636
23130
22773
22668
22813
6899
22808
6803
22829
6629
23170
22907
22749
22816
6674
22879
22986
22617
22938
22956
6883
6706
23009
22730
23227
22662
22790
22864
6627
23010
6694
23293
23280
23223
6632
23132
22925
23047
22893
23236
6757
22714
22975
6739
22789
23289
22650
6679
6779
22892
22644
23142
6753
22804
23286
22623
6610
23016
22777
6640
23137
23295
23186
22621
22828
6810
22965
23209
6701
22782
22799
22691
23216
6767
23042
6654
22811
22872
6661
6635
23053
6777
6613
22669
22837
23084
22914
6845
6867
6751
23034
23062
23089
23228
22836
22695
23187
22904
23079
22898
23248
22701
6668
23212
6696
22664
23051
6821
6633
6710
23015
22778
6638
6800
23124
23183
22663
22757
22874
6675
6847
23178
23123
22744
23143
23245
22720
22600
23257
22918
23255
23153
23133
6604
22611
6760
23238
23014
6659
23006
23100
23182
23253
23025
22717
22935
6898
22902
23135
6685
23071
6823
22679
23270
22821
23161
22831
23096
22953
6863
23155
6776
6763
23030
22742
6727
22814
6782
23206
22922
22917
23022
22978
23246
22747
23188
22780
6851
23168
23026
23281
23007
23208
22735
6700
22635
23204
6615
22767
6754
22645
22863
6806
6860
6793
23085
22926
6819
22779
22929
6731
6856
22689
22751
22725
6794
23119
23244
23242
23211
22833
22628
23083
22632
22801
22673
6712
22672
6643
22944
6799
23150
6644
22652
22601
23118
6787
6832
22912
22700
22648
6722
22758
6746
22908
22844
22690
23090
22711
22941
22723
23131
23243
23003
22905
22643
22752
6616
23050
6658
23210
23061
22899
22823
6721
22915
23004
6692
22680
22636
22854
6606
23272
22658
6835
23283
23013
22649
22851
23115
22646
23156
22982
6827
22626
22937
22887
23214
22807
23226
23164
6805
22924
22968
23730
23813
23317
23542
23611
7033
23995
7031
7080
23438
23629
7014
6919
23358
23759
23743
7086
23842
23360
7189
23633
6957
7102
23304
23686
23350
7122
23337
23827
6920
23732
23620
23531
7061
7192
7091
23326
6936
23770
23617
23544
23521
23864
7145
23539
7149
23353
23382
6964
23591
7068
23851
7081
7194
23841
23597
23898
6914
7001
23823
23372
23919
23573
23311
7073
23641
7022
23807
23582
23366
23651
23635
23444
23463
23375
23880
23907
7015
23815
23766
23465
7132
7184
23511
7085
23953
23774
6971
23490
7059
23435
23761
23939
23785
23480
23624
23891
23650
6909
23899
7010
23349
23844
23362
23925
23330
23464
23727
23713
7077
7083
23874
23623
7146
23877
23522
23500
7038
23507
7133
23447
23936
23339
23775
7071
23958
23352
7074
23824
23456
23468
23687
23858
23498
7142
23853
23962
23345
23800
6935
6918
7124
6963
23826
23795
23928
23744
23306
7036
23610
23632
23806
7043
23384
23872
23729
7123
23817
23466
7100
23516
23588
7134
23754
23479
23726
23386
23932
7176
7186
23621
23574
23431
23911
23856
23649
23422
7174
23985
23324
23756
23721
23399
7003
23702
7026
23803
23724
7044
23816
23937
23647
23460
7120
6922
23301
23986
23859
23566
7161
23945
23833
23497
23548
23327
23735
23607
23420
23843
23585
7150
6990
7065
7076
23310
23300
23662
23510
7002
6952
23809
23802
23894
23340
7037
7110
23812
23562
23881
23818
23426
23810
23710
23689
23757
23425
23437
7098
23941
23419
23779
23709
23960
23771
7125
23748
23999
23966
23673
6912
23746
7051
23377
23449
6970
6986
23725
23929
23669
23708
23403
23896
23554
23313
6966
23333
23900
6934
7147
7126
23755
23587
23385
23682
23840
7039
23977
23550
6961
23308
23411
23619
23715
7167
7024
23718
23676
7006
23699
23871
6962
23931
23984
23991
6924
7040
23989
7004
23992
7060
