7588
49
288
7598
7675
7205
279
7499
7888
7527
81
224
7551
7657
7530
7267
7584
7874
7805
7661
7274
35
7559
7280
7746
237
163
7843
7344
7271
7548
7580
7695
243
7506
7441
21
92
7649
7610
7478
7712
278
7243
172
7230
7575
119
271
39
74
7370
7489
7427
187
61
7341
7277
7477
7360
7630
7673
123
7592
113
7442
97
7493
7496
234
37
7431
7808
276
38
7672
299
183
7214
7450
7
7815
1
231
7403
7878
7753
7625
7390
7730
7287
7320
219
195
7778
7407
7215
18
7798
94
7406
7860
7201
179
7777
7879
7521
7718
7294
7816
77
221
98
7418
266
7421
7361
7433
7579
6
7337
189
7444
7416
7794
194
7266
153
7207
7807
7547
7587
7594
7679
100
7295
7894
7643
213
7362
169
51
215
7607
7656
7325
142
7863
7321
7817
7488
7470
7639
7446
298
7512
7531
270
7810
186
7716
138
7281
7319
7701
7698
7745
7877
7814
7516
7484
7819
7311
112
7721
7304
7658
7880
211
103
256
199
7795
7856
80
7397
241
7382
7273
84
7338
7467
7398
196
7822
7310
7244
135
7635
7491
7896
7350
7533
7873
126
7765
7703
23
7278
7899
128
7622
7640
190
7870
7744
7343
7858
7348
250
105
7616
162
280
121
133
152
140
69
223
7738
7202
7705
7806
53
7246
7349
262
7473
7546
91
7523
7265
7260
7495
7298
233
7449
7487
7811
7829
7336
7618
7420
7771
7258
273
7723
7864
7758
7709
7384
7886
7628
7596
7702
7768
7316
7802
7524
7536
7884
290
60
7388
71
7748
205
7680
30
7694
7249
7844
236
166
7413
7613
7378
161
7890
7636
7760
118
144
7437
7535
209
296
7509
63
485
348
358
463
350
7937
7965
419
8265
8378
7947
8039
501
7940
8548
8050
511
8270
8318
464
8527
8256
384
8594
8359
374
405
496
8361
403
8323
545
8466
8069
561
8496
7967
385
408
7923
8370
8035
8335
390
430
8357
552
8497
8495
8458
320
8109
8488
444
311
469
8591
8558
8568
8080
8340
8298
458
8405
581
8517
7935
8438
8289
7952
434
8101
314
8352
8556
8472
8065
407
519
8559
508
8562
8537
515
465
8115
8346
8498
8363
8114
8520
498
8392
8272
8501
8127
8485
8462
8251
533
8154
7905
406
8502
7977
331
441
8176
416
7985
8071
472
8476
7941
8412
8023
8411
400
7993
8269
8595
8077
8118
334
8057
476
8027
7972
7976
8519
475
7922
8564
8448
573
8013
8054
8581
8019
8546
582
8235
8442
8341
570
8130
8436
8206
8588
547
8020
8108
488
503
367
8437
8525
8139
7954
499
8388
594
8511
8137
525
8373
8550
8371
8144
8132
8571
502
7945
327
8073
8308
8273
466
8423
451
377
8391
388
8217
8393
340
394
376
8585
435
589
8184
8241
8146
8355
518
8242
8331
7960
8128
369
449
568
8478
8376
492
8040
417
7948
8099
8043
8240
420
8528
8524
8554
321
8482
413
379
7974
7982
8385
8311
8374
491
8294
592
341
8179
7930
8236
8255
454
8549
7944
7958
8208
370
317
8075
7929
8041
8196
8210
8126
8544
8133
8209
453
301
8290
391
7919
8420
8483
483
8586
7912
8164
8009
8480
8421
8419
8505
8541
532
8399
8170
8592
8276
8461
8111
8171
8231
425
528
8425
8598
8216
8430
336
438
8307
8098
8068
554
411
478
8230
8475
8540
8413
8526
8444
347
8037
8085
7996
8590
8763
706
743
9249
9076
8706
9114
8608
8958
9101
670
8752
781
715
9228
8623
9284
9200
9055
9221
9171
849
705
651
9020
9025
8851
718
8640
603
8773
8746
8808
9233
9124
9245
8822
8982
8627
9172
731
8942
744
8633
9299
8998
8943
8855
8758
845
805
703
877
9179
8650
9046
8731
9034
9290
8755
8769
9180
864
8685
841
888
9153
863
8936
8690
646
751
9215
8909
8995
9239
9062
8896
9065
8890
8616
735
8737
656
648
9275
8848
9156
9134
8672
685
9227
8978
8692
9068
8603
8804
8916
8845
757
9144
620
9090
9147
724
9083
8629
748
8777
9099
704
9132
9029
9291
8809
8879
9204
9296
8864
8678
9145
8766
8907
9069
726
9194
8762
9217
9252
9135
8707
9067
8765
772
9003
8984
8975
774
8841
8820
9092
8708
9280
9208
8867
8801
8880
9102
8611
8965
737
9150
8778
8693
771
8810
9122
632
9168
723
8836
614
9285
696
8828
641
9247
9035
9108
711
9125
9119
8614
8846
9246
821
8939
760
8695
8838
662
9193
886
8756
8601
8969
635
8797
9261
852
8714
8807
747
813
782
808
9240
766
9207
655
9238
8904
762
8852
607
8953
8805
8613
9079
734
9282
878
8730
627
9115
678
9258
9259
9133
8963
892
776
8647
9237
9187
8732
9143
800
9015
9118
664
8837
851
8871
9199
9010
8959
793
881
8700
8738
9279
671
9256
8687
8877
8892
8649
8813
9278
8663
848
9039
8842
8821
661
9151
9026
8913
9268
9158
9271
871
860
8795
829
8660
823
867
8681
8750
8722
9141
9041
625
897
8870
634
9073
8646
9047
862
8735
629
811
612
9071
9138
8630
9281
8853
8635
8656
8874
8873
8856
8748
8734
8774
9017
9772
1001
9511
9705
9385
1044
9563
9467
9758
978
9494
9496
9933
991
9730
1113
9653
9428
1154
9443
9646
9834
9585
997
9429
9862
926
1170
9627
9813
9790
1108
9438
9519
9998
907
9684
9362
9589
9431
1042
968
922
9339
9774
1194
966
9542
9543
9794
9647
900
9459
9725
9342
9625
9548
9738
9672
941
9995
9495
9582
9875
9354
9991
9584
1112
9893
9714
9446
9665
9908
9360
9945
9322
9788
9406
9500
9549
1090
1024
904
9895
9857
9320
9558
1002
9609
9389
9436
951
9440
9707
1184
9621
9451
1031
9903
9951
9380
9328
9321
9504
9527
9927
9599
1162
9979
902
9359
9852
9631
9816
9576
9532
9974
9620
9674
9975
9970
1181
9371
9734
9652
1080
963
9850
9977
960
1019
9560
9897
9391
921
9602
9902
9820
9318
1103
1028
9375
987
9501
9487
9803
946
9711
913
9637
9996
9785
1110
9802
1188
1138
1111
1079
9475
9677
9691
1006
9744
1063
9617
967
9799
9773
9454
9524
1137
9659
901
9574
1151
1012
1144
9485
9745
998
9313
1051
9766
9780
943
9306
9964
9667
9633
9926
9682
9937
9598
9534
1191
1147
9336
9917
9844
962
9867
9683
1026
1186
9739
9818
9528
9583
9885
9401
1119
9616
9506
9460
9796
1166
9373
9352
1176
9468
9370
1127
9668
9942
1010
950
9669
9731
1123
9792
9393
9400
9404
1068
1035
9941
9367
9410
9604
9871
9830
9687
9425
9899
1032
1060
1100
937
9309
9445
9513
9493
9849
9564
9752
9841
9618
9484
9314
957
9886
9866
9919
9967
9804
9947
9972
9786
9452
9613
9408
9805
1049
9807
984
939
1089
1034
1164
9622
9789
9471
915
995
979
9327
933
9715
1095
9925
9593
9948
9936
1057
9540
9331
1048
9887
9884
976
10455
10451
10525
10128
10698
10668
10386
1334
10673
10398
10166
10011
10671
1474
10355
1457
1482
1368
10485
1356
1268
1332
10031
10396
10445
1336
10501
10020
10294
10234
1219
10691
10290
10650
10370
10549
10019
10192
10429
10238
10431
1401
1348
1473
10187
10130
1425
10662
10367
10618
10207
10595
10593
10137
10495
1266
10054
1435
1204
1227
10467
1402
1496
10489
1297
10477
10342
1471
1382
10399
10205
1427
1244
10286
1433
10498
10320
10697
1232
10402
10657
10571
1258
1338
10631
10419
10530
1202
1448
1279
10211
10267
10553
10471
10410
10684
10425
10217
10346
10111
10243
10667
10218
1480
10675
1259
10628
10339
10341
10387
1450
1339
10092
1466
10103
10405
10000
10612
1404
10622
10180
10441
10412
10503
1322
10347
10609
10265
10168
10660
10012
10018
1355
1467
10647
10046
1352
10632
10216
10140
10134
10433
1460
1447
1206
10426
10674
10215
10554
10550
1354
1443
10297
10301
10692
10538
10269
1485
10150
1298
10326
10034
10246
10443
10588
10161
10195
10304
1228
1284
1275
10509
10605
10036
10277
10362
10235
10348
10112
1453
10440
10315
10318
10007
1351
10670
10179
1247
10515
10518
10032
10407
10062
1440
10532
10614
10124
10369
10511
10364
10531
10510
10219
10337
10664
1234
10377
10312
1302
10291
10690
10357
1245
10573
10222
10372
10102
1411
1370
10536
1280
10551
1479
10365
10094
10361
10047
1395
10462
1243
1317
1422
10167
10311
10044
1319
10338
10352
10490
10002
1344
10395
1299
1459
10298
1255
10625
10041
10039
10360
1231
10378
10591
1311
1434
1238
10212
10085
10353
10411
1376
10401
10028
10478
1389
1281
10053
10153
1230
1451
10621
10469
10324
1274
10009
10048
1424
10491
1445
10381
10540
10295
10610
1378
1437
10319
10461
10696
10189
10292
1488
10623
10237
1315
1347
10594
10514
1253
10569
10300
10857
11266
10825
1717
11244
1547
10727
11219
10759
11267
10787
10908
10868
10815
10907
10768
1745
11284
11345
11232
10826
11221
11022
10942
10816
11124
10829
10927
1654
11226
10753
11352
1505
11281
10776
11359
11035
11322
11397
1646
11176
11182
1564
10790
11341
11365
10931
11027
10793
1695
10832
11050
1744
10962
11042
1576
1793
11235
10706
10702
11249
11004
11347
1762
11147
1776
11166
1627
11169
11327
11012
1545
11044
11241
1608
1511
10811
11367
10960
11159
1711
11122
1613
10870
1630
1518
11188
1620
11047
1537
11338
11114
10814
11296
10700
1686
11010
1712
11016
11040
11318
1528
11389
10909
1726
10763
10775
11015
1759
1611
10968
1539
11286
10772
1506
11206
11094
1720
1701
1675
10703
11024
11302
11145
11314
11193
11279
11202
11355
11054
10948
11323
11048
10766
10936
11105
11350
10748
11120
11294
1607
11118
10902
1670
10990
1794
10762
11330
11164
10859
1797
1685
10707
11173
1730
10969
1533
1681
11276
10941
11119
10791
11348
10949
10773
10943
11398
1784
11290
10723
1634
10851
11018
10915
10767
1513
1667
10864
1555
10959
1798
10861
11199
11072
11148
10893
11089
10891
10732
11129
11079
1652
10813
1624
11189
10912
11326
11325
10906
1777
11376
10871
10978
10840
11288
11303
11250
1501
10904
10800
11222
11310
11393
1612
10911
11269
10862
11218
11240
11201
10717
1543
11382
11186
1605
11373
1781
10710
11177
1635
10940
1567
1787
1673
10812
1779
11152
1595
10795
10964
1510
11037
11319
10715
1588
1743
1598
10881
1589
10903
10809
10838
1525
11283
1633
11262
10746
11228
11151
10782
11257
1536
11046
11312
1577
11181
10952
1674
10945
11092
1579
10765
11265
1722
1672
11256
11170
10883
10755
1509
10718
10742
11161
1700
10754
10769
11264
1520
11085
10737
1795
11080
10899
11252
1573
1512
10937
11300
10824
10798
12043
11828
1974
11860
1894
11722
2095
11892
11776
11446
12015
11915
12068
1895
11572
11515
12048
11723
1885
11906
11738
12047
1959
2039
11645
1887
1816
11953
11411
12063
11733
11454
11975
11654
1857
11748
11969
12081
1953
2057
11564
11475
1976
1834
11917
2086
11824
11529
1920
11941
1977
11441
11436
11964
11480
2079
1863
11855
1829
11460
11637
11466
11404
11784
12052
11634
11463
1969
11647
1890
11777
11522
2054
11740
2096
11781
1916
11513
11538
11898
12097
12088
2023
11767
11573
11998
11682
1946
1861
2078
11472
1855
2019
12013
11853
12057
11448
12004
11484
11825
11744
11874
11809
11844
1918
11536
1806
12012
2005
12090
11691
11794
12044
11503
11498
11661
11400
11565
2050
2015
11465
1938
1958
11911
11578
11415
12017
11835
11925
11829
11840
12006
12058
11979
11423
1810
1956
2070
1878
11642
11879
1841
11688
11631
1903
11751
1934
12031
11479
11586
11678
11929
11804
11762
2049
12034
11875
11469
12011
1821
1952
2027
11841
12045
11613
2091
11628
11615
11871
11968
12093
11758
11888
11655
11775
2090
11991
11869
12039
11680
11673
11438
11747
11834
1846
1883
11831
11687
12082
11954
12071
12070
1832
1966
11949
11773
11551
11452
11668
11478
11933
11607
11926
11788
11624
2060
1989
2012
2083
11999
11675
11876
11651
11610
2028
11916
1842
1983
11539
11800
12026
11577
12022
1843
11491
11970
11914
11652
11462
2040
11626
11609
11737
11644
11947
11548
11636
1869
11487
11528
11708
12036
11418
1928
11943
12091
1944
11955
12064
11601
11725
11591
11910
11719
2031
11570
2077
11532
11802
1873
2036
11707
2006
1949
2029
11663
2051
11653
1978
11942
1933
2047
11602
11967
11679
1948
11997
1955
11467
1819
11700
11612
11768
1892
12080
1870
1879
11633
11677
11562
1886
1852
11736
11560
11471
11557
12083
11437
11477
12009
2200
12442
2233
12471
12353
2165
12158
12467
12755
12300
12712
12156
2106
12111
12325
12787
12218
2350
12753
2220
12227
12202
12403
12269
12149
12452
2101
12208
12262
12591
12185
12255
12425
12380
12571
12408
2368
12632
12223
12636
12125
12284
2154
12253
12666
2332
2322
2303
12478
12440
12660
12390
12112
12172
12288
12532
12639
12413
2314
12473
12397
12621
12178
12393
12360
2282
12118
2365
2224
2293
12280
12215
2309
2152
12234
12578
2202
12782
12555
12332
2183
12524
12346
12119
12792
12146
2281
12422
2135
12175
2174
12599
12610
12796
12322
2329
2109
12481
12217
12635
2232
12187
12649
12709
12657
2271
2346
2376
2360
2298
12496
12679
12743
12430
2111
12311
12160
2315
2387
12788
2311
2160
12183
12249
12267
2221
12313
2249
2255
2289
12211
12155
12720
12456
12794
12650
12370
12683
12691
12507
12400
2310
12367
12139
2356
12561
2195
2124
12279
12612
2158
12707
12115
12432
12750
12726
12123
12127
12774
2113
2114
2317
2147
12559
12302
2367
12395
12719
2292
2219
2181
2238
12351
12662
12688
2237
2399
12297
2291
2170
12733
12314
12645
12166
12560
2284
12206
12305
12503
12477
2216
12740
12358
2139
12628
2323
12145
2344
2398
12421
12725
2343
12751
12254
12385
2110
2125
12508
12394
2187
12260
12142
2213
12489
12165
2246
12638
12563
12278
12154
12420
12439
12193
12780
12659
12696
12151
12554
12134
12464
2388
12701
12152
12624
12336
12608
12530
2173
12752
12605
12762
2189
12419
2253
12338
12153
12485
12102
12281
12739
2394
12607
12676
2374
12233
2138
2112
12458
2194
12414
12161
12498
12641
12250
12141
12371
12527
2295
2276
2120
12728
2307
12169
12509
12504
2102
2212
12252
12678
12736
12790
12462
12461
12203
12479
12735
12778
12510
12684
12210
12304
2228
12583
12573
2266
12103
12343
12273
12568
12460
13074
13011
2426
13249
13285
13161
12853
2511
13064
13109
13056
12831
12925
13049
13041
2625
2642
13499
13108
13481
13325
2651
13308
13259
13190
13048
13166
13413
13211
13386
13311
12935
13439
13101
13051
2633
12838
2422
13016
13298
2546
13052
13263
13126
13097
2597
2657
2516
13358
2672
13341
13176
2650
2577
2508
2476
13417
13027
13281
13129
2451
2462
12850
13312
12812
2417
2528
2626
2654
13363
13271
2416
2518
12918
2601
13463
12867
12840
2452
2517
12806
12993
13228
2557
2573
12976
2535
2512
12817
13314
2466
12897
2566
13188
12909
2459
13189
12997
13195
13248
12805
2493
13133
12820
12894
13152
13216
13402
2421
13400
13479
13372
2444
2406
2470
13002
2532
13388
13321
13218
2519
12969
13268
2693
13290
13366
13410
13287
13465
13141
13134
12920
13415
13018
2630
13036
12875
2431
13399
12896
2513
12893
2524
2574
13428
2636
13279
2600
12939
2502
13289
12843
12932
13370
13330
13042
13387
13054
2611
13092
13494
13445
13213
13354
2469
13295
2411
13212
13408
2584
13047
13283
13374
12906
12928
13179
13090
2534
2402
13006
13035
13477
2613
12862
12809
12921
13305
13251
12815
2500
2486
13156
13264
12849
2450
13215
13329
2458
2699
13457
12926
2456
2461
2489
13376
13004
12988
13496
2477
12990
13183
12986
13037
13025
13149
13240
13100
2448
2407
13395
13125
13441
12837
2439
12991
13460
13033
2492
13262
13147
13353
2583
12931
13350
13336
12910
13340
12892
2405
2607
2676
13061
12814
2541
2441
2671
13471
2434
13319
13173
13123
12856
2530
2593
2606
12811
2499
13434
12808
2588
2632
2457
2616
13485
2529
13066
13201
2681
2555
12996
2497
13390
2617
13121
12872
13392
13288
2473
12888
13412
12887
13337
2408
2484
13270
13099
13158
13456
2660
12911
2527
13449
2412
13258
2673
13435
12947
13184
13316
13476
13753
2736
13653
13703
14000
13857
13709
14074
13636
14002
13530
2891
2924
13923
14163
2759
14004
2893
14080
14088
2701
13790
14120
2895
13812
13818
13965
2867
2755
13816
13651
13672
2970
13708
13718
13972
2769
13689
2919
2806
13616
14173
2801
13609
13694
2849
2913
13916
13987
13532
13993
2834
13738
2856
14153
13682
2931
14061
13798
14116
14151
13833
14084
14191
13819
14177
2927
14073
14171
13529
14178
13945
13904
13897
14157
13763
2814
2882
14185
2726
13836
13928
13553
13844
13940
13676
13658
13893
13561
2979
13519
13594
13827
13769
2812
2708
14162
2742
14148
2845
14016
2802
2976
2926
13590
13877
2983
13745
14194
13652
13890
14093
14124
13608
13876
2797
2771
13504
2807
2991
2717
13610
13787
14136
2731
14067
2868
14094
13892
13598
14029
2961
2871
2887
2870
13664
13735
13659
13966
13674
14045
2994
13566
13866
14130
13861
14107
14048
14076
13675
2766
13690
14166
2890
13587
13990
14121
13557
13859
13995
13564
2722
13824
14179
14135
2912
13630
13716
2848
13976
13979
13696
14101
14011
14129
14018
13533
2962
14174
13837
13925
13936
14010
13692
13794
13733
2785
13941
13806
14075
2883
13839
13719
13937
13549
2799
13732
13785
13810
13563
2869
14189
2747
14109
2770
13740
13620
13701
13971
13555
13586
13999
13842
13629
2840
13938
13728
14165
14030
13869
13695
13934
13545
13983
13556
2973
13715
13576
14037
2783
13755
14169
13918
13619
2875
2971
13535
2796
2992
14122
13933
14036
14058
13927
13516
13551
14089
13942
2843
2721
13663
2956
13538
14142
2821
13570
13578
13908
2740
14192
14020
14060
13754
2977
2820
2942
2886
14123
14096
13640
13643
13821
13750
2808
13991
14115
13872
2790
2813
13711
13589
2982
13968
2944
13744
2798
13854
13536
14167
2980
13962
2864
2851
2929
13873
13581
2810
14055
13660
2832
14439
3213
3075
14543
3185
14699
14200
14566
14429
3190
14368
14857
14569
14729
14711
14221
3221
14490
14477
14472
14877
3273
14826
14868
14824
14524
14377
14514
14327
3206
3212
14474
3278
14671
14573
14571
3270
14619
14584
3198
3011
14465
14688
14740
14687
14618
14554
14408
14516
14617
14781
3057
14292
14537
14438
14529
14563
14491
14673
14401
14578
14607
14588
14526
14650
14628
14838
14541
14542
14314
14383
14226
3266
3289
14854
3263
14262
14404
14830
14215
3282
14802
3052
3050
14375
14487
14587
14348
14621
14455
14306
3073
14784
14304
14278
14358
14379
14810
14402
3021
14860
14743
14700
3116
3017
14437
14449
14354
3003
14869
14716
14873
14390
3067
3260
14331
3054
14629
3029
3285
14804
14319
14817
14467
3235
14731
14333
3297
14365
3056
14721
3101
14756
3154
3147
3249
14522
14436
14527
3294
3192
14745
3081
14484
3231
14513
3197
3237
3234
3180
14668
3037
3112
14434
14749
14400
14318
14352
14359
14652
14233
3252
14257
14417
14660
14704
3214
3227
14692
14657
14840
14508
14712
3122
3110
14519
14413
3164
14241
14733
14323
14441
14523
14591
3215
14372
3071
3202
14592
3183
14344
14820
3281
14797
14791
14239
14395
14392
3002
3288
14644
14892
3271
14827
14275
14205
14775
14794
14779
14403
14822
14685
3092
14681
14246
14719
14425
3264
14565
3121
14718
14753
3174
3236
14450
14883
14890
14276
14701
14349
14696
14298
14356
14277
14525
14697
14464
14385
3024
14720
14713
14398
3184
3275
14353
3280
3203
3038
3098
14572
14251
14558
14329
3217
14451
3167
14631
14461
3248
3125
3136
3189
14772
3026
3064
14213
14557
14597
3196
14530
14800
14818
14710
3209
14871
14887
14294
3085
14532
14598
14603
14625
14789
14236
14317
3093
14289
3188
3004
14546
14747
3296
14387
14805
14759
14360
14561
14376
3080
3102
15422
3300
14917
15232
3465
3494
15262
15242
15274
3370
15449
15144
15265
15007
3544
3413
15571
15103
15135
15448
15380
15098
3358
3376
15438
3345
15214
14903
15294
15343
15340
15345
3367
15204
15251
3509
15478
15493
15122
15521
3492
14944
3326
14945
3420
3510
3564
15228
15060
3542
14982
14967
15390
15190
14910
15074
3566
15277
15464
15538
15482
15016
15435
15300
3593
14901
15423
15475
15111
15339
15567
3567
3484
15022
3462
15257
15593
15045
3478
15185
14974
15322
3302
15115
14980
3407
15376
15198
15363
14916
15558
3417
3314
3331
15386
3365
3490
15254
15084
3599
3513
15172
15176
3565
14996
14958
15526
15267
15306
3487
15139
3393
15017
15086
15384
15488
3349
3582
15093
3589
15078
15401
15479
3571
15460
3424
15243
3558
15019
15082
3310
15517
15320
3590
15065
3340
15304
3386
15351
3587
14902
15013
15578
15469
15227
15407
15100
15452
15420
3390
15281
15094
15581
15177
15317
15584
14988
15157
15480
15368
15201
15143
3528
15154
15324
3380
15213
14924
15316
15474
3429
3545
3433
3523
14908
15004
15001
15124
14989
15442
15394
15048
15178
15024
15540
15041
15006
15079
15492
3423
14962
15520
3485
15044
3334
3537
15090
3480
15166
3479
15393
3451
3321
15337
15217
15127
15516
15350
15416
15067
15587
15150
15052
3586
3394
15040
3475
15431
3373
15161
3428
3389
15308
15371
15029
15230
15037
15038
15099
15433
15344
3415
15532
15575
3418
3323
3343
15315
15258
15556
15360
14934
14999
15430
3597
15025
15051
3560
15174
3446
3504
3351
15145
3471
3441
15549
3557
15050
15531
15131
14979
15208
3460
15328
15298
14953
3411
15361
15447
3579
3534
15297
15387
3311
3416
3473
15194
3401
15058
15288
15057
14923
15231
3524
15113
15352
3437
15529
15564
15282
3382
15364
15374
3580
14994
15574
15592
15289
3388
15163
15860
3603
15976
3817
16006
16157
16253
15707
16033
16002
16259
15734
15798
15834
16134
16031
15780
3609
15864
15722
15890
15911
3759
15898
16258
15717
16216
15754
3683
15906
3736
16018
3825
16073
15664
3766
16080
15656
15867
15849
3747
3829
3796
3767
16240
16296
15808
3645
3828
3802
3818
16053
16083
3718
3631
15720
16176
3710
16077
15904
15839
15681
3858
16161
3803
3771
16290
16094
15943
15965
15933
16115
3862
16112
16011
15969
3646
15907
3753
16107
16044
15696
3607
3740
16212
16158
16262
3620
3665
16045
15946
3876
3694
3658
3790
3899
3774
3765
3887
15830
15841
16106
3680
3612
16130
16084
3805
16288
16003
15862
15724
15931
3706
16047
3705
3778
3859
3713
3781
3772
16126
15643
16247
3850
16286
15945
15629
15795
15651
16100
16108
15900
3634
3635
15729
16214
16133
16287
16227
15683
16043
16072
3869
3878
3744
16283
3812
16165
16074
3791
16005
16000
16020
15756
15606
16155
3797
15869
3845
3760
15916
15667
16205
16145
16164
15918
15806
3844
15725
15736
15852
15682
15850
16096
16090
3860
15858
16116
15782
3808
16118
16148
15972
3685
3813
15749
15715
3795
15638
16252
16030
15743
15952
15710
16294
15940
3648
16007
15973
16150
3794
15996
16266
3602
15895
15905
16012
15695
15649
15777
15877
3784
15609
3819
15999
15657
15851
16019
16277
16015
15663
16099
15866
3668
15625
16038
16192
16119
3821
15989
15884
3629
15708
15689
16153
16179
3881
3730
3834
15758
15881
15670
16068
3681
15836
15837
15728
15874
16089
15827
15927
3605
3824
16114
3671
16128
16070
16199
16132
16204
3810
15751
15678
3684
15922
16255
3615
3633
15903
15752
3877
16264
3624
15755
16137
16014
15870
3843
3782
3751
3703
16226
3873
3737
3807
16213
3811
16034
15949
15857
15813
15789
15828
16082
15823
3610
16085
15947
16017
15694
4149
16306
16570
4172
4084
16406
16372
16522
16884
4176
4060
16866
16652
16563
16799
16365
16793
16906
16934
16788
16498
16459
16905
16598
16644
16785
3947
16362
16687
16347
16949
16334
16430
3934
4160
16952
16636
3982
16707
16661
16397
16696
16870
4139
16353
16539
16819
3914
16956
4030
16369
4027
16489
4025
16535
3992
16416
16532
4072
3911
3980
16373
16494
16533
16877
4036
16941
16523
4165
16402
16855
16982
4159
16912
16812
16709
16367
16971
16653
16662
16845
16387
16502
3983
4080
16937
16782
16728
4073
16484
16607
16880
16329
16491
16433
4087
4164
3938
16474
16827
16860
16303
16594
16817
16511
16624
3931
16955
16399
3971
16342
16911
16702
16504
4191
4100
16476
16858
16615
16940
16795
3969
16487
3941
16670
4152
4168
16534
4115
16953
16479
16770
3999
16580
4131
16411
16926
16997
16947
16608
16780
4143
16668
16746
16929
16513
16552
16801
16748
4181
4118
4057
16428
16710
4186
16422
16754
4199
16673
16319
16548
16966
16385
16886
16630
16852
4042
16601
4005
16647
16596
16732
16967
16451
16324
16315
16547
16579
3900
4076
3960
16405
3991
16796
16834
16456
4134
16466
3907
16567
16390
3905
16839
16356
3987
16850
4039
4051
16840
16825
4192
16821
4144
16811
4150
16501
16412
16718
16344
16391
16557
4086
16531
3903
16798
16374
3967
16972
16409
3950
16960
4088
4182
4104
16445
16838
4188
16826
16925
16599
3953
16376
16341
3912
16703
16965
4114
16921
3915
16896
16307
3913
16899
16526
16916
16995
3908
16569
4093
16903
16431
16469
16944
16823
16429
16809
16555
16678
3989
16725
16593
16592
4148
4121
4013
16730
16614
3996
16857
3904
4116
16321
16777
16331
4189
16739
16879
16389
16900
16888
4135
16468
16660
16790
4151
16998
16609
16846
16933
4070
16583
16398
16763
16831
16685
3970
16447
16455
16600
16546
4337
17681
17172
17173
17064
4375
4377
17091
17258
17068
17087
17522
17373
17348
17428
4278
17273
17445
17205
17123
17640
17129
17131
17572
17506
4332
17439
4311
17444
17237
17203
4252
17489
17039
17569
17637
4428
17663
17293
4251
4264
17152
17487
17146
4317
17645
4342
17267
17275
17402
4436
17441
17079
17355
4446
17140
17498
17667
17298
17687
4272
17053
4491
17360
4386
17508
17561
17531
17624
17646
17142
17674
4367
17415
4485
17432
17232
4458
17368
17107
4459
4395
17461
4390
4276
17066
4261
17621
17244
4297
17307
4207
17211
4379
17467
17177
17456
17025
4227
4412
17327
4454
17382
4427
17654
4279
4244
4313
17557
17135
17210
17591
4472
17099
17590
4354
17311
17612
17538
17639
17530
17082
17332
4457
17502
17406
4398
17280
17529
17207
4439
17622
17511
17682
4378
4451
4346
17334
17195
17239
17279
17648
17019
17225
17003
17127
4224
4240
17134
17420
4226
17089
4234
4467
17080
17520
17424
17233
17541
17582
17430
17580
17471
17274
17249
17503
17371
17679
17084
17509
4348
17062
4389
17620
17358
17137
17603
17670
17357
17649
4476
17240
4246
17278
4235
17069
17651
17271
4429
4245
17024
4242
4331
4401
17524
17187
17636
17109
4249
4237
17434
4392
17469
17063
17678
17497
17563
17186
4289
17316
17532
4414
4360
4421
4330
17048
17283
17220
4302
17692
17136
17652
17695
4266
4323
17116
17034
17699
17435
4478
4455
4362
17083
17201
17314
4326
17333
4376
17473
4370
4268
17336
17133
4296
17213
17026
17058
17571
17697
17217
4229
17499
4410
4380
17616
4230
17440
4492
17391
4438
4356
17537
4293
17381
17007
17277
17009
4442
17618
17154
17050
17400
4260
17431
17229
4498
17437
17112
17185
4437
17015
17552
17282
17500
17562
17168
17362
17101
4300
17650
17366
17379
17370
17642
17176
17429
17602
17118
4344
17635
4704
17891
4720
4789
18092
18343
17708
17763
18300
18120
18372
4738
4751
18315
4670
17701
4697
4690
18279
17974
4515
17921
17997
18113
18144
18189
4769
17965
18004
18173
18089
4634
4768
18067
17705
17768
18335
17776
17904
18106
17986
18247
18260
4662
18040
18390
17769
4558
18024
18058
17936
17741
18298
17939
4582
18232
18099
18202
4556
4784
18052
18166
17721
18192
17887
4527
18386
4622
17710
18234
4551
4644
4562
17951
18140
17912
17740
18302
18265
17745
17817
18320
4564
17718
4557
4511
18328
17933
18226
4632
4744
4753
18182
17858
17871
18280
18075
18105
18122
17713
17770
18013
17758
4607
17976
17889
18240
18154
4765
18096
4555
18057
18223
18018
18164
18137
17750
18382
17945
4514
18281
18393
18180
18053
17756
4633
18333
18008
4735
4502
4686
17766
17831
4793
17911
18119
17714
18314
4701
4795
18359
4503
17881
4589
17973
4700
17864
17836
18375
18349
17702
4779
18068
18388
18139
4722
18069
18022
18132
18095
18276
18188
4712
4614
17732
4568
17772
18149
18374
17870
4626
17975
17803
4781
4758
17906
18398
4624
4786
18056
18293
4684
4522
4665
4570
17737
4766
17863
4534
17788
4718
17712
17726
4637
18378
4567
17719
18084
4664
17764
18041
4591
4547
4719
17830
4536
18170
17884
17959
18011
17839
17849
4535
18306
4696
18186
17752
17797
17928
4580
18222
18321
18366
18142
18213
17859
18394
18391
18252
18031
17808
18136
18028
4740
4713
18256
17815
17895
4691
4546
17940
4643
18204
18272
4585
4617
18206
18356
17901
18150
18209
4737
18360
4787
18336
18327
4776
4594
17847
4709
17892
18102
18266
18323
17915
18215
4727
4590
17931
17983
18194
4618
4600
4516
18282
4599
18342
17832
18301
4526
17873
18074
4639
4545
4760
18275
4625
18395
17734
4717
17774
18367
4767
17883
4736
4754
18291
18224
18051
17971
5096
4963
4928
18760
18966
18560
18400
18583
18953
4852
4922
19081
18628
18955
18589
19055
18750
19044
4966
18538
4924
18961
18500
19033
18990
4886
18492
18973
18800
18585
18825
18660
18904
19074
19078
19045
18706
18841
4940
4965
4986
4953
18868
18511
18720
4960
18407
18914
5036
18666
18951
18466
18423
4926
5092
19041
4891
4800
18584
18550
19008
18893
18950
18754
18974
18859
4969
18727
19024
18443
18698
18708
18695
19043
18827
18410
18519
19056
4920
19009
4897
5064
18508
18774
19072
18935
18861
18620
18414
4946
4807
4930
5006
5070
18776
18944
18741
18755
18633
5060
4955
4974
4844
18672
4861
18587
5074
4927
18696
18943
18624
18641
5014
4976
5094
5018
18603
4859
19049
18726
18542
4885
18406
18781
18552
18604
18651
4802
18796
19032
18837
18734
5011
19077
18728
18782
19059
18694
19080
5077
5022
4865
18445
18405
5028
18578
5051
18988
18613
19028
19051
19039
18474
5054
18747
18676
4964
18771
18479
18553
18999
18430
18853
4863
4985
18491
18753
18416
18786
18450
18403
18996
18669
18639
18890
18605
18857
18678
18947
5033
19094
18829
18527
4821
18493
4970
18842
4925
18855
4868
18409
4962
19034
18699
4862
5078
4984
19040
18571
18793
18591
18490
18923
4816
18559
18644
18899
4894
4903
4906
18945
18629
18417
18451
18908
5071
18561
18518
4908
18934
19038
18745
18907
19016
18572
18438
19073
18411
18783
18586
5082
4804
4993
18612
19018
18659
18763
5010
18917
18912
18517
4978
18541
18888
18547
18464
4839
18540
4931
18937
19067
18402
4890
18657
4848
19082
19053
18792
18867
5041
18649
4847
18536
18948
18926
5086
18680
5024
18767
19096
4856
18770
18447
18975
5089
4833
18543
4996
4947
18816
4979
18970
18898
5037
4826
18959
18599
18981
18983
18675
4808
5059
18506
19087
18647
18497
18896
18481
4989
18764
5140
19525
19453
19400
5192
19724
19536
19275
19526
19754
19561
5348
5143
19647
19767
19301
19695
19667
5222
5239
5234
5311
5187
5379
19210
5209
5210
19105
19229
19495
19148
19191
19652
19456
5361
19307
19396
19511
5249
19740
5215
19313
19303
5271
19675
19494
5195
5136
19587
19697
19545
19247
19124
19296
19354
19799
19480
19564
19114
19438
5388
19573
19341
5331
5188
19645
19581
5156
19382
19384
19601
19713
19383
19387
19486
19783
19405
19513
5308
19636
5273
5279
19639
5281
19347
5357
19510
19760
19700
5196
5324
19224
5258
5275
5214
19537
5201
19729
5297
5339
19434
5294
19684
19357
19772
19717
19161
5257
19714
19789
5272
5318
19198
19219
19231
19451
5229
19129
19498
5380
19791
19412
5260
19344
19796
19605
19252
19457
19782
19516
19538
5127
19454
5226
19615
5265
5149
19689
19102
19317
19641
19508
19183
19793
5134
19240
19524
5114
19132
5289
5302
19631
19492
19756
19361
19757
5381
19531
19499
19112
5287
5360
19189
19565
19442
19152
5259
19452
19643
19733
19557
5228
5277
19762
19532
5126
5256
19388
19126
19719
19137
19444
19138
19669
5118
5167
19230
19792
19468
5359
19304
5147
19427
5280
19196
19408
5390
19184
19598
19257
5378
5170
19443
19393
19665
19284
19671
5132
19267
19723
5153
19677
19134
19661
19751
19637
19653
5384
5314
5266
19496
5370
19248
19185
19343
19254
5334
19752
19540
19370
19362
5130
19119
19775
5347
19613
5345
5284
5225
19648
19732
19432
5328
19555
5105
19378
19241
19795
5139
5241
5224
19797
19314
19465
19397
19437
19660
5264
19634
19614
19172
19159
5286
19415
19164
19640
19779
19693
19424
19372
19651
19644
19758
5315
5261
5184
19281
19745
5107
19549
19420
5356
19560
19704
19774
5283
5157
19433
19691
5338
19330
19609
19273
19373
19116
19726
19439
19399
19109
19519
20430
20020
19971
20416
20497
5685
5553
5521
20332
5615
20347
5577
20316
5481
20099
19866
19999
20087
5450
20335
20091
19965
5467
20062
5417
20196
20047
5583
19870
5478
20164
20273
5505
5656
20136
20472
5638
5444
19810
20070
19912
19847
19919
5603
20007
5466
5509
20198
20092
5691
20462
19920
19820
20050
19951
20176
20338
20296
20323
20230
20354
20313
5424
20185
20409
20098
20097
19834
20221
20138
20279
19879
20268
5567
20346
5464
20331
20391
5660
19940
20396
20102
5641
20264
20382
20121
20408
20432
19813
5507
20174
20015
5538
5664
20052
20111
5622
5633
20257
20360
20167
5686
5564
5489
20130
19974
20254
5416
20065
5525
5647
20412
19927
20374
20447
20139
19802
20297
5579
5518
20285
5663
20356
20465
20435
20239
5494
20420
19934
5673
5418
5535
5546
19947
19854
20182
20392
20337
20491
19900
20363
5624
20032
20207
19899
20009
20222
20458
5606
19818
19923
5479
19973
20205
19904
5690
20129
20152
20272
20260
20165
20417
19967
20413
5671
19958
5643
20418
5431
20451
19824
20208
5614
20280
19978
20074
19945
5601
5529
20168
20217
5534
5609
5602
20018
5484
5574
20434
19981
20063
20381
5586
20166
20162
20082
5655
5561
20339
19928
19917
19832
20336
5580
20021
20444
19825
5404
19910
20334
19814
19892
19858
5405
20153
19891
5531
19962
20135
20146
20429
5676
5699
5429
5430
19908
20310
20411
19876
19839
20131
19988
19896
20148
20476
20201
20403
20104
20481
20440
20281
19938
19993
5499
20359
20058
20474
20199
19992
19914
5536
20275
5585
20132
5555
5590
20006
5512
5545
5497
19840
20399
20371
5406
20053
19911
5587
5551
5639
20073
20467
20375
20305
19869
5684
20388
5461
20485
20024
20327
20071
19963
5447
5584
20178
20393
19855
19960
20421
5560
20156
20486
5402
20253
19860
20459
19872
5612
5683
20439
20144
20710
5769
5989
20560
20529
5754
5990
21006
20785
20949
5756
5903
20982
20953
21080
5739
20556
20835
5953
21168
21173
5923
21084
20567
5910
5711
20952
5806
21144
21145
21033
20700
5829
5736
20774
20623
5765
21107
20972
20632
20691
20747
20856
5973
20923
5880
20706
20638
20890
21057
20716
20761
5862
5947
5809
20535
21137
5794
5728
20537
5767
21151
20618
21092
20652
5929
5896
20565
20737
21063
5914
21185
20704
5905
5968
5872
20703
5730
21002
21129
20780
5868
20963
20714
5927
20788
21178
20712
21077
21054
5892
20755
20946
20947
20539
21119
21034
20676
20811
20792
21058
20778
21191
5746
20862
5801
5986
20824
21174
5729
21121
20851
20960
20796
5797
5787
20831
20506
20658
21184
21176
21070
20979
5967
20844
5885
20945
20580
20845
20861
20933
20765
20721
20756
20702
21016
5752
5702
21130
5949
5857
5960
20654
20662
20779
20592
21108
20942
20961
5823
20989
20640
20864
5824
20578
5938
21067
20787
20760
20664
20502
20645
20767
5911
5912
20511
5893
21004
21172
20826
20503
20505
20709
5931
20510
20666
20904
20742
20530
20883
21157
21095
5706
5788
21103
5982
20515
21147
20674
21039
5778
20521
21035
21101
20596
21076
21193
5916
5940
20601
21069
5800
20637
5935
21068
20731
21118
20846
5850
20661
20699
5972
20932
20762
20905
21015
5727
20898
21128
5757
20966
5738
20873
5845
20998
5805
20869
21153
5703
20938
20929
5820
5789
20746
20896
5762
20573
5732
21008
5860
21030
5810
5981
5871
5700
20777
20670
20744
21024
5998
20584
5873
20771
21165
20882
20969
20717
20868
5971
20800
20885
5817
5740
20984
21009
20970
20768
20906
5766
21089
20554
20575
20894
5886
5975
21132
20724
20881
20678
20555
20981
21164
21025
20941
20602
5992
20728
20863
5776
20818
20817
21195
20544
20753
5904
21036
20571
20531
20806
20591
21276
21608
21894
21701
6049
21617
21890
21439
21845
21501
21663
6206
21351
21294
21771
6002
21257
21449
6164
6081
6091
6248
6125
6191
21277
21329
6259
21854
21891
21811
21736
6101
6045
6167
21743
21679
21522
6076
6193
21512
6122
21372
21342
21595
21328
21601
6138
21503
21790
21752
6151
6140
21657
21243
21283
21578
21637
21518
21380
21295
21253
21719
21219
21584
21286
21794
21675
6176
21431
21689
6065
6024
21335
6175
21848
21699
21690
21224
21218
21560
21606
21507
21800
6286
21791
6009
21887
21598
6247
6213
21519
21589
21271
21570
21540
21287
6072
21428
21406
21539
6073
6282
21339
6031
21733
21308
6052
21292
21672
21765
21772
21669
21232
21296
6083
21361
21242
21288
21735
6195
21214
21435
21307
21600
6194
21574
21896
21797
21432
21536
21201
21875
21696
21482
21485
21516
21615
21763
21851
6207
21244
6254
21493
6216
21668
21436
21457
21390
6027
21710
21478
6275
6132
6157
21576
6078
6126
21880
21425
21750
21410
6108
21648
21468
21235
6178
6104
6144
21394
21529
21527
6054
6281
21695
21349
21582
6133
21607
21545
21453
21470
21693
6199
21711
6011
6189
6117
21834
6190
6183
21474
6229
21627
6107
21686
21408
21579
21691
21303
6014
6260
21786
21874
6061
6295
6030
21535
21603
21337
6299
21825
21746
6265
21279
21712
21547
21645
21741
21658
21778
6116
21315
21807
21567
21340
21441
21325
21416
6294
21599
6134
21490
21316
21656
21860
21824
21251
21646
21388
21254
6000
21840
21688
21895
21550
6293
21356
21348
6279
21419
21866
21725
21538
6198
21500
6276
21651
6180
6102
21483
6177
21531
6121
6099
6113
21573
6039
21581
6034
21443
6146
21588
6093
6070
21700
21458
21327
21488
6127
21494
21565
21434
21623
21764
21572
6087
21450
6270
6187
6173
21222
21773
21210
21202
21703
21844
21635
21225
21543
21469
6549
22414
22032
22442
6573
22172
22338
6565
21932
21948
22507
22379
21979
22022
22412
22491
22160
22586
22209
22221
22262
22122
6303
6508
22584
22595
22165
22077
22307
22587
6482
6338
21916
21968
21923
6511
21990
22529
22530
6323
22143
6597
22191
6463
22124
22190
22031
6489
22041
6498
22000
6516
21964
22446
6425
21951
6574
22185
22099
22233
22330
21949
6346
22247
22265
22114
6435
22026
22416
22227
22347
22004
22238
22058
22451
6595
22512
22177
6552
6501
21944
21913
22456
6532
6347
22107
6513
22531
22509
22088
22080
6567
22341
6375
21943
21911
6395
6370
6461
6419
6550
22081
22296
22334
22059
22121
22566
6531
6579
22057
22116
22260
22578
6389
22293
22555
22154
22075
22589
6402
21953
22571
22131
6325
6521
6392
22135
22231
22441
6327
6455
6460
22111
6400
22378
21906
6343
6496
21950
22452
22340
6591
6363
6382
22380
21934
22089
22162
22576
22490
6302
21947
22070
6447
21974
22510
22352
22183
6471
6522
21965
22257
22153
21991
22384
6433
21956
22327
22014
22572
6523
22292
22370
22493
21983
22582
22362
22381
6441
22017
22167
22007
21954
6390
22072
6306
22514
22567
22343
21930
22410
22037
21904
22171
22519
22337
21928
6446
6339
6544
6568
21908
22274
22225
22208
22395
22479
6340
22182
6373
22295
22434
6452
22019
6584
22010
22102
22492
22228
22556
22150
21905
22272
22593
6331
22229
22021
22532
22119
22444
22061
6345
6590
22269
22147
22103
22126
22574
22309
6429
22290
22534
6465
22273
6493
6417
22128
6304
6451
6454
6378
6449
22142
21957
22175
6342
6337
22335
22467
22599
22328
22329
6406
22541
6448
22184
6405
22261
22253
22528
22504
22303
22432
22213
21985
22374
22333
21942
22484
6582
22368
22197
6439
6462
21945
22192
6539
6431
6367
22433
6318
22024
22366
6329
6421
22236
6384
21961
22157
22397
23137
22917
22921
6770
23214
6799
22609
23086
23025
23022
6878
22977
23117
22655
23009
23057
23177
6867
23183
6742
6695
23171
6674
6713
22810
22621
22747
6677
23014
22750
22802
23240
22803
22850
6844
22984
23245
23124
22969
6735
23276
23143
23101
23202
22818
22860
6608
6666
22669
22835
22780
23299
22929
23095
6617
22775
23173
22765
6839
23215
22799
23073
23145
6884
22851
22876
22912
22626
6786
6776
6825
6682
6669
23294
6851
6727
22769
6665
23178
6895
22899
22704
22871
22615
22919
6810
22693
6646
23023
23115
6620
6752
23147
23001
6664
22883
23112
23032
22903
22825
6843
22880
6850
23263
23081
6789
22607
6875
6846
23080
6675
22867
22616
22990
22885
22697
23164
22796
22608
6838
23208
22764
23167
6600
23051
22986
6698
6719
22774
22703
23056
23042
6793
6872
6635
22761
22837
23140
23231
6730
6615
23160
22712
23290
23130
22938
23027
23291
22804
22734
23230
22778
22702
22714
23152
22823
22975
22620
6633
6783
22834
6815
22656
22631
23226
22965
22937
22868
22763
22995
23269
6769
6644
23242
23246
22999
6626
22838
22755
22713
23282
22667
6723
6602
22659
6613
22630
22673
22979
6631
23052
22798
23148
23107
22653
23184
23264
22709
23252
23150
6883
6601
22641
6721
22792
6809
23064
22972
22618
6690
22869
23154
22695
22623
22985
23248
22878
6611
22858
22793
6629
23000
6817
6853
22866
22770
23125
23114
6733
23297
23197
22711
23233
6680
23079
6700
22614
23205
6858
23261
6761
23074
22973
23260
22822
22815
6833
22809
22725
6795
22872
6835
6831
23129
22722
23136
22658
22733
23053
6859
22682
23200
23165
6841
22896
6820
22956
23258
22824
22686
6826
22916
6606
22915
23153
22745
6864
23181
23135
6891
6756
22674
6638
6845
22715
23266
6772
23072
23139
6643
22663
23036
22790
22676
22677
6641
22980
6805
22610
23066
23860
23763
23575
7082
6912
23780
23594
6987
23501
7123
23789
7107
23409
23533
23539
23700
23738
23790
23643
23647
23801
23855
23782
23674
23365
23966
23373
23822
23360
23838
23869
23927
23990
23829
23568
7111
23994
23391
23679
23500
23311
23901
23655
7037
23668
23476
6984
7193
23374
23424
23857
23335
7039
23434
23887
23911
7164
23914
23875
23856
7104
23784
23325
23463
7014
7188
23621
23558
23820
23649
7056
23438
23921
23653
23419
23756
23929
23627
23569
23414
23932
23540
23969
23898
23464
6915
23553
7047
23711
6960
23362
7171
7189
6955
23651
23817
7116
6910
6924
23479
7065
6929
23638
23624
23634
7154
23852
23448
23525
23835
23403
23585
6952
23488
23342
7141
6995
23548
23848
6904
23332
23978
7121
6940
7050
23300
7067
23900
23402
23842
23851
23498
7022
23603
23361
6945
23729
23357
23579
23960
7138
23840
23341
23710
23751
23559
7085
23534
23507
7010
23997
23804
23956
6932
23802
23880
23556
23770
6946
6958
6992
23832
7025
23752
7092
23652
23694
7135
23678
7074
7024
23786
23996
23926
7124
23531
7161
23873
6990
23593
7018
6907
23957
6954
23641
23923
23439
7008
7054
23884
23701
23909
23913
23912
6928
23993
7199
23350
6985
23626
7087
7076
6948
23504
6962
23589
7098
23377
23375
23411
23968
6943
23758
23722
7028
23407
23462
23853
7143
23745
7057
6956
23953
23944
23326
7040
23513
23410
23493
23665
6988
23497
23705
23379
7083
23573
23876
7110
23922
7027
23805
23304
23771
23390
23637
23762
23336
6950
23974
7185
23819
6993
7095
23447
7146
23484
23713
23515
23774
23307
7006
23385
23823
23633
23744
23392
7183
6923
23570
23708
23483
23737
7139
23636
6922
6914
23759
23798
23888
7094
23776
23741
23437
23658
7026
7142
6966
23510
7197
23739
23473
23815
23340
7192
7165
23704
23964
23836
23861
23669
