7654
7668
23
47
7353
7359
7613
7632
7332
7674
256
7572
7600
7450
7357
202
7543
97
292
113
175
7567
168
7622
10
7895
7751
146
7233
7213
148
7660
7896
7733
7370
7439
286
105
65
7429
193
253
273
164
7601
7324
7259
7741
115
95
7881
7404
18
7687
77
7558
7784
239
7708
7760
207
7315
7802
226
7602
84
7306
7537
7459
7415
7231
7875
7657
38
7413
7262
184
7642
7897
7320
169
7289
128
7788
71
7215
7764
7347
7307
7245
7578
7544
217
180
86
129
7486
7830
223
7590
7395
7772
7492
7812
101
42
265
166
200
7817
7581
7614
7489
177
7451
7305
7786
7747
108
7853
7464
127
7285
255
104
149
243
221
7532
182
82
7697
162
31
7550
7516
229
7341
7453
247
185
88
132
7826
7807
7633
99
7836
271
7345
117
7645
174
7209
7276
7861
7470
7344
7422
7599
7678
7226
7442
7829
7388
7689
7864
7743
7354
7214
103
7562
7798
7822
7418
7595
7481
7584
72
7468
248
7497
7618
7852
147
66
179
7396
7832
7837
7659
102
7210
7530
7827
7380
7892
7683
201
249
172
7488
7656
7549
287
7283
7778
7363
7474
236
7800
7767
7695
7669
7571
7435
183
7782
7813
7348
7254
7242
7889
7372
7547
7542
7879
7207
7303
196
7424
7809
7636
7479
7646
126
7206
7876
7888
7755
7746
7866
7221
7518
7635
7230
7869
156
7295
7559
7750
29
107
7820
7791
296
7851
7845
7216
295
7893
7634
7358
49
7583
73
7229
7491
7631
277
139
7314
7420
7644
7671
59
7887
7319
7811
7649
7425
7328
245
7898
7400
7264
7296
7408
7371
7850
7375
7205
39
251
40
7498
7762
7698
7374
50
8479
562
7953
8135
8178
8548
8183
8044
8444
7979
7929
8050
8147
443
8095
537
340
336
8476
8484
8522
371
8354
7903
8247
8474
448
8014
8494
8361
8316
593
468
8208
8378
395
8070
535
525
328
8027
384
322
8532
520
461
8500
358
8062
8314
8575
508
7946
8438
8220
454
8115
7998
553
8127
7997
483
505
7944
399
589
8011
8018
8395
8332
8122
8312
8024
8242
8076
432
8069
301
8299
523
558
528
480
311
465
424
8191
8428
7995
7959
8243
8094
417
501
8526
8599
309
8105
561
8030
383
366
8223
8205
8003
8365
377
398
8562
8319
8236
411
8116
8207
8521
8352
8369
8499
8416
8239
392
7926
7913
7970
7928
8073
8040
8091
7981
554
8294
469
513
8355
342
8393
497
8592
8507
8333
8110
8098
8053
7974
7994
546
419
8394
410
8125
499
8229
7927
8063
8328
585
8120
8396
8300
8189
8305
7960
8255
8308
7966
455
8342
7906
8093
488
8297
406
517
8477
8422
8134
8545
8272
8129
7973
7923
8380
511
361
8565
8099
529
560
8469
466
8461
7937
8081
8130
8264
8043
8144
8597
7942
8190
8311
8350
8052
431
8158
8082
334
8409
8317
8453
8109
370
439
8179
8180
8462
8182
8028
8506
408
403
8440
8581
8201
8517
496
363
367
8186
588
434
8446
8389
8502
473
8524
502
321
8315
8153
8164
8291
8266
8555
530
8437
7963
8424
8306
7936
300
8420
8481
8059
542
550
357
8250
8485
459
7958
8258
302
8511
319
8456
445
8163
481
8334
8304
8137
304
8557
375
575
572
587
8495
515
8001
7969
8075
8360
7941
402
332
7924
7977
463
8564
8145
8403
592
8282
8104
8084
8310
8111
8587
9099
8997
8694
8885
832
8708
9154
9225
745
690
9130
8858
673
8789
8966
697
664
8655
9211
9224
9191
836
9235
9199
8855
8701
9039
9117
8823
887
8682
847
8602
8772
9258
8771
9006
8686
9095
645
9227
8615
701
718
8835
9075
9251
9128
8625
675
8875
831
8944
8695
8854
853
8692
9189
8664
8953
758
8742
9284
9137
8616
8679
833
8839
728
8610
8700
886
8818
9279
8624
9077
9096
8932
8907
9204
8979
8706
708
8844
9056
8744
883
9010
8791
695
8814
8770
8634
9202
9148
9280
760
9287
8900
8669
8636
696
8902
9052
825
9066
771
8921
8962
700
8950
9292
9085
8793
8969
8697
9277
9182
8718
8852
9107
811
670
9105
9197
706
8957
9067
8632
8985
8939
9022
8904
9181
820
8726
9261
815
8714
614
893
8646
8972
9139
8959
9112
8690
8762
702
795
9213
9027
9003
9103
735
9162
658
8666
892
688
9161
768
8658
9200
9068
9134
9136
631
8630
8936
8868
9286
9172
9243
8908
8974
9040
770
8743
8958
9174
681
9114
8901
9295
877
889
9140
8765
8784
8915
751
9185
8888
802
9271
777
767
9018
8914
8903
9226
9051
9263
880
8740
605
723
8998
9049
9282
710
9248
8865
9187
9001
9293
803
8623
824
8794
9004
898
8829
694
890
8733
9132
8797
8600
9176
8665
720
8913
9278
9241
9262
8910
8703
878
9151
667
8788
689
9065
672
8857
8952
8746
8930
9041
8897
8773
792
8927
620
8766
721
8955
8704
9131
871
9087
8822
606
9070
8645
9208
8802
8604
8827
9259
8675
9219
8842
868
821
676
746
8649
9125
9170
8720
8941
668
9254
8715
9274
762
8777
8671
8782
840
779
9007
828
8986
8873
8678
711
9379
9642
1126
9412
991
9908
9960
9658
9864
9877
9856
9351
9339
9591
9580
9561
9898
9744
1007
932
9550
9628
9624
9765
9512
976
9479
1139
9415
9651
9355
9439
9364
998
986
9796
9567
9807
9872
9854
9980
9851
9523
936
9559
9585
9903
999
9556
1148
9618
9342
9778
1045
9459
9575
9549
1134
9994
1031
9338
1072
9372
9480
1190
9442
9611
9380
1186
9721
9358
9678
1193
1127
9315
9352
9560
9804
9695
9754
1040
908
9477
9670
9741
940
1027
9646
901
9647
9518
1064
1195
9592
9909
9701
9562
916
900
953
945
9985
9589
9630
9845
1047
1087
9309
9798
9791
9453
9629
9904
9388
9450
9456
1041
911
9449
1130
9947
9331
9840
9608
1042
9681
9507
924
9708
9843
939
9735
9949
9447
1075
1106
9757
9783
9603
1199
1104
9498
1021
9399
9534
1169
1131
9312
9383
9687
1011
9306
9705
9504
1020
9496
9769
9499
9974
9963
9684
967
9402
1070
9935
9724
9916
9612
9336
9427
1079
9382
9524
1059
9330
9656
958
9716
9795
1084
1118
1107
9581
9548
9749
9748
961
9445
9704
9925
9814
9381
9846
943
1012
1006
9329
902
9747
9353
947
9583
9420
9692
9683
9320
1083
905
9349
9443
9596
9790
9699
9375
9870
1155
1054
975
9590
1076
9764
9614
9638
9676
938
9662
1198
9515
9861
1173
9871
921
9370
9374
9921
1149
1097
9890
9457
1044
969
9544
1112
968
9325
9733
9981
1119
9318
1069
1187
1062
9759
1145
9482
1194
1161
927
1167
1039
1082
9983
1081
928
9768
1090
9386
9626
9652
9310
1096
9631
1035
9850
9594
9390
9666
9813
9476
9600
9984
1178
9474
9597
9688
9876
9961
9781
904
9430
9833
9454
9777
9855
1114
9868
9910
1166
955
9762
10011
1278
1415
1362
10038
10501
1260
10679
1349
1342
10079
10386
10557
10134
10677
10502
10375
10215
10001
10617
10459
10495
10220
10139
1393
10406
10422
10520
10048
10624
1445
10173
10585
10627
10635
10400
10267
10119
1204
10337
10618
1294
1269
10538
1270
1236
10289
10127
1455
10197
10631
10172
10545
10670
10036
1375
10196
10070
1335
10593
10431
10269
10638
1262
10148
10648
10228
10153
10040
1442
10205
10447
1423
10164
10217
1333
10310
10361
10398
10301
10561
10253
10491
10138
1212
10328
10625
10157
10440
10609
1365
1450
1477
10078
10465
1376
10456
10633
1382
10598
1316
1391
1289
10341
1420
10272
10409
10611
10212
10628
10508
10240
10674
10171
10088
1345
10294
1380
10159
10547
1213
10331
10050
10000
10411
10279
10417
1395
1206
10014
10131
10041
10346
10651
10012
1325
10332
1281
1237
10347
1265
10333
10529
10548
10407
1361
10448
1285
10330
10229
1374
1256
10393
10653
10484
1283
1357
10326
10190
10470
10590
10287
1332
10132
10518
10161
10259
1337
10325
1496
1271
10052
1255
10064
10599
10694
10339
10594
10490
10486
10314
10570
10572
1397
10258
10469
10141
10464
1253
10432
10046
10096
10365
1221
10564
10168
10597
10577
10517
10018
10256
10106
10101
10483
1486
10652
10002
10445
10601
10660
10369
10049
1371
10290
10690
10610
10402
10405
10261
1448
10350
10443
10460
1341
10247
10506
10292
10126
10266
10019
10667
10025
10512
10006
10697
10047
10303
10031
1272
10391
1447
10194
10177
10037
10155
1249
1363
10202
1264
1347
1392
1340
1360
1425
10149
10602
1226
1426
1225
10166
10363
10319
10324
10028
1475
10007
10225
10136
10003
1282
10480
1465
10592
1468
10696
10221
1295
10211
10584
10236
1484
1248
10446
1208
10323
10647
1467
10640
1462
1314
10472
10242
10169
1242
10425
1356
10110
1228
10113
10342
10999
10909
11175
10800
1508
11129
11001
11147
11294
11162
1683
1796
1682
11098
11355
10791
1559
1671
10912
1568
11379
11223
10830
1522
10837
1566
1621
1688
11323
1622
1693
11389
11102
11185
10943
1629
11397
11363
10728
11170
11313
11008
1716
11227
10745
10719
1643
11108
1724
11186
1570
1769
11021
11308
11188
10828
1556
11342
10789
1753
11017
11209
11117
1762
11345
11160
10871
1776
11024
10823
1747
1764
10734
10727
10730
10716
11347
1773
1518
1751
1533
11377
11229
11113
10781
1684
1580
11210
1541
11046
11197
10787
1576
10849
11246
10755
1761
10857
10896
10911
11050
1777
1781
1530
10819
11201
11287
10960
11261
10868
11340
1792
10916
10744
11152
1797
1782
11158
10758
10822
10953
1611
1538
11094
11315
11178
10797
11224
11259
1784
11198
1734
11182
11199
11216
1537
11115
11369
11240
1740
11387
10852
11029
10729
1605
10756
1680
11251
11286
11234
11314
1770
10750
11273
11362
10997
1625
11203
11176
11327
11381
1661
1528
11069
1714
10805
11183
1737
10987
11066
1563
10860
10921
10711
10978
10881
10873
10762
10945
10863
1627
1799
11104
10990
11235
11036
1587
11370
11391
10853
11084
1626
1730
11231
11245
11279
1503
1756
11250
11149
1534
11307
1615
1614
10885
10892
1506
11348
11382
11144
1690
11237
11383
10889
10808
1557
10891
10970
11014
11181
1668
10824
10771
11270
10982
1767
11043
11041
1550
11174
10720
1592
1722
11128
11395
1709
10966
10707
11324
1785
1535
10922
1650
11013
10914
11173
10815
11241
10904
11193
10723
1640
1644
11103
11088
10753
10949
1524
10963
10975
1794
11243
1581
10705
11374
11283
11164
10748
10817
1676
1793
10883
11107
10895
11177
11225
1708
11390
10995
11136
11187
11384
10927
1780
11005
1787
11316
11096
10777
1501
1665
10923
1509
10760
11360
10834
1567
1675
1543
11180
1946
2069
1843
12057
2065
11657
11805
1999
11562
11972
11931
2029
11947
11753
11952
11867
2019
1862
11953
11480
11422
11669
12001
2098
1815
1914
2042
11426
11471
1886
11629
11832
11654
2079
12046
1907
11903
12083
11967
1806
1942
11549
1839
12077
1984
11681
11556
12090
2055
12075
11530
1864
12095
11804
2067
11542
11475
11898
11733
1848
12006
11551
11699
11999
11924
11863
1892
11486
11639
12040
11854
11836
11671
11508
2020
11661
11590
11559
12096
1837
11487
11692
11852
11853
11781
11816
12038
12034
11497
12047
2000
11603
12085
1829
11738
11981
1849
1867
11906
11451
11904
2011
1924
1861
11623
11755
1909
11646
1910
1881
2075
11830
11601
11595
1983
2062
11468
11735
1915
11778
12007
11736
11751
11679
11905
1948
11634
2054
12017
11888
11567
1872
1809
11401
12082
11540
11724
11715
11424
11827
1941
12011
12069
11919
11582
11883
11515
11612
1975
11796
1972
1925
11907
2071
11494
11977
11833
11663
11408
11666
11837
11421
2072
11714
11416
11599
12079
11428
11895
1951
1903
1838
11652
11413
11709
11939
1990
11791
1836
11776
11539
11959
11829
11705
11706
1905
1801
11825
1962
11756
1918
11484
11628
1858
1895
12093
12059
2039
12065
11884
11826
2077
12043
1818
1974
11445
11581
11643
11430
1821
1835
11861
1991
12052
1810
11614
11934
11667
11940
12092
2014
11769
11668
11914
11747
12097
11966
2038
11554
1901
11477
1889
1840
11621
11840
11739
11913
12020
11986
11483
1921
2003
2015
11810
12027
11688
11774
11412
11716
11489
11502
2081
11834
11785
11811
2073
11566
11943
11901
2083
2004
1961
2021
11859
11447
2006
11707
12037
11909
11817
1884
11865
2045
11892
11591
12089
11543
2066
11492
11592
11866
11970
1878
11812
12014
11466
11619
1902
11879
2090
1938
2017
11815
1845
1857
11622
11578
11444
11979
11400
2190
12535
2295
12676
12710
12305
12644
12614
12487
12407
12494
12205
12580
12613
2113
12350
12602
12393
12355
2365
12585
12667
12149
12563
2387
12153
12303
2347
12319
2385
2184
12240
2237
2191
12237
12361
12322
12669
12113
12114
2104
12372
12531
12690
12420
12505
12481
12694
12128
12204
12471
2254
2315
12180
2392
2198
12230
12148
2169
12451
12232
12169
2135
12261
2217
2121
2182
12441
12131
12195
12152
12541
2260
12100
12327
2301
2144
12776
12618
12761
2375
2264
12668
2303
12203
12500
12517
12383
2199
12432
2185
12741
12616
12624
12144
12688
2106
12515
12716
12375
12214
12533
12271
12472
12683
2380
12556
12101
12126
2150
12403
12727
12444
12353
12621
12654
12501
12290
12454
2302
12758
12429
12188
12332
12455
2284
12627
2206
12650
12308
2145
2224
12578
12408
12699
12135
2384
12139
12409
2321
12637
12629
2395
12415
2210
2158
12288
12136
2123
12452
2207
2154
12538
12483
2278
12105
12528
2306
12163
2316
12331
12352
12610
12559
12565
12266
12178
12174
12657
2331
12775
12652
12723
2281
2136
12571
12671
12436
2327
12364
12520
12777
12589
12619
2313
12635
12537
12431
12413
2146
12209
12553
12162
12572
12345
12217
12702
2230
12786
12708
2330
2234
12456
12132
12197
12262
2228
2291
12458
2391
12250
12199
12268
2269
12380
2174
12239
12243
2379
2163
2297
12638
12742
12129
12630
12529
12722
12416
12499
2345
2353
12695
12253
12764
12425
12763
12631
12442
12127
12663
12229
2250
12486
12659
2396
12712
12304
2247
2266
2357
12427
12216
2370
2337
2358
2143
12509
2197
2167
12745
2195
12434
2170
12422
12329
12142
12256
12437
2173
2328
12783
12460
12330
2160
12227
2192
2344
12523
12662
12173
12167
2248
2142
2389
12647
2226
12600
12165
2166
12625
12238
12280
2161
12119
12461
12524
2377
12384
2156
12182
13434
13074
13283
2512
13365
12987
2502
13292
13278
13088
13340
13215
13001
13039
13214
2449
13083
13438
12927
13175
2568
2531
2529
2486
13007
13366
2642
13208
2546
13354
12989
13387
13236
13204
13058
12985
13068
13494
13282
12975
13148
13487
2483
12825
12876
13078
13059
13476
13233
13470
12935
2598
2593
13196
2552
13096
13165
13237
2462
2584
2674
2451
2597
13072
2688
13171
2523
13371
2697
13019
13261
2588
13246
13222
12943
12965
12952
2663
13346
2431
13391
13342
13005
2699
2561
12803
13022
2599
13324
13139
13120
12928
13079
2428
13478
2589
13106
13181
2406
12847
13145
2537
13424
13451
12831
13169
2572
2633
12974
12881
13179
12957
2450
13411
2554
2658
12977
13293
13265
2666
12919
2665
12828
13056
12869
12842
2535
13154
2659
12923
13376
2609
13194
2430
12900
12963
13498
2664
13205
12934
2452
2445
13273
13398
13228
13375
2400
13210
13075
12897
13103
2455
2679
2557
12852
12949
13092
2675
13167
12862
12853
2499
13327
13433
12960
13238
13162
13220
2687
13323
13257
2544
13042
13015
13492
13290
2654
13274
13232
13186
13050
13407
13299
2649
13432
13143
2585
12913
2484
2482
2490
2500
2635
12891
13063
2672
12874
13420
13417
12999
13410
13353
13086
13484
12937
2567
2570
2511
2404
13119
2501
12951
13004
12849
13097
13089
2416
13489
2525
2610
13399
13363
13262
13033
13071
13317
13270
2441
13113
2530
12864
12966
12858
2622
12947
13373
13474
13335
2655
13243
13402
12805
2421
13209
2640
2558
13140
2429
13431
13108
12915
13395
13102
13009
13291
13090
12839
13409
13277
13490
12883
13081
13416
12995
12868
13044
12958
2508
12954
13251
2446
12917
2467
13146
2541
13127
13314
12939
2677
2493
13041
2695
12814
2625
13195
12982
13226
12890
12902
2457
13382
12892
13099
2401
13329
13111
13406
13288
2442
13254
14070
14022
13540
13851
13767
13863
2866
14155
13809
2751
14191
14010
2713
2991
13651
2900
13806
13969
14017
14037
13749
13799
14199
13658
2780
2756
13645
13693
2819
2752
13981
14156
2932
14012
13957
2786
13833
14043
14185
13798
13763
2830
2976
14105
2858
2839
2709
2878
13569
14065
13925
14055
14123
13707
2828
14004
13650
13916
13727
14024
14059
2769
14068
14006
2872
13559
2931
2899
2958
14195
13739
2950
14114
13921
14045
13691
2743
2749
13779
2707
2895
2835
13626
2831
13777
13687
13526
13967
13646
13720
2989
14044
2941
13842
14138
2726
14019
2876
13788
2841
2938
14027
2957
13857
14058
2765
2921
14175
13503
14032
13954
13854
13737
13797
2844
13822
13889
13671
13923
2714
2817
14139
14061
2979
2789
13517
2996
13585
14171
13937
13955
13672
13701
2952
13915
13946
13960
14113
14118
13850
2889
13752
13932
2969
2861
13804
2766
2936
13793
13778
14003
13931
13705
2891
2865
13580
13772
2737
13853
2874
2980
14099
13629
2797
2767
13930
14013
2987
13609
2762
14154
14101
13611
13771
13636
13913
2857
13664
13716
14125
2772
13588
2803
2998
13721
13962
13568
2846
13790
2873
14192
13998
13980
2913
13759
2732
14110
13886
13535
14167
2744
13557
2741
14011
13899
2910
13961
14096
2703
13924
14009
13987
14014
2721
14147
13815
13919
13620
14091
13543
13774
14078
14163
13531
13892
14172
14188
14111
2801
13894
2877
14074
14176
13885
13858
13866
13898
14197
13548
13579
2999
2838
13527
13685
13741
13834
14086
13773
13816
13971
2832
13895
2983
2746
2794
13514
14030
13832
13627
13642
13992
14077
13768
13755
14187
13711
14148
13617
2907
2754
2917
2805
13927
2753
13758
14159
13979
13689
13516
13538
2868
13882
14066
13800
2937
14092
14039
13610
13810
14117
13723
13704
13785
2962
13622
2893
13796
14047
13510
13896
3167
3283
3060
14253
14801
14590
14331
14204
14833
3173
14470
14409
14291
14899
14571
14246
3166
14235
3087
14490
3237
3208
3072
14622
14673
14862
3100
3038
3199
14350
14621
3118
14592
3082
14343
14469
3052
14313
14327
14352
3044
14278
14711
14406
3126
14322
14583
3098
14226
3020
14782
14780
14655
3077
14756
3261
3231
14254
14701
14502
3123
14445
14795
14290
14775
14344
14846
3045
14858
14412
14738
14726
14444
14493
3139
14856
14598
3017
14778
14731
14885
3093
3095
14689
3147
3103
3106
3014
14532
14451
14258
3185
14207
14877
14637
14895
3223
3230
14250
14805
14310
14365
3113
14870
14589
14859
14321
3197
3080
14230
3239
14526
3203
14294
14628
14212
14315
14283
14277
14479
14523
14410
3286
14882
14473
3155
14345
14676
14770
3238
3241
14623
14872
14658
14208
3137
14270
14793
14509
14740
14809
14789
14318
3094
3249
3163
14884
14347
3046
14390
14691
14218
14510
3048
14747
14825
14753
14860
14755
14474
3110
3040
3031
3227
14241
14265
14537
14552
14296
14791
14262
3284
14632
14417
14837
14581
14425
14575
3266
14452
3136
14722
14317
14541
3019
14705
14375
14814
14661
3051
3011
3016
14603
14515
14312
3097
3213
3158
14582
14774
14489
14234
3281
14742
14521
14692
3234
3081
14792
3142
3235
3120
14601
3151
3176
14341
14737
14630
14677
14362
14668
3210
14361
14599
3285
3206
3190
3192
3295
3177
3222
14646
14285
3001
14627
14600
14491
14645
14586
14854
14748
14617
14817
14555
14729
14733
14476
14651
14863
14392
14717
14459
3008
14851
14871
14852
14767
14569
14823
14400
3049
14501
3184
14684
14432
14378
3273
14426
14366
14338
14671
14531
14311
3018
14314
14763
14680
14725
14797
14260
14754
14527
14487
3149
14367
14307
14669
14286
14745
14420
14796
14624
3260
3009
14495
14398
14271
14385
14303
3279
15175
15256
14982
3361
3394
15004
15023
15096
14952
3483
15047
15221
15413
15065
3487
15059
15538
15303
14984
3457
15411
15008
15177
15272
14940
3515
3533
15587
15423
15115
3390
3445
3427
15390
15460
15478
15491
15157
15143
3459
15319
15532
15456
15208
15590
15509
15362
3333
15217
15379
3503
15369
3521
15038
15269
15066
15342
15017
3351
15473
15391
15331
15080
15196
15214
15287
3491
3411
15058
3559
14901
3356
3417
15557
15131
15315
15405
15085
15032
3582
15152
3357
15403
15044
15510
3443
15388
14962
14900
15571
3384
3420
15585
3570
15551
3575
15178
15248
15421
3332
15439
14972
15219
15340
15028
3323
14934
3497
15393
3324
14958
14932
3431
15030
14964
3403
3583
15358
3576
15412
15207
15562
3511
15180
14924
15026
15347
14976
3485
15561
15453
3380
15081
15161
15546
15103
15506
15099
3588
15310
3319
15598
3310
15352
15395
15575
15349
15201
15596
15326
15521
15548
15001
15355
3308
15279
3395
15525
15082
3311
3550
15123
3424
15021
3581
15431
15224
3567
15198
3544
3527
3325
15068
15182
15264
15323
3510
15247
15536
15356
15556
15225
15181
15402
14997
15451
15132
14956
15167
15216
15127
15534
3453
15146
15424
3437
3337
14970
3365
15434
3363
15458
15370
15334
15386
3306
15184
15282
14968
3478
3543
15242
3466
15564
14961
15215
15006
3436
15015
15321
15533
3481
3467
14935
15459
15197
15583
15584
15144
3318
3538
3546
14917
15377
15202
15492
3430
15191
15298
15061
15040
3375
3401
15150
15236
3590
15265
15481
15306
3486
3309
15273
15477
15308
15051
14936
14926
3597
3412
3370
3585
15160
3334
3434
15380
15124
15288
15339
3335
15072
3463
15470
15461
15274
15079
3300
15073
15515
3540
15570
3488
15203
15267
15276
14965
15045
15033
3498
3499
15540
15086
15343
15129
3397
3595
14928
3373
14922
15234
15016
15930
15944
3733
16138
15632
15791
15988
15979
3689
16175
16193
15788
16013
3790
3695
3794
15975
15721
16134
3829
3884
16258
16000
3620
15782
15790
16218
15603
15711
15893
16144
16223
15849
15631
15847
3871
3645
16180
16191
15789
3885
3754
3749
15892
15621
16065
3606
15865
16093
3851
16179
15623
16194
3690
3674
15609
3873
3797
16262
3731
16155
15942
16277
15764
16002
16078
16182
15879
3747
3734
3707
16147
16210
15955
15978
15746
3802
15826
16171
15911
15952
16279
15659
15708
16272
3883
16087
16141
15830
16257
15925
16231
15957
15785
15885
3630
3609
16098
3756
15886
15855
16149
16259
16045
15612
16015
3713
3698
15841
3669
3703
16129
16270
15602
3623
3652
3681
3602
16222
3863
15964
16030
15714
16010
15715
16211
15798
16140
3852
15833
3814
15604
3848
3725
3819
16150
15756
3890
3786
15891
15657
3776
15917
15858
15636
3820
15607
3649
15641
16188
16102
16158
3711
16106
3700
15842
15796
15997
16172
16117
3839
3777
15608
15986
3617
15869
3823
16250
15739
16246
15813
3897
16028
15737
15605
15682
15908
15895
16096
15773
3840
16050
15628
15888
15683
15960
15676
3632
16023
16291
15669
15735
16118
16209
3760
3651
15894
15671
3667
15654
3718
16090
3854
3834
15863
15780
16074
3640
15736
15904
16282
16156
3765
16130
16174
16041
15731
3650
15786
15948
3626
15995
3678
15818
15783
15726
15648
16032
15945
15686
16186
3888
16069
15884
3875
16235
15692
3785
15706
3782
15989
16294
15832
3784
15719
15966
3803
15836
16042
3614
3770
15828
15822
16084
3758
3660
15662
15601
15864
16142
16017
15819
15866
16060
3746
16110
3893
3648
3898
3629
15772
16196
15947
3768
16022
16177
3742
15681
3735
3865
15953
3618
3775
16083
16024
3798
3705
3807
15795
16100
15880
15777
16068
3654
16094
16034
16154
3737
16021
16053
16447
16318
16773
4056
16326
16540
16522
4038
16983
3927
16992
16686
16489
3934
16628
16980
16308
16490
16603
16848
16473
16811
16742
16623
4044
16311
3962
16669
16755
3944
16790
4057
16364
4069
4007
16312
16509
16368
3928
16504
16531
16441
4199
4136
16467
16524
16544
16693
16915
3930
16497
16346
4193
3923
16966
16880
16896
4028
4135
16911
16361
16590
16953
4116
4104
16566
4093
4043
4023
16399
16937
16343
16660
4083
4019
16555
16981
16719
4032
16975
16523
16780
16840
16301
16766
4006
16333
16421
4164
16702
16526
3989
16706
16712
16631
4047
16520
3997
16709
3943
16818
4178
16692
4124
16542
16611
4170
16859
16806
4066
16745
16483
16514
16445
4090
3917
4046
16304
16350
16889
16676
16963
16570
16518
16435
16920
16529
4191
16781
3952
16639
16956
16325
16714
4088
16869
4121
16508
16902
16969
16558
16617
16989
16381
16762
3922
16633
16385
3937
16798
16388
16749
4035
16858
16800
3994
3992
16657
16688
16732
16671
4174
16482
16593
16854
16977
16711
16929
16460
16727
16655
16463
4012
4106
16678
4157
4105
16753
4141
4081
16874
4186
3986
4098
16642
4080
16782
16689
3973
3909
16888
4054
16892
16637
16316
16613
16581
16964
16775
3926
16919
16791
16799
16952
16887
16661
16400
16694
16621
16595
3925
16921
16871
4052
16432
16532
16510
16379
16448
3939
16852
16394
16862
16722
16454
3984
4063
16893
16787
16746
16634
16788
16853
16474
4078
16351
16947
4013
16819
4065
16527
16987
16833
16741
3970
4092
4036
16777
16846
16997
16986
16744
16488
4039
16360
16789
16597
3949
4129
16496
16990
3900
16767
16494
16560
16841
16863
16656
4114
16461
4091
16563
16486
16668
4158
16442
3953
16310
16538
16943
16663
16369
3988
16419
16985
4089
4087
16918
16720
4159
16625
16736
4162
16309
16701
16373
16584
3979
16684
16978
17317
17352
4202
17637
17402
17347
17630
17135
17315
4395
4286
17014
17271
17295
17543
17262
4391
17634
17154
17386
17492
17192
17498
4488
4389
17324
4208
4231
4359
17063
17193
17270
17114
4298
17353
17307
17572
17671
17215
17418
17299
17456
4326
4377
4332
17201
17208
17475
17486
17273
17455
4288
17607
17448
4416
17042
17162
4410
17059
4299
17013
4313
17595
17175
17453
17643
17660
17395
4241
17411
17198
17216
17149
17062
17573
17243
17390
4396
4279
17339
4220
4446
17369
17431
17124
17287
4457
17470
4266
17234
17239
4463
17048
17038
17489
17558
17009
17533
17294
4277
17122
17119
4367
4368
4460
17226
4251
17166
17052
17433
17289
17282
17641
17596
17191
17286
17588
4485
17476
17259
4278
17569
17322
17617
17681
17407
17203
17016
17256
17026
4230
4330
4209
17601
17692
17298
4362
17512
17197
17590
17049
17106
17387
17399
17236
4371
17620
4252
4433
17204
4334
17326
17584
17285
17690
17176
4257
4309
4484
17078
17424
17350
4221
4374
17377
17447
17155
17167
17602
17495
4264
4200
4499
17644
17499
17616
4315
17079
17253
17672
17422
17058
17082
17017
4227
4392
17653
4324
17423
17288
17107
17414
17487
4296
17281
17661
4224
4265
17136
17415
4353
4232
17468
17460
17308
17632
4297
4243
17148
17098
17519
4354
17646
4250
4275
17391
17517
17218
17235
4215
17412
4201
4204
4440
17219
4458
4210
4404
4294
17691
17497
4402
4400
17290
17679
17609
17401
17200
4267
17113
17687
17257
17075
4292
17544
17335
17583
17037
4236
17555
17004
17091
4436
4482
17129
4383
17420
17305
17629
17491
17392
17502
4328
17636
17625
4493
17496
17023
17202
4480
17505
17375
17140
17144
4486
17678
4253
4256
4262
4397
17151
4317
17263
4358
4413
4341
4438
17076
17567
17683
17194
4228
17130
17349
17403
17675
17073
4364
17068
4451
17813
17710
18289
18108
4641
17814
18115
18272
17769
18205
17779
4622
18037
17874
17998
17738
18120
17824
18390
18129
17842
18324
4609
17914
18137
4748
18359
18239
4643
17940
17701
4613
17835
17852
4632
18373
18034
18227
4604
4664
17950
17913
18318
18335
4700
4625
18386
4788
18014
18276
4530
18140
18084
18233
18192
18038
17949
18340
17853
4563
4637
4549
4773
17999
18350
17700
18199
18245
18177
18122
4699
4585
18110
18005
17721
17756
18323
4683
18163
17989
18254
17975
17890
17968
4676
18064
4765
4708
18371
4781
18092
17884
17910
4524
18027
18196
17942
18378
17832
17846
18061
18171
4738
4640
18198
18063
4647
17766
18355
17765
17951
18309
4506
18060
4537
18159
18006
17736
4573
18068
17781
17898
4673
18252
4600
4504
18015
4544
18069
18246
4606
18117
18142
18341
18213
18053
4702
18201
18080
4735
4704
17727
4741
4626
18258
17720
17823
4517
18097
18327
18124
18241
4543
17788
17758
18370
17860
18225
17798
17947
4519
18223
18070
17773
18030
17886
4510
18230
4560
17851
18047
17939
17920
18072
17979
4665
18123
18029
18251
18074
17726
17745
4715
18214
17909
17741
17768
18250
4569
17896
4684
17819
17711
17964
18149
17705
4658
18131
17903
4630
4793
18346
18096
18235
18362
18317
4542
4723
17907
4624
4754
18091
4535
4565
17937
18082
4601
17764
18093
18041
18024
17970
17754
17887
4663
18384
18387
4778
17709
4679
17752
18367
18302
18267
18260
4728
18360
17748
17960
18351
4660
4515
18175
18342
4580
4710
17828
4557
18277
17957
17926
18291
4610
18394
18301
17825
18372
17792
17981
17778
17807
18242
17952
18237
4770
4634
17833
17877
4743
17716
17774
4521
4540
18054
17719
18332
18189
4767
17923
4721
18001
17703
17751
18255
17894
18307
4746
18012
4511
18215
17841
4556
4749
17822
18010
4576
18208
17818
4682
18057
19014
18910
18897
18867
5056
5017
5097
18678
18907
4881
5045
4884
4969
18769
4800
18828
18749
4942
18417
18596
18631
18759
4950
5080
18876
18681
4918
18771
18694
18452
18714
19073
5082
19027
18793
4964
18738
18970
4911
18878
19034
19052
19036
18449
5088
5085
19029
18982
18441
18586
4801
4987
18716
18757
18408
18863
5072
18792
4867
4927
4939
4882
18551
18609
18411
18966
18674
18856
4823
5067
18402
18895
18789
18748
19075
4933
18420
18964
18826
18485
18537
4903
18679
18909
18533
4866
18743
18550
5052
18675
18847
4832
18782
18482
4940
19064
5069
19093
18968
18881
18454
4917
18558
18922
18439
4842
18477
18512
4924
18410
18810
5094
18451
19060
18662
19067
4965
19000
18768
4888
18607
4864
18510
19071
18713
4802
18683
5012
18459
18506
4913
19057
4968
18814
4847
4855
18862
4815
18929
18959
5098
18554
18899
4897
18721
18767
18902
18539
18783
5025
5071
18656
18848
18453
18498
18815
18956
4993
18434
19004
18985
4810
4873
4963
4958
18615
18891
19048
18440
19089
19019
4974
19002
4863
18838
18667
18777
4806
19068
19033
18638
19017
18626
4820
18625
18774
18541
18565
4983
18861
18791
4894
18405
18513
19049
4846
18894
5059
19099
18592
18981
18950
18852
19009
18746
18617
18843
18701
18764
18822
18419
18489
18502
19031
18677
18779
4921
18660
19095
18630
18536
18972
18773
4809
5009
18858
18837
18552
18711
18422
18620
5075
18527
4813
18497
18998
4960
4975
4868
18557
4951
18517
19040
4845
18760
18776
18455
4915
4922
5048
4998
5091
5007
5064
18722
4835
4824
4902
18766
18805
19015
19092
18414
18479
4985
4891
18593
18871
18577
18515
18480
18732
18911
4901
18816
18448
18584
18483
18850
4890
4854
18684
4853
18813
18836
5086
4967
18855
18824
18404
18719
4981
18742
18503
18992
5063
18611
19051
19091
4923
19185
19211
19557
19368
19590
19309
5144
19500
19576
5174
19436
19126
5372
19160
19795
5291
19240
5311
19477
5207
19180
19452
19540
19593
5325
19150
5277
5363
19509
5230
5243
19252
19789
19737
19790
19113
19167
5241
19378
19384
19228
19226
5244
19323
19666
5361
19533
5145
19275
19207
19266
19349
5367
5269
19547
5394
5221
19385
19699
19717
19280
19786
19573
19139
19255
19267
19188
5164
5281
19652
19399
19443
5156
19341
5172
19444
19627
5386
5303
19537
19512
19534
19269
19558
19670
19585
5353
5350
19782
5138
19676
19654
19218
19459
5169
5295
5167
5389
19638
19680
5280
5185
19227
5127
19552
5237
5370
5390
19324
5228
5166
19706
19153
19704
5256
5376
5106
5346
19449
19203
19128
19669
5250
19289
19580
19538
19116
19613
19415
19791
19496
19571
19219
5358
5300
19563
19774
19582
19564
19602
19276
19120
19405
19483
19248
19366
5202
19416
5379
19684
19143
5310
19299
19624
19630
19330
19259
5364
19702
19458
5337
19217
19626
19424
19614
19641
5193
5360
19634
19671
19174
19672
19197
19398
5365
19565
19135
19712
5355
19707
5199
5398
5251
19305
19247
19694
19237
19447
19417
19733
5162
5204
5114
19175
19664
19374
19442
19375
5208
5307
19645
19746
19741
19653
19102
19698
19727
19136
19370
19780
19607
19199
19355
19421
5178
5175
5131
19152
19209
19122
19788
19155
5182
19695
19138
19715
19430
19434
5246
19681
19679
19125
19745
5271
19510
5268
19551
19777
5125
19798
19756
19776
19693
19544
5213
19726
19598
5155
19685
5198
5206
19765
5373
5309
19570
19410
5238
19200
5121
19567
19244
5328
19301
5375
19662
5171
19389
19178
5194
19596
19462
5135
19524
19359
19345
5113
19553
5111
19316
19233
19767
19130
5189
19742
5314
19321
19144
5284
19516
19663
19519
19418
5137
19161
19636
19657
5257
5313
19350
19479
5633
20256
5620
19997
20149
5677
20377
5439
20454
20220
20243
5466
20376
20082
5670
20282
5409
20413
19903
20052
19910
19978
20019
20167
20412
5547
19948
20397
20033
5479
20128
5448
5534
5402
20319
20030
20046
5539
5512
5671
5465
20159
5452
5608
5662
20467
20264
19915
19933
20203
19844
19922
19971
20043
5525
19895
5655
5564
20277
19952
19858
20134
19990
5640
20382
5631
20321
19876
20014
5606
5441
5491
20420
20214
20489
20328
19805
20274
20133
5643
19937
19957
19920
20080
20182
20335
20302
20065
20007
20261
20460
5697
5510
20288
19810
19951
20017
19809
5618
20361
19880
19979
20025
20151
20419
19924
20215
20459
20326
20196
20029
5429
19970
5486
19975
5647
5579
20438
20036
19868
19972
19991
20185
20147
20053
5497
20416
20018
19944
19932
5430
20119
5405
20104
20356
20313
5450
5437
19856
20116
20230
20064
20166
5656
5509
20204
20089
20488
20106
19954
20072
20192
5624
5518
20392
5673
20160
20325
5659
19900
5556
20218
19999
19833
20044
5641
19935
20378
5560
19902
5660
20010
20135
19940
20008
19881
5501
20260
5613
5669
5562
19945
19983
5447
20346
5636
19943
5513
19956
5477
5458
5475
20267
20409
20443
20483
20109
20175
5530
20075
5587
5523
5582
20126
20275
20364
5442
20190
20170
5687
19813
19834
20081
19918
20108
20436
20490
5555
20156
20393
20330
5400
20061
5476
20032
20164
19923
20152
20387
20193
20444
20121
19988
20434
5445
19835
5487
20125
20252
20390
19872
19929
20315
20206
19879
20338
20362
20191
20291
5680
5519
20039
5517
5410
20070
19803
19955
5514
19965
5529
20353
20143
20049
20051
20266
5506
5628
20232
19852
20006
20276
19841
20268
20424
5586
20250
19977
20350
20113
20226
20371
20076
20472
20233
20400
19812
5572
5666
19890
5597
5401
20285
20115
20251
19982
19992
5625
20368
5524
20139
21015
5953
21077
21152
20964
20621
5899
5961
20847
21156
20959
20992
21167
20591
20845
20708
5762
21029
20782
20925
20556
21185
20785
21066
5992
21056
20963
5705
5963
21153
20689
21024
20780
20624
21010
21075
5771
20856
21048
5757
20919
20504
20607
5760
21039
5936
21062
20784
21147
5797
5824
21172
20893
20960
21126
5877
5795
5882
5890
21061
21018
20663
21027
20951
20627
20506
20808
20991
20648
5809
5859
5952
20509
20884
5758
21092
5973
20655
21125
20857
20565
20754
21064
5732
20868
20995
5787
5738
20832
20550
20564
20860
20515
20970
20858
5851
20735
5745
20753
20908
20645
5827
20974
20890
5725
5923
5747
5822
20923
20776
21110
20524
5974
5786
20907
20613
5960
20576
21059
21107
21003
20848
20946
21139
20944
5987
5826
20530
21197
20801
20726
21041
21149
21177
5765
20649
21198
20807
21060
21084
21046
20673
5888
20738
21007
5946
21113
21193
5895
21038
20508
20924
20760
20983
21068
21023
5845
5818
20722
5900
20619
20536
20604
5889
5707
20574
20729
20900
21144
20863
5726
5782
21120
20852
5816
5975
5784
20802
20539
20507
20637
20534
20921
21196
20646
20538
21116
20971
20728
5870
20505
20835
21058
20932
20862
20694
20560
21094
20525
20688
20934
21118
20775
20741
20849
20656
5896
5947
20906
20752
5821
20540
20975
5833
5919
21067
20940
20838
5775
21052
5830
5734
5819
20809
20869
21095
20842
21119
5702
21166
20812
20998
20788
20551
20892
5791
5855
5843
5773
5700
5741
20643
5865
5861
20616
20666
20873
21079
20598
21136
5921
20982
20623
20829
5763
20527
20661
5942
21006
20617
20854
20773
20592
20976
21140
20897
21049
21057
5729
5794
5934
20593
5956
20727
20967
5972
5917
20803
20825
20769
20901
20704
5860
20615
20674
20792
20710
20653
5951
20968
20577
20851
20662
20805
21035
21040
20777
21171
21085
20957
6292
21782
21388
21289
21621
21482
21854
21284
21726
21300
6266
21427
6242
6279
6236
21837
21617
21747
21644
21463
21365
21551
21692
21234
21224
21342
21521
21500
21271
21480
21518
6079
21781
21569
21835
21504
21364
21886
21844
21588
6009
21672
6106
21268
6271
21358
21546
21453
21536
21753
21509
21412
6132
21659
21615
6047
21220
6076
21771
21710
6057
6022
21549
6221
21238
6195
21236
6030
21646
6207
6142
21221
21415
6180
21350
6092
21527
6296
6140
21724
21668
21487
21264
21856
21555
21721
21871
21370
21695
21571
21853
6135
6289
21477
21810
21628
21688
6260
6025
6038
6188
21595
21655
6027
21204
21626
21624
21819
21472
21356
21606
21425
6199
6267
21307
21351
21674
6281
21467
6129
6040
21791
21281
21727
21470
21297
6174
6273
21633
6033
21807
21515
6071
21475
6245
21620
6162
21406
6126
6024
21629
21377
6077
6145
6278
21203
6006
21248
21656
21392
21756
21434
21210
6274
6011
21832
6152
21501
6146
6228
6111
21557
21623
21630
21354
6227
21352
6217
6055
21506
21223
6211
21739
6216
21505
21344
21783
6026
21610
21653
21877
21752
21324
6261
21390
21718
6234
21652
21873
21245
6048
6130
21359
21798
21474
21291
6248
6120
21343
21360
6171
21497
21584
21866
21792
21725
21647
6164
21578
21552
6054
21600
21326
21760
21476
21459
21528
21231
21805
21650
21618
6200
21745
6193
21596
21548
21208
21468
21270
21802
6231
6287
6125
6159
21303
21292
6232
6029
6074
21611
6059
21432
21313
21339
21274
6128
6093
21597
21705
21859
21219
21734
21824
21813
21272
21666
21648
21864
21860
21239
6286
21317
21572
21431
21893
21817
21683
21485
21827
21441
6100
21262
6023
6264
21673
6017
21335
21764
21492
6043
21519
21697
6144
21637
21696
21639
6050
6167
6223
21899
6238
21740
21355
21803
6184
6154
6206
21801
21329
21840
21926
22163
6450
22198
22159
22575
6382
22150
22362
22112
6513
22254
22220
22386
21956
6377
22211
22417
22295
22243
22131
6393
6586
22467
21965
22548
6371
22207
6475
22533
22136
6321
6590
22334
21908
22283
22063
6539
22074
6340
22183
22294
21962
22168
21904
21938
6468
22307
6309
22411
6555
6589
22420
6444
22215
22381
22507
6592
22287
6355
21943
22240
22059
22360
22297
22326
6469
22498
22567
22502
6428
22436
6391
21973
22195
21917
22474
6300
22119
22584
6568
22296
22447
22064
21990
22587
6514
22438
21961
22271
22384
6496
6548
6582
22451
6306
22466
22034
22570
22077
22143
6319
21927
22033
22578
6318
6316
22068
22597
22516
6593
22157
22152
22105
22544
22262
21955
6425
22021
6441
22503
6302
6545
22329
6347
22301
22236
22176
6311
6535
22323
6419
22026
22001
22110
22535
22534
22557
6363
22080
22029
6357
6322
6559
22244
22133
22095
6573
22249
6506
22320
6522
6467
6507
6471
22496
22209
21922
6494
21983
21984
22468
6349
22429
22170
22242
22422
22363
22585
22232
22371
22053
22484
22396
22116
6503
22216
22135
22415
22444
22126
22035
22259
6510
22324
6345
22491
22366
22341
22185
22160
21900
21945
22354
22586
6432
21988
22572
6470
6310
6460
22317
6588
22501
22038
22278
22350
22357
22555
21993
22583
22134
22212
6317
22291
6392
22408
22042
22528
6479
22405
22531
22257
22007
22347
6440
22125
22140
6414
6305
22218
6301
21954
6431
22345
22425
22325
6463
6303
22171
22151
22086
6326
22390
21937
6474
6498
22099
22477
6396
22079
22424
6458
22374
22489
6488
22482
21960
22541
22229
22181
21957
22524
22028
22518
22290
22397
22339
22545
22299
22011
6538
21944
22328
6337
6307
22149
22564
6397
22272
22062
6489
22147
6378
22460
22107
21933
21967
22010
6504
22043
6544
22269
22356
22087
6329
22200
21913
6437
22470
6776
23199
23206
6737
6633
22769
6727
23108
22731
22910
22897
6722
23069
23240
23232
6681
22979
23176
22791
6835
22779
23089
6667
23272
23110
23062
6642
6654
6643
22802
22938
6742
22663
22877
6627
22974
6651
22811
23045
22969
22989
6801
22760
23036
22876
23155
23047
22794
6770
22600
6700
6652
22992
6799
6785
23025
23048
6671
22704
22907
6877
6780
23044
6863
23187
22941
6712
6692
23161
23186
23035
23296
22752
6777
23258
23280
22859
23144
23100
6853
6828
22701
23052
6820
23158
22814
6612
22686
6726
23001
6866
22868
22690
6850
23248
23163
22692
22970
22885
22798
6800
23166
23265
6696
23006
22648
22687
22826
6608
22745
23188
23226
22805
6797
23170
22714
22707
6807
6645
22677
23220
23112
22870
22781
6607
23118
6729
23227
23291
6855
23218
23037
6672
22754
22869
6644
23190
22768
6618
22782
6753
6884
6720
23039
22951
6826
22623
6661
23136
22786
23085
23082
22767
6825
22666
6741
22958
23086
6699
23015
23207
23180
6698
6734
22834
23278
6892
6752
22763
23167
22755
6710
23213
22946
23165
22822
6604
6787
23008
6897
6773
6670
22697
22649
23168
6666
6731
23290
22803
6809
22758
23238
23259
23294
22667
6620
22602
6882
23029
6690
6626
23171
22988
22772
23011
22954
23217
6821
6669
6649
6660
22830
22961
22972
6880
22904
22815
22800
22671
23251
6723
23198
6658
23282
6781
23297
22631
6819
23126
23169
6823
23054
22932
22681
6842
23133
22644
6682
22645
22613
6808
23092
23211
22844
22945
23219
23059
23119
6767
6889
6745
22799
22658
23192
22699
6738
22915
6679
23012
6631
6656
23273
23200
6898
22899
6648
23196
22866
6774
6762
23268
23009
23189
23255
6841
6869
6836
22626
6685
23065
22756
22982
22672
23225
22891
6839
23139
22865
6806
23004
23271
23241
6847
6816
23107
22611
23279
22923
22734
22804
23489
23779
6930
23483
7000
23386
23962
23587
23354
23688
23452
7122
23324
6916
23302
7026
23405
23314
23968
7079
7005
23476
23518
7185
23940
23551
23359
23656
23733
23913
23728
23460
23449
7147
23398
23486
7186
23759
6921
7070
7154
23360
7006
23914
23972
7066
7143
23746
7068
23784
6943
23899
23395
23611
7171
23351
23369
23375
23451
23446
23882
23725
23514
23809
23775
7032
7120
23473
7095
23464
6955
23392
23789
23593
23423
7014
23596
23650
23414
23502
6999
23336
23323
23629
23603
23830
23436
23982
23935
23736
23741
23506
23362
23388
23815
23305
7030
23697
23842
23691
23397
23501
6928
23800
23315
23901
7144
23711
23339
23573
23438
6906
23762
6932
23873
23868
6965
23970
23956
7153
7170
23477
6957
6951
23939
23556
23628
23643
23758
7199
23546
23301
7011
23949
6968
23338
23839
23316
23412
23799
23616
23498
23461
23754
23627
7131
23953
23417
6978
23463
23941
6980
23975
7020
23921
23434
7078
23781
23465
23647
23621
23374
23756
7125
23794
23309
23907
23698
23445
23917
7060
23936
23444
23766
7009
23875
23454
23776
23824
7113
23595
23765
23575
23484
23950
7134
23467
6922
23769
23327
23798
6919
7061
23341
23890
23407
23801
23911
23619
23714
7165
23425
23614
23634
23511
7127
7056
23723
23716
23544
23782
23721
23757
7109
23816
23987
23865
23561
23615
7025
23328
23401
23525
7117
23439
7163
23330
23588
7055
23679
23787
23322
23831
23667
7152
23979
23372
23348
23905
23353
23455
23806
23753
6902
23580
6982
23592
23504
23607
23583
23954
23932
23520
23368
23724
7161
7129
23926
7145
23669
23367
23958
23570
23654
6900
7146
23622
23591
7050
23874
23640
23785
23466
7081
23695
23557
23903
23426
23543
23915
23981
23472
23689
23678
23992
23729
23373
23581
23340
6936
23833
23683
23524
23877
23469
23541
23750
23589
23566
7094
