7392
7283
7756
7734
7503
7612
126
290
7449
169
7589
7306
7416
7429
7408
7615
7338
7525
7825
110
147
7266
130
7219
7224
180
211
7447
7751
7769
7531
7276
7366
7290
7717
7778
7609
16
7537
7767
7246
7674
7685
7714
7260
7591
7675
7695
7743
275
7280
272
65
254
199
7862
7607
7402
7579
7748
7437
7362
7709
182
7694
71
7604
7317
131
7655
44
196
7730
7789
7461
7846
234
123
7257
128
266
7511
209
230
7703
140
7791
7867
7595
119
187
215
146
7808
7803
7212
23
7323
176
7452
7298
7251
7428
7462
7220
7690
7763
7613
7346
7858
92
7292
255
7329
7240
7498
7860
7333
7716
7849
136
216
7475
79
7223
7457
7221
7857
7325
7719
7563
93
7464
7532
7247
7780
218
7500
7618
7889
103
7654
47
7336
26
7381
201
7282
7520
7385
7797
7599
7801
7659
7754
7279
172
7344
7594
51
148
164
7897
7343
7828
7296
7238
7585
6
77
7552
149
7549
7521
242
7761
7884
7706
22
260
7738
7863
7388
135
7218
7634
7745
277
7412
7812
7271
7275
7691
7627
213
72
7300
7713
195
45
108
134
7485
42
7890
7592
7555
7668
7436
7463
7622
165
76
7473
7489
7442
7262
152
7879
7739
7708
7686
7710
7305
7647
7420
7228
7598
7326
7400
7542
7395
283
7249
7788
7689
7874
171
70
224
7639
7285
7721
19
7426
104
25
7856
7365
7888
7213
7855
7772
7891
7376
7554
7880
7576
7423
7660
278
7842
7632
7481
7759
194
7628
4
7540
61
166
239
7424
97
9
157
7501
7201
7379
7704
7843
247
7814
7561
7528
292
7497
156
7469
7339
7765
7304
232
7841
7406
60
138
7727
7899
7281
416
7914
8232
8197
8153
325
8288
7950
8206
8328
8095
488
8114
578
7919
8559
447
8251
8313
8323
8233
8505
8419
8484
8294
554
432
8051
524
8149
8315
8506
557
528
8224
7972
8223
592
367
8082
394
8030
365
7954
7973
457
8512
8127
442
311
8173
552
8528
8488
8387
8168
8055
8491
546
425
346
8068
8157
341
8483
533
8549
428
368
8447
8511
354
8482
427
8045
8155
8347
558
342
486
7967
8013
8329
8056
562
8449
8354
8333
8479
8476
312
8044
8336
8520
375
8414
8451
8441
536
8335
369
7905
8227
8258
8350
7904
7944
8384
8298
7939
8395
8145
8112
8158
8584
573
403
7981
8070
8312
7960
8433
8160
8239
8123
8357
8096
8048
476
8436
7929
7926
8287
8236
8346
8147
8026
545
597
474
7956
456
8499
360
8498
8432
478
458
8202
8259
349
344
8267
588
537
8514
7938
8377
481
357
501
7927
7915
330
594
324
472
304
7980
8326
8146
8131
7969
489
8272
8544
335
412
8331
8164
8080
8324
8215
8587
8086
8453
8161
8307
8454
8021
8136
8515
320
8355
8299
8386
8104
8118
347
566
8135
8516
7966
8450
8172
535
584
8510
8010
440
8025
8292
8247
8558
377
7935
7936
8151
8275
8178
8513
8263
475
301
323
8192
8007
8278
470
7912
8475
353
8074
8521
436
8176
7928
547
359
8073
8304
8573
388
8576
8535
8585
7970
8497
8220
8072
8241
8518
8407
7953
453
7907
8134
7902
441
8058
8009
8137
448
8015
310
8495
8380
8264
8039
8425
8399
8133
8008
565
540
8417
8363
437
8245
8165
8061
503
8211
8368
8545
585
8199
8598
8412
8543
404
599
571
572
8593
8489
8231
373
8525
333
9132
848
9124
9015
8858
8741
9247
9165
8609
8633
874
600
9220
9142
869
9216
897
8757
9242
8725
8718
8904
9192
9275
9181
9295
9006
9158
8923
9296
8774
8634
819
8961
9095
9079
9159
9198
860
686
8851
8852
8687
8655
8662
9017
882
8713
8943
692
792
8816
9299
8986
8753
717
9041
9119
894
888
8908
8878
680
710
9214
827
822
9259
8820
9273
8813
9038
9175
9072
8604
706
615
8628
699
8972
8973
8647
9241
9069
8768
672
8867
619
9102
9023
720
733
8618
663
775
9049
8729
789
8707
8767
9245
707
8638
8680
8730
835
8935
621
9008
751
9147
866
8849
8969
719
8859
849
9291
676
8995
8643
695
716
8957
8740
628
9280
9224
8821
9077
857
8937
9183
8691
726
9108
8747
767
652
8683
8711
9122
820
8850
9243
9114
8856
878
639
8895
9086
8929
9052
732
745
724
8611
891
9252
8806
8661
787
8999
632
9203
8994
633
8896
8716
8786
9141
8646
8807
8827
8836
8907
831
8811
864
9042
675
9172
9281
809
679
9189
8956
758
9283
9234
892
8658
8903
8616
8930
9257
9137
9021
8860
678
665
8863
800
8874
8864
8692
8877
9176
8950
743
728
815
9206
697
9186
8998
9024
839
727
816
9036
9274
702
8772
8750
8968
746
9000
8625
715
8921
794
8925
8799
9136
8886
9278
9067
688
9269
8738
761
757
805
8830
8723
8701
8650
844
8670
8771
623
605
8814
854
8831
9151
8804
855
8833
8914
636
9221
847
8742
8761
9199
9153
8892
9030
886
9191
9145
668
9120
8656
8715
644
8754
8875
8689
8980
742
797
8601
8641
9016
9022
9179
872
8736
8946
9185
840
8636
9113
654
8924
9138
9098
9835
9955
9566
9381
983
9588
9837
9458
9346
9573
1142
9378
9624
9732
1180
1173
9613
1109
950
9445
9347
9596
9995
9695
9466
1134
9477
9920
9978
9333
9547
1001
971
1002
1089
9821
9473
9300
9777
1006
9862
9562
1072
9316
9615
9820
9387
9880
9404
9375
1034
9335
9311
9861
9638
934
1193
9874
9359
937
1011
9421
9912
1096
9707
9351
1154
9769
9640
9805
1155
9633
9825
9858
9483
9946
1113
1070
1170
908
938
9783
9514
1012
9797
960
9677
9966
944
9856
9893
9309
9664
952
1055
9833
9819
9490
9354
9742
9411
9680
9397
9940
9791
9679
998
9631
9831
9344
9452
9439
9402
9315
926
9891
9904
9360
9785
9652
9905
1039
1130
9994
9932
9979
9796
1015
9447
9487
995
9743
9457
9710
9779
9965
9992
9448
9326
961
9481
9328
9332
9795
1087
9983
9617
9380
9970
1042
9659
9668
9980
1127
1198
9592
9324
9765
963
9801
9976
9907
9522
1145
915
941
1183
970
9661
9470
9544
9364
1027
921
9317
948
9670
9813
9564
9461
9353
1141
1174
992
1168
9559
9580
9583
9362
9307
9627
9693
9342
9454
9355
9799
1105
1124
9748
9810
9711
927
9887
1094
9792
9602
9977
9763
9453
9953
936
9415
1182
920
9496
1085
932
9999
1192
930
9929
9902
9488
9521
1163
9655
9793
9424
9435
9945
9508
9579
9330
9516
9782
9504
9806
1165
9663
9811
9464
1032
943
1078
1028
9717
9938
9963
1066
9829
9951
9906
9647
1133
1086
1191
9975
9609
9954
9756
9776
9636
9478
909
922
980
9554
974
9658
9406
904
9849
939
9971
1079
997
9318
9561
9524
9666
946
910
9503
9715
9967
9641
9329
9591
9649
9786
958
9767
9771
1119
9449
9852
9719
9762
1111
9509
1339
1263
1415
1459
10334
10522
10617
10351
10273
10009
10290
10537
10062
1433
10512
10307
10234
10279
10390
1455
1366
10229
10698
10683
1360
10696
10615
1341
10210
1328
10030
10241
10173
10258
10406
1460
1300
1379
1383
10208
1451
10579
10507
10500
10508
10505
10433
10226
10498
10113
1218
10253
1387
10584
10153
1410
10266
10321
10581
1440
10620
10564
1454
10056
1268
10534
1427
10671
1447
10115
10006
10260
10259
1312
10342
1487
10401
10005
10250
1385
10511
10344
10699
1318
1390
1493
1467
10678
1216
1392
10419
10480
10394
1452
10140
1275
1434
10211
10074
1495
10167
10632
1343
10119
10121
10135
10057
10387
1371
1224
10087
1413
1475
1273
10164
1306
10136
10042
10082
1242
1208
1324
10692
1282
10587
10619
10409
10366
10405
10232
1473
10152
10674
10649
10535
10577
10072
10404
10493
1252
10264
10097
10393
10464
10010
1394
10336
10483
10455
10298
10213
10461
10468
1310
10364
10193
1246
10549
1238
10544
10540
1237
10297
10379
10407
10691
1428
10028
10175
10070
1412
10225
10446
10216
1293
1386
10142
10682
10149
10663
1331
10411
1381
10686
10280
10078
1338
10129
1479
10141
1439
10431
10589
1211
10597
10474
1297
10502
10441
10328
10551
10276
10007
10311
1303
10018
1315
1476
1304
10554
1484
10033
1395
10592
10573
10150
10163
1391
1359
1486
10586
10560
1254
10665
10470
10352
1458
10529
10528
1323
1262
10122
1321
1422
1294
10490
10128
10271
10492
10019
10389
10143
10238
1204
10041
10050
10295
10000
1261
10274
10349
10481
10693
10243
1425
1361
1330
10095
10112
10077
1247
10199
10518
10013
1351
10341
10653
1489
10487
1309
10607
10646
10255
10331
10457
10326
10628
10026
10109
10688
10491
1380
10100
1228
10287
10637
10151
1457
10675
10130
10524
10488
10029
1240
10322
1498
1399
10469
10293
10035
1592
1531
11218
11324
1633
11330
10852
11063
11027
1583
11214
11338
10820
11303
11333
1634
11215
1596
10819
11144
11034
10983
10764
1612
11006
1774
11026
1769
11015
10700
11371
11380
11135
11025
11241
11016
11311
10976
10850
1565
11331
11211
11334
10701
10790
11186
11044
10844
10896
11232
10743
10998
1684
10869
1646
11294
1653
1781
11072
1625
11240
11124
1537
11055
11097
11365
1656
11357
11293
11011
10713
11234
10728
11180
1500
11224
10930
11391
11296
1586
10858
10945
1658
1591
11353
10859
11368
1742
1722
1628
1580
11258
10898
10725
11145
11095
10815
11048
11321
10707
11204
11280
11100
11019
10838
11336
1716
1687
11188
1797
11310
1763
11267
11288
11008
11177
11362
1584
10839
10901
1692
10937
10924
1534
1735
10845
1776
10860
10744
10862
1706
11050
10918
10720
11121
11129
10832
1793
11197
11037
11045
11350
10826
10800
11245
11339
10724
10798
1616
1524
1574
11191
10978
11228
10934
11127
10818
10875
11141
11052
11264
1542
11115
11057
10912
10920
11162
1771
1733
1597
10774
10771
11090
11132
10709
11323
11152
1703
1598
10846
11128
11276
11164
1607
10861
10797
10864
1575
1503
10921
11274
1569
11067
11236
11272
1724
10802
10946
1655
1564
10766
11199
10951
11377
10872
11080
10888
10847
11087
1554
10814
1543
11231
10769
1694
11195
10781
1762
10931
1784
1778
11101
10987
10736
11142
10851
1773
11252
11289
11325
11154
11255
10877
11147
1786
11326
10816
11106
10811
10794
11039
10977
1637
10967
11209
11328
10822
11247
11156
10883
1783
10985
10726
11094
1519
11060
10710
10758
1538
10750
10739
11242
1578
1700
10980
1614
10795
11394
10767
11335
10768
11029
11013
1523
10753
10831
1613
11351
11278
10731
1775
11109
10958
10959
10856
10841
1528
10723
1514
11354
10902
1736
11305
11170
11092
10742
1761
10907
10962
11297
11671
11822
11616
1867
11627
11737
11836
11582
11753
11453
11590
11968
2034
1823
1924
11843
11539
12011
12041
12098
2064
1908
11656
11833
1902
11425
2037
12021
2006
11936
1906
11860
11814
11764
11867
11778
11993
11694
11528
11612
11408
2080
2032
2026
11531
1918
11721
11907
11536
1851
11560
12030
11798
11634
11856
11712
11965
11592
1880
2043
11949
11540
1839
1964
11705
11958
11493
11881
11756
11923
11615
1992
11954
11805
11751
1822
11862
12010
11920
11772
11967
11461
1948
11434
11508
11720
11877
1927
1847
1956
1997
11857
1986
11714
11672
11632
1886
11688
11410
2028
1862
11988
2011
11683
11729
11635
11784
1936
11944
11459
11799
11929
11561
12020
11492
11431
11842
2087
11886
11623
11664
1800
11693
1929
11855
1864
11487
11464
11752
1891
2049
11621
1808
12071
12069
12099
1869
11485
12008
11946
11828
11962
2092
11646
12004
11575
11533
1875
11746
2002
11606
1803
12018
11682
11984
11979
1830
11940
1814
11942
11710
11801
1999
1974
1888
2020
11761
11791
11417
11701
2051
11647
1923
11894
11476
11586
11685
1828
12047
11749
1855
11401
11652
11565
11523
11581
1848
11676
11719
11527
1874
11413
2038
11427
11460
11580
12031
11914
11515
1850
11472
11594
1993
1931
11763
11443
11792
11819
2009
12053
12039
11680
11558
1934
11866
2040
12019
1882
11964
2029
11552
11931
11961
2022
11782
2091
12015
1811
12052
2027
2025
11402
2078
11455
11415
11499
11724
11952
11885
12042
11535
11679
12034
2016
11796
2056
11916
11543
1907
1852
11407
1985
11587
11599
11510
11430
2061
11926
11490
1969
1962
11816
1810
11658
11495
11716
11695
1951
12023
11426
11975
2088
11494
11893
11740
12081
11506
11644
2098
1982
11917
11900
1844
11445
12082
11865
1996
12091
11554
11901
1909
11440
11817
12059
2076
1959
11863
11597
11471
1932
12593
12638
2136
2211
12287
2126
2299
2315
12580
12167
12736
12681
2359
12367
12393
12458
2295
2120
12485
12200
12492
12612
2354
12113
12378
12543
2377
12494
12442
12298
12412
2100
12525
12749
2237
12370
12708
2155
2334
12282
2191
12753
2125
12600
12395
2398
2376
12335
12675
2294
12349
12663
2393
12436
2352
2380
12144
12739
12106
12205
12618
12171
12400
12762
12417
12495
2382
2206
12423
12229
12571
12162
12249
12142
12369
2145
2154
2229
12631
12784
12636
2327
12347
2121
12318
12672
12422
12394
12126
2280
2131
12699
2265
12315
12607
2209
2246
12567
12518
12285
12757
12154
12619
12275
12375
2314
12278
12343
2184
12291
12402
2164
12614
12788
12633
12630
12237
12660
12797
12623
2218
12499
12583
12294
12223
12304
12779
2267
12664
12354
12724
12243
12190
12112
12789
2369
12204
12487
12716
12725
2363
12595
12652
2372
12336
2374
12197
12665
12350
12136
2161
12516
12501
12532
12685
12629
12689
12364
12741
2243
12281
2219
12284
12564
2304
12671
2285
12519
12103
12783
12342
2212
12145
12554
12774
12148
2364
12156
2333
12544
2188
12786
12273
12650
12669
12653
12742
12491
12207
12193
12781
12680
2337
12732
2383
12332
2249
12406
2200
12715
12551
12146
2306
2390
2102
12582
12490
12388
2329
2240
12174
2322
12176
12283
12615
12303
12151
12325
12733
12175
12566
12398
12179
12161
12646
12517
12643
2214
12568
12413
2305
12438
12321
12769
12196
12729
2110
12401
12180
2350
12286
12718
12764
12129
12331
12262
12119
2300
12328
12676
12728
2273
12140
12755
2216
12302
2347
2111
12758
2253
12624
12118
12323
12713
2254
2317
2205
2112
12208
12127
12194
12489
2231
2279
12521
12206
12471
12658
12260
12527
12117
12242
12776
12169
12751
2290
12587
12122
12697
12601
12269
12705
12585
12737
12670
2373
12201
12345
12750
12634
13193
13190
12986
13417
13077
12840
2631
2624
13486
2551
2540
2407
13249
13022
13198
13079
2535
13152
2422
13321
2616
13241
13308
13416
13001
2414
2601
12896
13255
13462
2458
13206
12955
13317
2593
2509
13095
13463
12914
13292
13352
13431
13105
13265
12981
13441
12984
13473
12950
13350
12844
13006
2521
13374
13324
13225
13007
13125
2557
2627
13127
13233
13168
2549
13070
12871
13274
13240
13036
2503
12802
13407
12980
13068
13364
2689
13381
12878
12889
2470
2650
2501
13322
2657
13065
2444
13281
2628
13034
13361
13345
13455
12805
12853
13353
13276
13263
12905
13086
13468
13312
12983
2518
2568
2513
13464
2493
12917
12942
2578
2498
2496
13485
2647
12939
13331
13231
13393
13157
2632
2499
2527
13033
13224
13347
2467
2435
13258
13076
13358
12810
12922
13484
13051
12882
13488
2447
12859
12948
13354
2478
13087
13338
2423
2539
2614
2530
13141
2420
13202
13339
13167
13060
12906
2674
13170
2443
12837
13047
13295
13423
13372
13238
2559
13367
13351
12874
13063
2505
13173
2404
13336
13203
2611
13227
2450
2462
2562
2603
13316
2656
2411
12824
2669
2445
13151
13024
2599
12830
12885
13337
13148
13021
13220
2494
2463
13214
13169
13071
12997
2484
2525
13020
13436
2671
13480
12915
13390
13259
2696
2653
13475
12988
12925
12866
12945
12996
13245
13383
13026
2584
2477
13327
2490
2583
2533
13144
13474
12806
13478
2637
13489
2626
2602
13288
12968
13099
2642
2683
13128
13498
13109
2622
13476
13481
13097
13140
2526
13311
12836
13307
13357
13091
2465
12838
13210
13039
12936
13386
2545
13356
13332
2640
13096
2409
12870
13302
12845
13145
2587
13359
2504
12958
12892
13469
13118
12854
12880
13183
2573
2618
13042
2589
12964
13205
13408
13030
13117
13124
12949
13177
13368
2604
12842
12863
13195
2543
2567
13257
12876
13883
13597
2756
13671
2992
13589
2848
14066
2799
13890
14123
13886
2778
2836
14199
13706
2707
2751
13565
13575
13728
13809
13662
2736
13764
13732
2795
2785
14114
14177
14172
13709
13921
14052
2813
13628
13683
14076
13500
2806
13763
14089
14152
2897
13670
2794
14140
13810
14029
13735
13619
14196
13774
14094
13826
13849
14169
2904
14033
2750
14187
2742
13646
13851
14179
14019
14146
2994
13736
13899
13854
13962
13893
13714
2818
13779
2774
2976
13752
14155
14166
13864
13608
14070
14055
13797
13771
13874
13855
14192
13977
13560
13877
13987
14056
13801
13659
13787
13924
13838
2783
14054
2948
14198
13811
2703
13685
13991
2821
2988
14031
14188
13684
13800
14133
2847
13635
2949
13959
13596
2786
13599
2878
14144
13504
13664
13528
2759
13546
2845
13748
2952
13679
13665
13967
2713
13934
13545
2823
14057
2872
13761
2979
13831
13932
14182
2796
14162
13969
2758
2991
14072
13884
13989
13887
14134
13740
13907
13824
13918
2773
13698
2771
13909
13751
14170
2875
2728
13754
13999
14002
13979
13983
2958
14011
14125
14069
13634
13553
13869
13892
2719
14035
2880
2705
13536
13708
13974
13508
13922
13656
2766
13789
13612
14027
13760
13720
13574
13648
13806
13878
13935
13915
14034
13518
14095
13638
13894
13891
13945
13805
2819
13650
14159
13862
14032
14050
2977
14087
2801
13687
13880
13902
13658
2820
13996
2803
13966
13676
13562
13836
14157
13713
2910
2843
2811
2767
13547
13785
2960
2903
13681
13882
2963
13633
2852
13512
14048
13828
2946
2931
2714
13538
13530
13896
13515
2993
2999
14043
13925
14127
2831
14129
13955
2853
13976
13677
2711
2790
13853
13721
14164
13928
14126
2842
2971
13808
13523
2905
14108
13960
13835
14018
14017
2827
14100
14001
13585
13745
13904
2997
13961
13992
14119
13863
2967
13796
2770
13757
14142
3218
14233
14490
14257
3017
14683
14897
14240
3279
14252
3186
3021
3294
14576
3100
3067
14547
14287
14680
3073
14841
14639
3103
14282
14770
14582
14571
3146
14724
14364
14686
14202
14307
3219
14200
14560
14870
14808
3056
14570
14806
3207
14368
14829
14821
14648
3293
14428
14543
3062
14643
14709
14395
14503
14767
14471
14351
14893
3172
14651
3051
3133
14461
14450
14535
14373
14273
14800
14762
3004
14687
14260
14326
14459
3275
3251
14760
14593
14734
14637
3205
14845
3144
14504
14381
14586
14822
14339
14488
14446
14575
3250
14819
14781
14585
14623
14837
3088
14864
14355
14487
14777
14345
14406
14746
3254
14485
14784
3283
3136
3063
3108
14541
14419
3065
14398
14331
14349
14378
3018
3188
14263
3118
14566
14347
14851
3159
14817
3245
14634
14513
3179
14449
14558
3206
14681
14210
3095
14559
14564
14645
14285
3278
14836
14219
3092
14334
14360
3226
3087
14271
14540
3117
3016
14212
14804
14520
14704
3213
3023
14456
14647
14725
3216
14854
3120
14663
14458
14553
14462
14316
14400
3008
3002
3192
14350
14399
3071
14223
14621
3241
14682
14211
14482
3105
14526
14857
14533
3235
3038
3026
14563
14846
3020
14799
14631
14754
14387
14723
14598
14311
14876
14815
14591
14701
3125
14480
14732
14359
14510
3137
14214
14671
14743
14745
3151
3242
14452
14303
14832
14275
3183
3292
14475
3259
3170
14685
14447
14722
14234
14584
14650
14279
14661
14666
14322
14525
14625
14411
14372
14703
3043
3036
14880
14816
14776
3064
14789
14764
14224
14407
14888
14551
14544
3055
3149
14616
14277
3253
3114
14453
14298
14342
14840
14580
14420
3069
14572
14871
3274
3221
14653
14809
14730
14205
3083
14611
14338
14366
14863
14237
14483
3270
3009
14802
3075
14605
3198
14659
3168
3202
14664
14835
14497
14812
14884
14300
14418
14636
3296
14968
15301
15258
15182
14962
15358
15278
15426
15314
3559
3317
3309
15074
15507
3486
3311
15067
15223
15265
3524
15018
3573
15432
3539
15044
3540
15336
15416
15090
15170
3450
15513
15555
15591
15209
15200
15052
15482
15354
3427
15407
3448
15577
15011
15596
15560
14934
3335
15530
3554
3305
3403
15125
3379
15438
3510
14949
15171
15491
15466
15118
15504
3553
15572
15093
3478
15580
3402
15339
15528
3435
15559
15078
3517
15319
14924
15364
15413
14905
15226
15447
3592
15076
15259
3420
15293
3495
3396
15340
15159
15180
15040
15309
15443
15333
14904
14951
3418
3457
15137
15197
15553
3384
15419
15175
3304
15204
15217
15270
14972
15221
15256
3392
15251
3459
15185
3454
15464
15506
14935
15573
3472
15350
15002
15402
15049
15587
3429
15105
15427
15274
15405
15295
3599
3307
15128
15254
15536
15382
15203
3389
15387
15599
15264
3372
15365
15016
15329
15048
15326
15184
3447
15236
15367
3469
3360
15281
15163
15519
3404
15323
15079
3453
14915
15548
15477
14997
15421
15120
3449
3318
3587
15233
15247
15113
15493
15327
15168
15045
3596
15529
15187
15101
15512
14946
3383
15302
3424
15007
15250
15091
15583
3433
14981
3570
15516
15523
15036
3464
3391
3347
15488
3507
15085
15235
15436
15495
3484
15543
15010
14950
3470
15041
14932
14952
15456
3401
15540
3538
15404
3367
14922
15267
15284
14914
15244
3308
15034
15068
15376
3489
15532
3580
15291
15102
14919
15300
3541
15584
3400
15082
15403
15257
15096
3520
3593
15178
3564
3487
3493
15238
15262
3412
3474
14938
15534
3399
15001
15116
15038
15241
3359
15012
3423
15046
15551
3328
15316
14908
14948
15196
15581
15283
14979
15552
15401
3434
3452
15360
15192
3529
14996
3329
3571
14966
3598
15088
3526
15345
15043
3585
14900
15469
15574
15282
3525
14937
14955
15451
3473
16090
15601
15735
3609
16218
16179
3846
16040
15818
3644
16089
15986
15778
3654
16183
3726
16122
3807
15860
15746
15709
3656
15908
3691
16186
3843
15604
15795
3639
16249
3895
3608
15767
16053
15775
15744
16062
16073
16129
3698
15922
3867
15732
15761
3619
3847
15669
3701
15659
15879
15623
3797
15688
16247
3786
3868
15998
16068
15651
15844
15846
15895
3775
15950
3835
3732
3683
15758
15766
3687
15686
16058
3826
3882
3825
15697
16070
15702
15920
16150
3774
15773
15863
16214
3650
16115
16228
16110
3757
15602
16111
15637
3841
3753
15720
3852
15894
3684
3718
16054
16033
16169
16125
15968
15784
16134
15875
16162
3658
16263
16181
15911
15777
16155
16127
16188
16045
16046
3670
15717
16084
15762
16250
16199
3839
15816
3742
3731
16163
3872
3629
16099
15907
15705
15824
16119
3660
15640
3622
15664
3799
3692
16108
16257
15825
16207
15757
16059
3761
16085
15979
15691
16151
16005
16072
3776
3624
15683
3788
15608
3664
3816
16189
16102
16159
16145
15678
16280
15836
15713
16233
15973
16104
15647
16222
3610
15776
15927
3897
16048
16021
3638
15845
16244
16231
15835
16274
3794
15924
15965
16051
15900
15915
15782
15802
16132
16012
16192
15944
15823
15723
16234
3679
15977
3690
16093
15953
3827
15737
3803
16097
15667
3649
15838
15827
15706
16096
3857
3747
3662
15848
3817
16248
15657
16057
3621
15905
3646
3762
16185
16225
3891
3623
15699
3853
15887
15600
15628
16278
3805
15868
16200
16252
15858
15948
16044
3720
3630
16284
3791
3894
16161
15787
16219
3668
15621
16066
16047
16025
16298
16258
16261
16178
15888
15850
16050
16136
16049
15689
15615
15901
16175
3745
15996
16082
15949
15960
3616
16154
3719
16279
16148
15831
3773
16242
15864
16237
15632
15912
15755
15750
3759
3620
16223
16171
3700
15742
15625
3832
3883
16981
16499
16319
3967
16383
16690
16401
4077
16689
3982
16360
4180
3903
16468
4033
4019
16541
3976
3965
3934
16376
16998
16686
3922
16912
16952
16511
3990
16445
16316
16654
16390
16969
16824
16306
16959
16951
3951
16395
16582
16550
16485
4055
16505
16729
16422
4047
16503
3952
16472
16410
16634
16672
4159
16758
3970
16573
16670
16592
16855
16416
16367
16829
16661
4172
16476
16658
4141
4082
16447
4031
16502
16639
16621
4005
16457
16928
16840
4117
16823
16444
4173
4086
16636
3901
16865
4178
4150
16744
4142
16721
3921
16960
16521
4154
16773
16572
4045
16496
16560
16490
4100
16955
4017
16877
16680
4134
16443
16487
16543
16813
16378
4143
3996
16359
16356
16604
16337
16512
3931
16611
16335
4009
16997
16420
16307
16767
16883
4190
4110
4026
16958
16608
16761
16527
16473
16489
16991
16354
16857
16455
3906
16605
16914
4099
3984
16641
16990
16600
16482
16515
16537
16702
16663
16637
4043
16751
16633
16558
16736
4175
16323
16305
16825
16594
3907
16724
4085
4121
16711
16397
4177
16876
16324
16559
16394
16564
16321
4000
4183
16731
16766
4164
16627
16528
16446
3957
4161
16907
4122
16929
3993
4115
3955
16772
16361
16764
16483
16932
4057
4079
16963
3926
16517
3912
16382
16510
16866
4126
3905
4167
16839
16381
3974
16332
4151
16968
16311
16953
16366
16352
4169
16940
4054
3914
16685
3949
3981
16598
16888
16983
16344
3959
16568
16933
16730
4197
16804
16347
16387
3911
4155
16843
16494
3943
16657
4003
16452
16787
16894
16614
16320
16431
3975
16554
16886
16919
16920
16531
16992
16375
16745
16500
16980
16623
16616
16703
3913
3964
16393
4044
16908
3920
3971
16326
16922
16830
16875
3932
4144
16957
16783
16513
16301
16520
4083
16762
16555
16704
16406
16741
16562
16818
16593
16678
4107
16334
16563
3918
16388
17032
4332
17141
17076
17326
17159
17561
17208
17173
17291
17386
17344
17500
17603
4269
17612
4432
17040
17111
17082
4270
17210
4327
4252
17379
17155
17074
17092
17467
17382
4368
17606
17152
4305
17289
17419
17359
4456
17042
4429
17433
4428
17399
4329
17654
17347
4323
17454
17312
4227
17145
17256
17487
4393
17614
4284
17269
17354
17021
17570
4360
4235
17123
17590
17265
4274
4266
17370
17254
17166
4295
17005
17356
4385
17007
17664
4361
17658
4443
17013
4267
17453
17095
4382
17340
4241
17424
17136
17036
17045
17556
17056
4349
17105
4234
17515
4469
4283
17335
17139
4437
4483
17014
17253
17039
4336
4217
17019
17573
17420
4204
17475
17345
17510
17393
17699
17407
17346
17353
17158
4312
17398
17444
17693
4439
17671
4339
4450
17686
17629
17058
17222
17246
17581
4334
17177
17080
4273
4380
17286
4328
17604
17130
17255
17583
17387
17109
17248
17669
4299
17523
17456
4395
4286
17392
17505
17334
17575
17519
4499
17672
17026
17602
17613
4459
4430
17648
17207
17656
4447
17110
17375
17495
4222
17204
17035
17577
17579
4478
17281
17440
17230
17522
17553
4406
17623
17086
17369
17096
17182
17041
4333
17331
4407
17554
17308
17348
4306
17486
17037
17690
4363
17160
4492
17169
17165
17004
4415
17668
17263
4250
17645
17560
17596
4473
17373
17296
4208
17585
17001
17529
17377
4277
17622
17426
4426
17313
4285
17121
17638
17609
17167
17547
17156
17243
17233
17587
4264
17317
17264
17418
17631
4398
17258
17176
17187
17679
4485
17624
17118
4303
17197
17659
17540
17221
4262
4355
17412
4272
4346
17459
17427
17628
17083
4464
17232
4236
4497
17662
4446
17329
17473
4474
17422
17484
17599
4452
17674
4210
17450
17227
4314
4319
4223
17435
4486
17195
4427
17048
17651
17183
4253
4350
4293
17171
17278
4228
17437
17428
4254
17965
4585
17783
18385
18126
18112
17991
18063
4759
17951
17818
17982
18177
4729
18141
4577
4677
4544
4628
4552
17725
4633
18221
17797
17906
17962
17828
4579
4587
4545
18009
4526
18111
4596
17908
17761
18110
4564
17755
17737
17903
18065
18311
17799
18377
18337
18327
18054
17814
4679
17889
4530
18137
4772
18088
4719
4595
18322
17808
4627
17971
17784
18007
17785
17834
17998
18117
4523
4578
4550
18292
4740
17766
17743
4623
18156
17859
4508
17716
4704
17912
4794
17839
4669
18265
18285
4637
18150
18039
18172
17942
18203
17893
18024
18392
4570
4698
17758
17800
4638
18239
4711
17909
17861
17827
17986
17953
18291
17972
4678
18226
4565
4580
17709
4717
4754
4778
4782
18044
18185
17721
17749
18326
4612
17736
17995
18059
4798
4613
18079
18380
18344
17741
18371
17801
18131
17726
18016
4512
4644
18174
18338
4701
4617
18159
17854
4632
18100
18244
17830
18133
17866
17904
17825
17984
18238
18023
4619
4727
17874
17822
4733
18383
18175
4774
4642
18188
18029
18249
17767
4731
4784
18064
18342
17748
17887
18388
4554
4750
4606
4654
4773
4780
17788
4770
18268
18189
18026
4535
4538
18267
17718
17863
18142
17806
4737
18328
4746
4551
17960
18136
18348
18056
17896
18067
4635
18162
18050
18373
18101
18314
18257
18212
18356
4506
18030
18289
18184
18389
4760
4660
4776
18216
18396
17939
17803
4562
17945
18015
17841
17787
4668
17764
4516
18052
18140
18341
18217
18370
18006
4667
17915
18236
17858
4601
18209
17751
18302
17817
17833
4567
4689
18031
17711
17729
4605
18025
18182
17759
17770
4694
4515
4723
17961
4520
17989
18359
17918
18190
4683
18132
4775
18336
18198
17963
17777
17702
17789
18010
17899
18187
18270
17878
18170
18135
4699
4789
18237
4542
18308
4761
4691
4697
18243
17870
18264
17985
4614
18200
4514
18638
19013
4934
4896
5097
19003
18948
5082
4918
4904
18648
18443
4818
5049
18594
18507
18467
18823
18946
18713
18631
18425
18967
18674
18527
19096
18934
4950
4938
19014
18563
4849
18935
5088
18461
18897
18678
4933
18485
18792
18415
18987
18608
18859
18964
5046
4867
18682
4932
18589
18410
18407
18604
18914
18511
5076
18926
18496
19024
18727
18429
19033
18890
5060
19091
4915
18951
18600
19089
18501
5074
18512
18497
4810
4923
18963
5099
4931
18982
4889
18424
18469
18651
18760
18437
5098
18420
4905
18686
18696
18611
18824
18773
4803
18435
4943
18625
18991
18817
4819
4972
4921
18438
18564
4968
5026
4946
18901
4984
4851
18754
4833
18829
18540
4802
18716
18550
18514
18414
4858
18855
19098
18726
4983
18993
18802
4860
5007
18707
4986
4973
18892
18759
4961
18978
19046
18962
4993
4908
18615
18439
18858
19075
18896
18853
18943
18790
18959
4966
4965
18965
18722
18783
18980
4995
4880
18764
4822
18928
18931
19001
4924
5093
4987
5061
5034
18758
18430
19016
4884
18667
18907
18544
18672
5096
5081
4969
18706
18413
5000
18493
5058
18969
18426
18912
4902
18873
19097
18714
18938
5050
18646
18548
4952
5056
19068
18630
5072
4976
18465
18766
4963
18551
19040
18737
18738
19079
18654
18704
4840
4916
5075
18916
18441
4843
18647
4906
18473
18898
5048
19022
4891
19015
18816
19045
18422
4827
5085
4989
18852
4975
18559
18834
18798
18549
18776
18578
5045
18460
4996
5083
18468
18744
18547
18554
4958
18640
18626
18606
19081
18793
4871
4999
4852
18448
5073
5042
19056
18885
18681
4864
4936
4835
18404
18947
18891
18677
18871
19064
18664
5065
4863
18810
19041
4855
18814
5087
5011
18811
19084
5091
18561
18556
4830
18417
4892
4865
18813
19083
4817
4828
18863
18533
18662
18881
4985
18450
5044
19047
18954
19201
5142
19609
19395
5190
5358
19546
19335
19524
19322
19155
19789
5218
19493
5161
19101
19782
19673
19571
5392
19707
19429
19255
19672
19600
19734
19597
5211
5171
19522
5295
19433
19165
19678
5226
5259
19511
19733
19189
19218
19621
19119
19625
19327
5242
5250
5308
19311
19716
19675
19586
19409
19422
5225
19690
19103
5353
5205
19278
19268
19317
19179
19126
19270
19127
19140
5238
19436
5179
5348
5297
19730
5163
5258
5260
19387
5209
19212
19539
19435
19558
19553
19214
5370
5309
5169
19256
5338
19306
19208
5268
19364
19377
5331
5343
19107
19779
19362
19751
19560
19303
19410
19213
19611
19547
5356
5141
5119
19405
19768
5229
5198
19689
19221
19470
19638
5396
19226
19117
19791
5362
19760
19612
19264
5328
19248
19177
19375
19431
5235
19610
19680
19121
5282
19489
19373
5391
19452
19386
19693
19158
19670
5325
19583
19506
19300
5367
19632
19490
19766
19582
19225
19339
19484
19174
19323
19453
19554
5126
19792
19710
19220
19529
5215
19712
5298
19767
5390
19202
19606
19569
19123
5133
19491
5191
5249
19653
5334
19388
19459
5213
5164
5368
19535
5137
5269
19204
19444
5150
19116
19402
5288
19346
19445
5263
19795
5135
19196
19645
19627
19556
19315
19447
5332
19416
5289
19487
19657
19176
19134
19750
19635
5176
19662
19443
19139
19354
19206
19655
19679
19552
5387
19726
5144
5136
5120
5123
19510
19721
19478
19722
19687
19579
5335
19143
5345
5280
5397
5245
19603
19588
19538
19385
5128
19534
5361
19161
19771
19380
19392
19419
19474
19316
19471
19136
19661
5208
19418
5230
19379
19162
5310
19338
19559
19508
19630
19537
5121
19252
19642
19321
5281
19394
5270
19128
19464
19245
19442
19736
19240
19351
19320
19113
5139
19296
19371
19648
19122
19344
5340
19180
19407
19441
19711
5357
5122
5118
19378
5303
19573
5522
19910
20216
5687
19801
20442
20233
20227
20005
20153
20063
20077
5541
20440
19978
5631
20115
19833
19937
19875
19898
5667
5674
5693
20416
20394
20044
20255
20357
20376
20309
19958
5456
20249
20433
20365
20137
20198
5647
20466
19825
19967
19923
19996
19965
5420
20235
5530
20110
5699
20471
20020
20459
20447
5484
20299
19830
20336
20237
5688
20111
19919
20147
20049
5489
20028
20327
19948
20058
20302
5413
20367
20251
20282
5438
5560
19938
20156
20422
19951
19895
5596
5455
20397
20014
5554
20120
20231
20460
20353
20121
20432
20436
5640
5523
19954
20281
20085
5423
19920
19972
19985
19968
20402
20359
20204
5418
5669
20082
20477
5532
19899
19901
20178
5444
5629
5619
20259
20426
19946
20317
5445
20443
20435
19907
20144
19821
20261
20203
5442
19955
19828
20412
20078
5482
19975
20228
19940
20307
5524
20279
20187
20301
19817
20254
20311
5565
5471
19989
5659
19999
20389
5493
20174
20352
5432
20164
20404
5622
20004
5606
20138
19922
20122
20354
5698
20000
19886
5539
20154
19932
5655
20032
20393
5542
5501
20280
20131
20008
5644
5529
20101
5570
20305
5500
5691
5502
20182
20035
5566
20096
5545
20356
20162
20029
5531
20205
5414
5584
20369
20449
20171
5574
19963
20141
20335
5488
20388
5400
5460
20286
20047
19844
5634
5694
20247
20061
5533
19818
5407
20362
20201
20038
5454
20330
20323
20095
19993
19845
19994
20437
20009
19916
19846
20001
19906
20067
20207
19887
20480
20347
5576
20300
19888
20320
19850
19863
19843
5495
5404
5564
20295
5481
5626
5440
20093
5536
5401
20423
20105
20265
19933
20010
19956
20260
20234
5662
5620
20429
20079
19883
5467
19864
20108
20181
19992
19930
19840
19847
5643
19905
20446
5509
5673
20375
5588
5428
5589
5572
5630
5491
19802
19873
20315
5507
5672
20316
19819
19891
20304
5825
21020
20676
20640
20598
20740
20991
5799
5826
21071
5978
20989
20711
5903
20672
20698
20803
21151
20846
5754
20812
20893
21061
21153
20905
20604
20624
5766
20646
20723
5952
21174
20891
21040
20757
20746
5881
5716
20569
5879
20567
5807
21081
20529
5960
5973
5735
20614
21069
21056
20639
20596
5984
20540
20788
20616
20750
20845
5883
20902
21045
21107
20849
20547
20986
20924
21054
5740
5771
20734
5736
5786
20949
20667
5850
21179
21177
5751
20862
20686
21120
21014
20579
5708
21123
5918
20925
5805
5959
20534
20685
20838
20707
20501
20768
20984
5887
21133
20553
5711
5731
21010
20503
5739
5815
21008
20806
5732
21117
21198
20884
21003
20761
20844
20981
20840
20851
5915
20515
21126
5773
20608
5833
5898
20508
21175
20842
5781
21162
21195
21017
20888
5793
20859
20522
20635
20693
20659
20690
20978
5869
20593
5712
20847
20827
20586
5956
5946
21110
21193
20759
5834
20557
21105
5982
5774
20629
5827
21154
21077
20636
5772
20869
5912
21189
20691
20559
5857
20781
5852
20898
20927
21141
5922
20743
20929
20649
21092
5910
21150
20628
21059
5725
21184
21099
20979
20621
20731
20871
20811
5992
20798
5789
21023
20716
5995
5928
20695
20997
20749
20730
21159
5778
21039
5871
5802
20841
20879
5899
20555
5977
20882
20874
20532
5942
20792
5993
20954
20764
21199
20988
5925
5911
20815
21086
21066
20793
5704
20755
20571
20536
5972
20885
20607
20892
20787
21013
20651
20913
5734
5814
21015
21021
20868
20799
20994
20652
20932
21022
5715
5986
5931
20577
5753
20643
20945
20581
5894
21097
21001
5846
20591
20754
20933
5951
20948
5896
5813
21121
20590
20744
20748
20718
21152
5721
20835
5872
21182
5945
5885
5835
5764
5763
20610
5788
21172
5820
20887
5948
20956
5926
20856
21033
20972
20967
21127
21125
20606
21067
20552
6119
6088
6113
21878
6126
6039
6118
21526
21452
21793
21233
6145
21242
21673
21266
21327
6068
6018
21444
6269
21645
6169
21463
21792
21422
21392
21384
21535
6019
21756
6056
21474
21733
21377
6156
21383
21340
21544
21760
6168
21764
6015
6047
21672
21815
21399
21507
21459
6054
6129
21341
6220
21308
6261
21355
6180
6167
21400
21345
21498
6216
21411
6001
6260
21891
21337
21737
21238
21301
21389
21694
21352
21214
21260
21739
6189
21790
6280
21682
21532
6223
21403
21413
21727
21518
21527
21866
21859
6030
21282
21294
21227
6092
21338
21620
21503
21273
21433
21712
21334
21697
6094
21753
6130
6079
21798
21896
21259
21333
21362
21839
21835
21709
21332
21685
21741
21613
21497
21546
21418
21671
21755
21593
21580
6141
21560
6227
21210
6042
21658
21388
21297
6245
6286
21746
6038
6115
6080
21605
6237
21782
6120
21252
6238
21715
21522
21457
6212
6298
21693
6254
6034
21293
21257
21655
6199
21868
21409
6248
21253
21591
21819
21687
6022
21794
21451
21278
21375
21603
6251
21586
6010
21714
21745
6041
6132
21558
6089
21629
21571
21256
21221
21455
21701
21802
21559
21564
21429
6236
21640
21410
21722
21228
21812
21223
6131
21766
6024
21298
21690
6184
6198
21820
21353
6016
6170
21863
6112
21436
21681
21424
6104
6283
6264
21492
21850
21729
6103
21289
21723
21588
21853
6146
21314
6059
6063
6171
6195
6244
21800
21881
6033
21861
21551
21305
21818
6077
21554
21281
21523
21759
21520
21240
21407
21311
6235
6044
21461
6181
6221
21797
21531
6288
6205
21894
6017
21487
21799
6095
21235
21632
21548
6133
21360
21826
21473
21742
21323
6255
21582
21212
21710
6166
6163
6282
6185
21748
21572
21206
6229
21347
21230
6290
21869
6278
21239
6090
21501
21757
21379
21201
6023
21270
21893
21661
21386
21445
21343
21382
21696
6572
22249
22265
6376
6410
22074
6457
6301
6463
21986
22168
22498
22097
21944
6581
22563
22149
22490
21949
22017
6592
22112
22432
6314
22290
22144
6450
21957
6445
22103
22205
21915
22210
22445
22376
6550
22560
22095
6331
22479
22214
22597
22552
22124
22115
22539
22303
22025
6384
6515
21905
6334
22469
22476
22280
22421
22326
6560
21975
22275
22170
22478
6409
6350
22212
22561
21942
22551
22276
6557
22497
22366
6330
6500
22428
6455
22200
6412
22452
22047
22052
6517
6561
22558
22435
22369
22090
6562
22391
22346
22215
22241
6579
22158
6339
22164
22258
22404
22519
22584
6503
22081
6509
22185
6501
6580
22317
22387
22398
6583
22367
22440
22293
6319
22412
21978
6386
22051
22060
22267
22502
6333
22542
22244
22414
22593
6537
22242
6597
22386
22091
22586
22109
22319
21907
6481
6311
6381
6352
22362
22393
21902
22166
6372
6398
6413
22313
21970
22592
6426
22302
22094
22437
22107
22484
6366
22137
22294
6510
22514
22486
22282
22148
21988
21936
22019
22348
6499
22213
6487
6300
6470
22003
22531
21906
22392
6349
22243
6305
22059
22273
21982
6374
22347
22221
6549
22140
22160
22073
6543
6505
6599
6380
21922
22571
21973
6430
6344
22505
22416
22154
22351
22360
22444
22162
22526
22178
22511
22533
22532
22342
22263
6477
6518
22496
6307
22219
21974
22099
6548
22585
22477
6433
6367
22088
22229
21939
6541
22235
22506
22345
22161
21991
22131
22423
22061
22240
22417
22121
22105
6411
6404
22054
6302
21910
6485
6490
22065
6406
22006
22142
22483
22044
6522
6439
22153
22589
6390
22407
22406
22010
21909
6377
6492
6369
22141
22173
22184
6358
6405
22554
21921
6315
6346
6565
21911
22039
22159
21924
21999
6419
22001
22488
22429
22266
22182
22055
22045
6383
6408
21935
22004
22371
22372
6533
21916
6570
22473
22524
21966
6783
22936
23248
23238
22998
23257
6671
6772
23123
22624
23016
23221
23068
23185
6605
6654
6754
22704
22796
22966
22960
22877
23198
22868
22946
22845
22953
6750
6651
6658
6656
22662
22898
23060
22711
23216
22857
22949
6689
22645
6693
23295
22759
22605
22922
6712
22969
6756
6818
22667
22629
6862
6723
23140
22732
22905
6600
23035
23162
22787
23055
23288
23243
23254
6695
22695
22869
22756
23267
23053
22716
23066
23293
6764
23189
6701
22897
22959
6834
23033
22733
22675
6882
6823
22964
22861
6675
6739
23047
22932
22654
22822
22947
6767
23165
22640
22664
23190
6793
6852
22957
22818
23233
22876
6696
23057
23246
22670
6604
22965
23095
23204
22950
22633
22729
23126
23153
22713
6685
22610
23075
23199
23290
23063
6653
6706
6674
22870
22768
23241
23159
22797
6606
6877
22834
22948
23105
22914
22651
6697
23178
22906
22603
6819
6740
6625
6748
22625
22909
23131
23023
22808
23030
22712
23223
6860
23049
23125
23034
6830
22867
22979
22862
22637
22967
6617
22908
23172
6702
6895
6825
23265
23196
23036
22927
23149
23220
23232
6826
22751
23277
6762
22726
22903
22941
6859
22889
22910
6660
22835
6761
6753
6678
23291
22873
23059
6869
6736
22656
6867
23112
22810
22928
22863
22919
22975
6886
22885
6870
22890
22912
22771
6692
23184
23101
22952
23287
22685
22764
6602
6847
23252
23014
23048
23086
23097
23195
6747
6676
23164
22710
6694
22652
22690
6809
22738
22754
23281
23186
22705
22907
6800
23284
22660
22829
23109
22673
22938
23027
23251
23043
6629
6831
23026
23279
23160
6687
6769
6607
22762
22921
23289
6677
6627
22653
22766
6811
6639
6621
22791
23157
22745
23203
22798
6821
6731
23235
6794
22836
6727
6896
6856
6612
22618
6828
22701
6661
23227
23117
22714
6614
23121
23298
6899
6797
22744
6613
6683
23098
22794
23910
7097
23670
23782
7112
6921
7150
6995
23456
23895
23914
23570
23695
23661
7076
23901
7116
23741
23792
23334
23372
23761
7105
23934
6980
23836
23542
23525
23843
7169
23454
23520
23517
23418
23377
7179
23401
23524
23578
23707
23724
23824
6996
23636
6973
6900
23631
7154
7006
23522
23999
6941
23598
23957
7111
23581
23490
23665
23529
7135
23855
6929
6936
23589
23549
7134
23791
23763
23473
6993
23964
23709
23395
23759
23586
7003
23515
7043
23731
23320
23811
23423
7001
23977
23574
7162
7085
23976
7191
7074
6988
7046
23721
23593
6922
23698
23713
23694
6950
23412
23333
23331
23921
23627
23891
23403
23899
23774
23390
7073
7145
23720
6990
23428
23651
23884
23787
23822
23727
23457
23565
23961
7199
23350
23362
23897
23492
23474
23590
23833
6903
6981
23767
23389
23701
23349
23540
7063
7065
23988
7151
7099
23718
23669
7008
23563
6934
6989
23908
23304
23972
23640
23755
23577
23533
6935
23567
6930
23975
23584
23686
7002
23604
23503
23564
7158
6992
7177
7083
23815
23700
23979
7098
7108
23559
23772
23476
7167
23464
23513
23802
7106
23879
23347
7146
23804
23368
23867
7089
23775
23421
23849
7153
7040
7025
23504
23906
6943
23859
23650
23528
23463
23853
23992
23615
23680
23889
7123
23813
23643
23317
23946
23633
7113
23784
23629
23888
23605
23712
23673
23685
7072
6994
23338
7012
6958
23465
6947
23705
23394
23907
7093
23984
23676
23675
23777
23420
23924
23597
23360
6976
23638
23470
7186
7082
23479
23708
23509
23552
23402
23679
23312
23626
7142
23845
23355
23539
23998
7052
23854
23616
23989
23779
23797
6945
23681
23937
23547
7067
23477
23619
6908
23886
23765
23442
23384
6971
23869
6926
6932
7027
23697
23996
23974
23689
23635
23440
23667
23613
7045
7188
7139
23942
23609
23970
23835
23945
23769
23762
23537
