7725
7274
7388
7508
42
7736
247
7234
205
7888
7479
94
7689
7679
7207
276
7285
158
7783
7667
142
7863
7344
7831
238
206
7820
7433
211
7527
7250
136
7289
7747
7757
7647
7819
7225
7241
7204
7466
7632
7523
258
7735
7350
7445
7306
7424
7550
103
296
7780
7745
7744
7437
7210
7676
77
7645
228
7313
120
7767
270
7252
7817
7211
7501
7448
67
3
7444
147
7219
226
8
7288
145
7740
7338
7264
239
7785
7533
161
7367
7345
7452
91
7456
44
7442
7588
54
116
7729
7739
7485
7589
126
7258
7870
7814
7401
7335
7307
83
100
41
7389
7734
7426
38
125
7726
7261
7663
79
227
7203
7450
7347
7674
7379
7893
58
28
7369
7887
7238
7215
230
159
7832
7569
7554
169
7809
7775
267
7559
7358
7600
7390
60
7749
7662
7463
7323
7651
7348
7805
249
7414
7699
7478
193
7796
7619
7522
185
7214
7818
7885
7610
7748
7441
7852
7386
7761
254
7504
151
112
7446
7693
178
7417
7707
7799
166
257
90
7670
7668
7652
7393
7823
7439
7216
7763
250
7598
7613
7564
7862
144
7855
7272
7577
134
18
7603
7528
7515
40
7482
63
7608
148
7666
7687
7743
175
7587
7346
7332
7483
7539
7514
7770
7422
210
7732
7221
7280
7815
7505
13
7490
7781
7470
7270
7304
242
7816
7418
7842
7709
7884
7374
287
7601
7498
7727
7590
7807
299
7711
7746
7869
191
7611
7867
7708
7532
7464
7656
251
20
7447
7896
124
56
290
7868
7620
73
139
92
7551
7449
7534
274
7846
7268
7200
262
277
222
7549
57
288
7467
99
7716
172
7756
7321
7507
7227
7536
7355
7431
84
7243
224
7402
7435
8077
8273
402
403
8014
400
7910
8049
8056
8087
8060
8230
8234
597
8098
8498
509
8561
468
8485
8333
8195
457
594
435
561
8258
8325
7938
7975
343
407
8552
410
7948
8564
479
353
8109
508
8184
301
8448
7941
434
8520
8011
8542
7983
8089
8515
8155
8065
8337
8112
8293
8510
8004
438
8437
463
8201
8035
8551
8369
8355
437
8453
8005
525
8322
8199
8146
8326
501
544
8335
500
8380
382
8362
8100
8356
8246
480
8319
8126
550
7955
8576
8572
8214
8425
8227
8152
8017
8265
8043
8416
572
8550
441
485
7903
8064
574
8189
531
8205
8147
470
8030
8131
8082
8247
8533
512
364
589
8580
8571
8106
7999
497
8255
8473
8372
8419
8444
7977
586
8130
7971
522
8383
8495
8385
8507
8062
8308
8360
8513
8329
333
8302
8321
8278
314
8549
8501
8165
551
339
7946
7906
8016
311
8540
8535
8046
8379
8292
394
450
8470
8023
8365
496
517
8423
8137
327
7913
8157
7929
8103
575
8588
8358
380
7912
8488
8354
7939
8519
8231
8090
8458
530
8269
8206
342
7936
8000
8438
8238
7952
8472
538
8422
351
8306
8396
8441
529
8007
8454
8259
7976
373
8254
8583
8188
313
7973
436
369
465
8212
8475
8455
8161
7914
8534
345
8431
528
8202
8559
8459
8312
8120
552
8569
409
8194
346
8179
8539
8236
8122
8384
8031
8343
8159
8150
302
406
323
307
310
482
8294
8264
8581
317
546
8118
8228
8245
8067
8353
8080
8092
371
7990
8232
452
8073
8511
8003
7961
8553
424
8051
542
390
8480
8288
555
548
8590
484
8596
8330
8532
7909
8482
527
8314
7933
8055
8178
8478
7932
7980
8116
7992
8518
8345
750
672
9138
9262
9260
8775
8999
8782
8704
9176
8772
8799
858
8742
852
9276
9142
8877
847
8659
607
9187
8663
774
8878
8758
608
663
9036
664
771
8904
9162
9107
9272
767
9170
8676
601
792
8770
611
874
8670
8983
799
8764
895
8786
8730
8755
861
8679
8741
9166
8814
694
763
9073
9245
8923
788
8801
9012
9174
849
9254
776
897
656
9241
8822
9294
8924
8874
637
8863
8934
8800
9240
613
8826
8929
8875
8612
612
758
8981
8807
9211
9242
807
9018
768
8743
9106
9233
9024
8712
9120
9096
650
8611
8919
876
9064
697
759
9149
869
9129
624
764
8776
9094
711
8899
9259
8959
8912
8922
8781
9252
8733
8948
804
712
609
9146
9001
790
8927
9229
9116
683
841
8693
745
9112
8779
8842
8937
8761
9136
9247
8718
9038
9296
9144
865
8946
8710
8716
793
9263
9137
856
808
8805
9071
9128
755
9210
9178
9196
8894
692
639
8915
9003
867
675
9126
812
8793
680
9059
810
9154
8843
9031
813
8854
8689
8735
706
8809
8725
9032
9253
630
9266
716
9230
8930
780
9050
9147
9124
783
8738
772
9280
8797
9298
8986
8780
795
9215
9290
8808
9039
8887
881
8720
8604
9183
9082
760
769
9051
8634
9261
8690
871
8964
9167
8667
8760
9153
8674
701
649
8673
741
8975
834
723
8737
8991
9014
8867
8652
8617
8988
647
9203
726
9141
9004
8941
8932
9078
8646
9074
889
8997
8852
604
9103
731
605
718
8967
9159
8969
8768
8601
8889
752
8952
8911
8984
824
9033
8818
642
8732
9277
9114
724
615
8681
8820
9169
8744
9243
775
797
8914
8884
9192
9044
687
681
8893
8731
9127
9217
717
928
968
9550
9364
9634
939
9795
9956
1143
9301
9613
9350
1011
9608
9518
1186
933
9467
1050
1068
9423
987
9502
9420
9804
9628
9349
9961
970
1101
9357
9468
9843
1196
9541
1080
9636
9630
9456
9863
9850
9656
908
9545
9892
9917
9532
1030
9741
9966
9470
9491
9684
9474
9679
1136
1140
9803
9762
9976
9430
9942
967
9643
9705
9422
1091
9835
9416
1088
9857
9703
905
9439
9698
9476
9785
9611
9867
9862
1124
9802
9411
9677
9738
9555
1023
1146
1182
9355
9859
1054
9665
9427
9805
9957
9501
984
9919
9365
983
9557
9641
9856
9715
974
1094
9875
9596
1119
9771
9980
9890
1098
9657
9761
9760
1166
1093
9871
9886
1075
9440
1165
9947
9436
9462
9963
9768
9888
9626
1019
9477
1032
9559
9719
9362
9973
9384
9332
9321
9453
9554
9986
9603
1079
9341
1047
9310
1104
954
945
9926
9461
9377
1065
9573
9997
9429
1090
9754
9432
9338
9374
9415
9687
9958
9371
9899
1005
9727
9681
9593
9388
902
1178
9799
9685
9743
9693
9945
9305
976
9609
973
9639
9392
9907
9308
9419
9464
9975
9329
913
9614
1185
9989
9721
9706
9753
9376
9533
9824
9523
1092
9674
9604
979
9339
9769
9348
9590
1116
9840
9586
9394
9671
9969
9981
9707
926
9830
9306
9764
1123
1106
1064
1160
1198
9500
1007
9615
1041
9537
9583
9521
9398
9515
9842
9704
1145
9773
9809
914
1012
9623
9605
977
957
9433
9915
1110
931
9988
9967
9944
9571
911
9728
9982
9368
1042
910
1141
9499
9441
9763
9827
9900
980
927
953
9781
9918
1135
9497
1077
9906
9563
9752
1193
1155
9701
1103
9437
1172
9688
9633
1072
9565
9680
9326
1158
9735
9591
9751
9505
9994
9806
1063
10461
10610
10009
10590
10208
10146
1396
10202
10276
10118
10311
10263
10699
1427
10434
1315
10119
1332
1498
10547
10110
10348
10644
10069
10376
10022
10178
10126
10659
10077
1352
10596
1385
10139
10321
10284
10658
1475
10497
10495
1471
10666
10317
10375
10424
10234
10639
10104
10684
1415
1206
10391
10186
10056
1372
10002
10361
1284
1329
10619
10671
10332
10340
10010
1281
10098
10646
10402
10616
10546
1458
10028
10133
10203
1378
10211
10157
10410
10246
10288
10508
10423
10055
10187
1462
1292
10036
10615
10432
1477
1221
10583
10620
10399
10027
1429
10107
10381
10363
10235
1448
1225
10573
10448
10638
10526
1380
10333
1215
10287
10169
10090
1494
1250
1265
1463
10305
10572
10210
10507
1243
10221
10181
10262
1306
10236
10397
10049
1266
10510
1234
10000
10152
1300
1479
1386
10116
10173
10310
10120
1347
1410
10129
10578
1210
10465
1342
1238
10346
1294
10435
10514
1480
10621
10544
1273
10400
10492
10296
10456
10042
1397
10350
10395
10455
1459
10630
1307
10047
10533
1279
10358
10293
10188
1318
1407
10176
1355
10656
10582
10167
10177
1421
10499
10218
10073
10687
1254
1278
10159
10142
1316
10195
10084
10692
1301
10516
10039
1299
10043
10128
10471
1423
1367
10609
10426
1382
10134
10024
10315
1338
1414
10038
1253
10097
10163
10467
10422
10204
1323
1310
10171
10587
1409
1345
10612
10617
10219
1363
1478
10523
10559
10498
1218
1441
1202
10442
1282
10676
10496
10506
1473
1245
10201
10200
10551
1220
10196
10326
1405
10493
1488
10466
10255
10035
1319
10392
1495
1413
10568
10367
10336
10005
10198
1229
10217
1433
10175
10532
1255
10197
1308
10529
10528
10681
10418
10299
1465
10261
1375
10066
10012
1263
10520
1453
1406
10531
10233
10303
10563
10382
1491
10691
10213
10595
1412
10020
10574
10295
10478
10710
11033
10846
11244
11262
1604
11336
1671
10778
1757
1752
10841
10920
11225
11195
10780
10708
10835
11130
11158
1676
1641
11055
10816
11345
11005
1781
1689
10844
10949
11307
11084
1691
11251
10836
10882
11242
11106
1687
10830
11350
11308
10742
10803
11098
11015
11301
11104
11070
11031
11290
11370
10725
11360
10946
1677
1625
11363
1647
11369
1711
1536
11028
1661
10782
1526
11357
11285
11304
11294
10965
1567
10761
11321
1500
1514
11339
1558
11054
11039
1588
11287
10964
10881
1559
11071
1790
11171
1713
11095
11030
10797
10820
11105
10903
11178
11153
11235
11123
1624
11121
1606
11044
10898
11337
11010
1652
1646
11238
11247
1659
1679
11231
1571
1653
11207
10831
11099
10907
11041
11376
11253
11082
1726
10917
11074
1600
10799
10932
1510
10905
10822
10875
11065
11378
11023
11325
10915
10703
1614
11300
11161
10961
11021
10870
1585
1716
10839
11127
1761
10747
1527
11185
1797
10817
10939
11249
11040
11384
10873
1791
11115
11089
1534
1634
1774
1556
10802
1680
1638
1645
1664
11280
10757
1706
10987
11145
11075
11349
11393
10806
10889
10823
11341
11091
10745
11147
1756
11050
10927
1572
1535
1605
11322
11259
1765
11331
1601
10750
1748
10857
1700
1684
11139
1568
10972
11037
1667
1607
10978
11374
11327
1735
11201
1768
11144
1630
11338
1504
10724
10977
1546
1741
11348
1733
10779
1666
11026
1503
11389
11129
1701
10938
10743
1760
11059
11003
10826
1798
11232
11032
1651
10902
11364
10960
11042
11328
11025
1582
11017
1739
1515
10865
10774
10933
10828
11271
1631
11256
11167
1662
1766
10765
1692
1511
10872
11315
11383
11102
11279
11246
1731
1775
10819
1578
11245
11206
1780
10776
10886
10912
10790
1777
11305
11172
1795
1718
11107
11355
11385
10856
10753
1586
11210
1776
1597
10879
1502
11353
11398
2006
1966
11886
12099
2093
11918
12012
11493
11972
1937
11479
11615
11657
12024
11680
2028
1800
11710
2043
1959
11410
12069
1890
11872
1953
11653
11824
11440
1987
1931
11570
11709
2046
12089
1809
2010
1919
11675
11752
1991
12091
11920
1983
2042
11735
11470
2002
11620
11529
11415
11447
11877
11947
12066
11478
11789
11966
11579
11426
2031
11908
11907
11439
11405
11763
2092
11812
11803
1908
11924
11890
11422
11444
11964
11698
12083
11462
11489
11837
11409
1894
11954
11522
11819
11723
2001
11977
11487
12008
11629
2024
1859
11661
11911
12049
11449
11788
12032
11829
11708
11895
11784
11693
11638
1879
11778
1828
1964
12087
11738
12042
11400
1946
11726
11627
1938
11521
11665
12044
12013
11714
1985
11904
11438
1876
1878
1988
11694
1864
2015
11481
11859
11769
11540
11955
11791
11783
11801
1914
11575
12077
1978
11737
11550
11950
1996
1826
11606
2011
1905
11777
11816
2063
11495
12020
11823
2098
11499
11979
11746
1873
1858
2072
12026
1820
11596
11795
1971
11724
2071
1805
11602
11401
11965
11518
11654
12028
11434
1871
11635
12039
11605
12021
11504
11607
11435
1958
11821
11524
1847
2081
11469
11555
11664
11905
11573
11408
2057
2032
1842
11488
2037
11793
11631
11592
11730
1935
11957
11881
1924
1995
1870
11619
11744
1865
11878
1947
11576
11446
12054
11519
11432
2044
11648
11887
11663
11842
11976
2094
11611
11549
11892
1897
11779
12006
1925
11902
2062
11458
11684
2068
11463
12056
11457
1823
11511
12034
1849
11734
11838
1887
11630
1866
1863
2005
1933
12019
11614
1832
11543
11651
1950
11582
1975
11498
2008
12040
1956
11855
11938
11428
11785
11849
1904
2049
11993
1994
11402
12071
11751
11817
11934
2007
11617
11773
11861
11864
11868
11833
11658
11545
1992
11685
11548
11593
11745
11884
11589
11969
12072
12415
12607
2348
12619
12154
2211
12215
12717
2233
2306
12591
12798
12747
2206
12510
12788
12774
2300
2106
12346
2302
2371
12363
12101
2231
12702
12350
12580
12594
2271
12530
2166
2168
2157
12575
12669
12380
12577
12525
12632
2291
2273
12383
12208
12734
2384
12559
12432
12709
12243
2268
2129
12600
12470
12329
12220
12467
12491
12194
2146
2167
12348
12504
12331
12262
12574
12150
2257
2279
12556
12558
2217
12390
12736
12168
2295
12459
2312
2330
12766
12488
12402
2264
12472
12125
2161
12320
12679
2237
12639
2317
12360
12740
12142
2336
12152
12675
12741
12246
12451
2156
2243
12738
12660
12174
12644
12221
12455
12291
12635
12542
12238
12569
2366
2144
12228
2149
12447
12178
12258
2282
12361
2134
12554
12601
2315
2379
12357
12424
12170
12245
12313
12759
12769
2136
12526
2311
2303
12646
2374
12520
12681
2103
12612
12671
12621
12666
2387
12133
12787
12191
12419
12453
12519
12131
12641
12623
12696
12445
2225
12179
12476
12480
12501
2220
12118
12743
12737
12429
12207
12339
2185
12188
2226
12446
12352
12272
2239
12126
12165
2365
12592
12506
12537
2145
2354
12545
12120
2230
12528
12551
12362
12287
12634
12416
12725
12368
12267
12797
2180
2122
2111
12756
12532
12300
2124
12657
12655
12699
2186
12399
2355
12758
2109
12772
12661
12297
12116
2316
12609
2133
12157
2235
12252
12171
12122
12648
12314
2322
12610
12478
2143
12493
12587
2364
12633
12521
2276
2207
2228
2203
12689
2318
2155
12760
12255
2252
12627
12686
2395
12248
12538
12401
12377
12422
2278
2196
12426
12778
12781
12335
2188
2343
12712
12386
12200
12121
12711
12448
12539
2339
12130
12385
12697
12211
2192
12358
12668
12552
12776
12582
12414
12599
12295
2262
12398
12753
12288
12745
12677
2274
2332
12409
12729
12213
12586
2290
2320
2360
2200
12884
13442
13147
13429
12890
13312
13401
13451
12912
12906
12843
12895
13449
12821
12842
13331
12972
13072
12809
12953
13224
12814
13332
12927
13178
13128
13296
13151
13243
13037
2473
13002
13381
2568
2438
12915
13126
2625
13068
13352
12939
12991
13375
13292
2581
2590
13304
2589
12940
13365
12974
12947
12882
2613
13302
2418
2541
13338
13388
12819
12921
13474
12810
2641
13301
13368
2470
13319
13105
2424
13070
13490
12870
12918
2427
13063
12834
12847
13350
2600
13137
2437
13393
13355
12855
2453
12903
12872
2422
2659
2484
2656
13048
13190
12907
12850
12901
13179
12894
2460
2561
13136
13166
12977
2491
13101
13289
12835
12867
12992
13091
13398
2474
2435
2554
2660
2623
13321
2431
13028
12844
13062
2690
2452
13173
13483
2463
13154
12923
2446
2524
13042
2447
13139
2442
2531
13030
13086
13113
13017
13294
13263
13341
2617
13041
13033
13225
12964
2516
13132
2439
13201
2553
13385
2580
2544
2633
13344
13083
13087
2671
2411
2459
12852
13023
2572
12837
13356
2592
12820
13256
12961
12932
12878
13411
2426
13245
12943
13395
13204
2685
2512
2402
13084
13207
12864
2545
12897
13067
12859
13284
2664
13157
12896
13347
13176
2550
13410
13380
13491
13472
13457
13308
2489
2649
2597
13229
13266
2492
2458
13261
13362
12990
2571
12999
2451
2464
12863
2579
13094
12831
2654
2638
12910
12942
13268
13458
13011
13306
2684
2634
13129
13324
12899
13267
13164
13036
13403
13346
2469
12805
13167
13031
2669
13305
13494
13334
12933
13135
13471
2699
12916
12813
2582
13189
12848
13088
12865
13399
13138
13394
2560
13186
13447
13414
2487
12922
13465
13448
13061
12963
12881
2566
13045
2608
13065
13058
2515
12816
2532
13282
12908
13192
13098
12841
13103
13075
2505
12854
2449
13134
2479
13309
12989
13220
13013
12944
12889
13110
13336
14051
2817
14013
14077
13780
2774
13525
2810
13743
2706
2926
13550
13796
13562
2994
2863
2710
13675
13659
13797
14070
2982
13517
14139
13566
13927
14119
13635
14137
13763
13604
2977
2915
2700
14153
2765
13700
13734
2908
13783
13679
14164
13650
2901
2854
2905
13845
2778
13611
2831
13725
2714
2724
2764
13667
2853
13836
13504
13626
13848
2907
2946
13859
14165
14122
2945
2749
13942
13841
13599
2885
13875
14080
14092
13733
13720
14060
14148
13839
13792
13919
14152
13645
13901
13592
14188
14173
13749
13526
14021
14019
13527
13701
13750
13945
13631
2818
2803
2979
13674
13784
14197
13833
2772
13854
14072
14089
14088
13677
14159
14110
14076
2865
13909
13953
13681
2859
13916
13884
2733
2916
2877
13936
13818
13544
13713
13600
2805
14178
2910
2957
2864
2751
2904
13906
13914
13702
2996
13902
13543
13519
2842
14032
13900
2857
2792
14103
13937
14011
13511
2838
2762
2988
2911
2728
2862
13590
13534
2785
13598
2786
2744
2797
2943
2846
14199
14112
13591
14131
13704
13568
13715
2940
13692
13801
14144
2876
14030
13922
13921
14047
13510
13813
14120
13531
13580
13636
13634
14169
13716
2793
13890
13981
13603
14186
2891
14160
2893
13579
13512
13979
13597
13727
13721
14062
2777
14151
13516
13565
14061
2976
13838
13602
13695
13799
13506
14049
13983
13992
13807
13964
14185
2925
2964
13776
14140
2708
14123
2991
14183
14142
2806
13683
2884
2942
13781
13866
13532
14170
13669
13560
2703
2727
2705
2968
13586
2897
13934
13596
2960
2970
2868
13693
2962
14028
2912
13852
13513
13912
13553
13524
13878
13917
13892
13790
2745
13993
13673
14136
13787
14018
13678
14163
2949
13879
2883
13726
13710
13826
13706
14058
14054
13877
2939
13939
13827
13555
2974
14143
13943
14038
13641
13551
13573
13980
13731
13508
13954
13762
2984
14596
14713
3114
14330
14402
14692
3190
14616
3246
14840
3213
14433
3229
3101
3099
3024
3046
3022
14685
14729
14709
14611
14322
14565
14724
3163
3198
14719
14305
14864
14711
3047
14328
14627
3124
14381
14577
3128
14307
3297
3230
14592
3078
3206
3295
14316
3103
3189
14716
14462
3161
14237
14621
3227
14443
3038
14346
14249
14684
14831
14860
14841
3142
14219
3065
14630
14836
14718
3086
14783
3160
14383
14628
14740
14347
14495
14620
14762
3150
3147
14775
3191
14722
3201
14309
14736
14699
14332
14686
3242
14647
14319
14748
14487
14218
14680
14521
14536
14524
14714
14756
14255
3090
14296
3258
14538
3289
14416
3158
3298
3069
3273
14788
14418
14659
3057
14784
14455
14431
3248
3281
3286
14557
14204
14364
3270
14842
14474
14579
14892
14413
14530
3292
14792
14750
14612
14253
14398
14858
3290
14636
14367
14432
14283
14774
14229
14879
14888
3166
14690
14770
14678
3216
14865
3172
14430
3036
14614
14532
14854
3272
14348
3123
14428
14209
14609
3119
3287
14365
14574
14812
14385
3226
14706
14452
14412
14449
3162
14771
14723
3237
14394
14866
14872
14726
14552
14202
3118
14671
14323
14387
14390
14442
3225
14672
14824
14624
3068
14362
14811
14481
3145
14643
3125
3014
3168
14527
14496
3132
14206
14419
3105
14464
3002
14436
14832
14256
14853
3053
14646
14638
14363
3200
14897
14366
3277
14444
14650
14509
14262
3054
14222
14790
14554
14313
3239
14223
14570
3148
14289
14875
3133
14631
14334
3064
14610
14303
14391
14766
14801
14245
3245
14804
14895
3188
14429
14468
14829
14721
14228
3255
14502
14519
14380
14377
14257
14299
14275
14648
3026
14814
14802
14274
3156
3202
14773
3279
3274
14562
14241
14899
14476
14695
14757
14484
3072
14488
14815
14200
3030
14572
3175
14598
3013
14242
14817
3257
14426
14691
3087
3312
15055
3360
15586
14987
3437
14935
3569
15561
15130
15366
15451
3448
3522
3564
15422
15248
15468
15364
15460
15380
3594
14978
15283
15119
14917
3416
14921
3412
14963
3327
15592
3388
15075
3364
14956
15548
3478
15294
15493
14930
3438
15532
15310
15389
15271
14990
15497
15308
3316
3568
15325
3473
14943
15100
3544
15411
15341
3501
15182
3443
3502
3435
3510
15441
15544
15160
15086
15291
3527
3411
15148
3436
3487
3428
14958
3323
15034
3486
3381
15453
3499
15110
15582
3475
3548
14982
3356
15068
14903
3523
15228
3371
15092
15315
15482
3573
3303
15554
15041
15367
3494
15249
15549
3434
3452
15540
14965
15024
15222
3430
15591
3449
15095
3308
15169
15133
3402
15211
15224
3471
15125
15519
3324
3532
15443
3341
15051
15362
15229
3460
3508
3397
15492
15208
15333
15170
15198
14974
15407
3345
15028
15322
3562
15309
15545
15397
15207
15085
15290
3311
15567
3504
15239
15478
15240
3545
3333
15436
15353
3373
3541
3561
14949
15471
3415
15556
15483
14955
15220
15246
3344
15065
3413
3433
15335
15329
3340
15442
15009
15104
3363
15046
3588
3396
15109
3382
3563
15194
3495
15511
15168
15003
14922
3595
15434
3519
15305
3570
15376
15369
3370
3339
15488
3592
15231
3387
15043
3393
15245
15021
3470
3347
14992
3583
3418
15583
3450
15413
15014
15516
15206
15377
15503
3591
3338
14973
3310
15060
15350
15140
15031
15339
15360
15565
15136
15577
3366
15059
15261
15302
15268
15027
15056
15303
3476
3575
15359
3313
3307
3512
15575
15147
14967
15154
15001
15179
15180
15574
3472
3408
15317
3429
15536
15269
3479
3477
15475
15106
15185
3565
15247
15284
3542
15334
15102
15479
14947
15410
3598
3314
3374
3326
15234
3342
15241
15023
3446
15384
14913
15454
3483
15225
3524
3305
3372
14960
3300
15258
14902
16031
16070
15644
16209
16037
3670
16254
15784
3686
3721
15792
15670
16183
16256
3878
15856
16012
15609
15705
3612
16022
15802
15759
15986
16261
16141
16243
16072
15959
3601
16219
3799
16220
15684
3858
15724
15669
16168
16197
16062
16044
3809
3833
3655
15938
3810
16150
15771
3663
15772
16181
3642
15839
15774
3884
16291
15614
16189
16140
3632
16025
15842
16130
16208
3886
3620
16109
15706
3638
15755
16253
15919
16229
15828
16087
15873
3828
15819
15837
15830
3702
3692
3782
16084
16050
15654
16000
3723
15643
3781
15812
15889
3806
3741
16138
15965
16238
15739
15829
15911
16176
15984
3600
15612
3635
16175
15824
3811
3619
15874
3837
16195
3804
15905
15869
16224
3732
15859
16292
15728
16201
3748
3847
3742
15607
3722
15928
16178
3758
15798
3877
16055
15913
3812
3625
3675
16040
15921
15699
3687
15781
16290
16213
3697
3851
15722
3654
15745
16032
3627
15807
16236
3699
15883
3835
15791
15768
15899
15862
3857
3651
3793
3607
15757
3871
3814
16275
3864
15613
3845
15947
15741
15758
3674
15963
15825
16118
16014
15949
15997
16035
15795
15778
3661
16228
16245
3805
3769
3669
16194
15958
16274
15653
3641
3803
16089
3865
3647
3745
15971
3662
15715
15955
15835
15848
15611
15985
16233
3751
15751
15674
16149
16077
16112
16002
3807
3634
15876
15680
3778
3775
3763
3710
15711
3621
3650
3889
3850
15826
16018
16024
16273
16260
16120
15649
15966
16154
3616
15689
16158
3774
16075
16007
16098
16222
15850
15823
3736
16058
16086
15882
15849
3898
15658
16234
16246
15991
3854
16142
15857
15762
15665
3869
15920
15775
15625
15864
16076
15783
3659
15629
16059
15688
3876
3765
16124
15816
3816
15712
16052
15945
15900
16013
15893
15646
16054
16180
16248
3639
3709
15606
16255
3890
3725
15867
15679
3789
15875
15676
3666
16763
16810
16556
16547
16413
3949
4063
16541
16562
3962
16503
16519
16845
16453
16350
16474
16368
4144
16431
16312
16675
16314
16422
16703
16532
16617
16898
4124
3942
4087
16712
16872
16936
16526
16590
16708
3913
16662
16911
16479
16905
16602
3977
16900
16993
16866
16775
16598
16326
16991
3988
16738
16302
16406
3984
16850
16578
16686
16889
16544
16511
16783
16344
16791
16563
16470
16695
16428
16585
16614
3907
16570
4104
16484
16435
4194
16306
16922
4146
16841
4034
4082
16794
16725
16951
3908
4032
4095
3960
16397
16865
16899
16946
16755
4051
16943
16790
4078
16974
16833
4043
16640
4196
16615
16736
16304
16908
16657
16456
3910
16656
16571
16968
16399
16629
16377
16942
3940
4076
3975
16480
4033
16444
3925
4035
3954
16962
4105
16609
16973
16727
16798
16366
16792
16796
16351
4112
16926
16907
16774
16667
16886
16649
3946
3936
3982
16890
16906
16633
16622
4186
16409
4120
16477
16595
16851
16315
16953
16679
4001
16892
16694
4079
4004
16914
3955
4187
16497
16663
3979
16878
16904
4132
16588
16634
16581
16390
3994
4060
3934
16819
16696
16782
16992
3993
16330
16398
16776
16718
16826
16332
16393
16331
4012
16745
3931
16440
16671
16450
4193
16403
4041
16624
4131
16988
4088
4188
16969
16669
16576
3915
16460
3948
16941
16539
16651
16613
3950
4136
16804
4148
16939
16644
16729
3937
16938
16879
16754
4038
4163
16300
16680
16616
16371
16433
16873
16784
16341
4039
16887
4125
16324
4080
16385
16418
3914
16809
16705
16565
16343
16632
16832
16978
16538
3989
16426
4150
16981
16471
4062
4010
3926
16822
16594
16642
4040
3902
16995
16950
4025
16960
16862
16948
16678
16731
16528
3952
16768
16517
16359
4075
16838
16717
16525
16327
16328
16692
3905
16408
16495
4045
16485
16661
16849
4181
16579
4008
3983
16781
16611
4374
4431
4270
17236
4495
4357
17669
17264
17158
17296
4342
17140
17680
17512
17673
4429
17091
17145
4407
4318
17682
17679
4409
17189
17602
17037
17224
17433
17019
4389
17363
17105
17094
17225
17678
17242
17694
17162
17665
4471
17135
4275
17477
17002
17428
17142
17206
17227
17070
4254
17441
17138
17080
4256
17253
17373
4419
4322
4212
4243
17092
17305
17212
17642
17660
17595
4388
17559
17201
4386
17131
17034
17446
17565
17444
17549
17234
17698
17027
17079
17011
4262
17198
4488
17221
17249
17440
4301
17610
4349
17289
4331
4444
17127
17345
4451
17178
17403
17398
4384
17659
4356
17490
4484
4443
17340
4457
17528
17151
4319
17674
17434
17351
17396
4249
17133
17228
17640
17137
17040
17552
17420
17323
17213
4482
4398
4323
17431
17272
4281
17355
17564
17597
4381
17548
4455
4276
4213
17647
17125
17506
17154
17478
4481
17001
17084
17621
17667
17374
4216
4473
4334
17016
4438
17258
17290
4305
17369
4308
17380
17257
17384
17392
17109
4206
17628
17184
17075
17261
17557
17364
17453
17298
17353
17086
17550
4260
17120
17535
17633
4251
17654
17425
4378
4269
17377
4208
4493
17344
4232
4211
4456
4371
17606
4257
17103
17077
17513
17616
4282
17260
17415
17147
17156
4423
17461
17130
17232
17317
17494
17451
4368
17381
17241
17534
4462
17069
17591
17063
17112
17214
17259
4347
17330
17497
4446
17388
17203
17187
17134
17617
4422
4421
17282
17514
17566
17474
17076
17699
4367
17609
17603
17026
17269
4234
17675
17657
17292
4450
17671
4247
17307
4250
17139
17230
17012
4487
4361
4215
17267
4335
4417
4268
17028
4289
17653
17515
17029
17310
17464
17543
17039
17060
4226
17256
4426
17173
4383
17118
4372
4248
17471
4382
4244
4238
17311
17143
17006
17631
4453
17306
17661
4303
17645
17265
17622
17088
17681
4267
17655
4627
17959
4601
4636
17979
17924
17829
17946
17932
17706
18049
18356
18138
4549
17847
17856
4658
18265
18212
17938
4652
17851
18115
18104
17716
17895
17708
4591
18009
18398
18016
17874
18352
17728
4581
4503
4547
4745
4752
4785
4560
18277
17986
17837
4638
4753
4543
4653
17917
17711
18222
17805
4606
18331
4711
18255
4602
4647
4778
18311
18011
17768
18062
4717
18289
18310
4671
18382
4582
18165
4530
18084
18015
17894
4755
18066
18245
18034
4661
18200
17886
4731
18315
18191
4642
18216
4651
4524
18188
18085
17996
17793
17936
4762
18106
18355
18399
18249
17958
18141
4749
18051
4787
17919
18024
17963
18187
17843
17826
18175
18096
17723
18251
4518
4767
4537
17885
4677
17983
4532
4790
4509
4696
17797
17975
4754
4799
18203
18380
18299
18207
18017
4628
4743
18202
18336
18209
18129
4641
17907
18271
18316
17876
18342
17880
17784
18389
17808
17755
17865
17957
17761
4596
4772
18162
18273
17921
4648
18360
18136
17820
18118
4554
4769
4559
18146
17954
4660
4526
18132
18332
4774
4544
17794
17965
18044
17734
18367
17925
4605
17763
18135
17901
18156
4701
4682
17870
4794
18045
18164
4597
18211
18349
18282
4564
4629
18098
4529
17875
18386
17739
4525
17828
18001
4740
17980
17782
17748
18284
4704
18257
18326
17712
18199
17909
4737
17743
4512
17770
17842
18384
18243
4553
4548
4792
17802
18081
4751
17778
4719
4705
17813
17839
17789
18073
4646
18108
17941
4712
4776
18026
18006
18290
17882
18140
4565
4694
18213
18019
17918
17953
4777
18319
18357
18375
17893
18177
18369
17911
4666
17819
4556
18229
17867
18007
4741
17904
18194
4510
17877
18195
18253
18042
17906
4542
18287
17701
17955
4775
18152
4621
4600
18074
4633
17742
18058
18057
4675
4738
4631
17735
17939
18033
18078
4578
18099
18334
18053
17914
18318
18491
4849
18904
18842
18500
18856
18664
18523
5002
5054
19050
4889
18741
18758
4899
18565
18804
18770
18986
19014
18944
18627
18528
18466
18722
18902
5090
18548
19012
18929
5005
18686
19033
18996
18701
19051
18660
18412
18576
4823
18867
4924
4832
18663
18566
18732
18598
18974
18851
18829
5036
18903
18864
18559
18555
18961
4871
18893
18599
18563
4959
18526
18406
19043
18608
18943
18444
4831
4869
18473
4891
18784
18497
4873
18604
18774
18827
18458
18456
18844
4830
18481
18515
18440
18778
5086
18767
4944
18813
18462
5050
18429
5004
4962
18681
19044
4914
5022
18585
18628
19032
18927
19039
18832
4998
18539
18682
4901
18554
18884
5030
4886
5027
4887
18802
18568
18951
19065
5092
18849
18734
18874
18507
4907
5037
18957
18753
18451
18953
5042
5062
5059
18765
18859
4806
18922
18590
18545
18928
19024
18752
4913
19037
18826
18524
18972
18769
18729
5088
18736
4953
18635
5053
18569
4955
4860
5023
18938
18595
4929
4829
19041
18537
18488
18542
18690
18441
18999
4982
4859
18984
18970
4870
18619
19047
5018
4804
4841
18836
4956
5094
18983
18800
19089
18597
4918
18809
18432
18806
4805
18457
18589
18467
19090
18611
18719
18934
19008
18460
18591
18645
18785
18775
18700
18819
18897
18657
18596
18603
4867
18517
5044
4989
18768
19013
18735
4934
4893
18749
18417
4908
18898
4930
18533
18807
18858
18605
19034
18640
18822
18637
18418
5000
19017
5020
18490
4950
18561
19057
18593
18940
18817
18936
4847
4853
4842
18688
4865
18791
5089
18995
18815
18612
5014
19040
18474
18978
5001
18882
18823
18692
18696
4801
5097
18525
18623
4952
18478
18706
19006
18746
4993
18485
18556
4821
19046
18622
5024
18676
18761
18475
18679
4981
5010
18470
18492
18783
18956
5069
4997
18587
18503
4947
18739
18570
18792
18949
19094
18636
18712
19611
5304
19515
5247
19205
19687
19274
5131
5268
19285
5280
5248
5173
5278
19180
19535
19505
19778
19743
19127
5303
19555
5128
19273
5109
19178
19525
5320
19516
19126
19372
19191
19784
19753
5327
5340
5169
19415
19360
19643
19723
19791
19534
19326
19452
19188
19586
19627
19256
19333
19383
19780
19533
19688
5312
19135
19248
5339
19428
19314
5121
5237
19111
19359
5354
19427
19457
19678
19579
19399
19168
5336
5277
5255
19648
5147
5290
19291
19389
19421
5345
19488
5140
19734
19473
19622
19145
19487
19345
5183
19364
19324
19531
5293
5198
5387
19430
19617
5177
19293
5196
5351
19411
19460
19726
5118
5376
19501
19521
5333
19379
19567
19571
19462
19103
5195
19433
5230
19708
19381
19202
19509
19668
19117
19265
19539
19472
5363
19350
5102
19788
5390
19365
19110
5146
19585
19560
19543
5323
5298
19795
19733
19341
19606
19250
19434
5346
19404
19608
5132
19513
19246
19486
19151
19782
19685
19674
5165
5234
19190
5260
19358
19526
5367
5194
5112
19578
19768
19512
19166
5231
5114
19207
19763
19641
19346
5399
19596
5365
19538
19602
19193
19565
19211
19715
19297
5292
19249
5154
19384
19597
19155
5291
19700
19469
19523
5348
19588
19746
19758
5330
19303
19289
5306
19196
5395
19262
19286
19175
19631
19156
19283
19709
19397
5244
19494
5275
19548
5331
19290
19616
5232
19604
19140
5384
5273
19724
5296
19240
5392
5319
19223
5371
19507
5160
19192
19138
5360
19666
19417
19185
19237
5266
19605
5191
5338
5238
19573
19116
5135
19271
19186
19620
5179
19200
5308
19451
19492
19654
5252
19541
19169
19458
19104
5119
19714
19174
19255
19310
19590
5357
19574
19269
5316
19681
19503
19775
19744
19208
5258
5397
19371
19642
5136
19785
5211
5149
5314
19684
5214
19369
19693
19647
5153
19148
19143
19551
5374
5261
5207
20331
19868
19862
20149
20200
5413
5670
20015
5441
5561
20118
20364
20428
5492
19860
5652
20055
20443
5505
19977
19831
5429
5687
20281
5449
20455
20497
5477
5587
20077
20423
5566
5682
20095
19855
20136
20008
20029
20314
19817
5549
5499
19914
20260
20034
20234
20212
20329
20486
20394
20387
5403
20292
5593
19958
20115
5622
19979
20064
5460
20107
19911
19885
5601
20340
20158
20048
20125
5633
20032
5468
20078
5509
20243
20074
19902
20134
20273
20302
20446
5571
5685
19998
20049
19951
5663
20037
5523
20010
19956
5514
5418
5405
20493
19828
19850
20229
5688
19824
20196
20045
5436
20293
19895
20224
20412
5407
5541
19892
20062
20367
5553
19908
5513
5683
5643
20380
20477
20143
20263
20269
5494
20131
20347
19808
5642
20238
19863
5538
19857
19923
5666
20104
20327
5474
20266
19826
5562
20083
20368
5551
5404
19834
5546
5484
5422
20267
5457
5574
5602
5483
20417
5490
20377
5517
20120
20332
20454
20441
20167
19964
19965
20236
19830
20337
20123
5623
20102
20028
5529
5651
5618
19854
20222
19986
19816
20221
20031
5444
19954
20213
5591
5625
20373
20297
19823
5612
19981
20204
20491
5434
19992
19924
20241
20253
20475
5580
5471
19915
20121
19910
5678
5695
20232
5500
20352
19805
5455
19812
20357
5415
5632
20426
20345
20168
19811
20040
20283
20151
5607
19929
19974
19858
5498
5563
20452
20344
5456
20027
20460
20035
20479
20215
5634
20328
5425
5653
20169
5585
5596
20178
5451
5533
20019
19820
20490
5475
20138
19962
20379
20245
20012
20050
20322
5530
20145
5644
5535
20170
5648
20308
20324
19920
20397
19935
20025
5478
20495
5438
19905
20081
20135
5497
20210
20371
20254
20208
19975
5559
20059
20002
19815
5526
5504
20097
20185
20108
20173
5515
5536
20415
5640
19943
5672
19874
20186
20098
5610
5692
5557
20966
5893
5809
21173
5928
20505
21090
20929
20936
21194
20501
20747
20787
20915
20718
5981
20745
21011
20731
21142
21122
20810
20599
5733
20780
21023
20677
21062
20532
21110
5771
21026
5841
20575
20908
5862
5815
20732
5767
21024
20989
20701
5728
20911
20524
5933
5960
20728
20786
21078
5982
5834
21172
5714
5790
20981
5778
20795
20587
20648
20516
5980
21065
20912
20848
21083
5936
20938
5787
5876
20822
20869
20759
20894
5814
21057
5888
20900
20685
20781
5802
21183
20862
20523
20720
20949
21022
5804
5829
20707
5751
21105
20594
21116
21064
20982
5890
5710
5716
20834
20536
5897
20907
21133
5939
5964
21086
20625
5793
21095
21091
21184
20851
20543
20715
5849
21068
5999
20983
20913
5744
20756
5816
20798
5953
20576
20639
20558
20867
20635
20765
5946
20658
20975
20518
5766
20680
5911
5712
21053
20801
5726
21004
20790
21021
5967
21003
5915
20746
20775
5782
21139
20606
20511
20652
20530
5735
20582
21168
20730
20925
20504
5780
21069
5950
5832
20770
20969
20615
5700
21120
20994
20821
20823
20857
20811
21034
21151
20568
21100
21042
21000
21130
20890
20856
20623
21052
5724
20916
21121
20785
20825
5779
20963
20692
20905
21089
20696
20507
20953
21076
21107
20871
5932
20674
20678
21145
5988
20683
20878
20592
5763
5889
20698
5965
20977
5796
5913
20892
21019
20802
21162
21167
20580
21012
20973
5794
20509
20549
20766
21099
20589
20712
21075
21149
5966
20512
5952
5808
20672
20832
20596
5858
20697
21150
20816
21166
20961
20526
20545
20578
21161
20670
21148
20539
20852
20626
20896
21043
20733
5947
5905
20959
20886
20985
21050
20783
5941
5969
20706
5977
5881
20855
5971
21055
20932
20645
21140
5769
21077
21084
20839
5868
21153
20734
20686
21045
20541
5917
21185
20691
20778
20835
21067
20978
5805
5828
21135
20726
5910
6110
21395
21338
21780
21653
6185
6145
6183
21444
21477
21644
21537
6065
6190
21615
6280
21751
21578
21863
21588
21699
21805
6242
21752
21652
21270
21637
21306
21790
21250
21698
6221
6176
21713
21747
21318
6089
21426
21765
6262
6240
21263
21769
21821
21719
21413
21505
6298
21761
6063
21496
21580
21591
21214
21499
21890
6014
21534
21246
21633
6217
6174
21565
6103
21327
6060
21224
6062
6228
21642
21407
6259
6064
6180
6077
21649
21609
21328
21802
6194
6055
6013
6022
21664
6238
6067
21745
21853
21486
21518
21367
21240
21293
21473
21879
21564
6244
6131
21448
21345
21480
21620
6076
21657
21362
6199
6177
21824
6120
21449
21702
6165
21331
21272
21305
6016
21869
6284
6073
6087
21303
6254
21556
6018
21440
21567
6178
6012
6218
21738
21630
21247
6095
21398
21597
21322
21336
6114
21549
21269
21808
21417
6010
21758
21687
6207
21523
6226
21560
21818
21682
21849
21896
21806
21266
21541
21497
21446
6282
21857
6075
21452
6101
21428
21337
21378
21617
6200
21241
21522
21680
6050
21348
21233
21864
21352
21215
6188
6273
21629
21510
21717
21377
6028
21570
21673
21271
6201
21708
21887
21831
21733
21786
21342
21791
21756
6009
21674
21403
21729
21365
21334
21411
21521
21705
21740
21613
21453
21476
21228
21762
21685
21789
21712
21868
21772
21408
21401
21593
21239
6290
21381
21506
6193
21744
6078
21542
21632
21678
21425
21490
21388
21585
21775
6108
21454
21277
21462
21441
21586
6021
6049
21872
6149
6275
6245
6276
21412
21566
21430
21873
21643
21368
21704
6058
21504
21438
21267
6223
21710
21548
21290
21764
21208
21827
6137
21309
6264
21749
21646
21731
6100
6172
6265
21737
6129
21420
6159
6079
21384
21584
6187
21245
6003
21828
21361
21876
21595
6070
21332
6266
21517
21213
21741
21392
21207
21308
21262
6045
21695
6396
22292
22131
22149
22224
21993
22582
22181
21950
22030
22185
22135
22024
22227
22564
21973
6569
6461
22229
22441
6553
22096
22089
22247
22395
22302
22275
6452
22363
6431
6485
22000
22057
22458
21938
22013
22051
6380
6361
22559
22480
22483
6385
22300
22404
22216
21951
22155
6516
6549
22059
22103
6590
22396
22158
22209
22156
6359
21944
22234
22511
6363
6578
22040
22095
22203
6503
6591
22541
22061
22347
22491
6545
22126
22329
22038
22175
22298
6482
22571
22085
6522
22436
22420
6589
22470
6320
6356
6587
22296
22035
6370
6500
22429
22301
22337
22070
22588
6456
21907
22116
22472
6435
22122
22350
22398
22029
22295
22390
22563
6488
22063
6432
22537
21952
6585
6415
22447
22338
6397
21912
22468
22269
22498
6473
6360
22489
22355
22597
22078
6390
21942
22370
22253
22293
22007
22025
22490
22133
22248
22045
22554
22344
22596
22540
22161
22121
21921
21911
22016
22533
22353
22408
22152
6540
6514
22168
22170
22081
22545
6335
22231
6528
6350
22421
6424
6463
6423
22244
22004
22195
22591
6582
22282
22148
6333
6460
22273
6465
22164
22215
21988
6328
22088
22079
21978
21954
22190
22073
22462
6565
22411
22232
6466
22179
6519
22431
6554
22080
22527
22531
22245
21914
22424
6437
21919
22187
6511
6305
6489
6436
22180
22412
6502
22072
22267
6416
22558
22333
22197
6349
22487
22188
22308
6596
22428
6373
6399
21946
21957
6477
22326
22091
22369
22062
22106
22518
22514
21971
21923
22226
21968
6413
22283
22366
22364
22186
22569
6334
22568
21937
6325
22304
6394
22010
22442
21976
6365
22280
22389
22192
22539
22199
22576
6375
22405
22574
22084
22392
22128
22115
22316
22233
6527
6447
21927
22219
6593
6570
22525
22557
22309
22438
22286
22493
21998
22099
22279
6439
6414
6493
22593
22336
22225
6429
21948
6470
22517
22321
21935
6607
22944
22929
6710
23196
23026
23215
6762
6659
23094
23021
6804
23028
6760
22867
22672
6789
6704
22840
23163
22996
6649
23045
22627
6813
23049
6782
23197
22924
6890
23107
6705
22617
22776
6689
22896
22821
6812
6775
23116
22758
22808
6602
22685
6785
22626
23288
22951
6784
23060
23287
23105
6872
23296
23242
6643
22995
22841
6744
6725
23208
23055
23240
22775
6692
23077
6615
6669
22912
22756
22971
22644
23131
6622
23119
23110
22766
23278
6652
22801
23245
22837
22890
6672
23172
22919
23223
22719
23206
22755
23054
22933
22893
23126
6895
23141
6700
23130
22999
23261
23129
22778
22875
6847
22691
23161
22899
22601
6792
22814
23158
23030
6617
6823
6637
6708
22736
6769
23224
22622
23106
22743
22733
6660
22645
22880
6894
22869
22784
23025
22689
23298
23154
6839
6765
22938
22815
23133
23219
22772
23235
22843
22828
22632
23187
6736
23059
23282
22700
6638
6721
22638
22913
22895
6694
22618
22988
6662
22625
23057
23118
23155
22829
22746
23074
23166
22967
6601
22661
23036
22851
22990
6877
23267
22827
23023
22684
22725
23182
22608
6603
22731
22860
22894
23229
23113
6819
23258
6827
6806
6815
23138
22952
22948
23067
6699
22693
23194
23078
6604
22724
23168
22902
22605
22992
22853
22794
23217
6633
23073
22748
23200
23069
22697
6727
23246
6857
23076
22683
23038
6690
23034
22966
22915
6831
22699
23248
23139
6841
6836
23075
22844
23284
23011
22823
22703
22670
23257
6626
23189
22696
22977
22884
23001
6724
23188
23085
6620
23285
22950
22806
22981
22865
6868
23202
22656
22979
22609
6896
23018
23169
22660
22811
22872
6862
22669
22846
6761
6619
22953
23250
6891
6707
22704
22760
23292
22958
6639
23204
6840
22957
22620
23111
22633
22870
22969
23072
22886
22812
23148
6865
22832
6631
22767
6745
22824
6871
23262
6645
22639
23492
23377
23375
6934
23338
7056
23818
23460
23828
7037
23593
6953
23642
23879
7097
23885
23863
6942
23980
7013
6993
7016
6915
6902
23359
23432
7109
23861
23435
23606
7155
7102
23756
6931
6937
6972
23301
23711
23824
6927
23867
7059
23712
23420
23303
7195
7118
7070
7186
23871
23790
23998
23896
23893
6907
23901
7189
23607
23481
23612
7199
7108
7133
23990
7052
7188
23677
23452
23610
23526
23762
23573
7076
23840
23598
23590
23329
23563
23852
23730
6947
23943
23696
23808
23580
23496
6988
23940
23326
23876
6903
7177
23354
23312
23622
23869
23902
23657
23597
23944
23746
23533
23996
23315
23638
23934
23319
7080
23905
23491
7004
23547
23748
23999
23390
23465
7007
23718
23581
23912
6944
23331
6967
23308
7009
23683
6923
23739
7088
23321
23342
23503
23340
23669
7169
7139
23900
6932
23625
23771
23385
23991
7082
6985
23336
23779
23417
6910
7112
7107
7002
23528
23736
7104
23494
23883
6938
23463
6955
23469
23347
23925
23510
23395
23759
23819
23515
23370
7145
23700
23785
23987
6921
7019
7129
23591
23567
23899
23969
23680
23981
23553
23516
6999
7071
7029
23806
7141
7119
7026
23398
7021
23927
23767
23801
23676
23538
7005
23423
7022
23745
7083
7092
7178
23769
23918
23722
23810
23374
23702
23518
7044
23490
23546
6974
23592
23556
23898
23578
23344
23316
23866
23967
23807
23974
23571
7124
23419
23392
23429
23793
23822
23430
23379
7065
23407
23333
23802
7086
23323
23803
23752
23361
23917
23382
7031
23448
7103
23431
23935
6929
23422
23710
23947
7069
23891
7116
6998
7094
23595
23655
7114
23853
23985
23488
6989
23464
23963
23727
23461
23506
7198
6978
7193
6916
23732
23345
23691
7184
23453
7157
23850
23658
23456
7153
23548
23535
23468
23647
23408
7110
23997
23743
7096
23433
23393
23970
7175
7191
23555
