7419
7737
208
7425
7878
7483
7408
158
7489
201
280
167
7874
95
236
203
7690
7328
7898
7281
7605
7310
7584
211
7485
7834
7805
7783
7744
7229
7498
151
93
263
7711
7301
7294
7262
7436
7278
7613
7400
188
7801
7743
7520
7664
7416
7543
7376
7515
195
135
7200
138
7676
7643
147
7655
152
7742
7692
7311
7319
145
7529
248
7603
197
174
7856
141
7343
7729
226
7201
7420
7215
29
184
7880
7257
7720
7244
7859
7557
7552
7536
7474
7527
7263
7476
65
107
7600
7808
7714
153
260
7832
250
7391
210
7774
7868
7320
7567
24
7379
293
112
122
7551
7213
131
7426
7234
63
166
7715
7561
7560
7684
7285
264
7279
139
7535
53
92
7486
7607
117
7468
7826
7767
7700
86
7727
7844
83
7406
7636
7264
7732
7645
7568
7431
7497
100
7241
7562
7738
7457
7417
7620
21
213
207
7512
7375
204
7549
7318
38
273
7838
154
7861
19
7755
238
7765
275
99
7397
7702
7788
76
7563
7625
118
7851
7463
7554
7575
7428
7309
7828
7514
7268
7207
7733
25
7438
7547
7381
134
7266
7779
228
45
7273
7713
7348
7726
7526
7815
146
7243
7891
7628
7341
7219
178
7321
7503
74
7748
3
196
7895
7245
59
215
22
26
253
157
7716
7555
7747
7629
7315
7633
7649
7855
7377
7819
7883
7634
7719
7304
7760
268
7589
7879
161
7835
7402
271
96
79
143
7361
270
7741
1
7669
7250
7604
7306
7447
7334
50
7735
7296
7292
7687
7673
7287
7864
234
7290
7681
7455
7358
7663
7839
7445
7335
127
66
7308
251
7577
94
7299
7393
7370
227
7336
292
7412
284
91
114
7848
229
7806
324
506
8124
476
8355
7906
7933
7907
8267
8199
472
560
544
8422
7980
451
7985
8416
7965
8494
478
8534
8447
7983
578
527
7950
8500
8563
7973
8101
8111
8193
542
8078
8189
8408
8257
8578
8421
571
464
8146
8543
8512
433
467
8327
8561
8064
474
8082
8335
8487
359
8404
8377
8406
8185
593
443
574
8310
8081
8137
8306
8077
8584
8020
8264
481
8210
8166
8322
8361
346
8002
8536
8060
8473
8108
8035
8329
8139
317
8486
8495
8318
344
8050
8336
8054
7943
8080
7936
8403
318
8413
8456
8181
482
8163
7902
8178
8465
8458
8282
435
586
8332
372
387
8104
8521
8025
8175
378
8375
7991
398
8517
8325
8423
8573
8565
8179
8144
8015
8158
8450
8522
8098
8529
8079
7915
315
7914
497
8586
8070
8290
8200
7917
8504
8038
8353
8127
8238
8476
8545
375
8532
8040
8130
8531
8018
8167
8083
343
449
8277
8302
8395
8518
568
8569
338
353
582
408
8026
8208
8254
395
565
8152
8134
302
8226
325
358
8541
513
403
8048
8459
450
8213
364
8526
8321
493
334
7945
486
8570
8289
8474
441
385
8047
536
8589
8496
8446
559
491
511
8088
8410
7954
495
341
8425
8549
7966
8596
8528
7929
8106
8168
8275
8288
8219
7910
7976
397
8227
7952
8396
8592
319
8554
8551
7928
393
8469
8280
8039
8066
8201
547
8220
432
328
8552
8283
8576
8414
8113
8435
429
8216
8488
452
8147
326
8499
8426
8141
8012
383
7922
8454
8348
8591
8037
8397
8253
8497
7963
519
8384
8174
8519
313
587
8121
500
492
426
8298
7986
8351
8041
360
7969
448
488
589
8535
8059
320
8559
499
8153
7947
8292
312
8514
8993
711
623
646
8803
8812
9253
9264
8870
8637
865
8876
8887
8706
8693
9184
9267
8608
878
9125
8860
9111
9068
620
745
8937
8992
9109
9008
9180
9292
8728
819
9288
8921
8999
873
9278
670
9106
764
8925
714
842
8880
848
9191
8609
9005
610
613
611
8727
8792
630
8979
822
8663
8652
8841
8672
8749
606
8619
791
9204
622
8934
889
8946
687
8778
798
8722
9242
667
605
8842
741
9150
9139
8929
742
752
8815
9238
776
8834
9085
666
9174
8945
9141
9192
715
9025
8733
8864
8832
9044
738
9185
9034
8819
803
9294
730
783
9090
8857
8816
8759
8643
871
8718
692
8928
9016
9116
874
8821
860
880
695
8873
8881
9003
9131
8714
9041
9201
8770
723
8930
8914
8696
8892
8763
9237
8851
626
8791
8616
883
8762
9126
9277
9216
9177
8861
802
8602
8710
8910
8634
8991
8994
9055
722
8840
825
9157
9013
893
766
786
634
8620
9101
8987
9096
9033
787
9265
9118
8818
654
9262
9058
8694
9023
732
9210
8607
8670
663
9059
9004
9258
700
8944
744
8754
743
829
9132
872
8877
8904
8891
8738
844
9291
9199
8636
8644
857
9168
8709
8950
639
898
8646
9014
8664
650
702
8955
9021
8612
9103
8977
9114
8846
8780
9063
607
8935
770
9064
9261
696
8804
8988
649
9269
9299
8701
9061
688
674
665
858
8617
8838
9295
9084
9121
9099
8810
8989
8678
788
641
9053
8976
8675
8970
9153
9205
9074
8653
8948
619
718
614
9122
9112
8671
8604
8789
8890
9207
8807
9048
9083
807
8916
9226
8640
8697
8912
9078
774
658
8942
784
8882
8793
9104
8953
826
8665
8952
625
9029
8764
8862
888
8938
1036
1052
9766
1180
947
9687
9837
9707
9994
944
9814
9973
9522
1155
950
9541
9653
9581
1047
921
9564
993
9882
956
979
9472
1113
9614
9345
9714
1014
1154
9572
1017
952
9698
9352
9433
9968
9773
9507
9397
9588
9413
9621
9611
9399
9944
9657
9471
1109
1088
1184
9957
9691
9375
1102
9605
9732
1080
9740
9730
1074
924
9781
9885
9556
9705
9544
1057
9468
1022
9642
9874
902
1068
9513
9827
9719
9816
9962
1161
9320
9745
913
9711
9616
1136
1005
9808
9717
9516
9922
9960
9525
9337
1119
1023
9594
923
9585
9693
1195
9804
1073
1174
1077
9524
1191
1162
9777
9735
1134
9935
9402
9561
9896
918
9631
9387
9565
1061
9943
989
1046
9416
1019
997
9770
934
1121
9514
9463
9956
9868
9489
1164
9823
9451
9445
9970
9618
9617
9993
1140
1009
1137
1076
1189
9520
988
9695
9515
9302
9996
935
1139
9485
9329
1142
992
1114
1048
1171
1003
9656
980
1177
978
9971
9937
9908
1160
1015
9392
9508
9749
9725
9985
1133
9355
9350
9675
9784
1122
1196
1172
9685
9947
9891
1158
9737
9975
9729
933
9303
9987
9312
9918
9829
9977
946
9639
9640
9359
996
9590
1145
9676
9324
9901
1026
9539
9563
9311
9983
9888
9929
9644
975
9615
9322
1170
908
9894
9857
9538
1186
9744
9641
9609
1031
1083
9426
9668
9491
9536
9635
9736
9602
9779
9589
1173
1151
904
9498
9439
1169
9666
9911
9455
1124
9488
1010
9340
1053
9910
9856
1091
1050
9527
1001
9928
9423
9429
1178
9578
9755
9509
9843
9626
9431
1084
9523
9913
9379
9931
9555
1095
9622
1100
9690
1089
9692
9417
9979
986
9584
1181
9502
9883
9447
9815
1020
910
9604
9678
9694
9932
1182
10430
10251
1340
1313
10623
1320
10137
10168
1311
1366
10402
10677
10593
1348
10250
10515
10667
10569
10522
10335
10653
10375
1430
10277
1476
10096
10400
10507
1331
10151
10448
10396
10377
10036
1457
10242
10164
10425
10578
1263
10031
1289
1449
10244
1254
1412
10414
1493
10344
1484
10547
10464
10650
10564
1224
10519
10595
1291
10612
10326
10158
10642
10397
1494
10194
10308
10238
10390
10005
1344
10070
10313
10178
10023
1337
10438
1385
10333
10455
1208
10415
10050
10161
10392
10399
10465
10112
1482
10108
1453
10539
10121
10378
1409
10331
1214
1495
10393
10049
10656
10407
10655
10231
10054
10661
10009
1252
10533
10636
10084
1497
1258
10291
1296
1278
10594
1436
10234
1345
10611
1389
10081
10418
1207
10171
1212
1475
10147
10444
1439
10129
10289
1487
1374
10132
10615
10441
1267
1312
10298
10648
10635
1329
10226
1353
10520
10387
10297
10217
1473
1418
10267
10078
10417
10235
10270
1228
10052
10034
1233
1477
10230
10469
1290
10182
10243
1292
1399
10089
10549
10494
10240
10534
1204
10273
1373
1426
10046
10044
10011
10657
10029
10359
10354
10356
10080
10341
10222
10300
10319
10690
1275
1370
1431
10321
1491
10602
10048
10517
10336
10362
10658
1499
10345
1298
10114
10503
10596
1390
10500
1421
10544
10445
1237
10055
10117
10311
10204
10020
10265
10558
1206
10154
10019
10614
10196
1361
10364
10526
10200
1261
10162
10600
10566
10282
10568
10384
1321
10412
10561
10419
10303
10686
10482
10130
10062
10405
10249
10140
10443
1273
10532
1458
10268
10450
10257
10281
1272
10144
10471
1270
1422
10497
10126
10026
10554
10033
10698
1375
10459
1249
10422
10664
10585
1357
10676
10094
10565
1268
10391
1416
10560
10119
10617
1250
1226
1451
10619
10641
10116
10256
10175
10681
10136
10039
1213
10184
10106
10436
10480
11018
11290
11029
1546
1531
11297
1607
11243
1599
10838
11264
10928
10734
10978
11242
11119
10853
10847
1523
11301
10739
11156
1789
1559
1754
10932
1647
1520
10989
11322
1792
11321
1688
11081
11176
11136
11262
10951
11386
10986
10889
10952
1666
11071
10791
1703
10876
1777
10890
1551
10954
10904
11044
1572
11237
10805
1636
1723
1621
10912
11051
1744
11060
11268
1561
10726
10896
10737
1618
1745
10946
10984
1620
10877
10826
1696
11187
1568
10714
1612
11220
10880
11234
11099
1500
11093
10796
11399
1677
10821
1532
10712
10845
10794
11289
10827
10875
1567
1701
10817
11145
11382
1530
11315
10968
1590
11252
11286
10856
10882
1595
10934
10756
11319
10823
10850
10929
11175
10903
1613
1619
10804
1708
11310
11086
11150
11152
11147
11308
1563
10738
1687
10790
10941
11037
11142
1548
1562
11238
1510
11369
1730
1591
1515
1742
11033
1659
11280
1783
11208
11117
10753
1519
11210
1746
1781
11098
1584
11174
11342
1653
1693
11281
10956
1748
11094
11311
10865
11108
10769
10812
11384
11270
11168
1656
10846
1702
11390
1662
10740
1610
1589
11191
11387
10841
11380
11087
10907
11089
11256
10761
1682
11049
11069
11063
11032
10976
11031
1649
11028
10863
11110
11079
10721
10728
1503
1603
11000
11120
11005
1716
10809
1749
10902
11115
1793
10801
10781
10802
1517
1760
11113
10913
10923
10967
11057
1632
10725
11130
11200
11155
11370
10789
10831
10772
11100
10730
11092
11013
1738
1506
1797
10707
11199
1573
1502
1710
11225
1669
11287
10922
1611
11284
1740
1753
1505
11283
11090
10969
11334
1507
11341
1765
11344
1724
1541
11025
1658
1508
10706
11235
1685
11372
11173
11374
11153
1756
10970
1684
1533
11050
10945
1569
1766
1529
10851
10958
1617
10917
10843
11112
11227
10939
1735
11247
11133
1582
1609
1691
10748
11815
1880
11928
11541
11938
11762
1943
11849
2085
1839
11644
1916
11712
11814
11682
11749
11738
2095
2055
1994
1951
11456
11518
11560
11956
1873
11767
12044
12008
11519
11921
12088
12045
1828
1937
11698
2017
2079
11744
11525
11751
11754
11823
11718
11617
12061
11990
11831
12014
11781
1952
1881
11553
1925
11858
1917
11450
11725
11789
1891
11828
11878
1840
1970
1869
11745
11473
11730
11592
11544
12049
1998
11573
1823
11662
11509
1910
11746
11764
12002
11487
1894
11838
11515
1829
11761
2063
1866
12064
11630
11719
1960
11810
11643
11463
2097
11559
2086
11895
11459
11595
11912
11888
11750
1888
12065
11924
11690
11448
11954
11430
2093
2052
11991
11590
11520
1973
12077
11569
11485
2029
11842
11449
1885
11973
11554
1849
1859
11424
11637
11788
2089
11851
11557
11985
11666
11908
1912
11575
11616
1921
11736
11803
11863
11798
11732
1899
11565
11668
1870
11913
11941
1817
11893
11566
11660
12051
11706
11773
1864
2043
11537
11664
11747
11421
12086
1965
1983
11503
11700
11966
2031
1854
11540
12091
12048
1944
1990
11972
11674
11787
12098
11770
2076
1927
11880
11464
11910
11892
11469
11729
1801
11947
11989
11600
2074
1815
11793
11919
11535
2099
11839
11517
11979
11618
12079
11998
2014
11447
11507
11665
11482
11680
11951
11819
11968
11710
11801
11493
12011
2042
11760
11753
1844
11434
1947
11436
11624
11708
1935
11528
2049
11696
1936
11602
11407
11491
11659
11982
11906
11765
1956
1961
2058
1989
11458
11634
11844
12057
1826
11654
2036
11477
2067
11780
11564
11461
11777
12084
11699
11444
11632
11943
11940
12041
11987
11755
11799
12050
1867
11510
11822
12043
1982
1942
1931
12038
11694
11437
11470
1821
11589
11711
11869
2000
1800
1941
2003
11856
11786
2054
11609
11752
11759
11909
11904
11420
2021
11929
11774
12778
12757
2213
12735
12401
12712
2204
12480
12719
2399
12515
2153
12461
12178
2319
12385
2178
12727
12599
12243
2163
12209
12302
12697
12267
12466
12170
12645
2270
2361
12731
12585
12764
12413
12289
12373
12378
12123
12584
12648
2320
12619
2326
12206
12536
2108
2383
12398
12601
12309
12384
2160
12667
12695
12416
12767
2268
2126
2103
2238
2128
2221
2390
12277
2170
12436
12428
12625
2235
2307
12360
12224
12253
2127
2346
2114
2143
12597
2198
12574
12687
12500
12761
2233
12728
12272
12623
2168
2131
12151
12560
12394
12602
2186
2266
12441
2119
12566
2251
12111
2199
12608
12549
12329
12606
12642
2225
12580
12677
12366
12544
12245
2184
12412
12685
12768
12377
12443
2376
12433
12400
12184
12509
12344
2317
2179
12282
12200
12561
12626
12653
12568
2275
12581
12775
2330
12493
12380
12308
12220
12370
12701
2120
12144
2202
12664
12397
12165
2207
12503
12765
12319
12315
2239
2382
12738
2106
12326
2135
12196
12147
12470
12662
2296
2269
2231
2337
12720
12198
12337
12349
2332
12415
2264
2395
12730
12674
2290
12632
12514
12522
12773
12772
2105
12182
2183
12252
2356
12777
12264
12458
2237
12618
12130
12265
12539
2374
2200
12399
12210
12498
2115
2260
12528
2298
12684
2227
12652
2323
2138
2152
2292
12119
2386
12506
12722
2123
2111
12501
12489
12469
12494
2348
2362
2289
12331
12438
12254
2324
12603
12172
12797
12104
12670
12375
2234
12533
12729
12724
12382
2133
12661
2350
2343
2159
12582
12138
12188
2162
12737
2195
2206
12212
2236
12516
12118
2255
12752
12759
12389
12383
12205
12683
2267
2219
12545
2240
2316
12680
12546
12614
12647
12508
12408
12570
12629
12779
12651
12565
2354
12177
12698
12456
2285
2154
12717
12718
12702
12527
12721
12751
2151
2349
12100
12571
12557
12341
12426
12369
2311
2667
13241
2641
2572
13152
12997
12872
13132
13041
13306
2590
13346
2620
2626
2690
13469
13479
13406
13231
2449
2601
2532
2408
2401
13216
13205
13188
13030
2600
13009
12898
2462
13458
12969
2678
13109
2529
13153
2413
13169
12904
13355
13434
2515
2478
13130
13420
13215
13493
13428
12882
12805
13422
12987
2682
2473
2637
2576
13082
2596
13488
2607
2651
13028
12862
12812
13376
13437
13429
13497
12937
13100
13016
2591
13170
2517
2588
2585
13148
13175
12983
12921
12818
2668
13173
12986
13061
12912
13112
12843
2621
13224
13207
2512
2670
13423
13204
2475
13258
2635
13461
12954
2614
13334
12835
12828
13072
12814
13450
13032
2535
2445
12947
12815
2521
2432
13399
12932
2407
2586
2605
13384
13052
2587
13299
12960
13293
13279
13021
13165
13044
13389
2613
13494
13481
2643
13033
13007
13164
2681
2534
2433
13308
13392
13449
2540
2548
13305
2429
2569
12895
13123
12976
12927
13022
13446
2625
2694
12891
13093
13178
13264
13143
12993
12811
2411
12922
13057
12930
13060
2544
13088
2691
13075
13433
13290
2443
13499
12959
2471
13134
12980
13295
2412
13091
12817
12847
13391
12989
13195
12975
13324
12925
13209
13271
13046
12870
13089
12995
13059
2479
13095
13377
13125
2417
13435
13141
13010
13331
13267
12903
13017
13027
12824
12822
13014
13035
2470
2523
12883
13086
13445
2602
13441
13190
2542
2552
12907
13426
13362
2451
13117
12893
13177
13302
12972
12867
13049
12963
2404
2447
2699
13066
13359
12821
2574
13097
12873
2464
13372
13239
2436
13317
2539
2665
2420
2519
2458
13465
2592
13147
12984
13073
12823
2490
2418
2659
12880
13070
13292
2617
13026
12935
2571
2560
12992
13155
13104
13468
2669
13110
13137
2640
13068
2645
13247
13431
12949
2579
12998
13145
12827
13146
13309
12848
13196
13051
2531
2562
12906
13611
13837
2785
13707
2885
13847
13628
13704
2807
13524
14167
13618
13740
14150
13571
13526
13556
14182
13782
2867
2988
2957
14122
13550
14020
2816
13806
13555
13757
13923
13928
13900
13922
13858
13557
13870
2847
13615
2774
13759
14136
13697
13687
13678
2773
13510
13715
2743
2879
13536
14077
13605
2984
13731
13565
14173
2837
13515
14123
13525
2779
13915
13991
14008
14104
13896
14101
13840
13712
14156
2794
13670
2754
2817
14165
13680
2750
2874
2780
13700
2880
2811
14190
13604
14112
2737
2886
2701
13893
13853
13509
13939
14114
13663
2715
2959
13857
2834
13732
13562
14044
2836
13815
2819
2776
13701
13546
13560
13768
2993
13911
13794
13835
13547
2889
14013
2865
13518
13607
2789
13659
2797
13774
13742
2746
2855
2821
13614
2932
2804
13817
14080
13825
14091
13856
2742
13974
2857
2845
14078
2717
13652
13790
13843
2763
13592
14021
13549
13866
13902
13818
13904
2972
14039
13898
13508
13567
14175
2924
14146
13744
13940
13823
2850
13564
14169
2881
13880
13839
2966
2719
2969
13664
14159
2918
13733
13977
13931
2720
14094
13691
13538
14178
13501
13640
14002
14043
13813
13859
14153
14116
13797
14096
13534
2878
2929
14186
2828
13591
2724
13745
13778
2860
13646
2777
2921
2706
13688
2898
2781
14192
13955
14014
13683
13513
2919
13736
13654
2730
2912
2876
13503
13766
13735
2866
13639
2711
14076
13781
13791
13650
13747
13960
2840
2941
13805
13962
13838
13689
2873
2893
13717
13579
13851
13855
14079
13716
14045
14152
2994
14023
13863
13956
2996
13999
13630
13787
13725
14129
14063
13814
14199
2961
14120
13994
13569
13743
2967
14155
13600
14048
2998
13914
13613
2992
13820
13995
14163
2882
13930
2922
14124
13669
2858
2980
13517
13918
13723
2871
14125
13848
13777
13679
2809
14003
13934
13889
13702
13754
2975
14861
3021
14445
14528
3187
3177
3267
3096
3219
14230
14854
14673
14420
3258
3250
14266
3016
14678
14325
14570
3135
14489
3131
14511
14595
14265
14350
14629
3163
14818
14257
14710
3074
14370
14324
14741
14525
14269
14733
3150
3282
14223
14376
14899
3083
14315
14821
3005
14516
14688
3155
14253
3060
3113
14617
14211
3260
14766
14339
14690
14631
14787
3270
14719
3023
3281
14258
14576
3206
14750
14795
3255
14885
3038
3041
14870
14232
3275
14641
3296
14250
14689
14623
14348
14846
14607
14800
3259
14430
14337
14890
14237
14513
14809
14435
14849
14634
14340
14628
14701
14774
3176
14310
3208
3121
14761
14244
3026
14812
14301
14508
3185
14375
14546
14565
14210
14898
3069
14317
3034
14390
14563
3115
3107
14559
14772
14338
14469
3119
3025
14462
14276
14600
14850
3141
14326
14530
14786
14426
3220
14295
14422
14504
14343
14597
14879
14400
14686
14362
14501
14847
3276
14866
14367
14887
3229
14262
14737
14726
14374
14553
14781
3286
14858
14358
14296
14321
14855
14214
3173
14784
14471
3116
14796
14479
14567
3274
14398
14229
14241
3291
14226
14820
14732
14684
3145
14248
14387
14318
14208
3106
14259
14227
3152
3257
3142
14571
14773
14263
3061
14880
14602
14625
14529
3277
3002
3264
14810
14632
14309
14512
14423
3279
14476
14391
14817
14300
14382
14605
14683
3050
14256
14614
14470
14359
14692
14624
14543
14294
14875
3087
14255
14316
14531
14566
3252
3191
14819
14383
14612
14829
14730
3233
14823
14329
14357
14363
14298
3104
14522
14240
3239
14815
14789
14777
14775
3137
14590
14626
14486
3189
14635
14878
14454
3200
3117
3158
3284
3287
3262
14481
14463
3003
14335
14535
14434
14782
3244
14336
14355
3020
14552
14239
14405
14351
3298
14666
14736
14344
3218
14594
14278
3076
14837
14797
14280
14746
14651
3015
14609
15087
3375
3419
14940
15532
15472
14986
14919
3354
3345
14928
15425
3567
15467
15400
15001
3403
3553
14931
3405
15066
3592
14923
3374
3300
3309
14908
15446
15035
15320
15514
3356
3316
15232
15061
15388
15110
14933
15365
15268
3437
3409
3449
14913
14912
15206
15273
15116
3438
14964
15375
15529
14924
3452
15245
15507
15457
3462
15258
15381
14904
3472
15315
15168
15021
3471
15534
15270
14993
15105
15038
15182
15591
3412
14921
15074
15120
15368
15008
15091
3360
15469
15379
3400
15080
15122
15569
3399
14958
15154
15282
3521
15483
14997
3302
15571
3411
15228
15429
3478
15496
3458
3580
15510
15506
3577
15466
3572
15083
3544
15257
15452
14984
15464
3505
14905
14938
3321
3508
3464
15024
15322
15128
3320
15421
15125
15289
15138
15307
14996
15157
15479
15444
14995
15211
3310
15119
3385
3530
15562
15564
3355
3588
15461
15296
15433
3442
15408
15302
15104
15013
15440
15003
14992
15349
3571
15237
3312
15474
15370
14973
3428
3447
15418
15146
3542
3522
14994
15149
3451
15048
15140
15124
15537
15212
15274
3398
15329
15186
3527
15319
3319
14903
15490
15575
15046
15108
14950
15561
15487
15403
15262
3436
3504
15191
3389
14937
15047
15470
15173
3524
3337
3537
3406
15043
15034
3538
14972
3342
3401
3516
3391
3366
3429
15017
15210
3489
15198
15560
3306
3483
15454
15587
3390
14901
15344
15278
3497
14914
14980
15522
15420
14900
15384
15409
15263
15156
14965
15342
14927
15225
3591
3349
15053
3430
15269
3535
3358
3467
15078
15164
15216
15069
15517
15531
15343
15439
3554
15406
15002
3551
15192
15248
15280
15075
15233
3498
15428
14944
3416
3479
3313
15201
15599
15244
3376
15159
15549
14943
15449
15234
3546
15194
3513
15335
15396
15492
15271
14970
3598
14945
15072
15011
15324
15330
15039
15304
15585
3424
14941
16280
3890
3806
16024
3692
15791
15616
16227
15743
15659
16042
3794
16013
3638
15702
16204
16247
3800
16050
15706
16048
3658
16131
16181
15952
16216
3809
16125
3660
3798
15868
3748
3839
15853
15770
15943
16295
16171
15746
16057
15936
15978
3624
15926
16226
15645
15859
15687
16077
3722
3728
15608
15775
3610
15698
15766
3611
16214
16138
15700
3654
15955
15635
3787
3897
15733
3739
16079
15600
15718
16065
3895
15620
3833
3716
3801
3616
3840
3715
15748
15693
15722
16116
15625
15788
15877
3646
15976
16109
16132
3747
3807
15680
15810
16291
15963
15888
15990
15848
3858
16160
15838
15796
15847
16217
16221
15682
3750
16234
3713
16157
15697
3885
15981
15631
16260
15632
16091
15831
15864
15957
15603
16255
3827
3635
16078
15834
16123
15660
16184
3703
15947
3891
3774
15772
15912
3619
16253
15643
15902
16282
15694
16026
15621
15956
15906
3802
16176
15714
3693
3744
16022
16149
3687
15768
3844
15776
16173
15801
15829
3828
15836
3701
15648
15949
15916
16238
3825
3724
16038
16211
15637
15750
15695
16085
16021
3776
3735
3875
3863
15973
16016
15828
15674
3850
3666
3857
16071
15962
16074
15807
15950
3736
3796
16296
16108
16137
16095
15679
3710
15767
16127
3793
15875
15800
16251
16044
16084
15684
15809
3647
3648
16182
15762
16072
15656
15930
15653
16200
16113
3799
3811
15789
15676
15866
16195
15933
15672
15639
3603
16165
16100
16073
3899
15818
3742
3762
3845
3605
15802
15929
3846
16097
16239
15761
15860
15896
3837
16122
16224
3820
16032
16206
3864
15699
3652
15754
3643
3691
3659
16258
15670
3683
3768
15611
3738
3831
15931
16299
3675
3761
15986
3686
16186
15689
16209
16083
15675
15747
16265
3765
3832
15798
16201
16040
3617
15613
15857
16180
3823
16023
16061
15677
15958
16156
15845
15647
16144
15633
15948
3985
16957
16415
16948
16698
16356
16873
3929
16901
16550
3988
16348
3990
3934
3931
16313
4199
16636
16821
16986
16551
16387
16479
16951
16775
4073
16883
16931
4176
16597
16305
16720
16638
16388
16553
16545
4072
16710
4035
16381
16910
16364
16334
4094
16857
16444
16772
4155
16309
16872
16674
16340
16437
16665
16739
16470
4145
16709
16849
16328
16966
16594
3908
16391
16787
4142
16374
16490
4125
16402
16590
3964
16392
4088
16310
16546
3996
16852
3939
16715
4041
4168
16864
16807
4090
16307
16666
16778
16728
3977
4098
16520
16973
16680
4057
4002
4046
16373
16879
4014
4056
3948
16908
16833
16934
16321
4136
16654
3921
4116
16945
16464
16529
16959
4128
16799
16566
16474
16394
4126
16697
16564
16746
16637
16410
3995
16733
16812
4017
16854
16682
3955
16544
4097
4197
4194
16721
16433
16814
16326
16809
16397
16980
16623
4069
3905
16482
16416
16389
16413
4158
4121
3901
16504
4095
16989
16501
16469
16598
16352
16585
4038
4074
16429
3902
4061
16692
16800
16669
16687
16486
16764
16714
16563
16830
4078
16608
16827
16329
4139
16611
16688
16539
16894
16476
16944
16540
16802
16813
4031
16874
4076
16794
16621
4059
16613
16856
16531
3943
16543
16655
16768
3966
16726
16979
16365
4133
16318
16412
16396
16527
16508
4183
4052
16828
16789
4087
16838
16565
16506
4053
16629
3980
16351
16867
16765
16881
16730
16300
16798
16985
3976
4108
16425
16771
4195
16952
4066
16341
3999
16896
16633
16612
16575
4165
16678
16953
3983
16893
16626
16615
4092
3972
16518
16707
4178
16861
4123
16430
16377
16890
16889
16660
3979
3962
3936
16940
4022
16632
4000
4027
16729
16790
3920
16759
16947
4054
16706
16868
16538
4118
4143
16519
4157
4021
4198
16492
16448
16502
4104
4160
16955
16532
4100
3918
16319
16411
16459
16863
4079
17592
17108
4317
4488
4422
17202
4379
4373
4381
17536
17071
17218
17520
17228
4414
17347
17410
17087
4337
4332
17333
17398
17118
17346
17668
17111
17306
17165
17338
4207
4229
4324
4326
17268
17274
17052
17470
4231
17540
17467
17024
4253
17003
17101
17559
4405
17343
17204
17569
17491
17434
17020
17655
17533
17652
17217
4340
17586
4476
4408
17612
17293
4444
17128
4361
4223
17295
17495
17039
4333
17529
4353
4415
17361
4371
17606
4294
17420
17575
17573
17665
17334
17376
17526
17627
17568
17388
17414
17098
17329
4274
17552
17099
4432
17160
4296
17006
17400
4441
17317
17542
4494
17563
4390
17367
17384
17336
17002
17192
17249
4356
17479
4256
4409
17129
4234
4352
4466
17517
4482
17458
17205
4351
17617
4260
4398
17320
4226
17464
4288
4285
17291
17168
4484
17245
17684
17562
17054
4251
17395
17422
17429
17340
17095
17102
17408
4265
17423
17127
17530
17199
4276
17432
17004
17031
4404
4354
17516
17488
17577
17622
4338
17466
17489
17327
17040
4347
4329
4399
17435
17080
17234
17537
4221
17138
4269
17366
17390
4314
17312
4281
17579
17100
17219
17324
17296
17308
17299
17285
4348
17009
17532
17093
4478
4232
17640
17277
17025
17696
17599
17238
4343
17070
17158
17601
17490
17034
17046
17279
4368
17191
17396
17386
17402
17037
17113
4416
17077
4431
17630
17053
17392
4412
17363
4292
17372
17242
17309
17328
17141
17512
17648
4327
4434
17588
17574
4397
4310
17660
4349
17278
4440
17406
17582
17425
17691
4461
4437
17263
17237
4210
4261
4362
17319
17137
17043
17134
17188
4225
17167
4298
17175
4453
4287
4358
4493
4305
17349
4312
4418
17055
4449
17698
4308
17230
4474
4209
17513
17549
17383
4313
4247
17289
17682
17391
17523
4259
4372
17115
17220
17436
4471
17604
17561
4307
17198
17345
17590
17674
4375
4743
18115
18366
4592
17928
4703
18302
17856
17837
4520
18205
18241
17925
18378
17716
17980
4712
18007
17960
17940
4635
17905
18349
18065
4542
4531
18315
4571
18329
18142
4533
4604
17855
18333
4639
18054
18183
4577
17779
18064
4714
4513
18049
4741
17850
4730
4588
18117
4700
18074
4610
4757
4621
4518
18120
17848
4694
4658
4516
17996
18077
18276
4595
4584
18392
17704
4506
18038
18281
17734
4791
18108
4561
18011
17820
17993
4509
17972
18102
18028
17933
18104
17798
17803
18358
17849
17790
4633
17723
17903
18318
18090
4600
18091
4648
4729
4525
18013
17924
18213
4699
18130
18275
18260
18376
18228
18140
17986
17700
18373
17780
4723
17979
4736
17866
18342
4683
17893
18230
4572
18066
18296
4669
17951
18126
18307
17920
4547
17724
18023
17771
4660
17836
18159
17755
4794
17894
4580
18224
17907
4776
4578
18254
18250
18164
4780
17917
18327
4785
18031
18083
18290
18039
17918
4778
18214
18095
18123
17976
18035
18313
17833
4500
18096
4713
17935
17874
17909
17945
18304
17865
18389
4587
17953
17854
17878
4761
18151
18246
4617
17958
18211
4537
4782
17956
18112
18022
4566
18143
4568
18021
4605
18196
18067
4650
18169
4510
18139
17778
17853
17921
18005
18047
18353
18243
17717
4662
18024
4673
4682
17886
4606
4718
4766
4549
18094
4629
18362
18324
17761
4665
18131
18272
18310
4641
17860
17971
17791
18072
18268
17957
4792
18240
4799
18089
18326
18308
4597
18058
18221
4661
17841
18062
17795
17815
4726
18330
17750
4655
17811
4689
4652
17973
4725
4758
4747
17887
4737
4562
4722
4527
4706
17725
17869
17810
18235
18270
17879
18298
18017
18319
18208
18111
4589
18154
4550
18343
18232
4781
18309
17900
4762
17730
17804
18331
18187
18305
18256
18393
18033
18209
18052
18396
17990
4777
17977
17888
18110
17858
18192
18659
18691
18803
5032
19067
19018
4813
18784
19030
18499
18538
18669
18802
18485
18589
18689
4826
18474
19040
5031
4983
4948
18751
18873
18979
5047
18480
18969
4950
4838
19092
18547
5066
4907
18904
19061
18467
18972
18637
18827
18592
5010
18573
18511
5067
19015
18741
18783
4941
19019
18476
18762
19029
4846
18629
5085
19065
18937
18906
18512
5084
4827
18487
18930
18895
5041
4916
18963
18413
5099
18943
5023
18964
19021
18805
18658
5070
4802
18909
4982
19075
18505
4833
18960
18701
18683
18839
18579
18444
18966
18986
5027
18466
18450
18936
4809
18526
5071
4876
4869
18919
19057
4991
18724
5009
19033
18865
18632
18726
18425
18749
4903
18461
18571
4891
18828
18732
19081
4800
18585
18625
4824
4912
4905
18795
18934
4986
5045
18860
18416
19083
18600
18408
5053
18523
4807
18918
18516
5069
18832
18673
19001
18872
18621
5096
18488
4942
18754
4890
19026
18423
18878
18685
4918
18522
5043
19090
5024
18942
4969
18898
5062
4935
18681
18931
5016
5063
18690
19071
18871
18792
18509
18929
18616
18609
19096
19087
18946
18452
18575
4877
18837
4815
18738
4823
18551
18574
5064
18748
18924
18775
18941
18401
18489
18706
18640
5006
18776
18529
4814
4845
4842
18672
18615
4862
4979
4808
5078
19073
18945
4861
18757
18949
19059
4996
18588
18728
18866
18454
4853
4924
18697
18604
5049
18611
18686
18862
19048
18614
18517
4825
18649
4963
18713
18436
18618
18501
18985
18766
18591
18897
4910
18494
18973
4968
18734
18677
18661
4843
4882
19068
18435
18593
18544
4886
18500
4899
18433
18752
18568
4967
18680
4970
4995
19052
18893
18725
18539
18496
18699
5038
18824
18782
18631
4901
18777
18850
18903
18816
18449
18996
18626
18707
18825
4914
18767
5086
18959
18885
18664
18519
18709
18567
18545
4954
4835
4908
5017
18818
18743
19411
5305
5256
5251
5349
19381
19443
5268
19457
19573
5316
19101
19602
19257
19266
19331
5247
19574
19324
5124
19155
19335
19369
5337
5147
19776
19595
19605
19198
19694
19563
19350
19717
19749
19479
19130
19532
5120
19148
19416
19728
19546
5372
19599
5129
5244
19647
5102
19301
19613
19604
19406
19182
5290
19104
19756
19354
19365
19498
19790
19357
5198
19428
19579
19176
5175
19202
19173
19229
5128
19435
19393
19678
19626
5354
19463
19430
5313
19139
19276
19150
19472
19293
5246
5327
5148
19253
19178
19418
19242
19765
19187
19107
5157
5364
5106
5166
19598
19400
19619
19684
19100
19157
19401
19500
19536
19279
19480
19608
5207
5232
19237
5150
19235
19221
5204
19711
19586
5351
19170
5287
19615
5219
19109
19533
19576
19555
19239
5173
19358
19164
19567
19503
5330
5174
5264
19432
19763
19685
19476
19675
19115
19747
19166
19318
19744
19262
19417
5249
19464
19622
19652
19656
5339
5254
19510
19243
5109
5311
19270
19505
19131
19272
19569
19183
19778
5122
19384
19232
19256
19364
5338
5226
19663
5139
5283
5116
19149
19382
5210
19398
19514
19490
5123
5381
5215
19103
19522
5117
5222
19588
19583
19530
19627
19486
19434
19366
19467
19456
5332
5205
19275
19108
19590
19423
19325
19680
5242
19286
5137
19593
19341
19633
5398
19594
19769
5161
5312
19119
19697
19327
5368
5111
19669
19295
5382
5333
19628
5362
5391
5309
19764
19453
19516
19645
19142
5231
19566
19570
19386
19784
5317
5323
19580
19200
5100
19254
5209
5295
19250
19210
5278
19795
19731
19607
19525
19497
19165
19146
5341
19730
19407
19189
19603
19547
19207
19657
19134
19606
5263
19106
19481
19261
5144
19351
19230
19154
19502
19513
19754
19785
5371
19145
19780
19123
5374
19222
19794
5346
5387
5103
19683
5193
19672
19192
19708
5140
19311
19725
5310
20335
19942
20023
19873
5426
5679
20301
20196
5434
19836
20124
20052
5519
5663
20358
20218
20374
5459
5625
20413
19938
20349
20412
20107
19977
20171
5415
20329
20001
5560
19830
20487
5633
20131
5481
19959
20071
19829
5638
5410
5403
5546
19851
20002
5478
5529
20210
20481
5690
20240
20289
20283
19953
5605
20048
20141
20009
5695
20473
19975
20245
5544
20077
20173
19888
20065
20153
5632
5652
5522
19886
5405
19926
20085
20488
5408
20257
5580
20114
20414
5443
20394
20158
20127
20280
20260
5402
19933
19816
20454
20239
20300
5509
20043
19848
19834
20106
19970
20367
20193
19995
20128
20184
20312
20072
20496
20357
5699
5555
20026
20241
19858
20314
5627
20129
5566
19952
5487
20348
19923
5526
5491
19817
19971
20047
19876
20125
19912
5578
20323
20255
19976
20101
20006
20376
20468
20142
19892
20450
5525
5684
20238
20081
20399
5623
20086
20292
5626
20390
5504
19874
5689
20440
20034
20039
19895
5637
5494
5447
20279
5416
19849
5607
20381
20474
20338
19993
20306
5420
5476
19826
20242
20462
20332
20020
20336
20377
20134
20042
20368
20090
20333
20383
20436
19996
20089
20464
20344
5559
20458
5540
19904
20420
5557
20398
20475
20211
20371
19852
19804
19855
20499
19961
20370
20251
5460
19827
5451
20013
19968
20004
19989
19921
20415
5523
20362
5665
19821
5597
20137
20226
19869
20396
20069
5642
20121
19930
19837
20343
5477
5508
20168
20380
20267
20222
19992
20470
20237
5572
20136
19958
19843
5513
5429
20123
19902
20431
20147
19915
20373
19914
19803
19928
5469
20067
20345
20082
20491
20105
20139
19916
20315
5610
5501
20182
5564
20308
19901
5479
20353
20122
20102
20282
19910
5413
5577
5613
20166
20430
5628
20024
5549
20209
20337
20457
5406
20378
5507
20066
19909
20162
20379
5657
20316
19974
20062
20419
20285
5594
19825
20832
20768
20836
20829
5769
20981
5770
5928
5880
20803
20959
5776
20619
5811
5737
20670
20607
20872
20719
20691
20676
21140
21159
20536
21181
20796
20890
5980
20977
5799
20921
5877
20629
5751
20633
20859
5739
20821
5890
5711
5983
5816
20667
5961
20816
5818
20649
21173
20613
21039
21075
20966
5859
21006
20577
5931
20788
20990
21130
20951
21059
21129
5700
5939
20797
20517
5948
20557
20699
5759
21023
21150
21018
21010
21053
20888
5795
20539
5981
5701
21096
20573
21069
20843
20708
21194
5991
20955
5964
5839
20811
20909
21088
5772
21016
20773
5892
5976
21002
20929
21040
5752
20744
20686
5800
5902
20707
20704
5713
20535
20781
21104
20972
20801
20765
5916
5734
20991
21155
20532
20563
20839
20850
5861
20848
20780
5722
20523
5718
20754
20655
20800
20628
5705
21081
20976
5764
20641
21072
5995
20548
5793
5726
20795
5870
21076
20595
20696
20550
20846
20766
20695
21163
5741
20804
20669
21136
20969
20664
5917
21082
21191
21083
21051
21036
5827
20761
20932
20753
5987
5831
20884
21100
21109
20756
20928
20585
20537
5924
21187
20582
20960
5823
20824
5863
20918
20914
20652
20763
20915
5947
20783
5761
21079
5785
5709
5804
5703
5750
21146
5710
20671
20616
5915
21095
21020
21070
5782
20947
5999
20703
20611
5858
21038
21024
5972
20971
20997
5791
20999
20684
20524
5824
21030
21175
20814
20743
5873
5956
5906
20875
20749
20680
21113
20572
5847
20787
5862
5893
5813
20621
20823
20657
21112
21160
20818
20544
5971
20940
5842
20540
5745
21019
20672
20927
20954
5930
5829
20874
5704
20739
20771
20600
20895
20879
20583
21052
20514
20989
20632
21156
5943
20881
5937
20674
5757
5768
20802
21106
20530
20615
21137
5806
21198
20777
20552
20738
20634
21107
5940
5845
5977
20640
20683
21089
5778
20581
21185
21022
5979
6110
6144
21709
21892
21793
21699
21362
21500
6242
21725
6028
21346
21630
21396
6281
21219
21681
21629
21898
21674
21375
6227
6030
21386
21819
6229
21589
6149
21749
21598
21521
21895
21790
6139
21792
6211
6007
21605
21459
21757
21264
6071
6223
6036
21447
21206
6038
6133
21584
21517
6112
21292
6171
21440
21750
21458
21842
6262
6080
21850
6299
6251
21656
21218
6101
6287
6104
21761
21808
6040
6072
21742
6003
6154
21356
21670
6113
21854
6204
6288
6198
21896
6234
21382
21238
21711
21595
21424
21570
21769
6032
21493
21228
6138
6120
6012
21714
6086
6219
6132
6268
21538
21491
21290
21460
6002
21481
21427
21829
21294
21563
21480
21690
21759
21272
21415
21707
21736
6135
21755
21274
6146
6258
21477
21816
6296
21664
21606
6192
21774
21376
21735
6165
21453
6193
21678
21582
21686
21607
21259
6247
21547
21574
6188
21487
21753
6056
21511
21256
21303
21754
21351
21302
21276
21765
21416
21418
21843
21798
6221
21710
21265
21569
21467
21273
21529
21821
21271
21608
21730
21809
21296
21444
6218
21224
21505
21603
6075
21688
21441
6051
21740
21486
6091
6076
21411
21318
21797
21358
21435
21343
21301
21248
21249
6279
21466
21580
6217
21214
21571
6023
21863
6283
21390
21430
21818
21618
21253
6167
6291
21567
21591
21860
21712
21339
21717
6259
6061
21718
21233
21552
21536
6115
6060
21806
6016
6220
21287
6241
21299
6022
21326
6118
21497
6077
21464
21815
21801
21627
21312
6027
21468
21443
21791
6010
21623
21889
21840
21489
6290
21665
21201
21368
6245
21309
21369
6269
21647
21461
21472
21747
6122
21581
21237
21636
21425
6129
6195
21202
21523
21872
21560
21258
21285
21257
6013
21384
21752
6014
6140
21270
6116
21230
21252
6107
6134
21329
21729
6065
6105
6069
21871
21651
21539
21668
21697
21404
21550
21448
21282
6440
22003
22516
22434
6390
22132
22536
22081
6537
22253
6448
22348
6429
22224
22174
22309
6579
22163
22065
22096
22187
22399
21957
22571
22019
6540
22052
22030
22270
22589
22576
6530
22230
22345
21922
21908
21994
6335
22354
22182
22219
22115
22171
6479
22105
22455
6381
22247
22307
22382
22204
6567
6349
22242
21937
6405
22580
21998
22035
21933
6329
21993
22113
6377
6462
21996
22347
22500
6317
6403
22526
6477
22448
22411
6496
6430
6338
6453
6475
6386
6441
22070
22064
21955
22422
22147
6437
22131
6388
22416
6469
6419
22344
22015
22355
22217
22362
22582
22167
22106
22007
21942
22414
22002
22463
22459
22244
21944
22114
21928
22491
22098
6559
6483
6332
22360
22054
6520
22565
21977
22041
22440
22256
22067
6525
22313
22319
6402
6585
22390
6478
22262
6558
22462
22598
6509
22419
6406
6361
22584
6466
21916
22128
22392
22556
22194
6504
6322
22315
6425
22574
22079
22393
6485
22379
22515
6499
21948
6372
22223
6417
22349
22158
22005
22552
22282
22583
6334
22437
6340
6569
22178
22036
6510
6450
22226
6484
21945
22272
22202
6324
6553
22312
6367
6446
22449
22547
21952
6321
6365
22469
22205
21919
22497
22269
22008
22405
22549
22283
6363
22506
6418
22398
21940
22566
22507
22346
21951
22512
6459
6577
22350
22522
22384
22559
22473
21975
21983
6599
22122
21909
6305
22129
6578
22111
22496
22370
22016
22445
22599
22259
22093
22197
6455
22528
6302
22047
6467
22249
6588
22248
22209
22493
21917
22271
22468
22175
6374
22503
21915
6592
21984
22540
22138
22126
6587
6397
6574
22303
22426
22085
22173
22527
6444
22342
6350
22240
22107
22086
6306
22560
6328
22024
22029
6513
22372
21935
22388
22534
22353
21910
6487
6511
22324
6445
22180
22385
22120
22523
22260
22400
22109
6580
6347
6331
6538
22059
6368
21946
22336
22850
22842
23153
6735
22723
23181
23172
23188
6613
22702
22791
6619
6841
6742
22784
22801
22996
22935
22661
6811
23050
6890
22890
22657
23197
22992
6858
23015
6624
22900
22637
6615
23170
6621
6676
22993
6731
6716
6784
6690
22938
22792
23065
22665
6658
6603
23021
6668
6666
6826
6751
6637
22600
6684
6734
6648
6629
6620
22899
23068
22970
23134
22697
22940
22807
6848
6786
6832
6804
22675
23216
6899
6795
22961
6891
22725
22633
23132
6836
22763
22692
22835
6791
6885
23297
6606
6845
23136
22688
22869
22699
22962
6840
22683
23062
22678
22706
23270
22892
6852
23066
22608
6627
6617
22971
22728
22964
22773
22958
22696
22814
22810
23033
22732
22832
6888
6767
6894
22927
23278
6659
6864
22624
6605
23160
6897
6749
6886
6728
22622
22882
22829
23125
22694
22922
22651
22999
6789
23265
23017
22701
23086
6622
22785
22933
23080
22912
23166
22724
6706
22619
6794
22960
6857
22769
23088
6636
23077
23209
22926
23283
23192
6674
6790
22991
22857
22673
22721
22744
6822
22691
23060
22690
6862
6816
22808
22793
23223
23235
23146
23048
22820
22911
23268
22783
22969
23089
22904
22823
23127
23266
6647
22765
22790
6693
6876
6820
23295
23189
22610
22875
22643
22615
22777
22612
22712
22995
22710
22635
6638
22906
23042
22994
22963
6717
23281
6819
22812
23108
23047
22743
22627
6873
23262
22664
22914
6753
6635
22754
22623
6642
6884
22802
6669
22909
22797
23005
23001
22748
6793
6645
6766
6600
6608
6812
22647
23098
23023
22747
22987
6771
22975
6787
22716
23003
6842
22885
23159
6834
22796
6653
6721
22679
22762
23054
22819
23179
23043
6863
23064
6769
6740
23255
22718
22946
6678
6639
23037
23231
6768
23200
22879
22852
22891
6709
6854
6601
23289
6604
23201
22771
23116
22662
23113
22984
6698
22809
22871
6883
22858
7111
23830
23631
23748
23735
23991
7057
6969
7149
6979
23943
23909
23712
7080
23845
23676
23723
6913
23920
23326
6942
7014
23559
23425
7049
23977
23537
7123
23515
23781
6906
23558
23939
23718
23330
23934
23913
23796
7006
7127
23799
6958
23355
23384
23865
23594
23783
23975
6944
6934
6973
6974
23450
23475
7059
23527
23467
23584
7075
23556
23715
23498
23850
23866
23836
7114
7011
7129
7121
23494
23956
23642
23566
7036
6932
23404
23808
23933
23867
23643
6952
23979
23746
23739
23345
23924
23536
6927
23946
6959
6901
23534
6928
23896
6986
23430
23873
23382
7169
7085
23719
23773
23853
7199
7122
23989
23651
23441
23324
7082
23990
23985
23456
23968
23888
23870
7126
23637
23585
23346
7196
23917
23993
6953
23473
23876
7070
23908
7192
23759
6917
23459
7047
23713
23626
23563
23995
23547
7074
23328
23457
23416
23795
23601
23784
23740
23868
23695
23837
7182
23862
23961
23592
23347
7084
23859
23668
23758
23958
23986
6978
6929
7136
23545
23555
23854
23490
7076
23391
23358
7189
23734
7091
23806
23410
23340
23907
23397
7140
7081
6960
7019
7029
23508
23720
23312
7113
6965
23371
23983
7068
23436
23992
23708
23641
7094
23954
23945
23427
7141
23321
23374
7026
23591
7090
23446
23356
23871
23658
23787
23869
23362
23468
23606
23445
7002
23882
7022
6993
23835
23973
23875
23878
23972
23500
7116
23348
23438
23561
23847
23849
23403
23891
7097
23918
23535
7110
23608
23453
23660
23306
6970
7170
23798
23884
23842
23725
23491
23937
7000
7133
23398
23549
7153
23314
23466
23771
23818
23562
23421
23418
7186
23699
6990
23824
23646
7138
23697
6919
23732
6961
23936
23402
23786
23481
6907
6925
7087
23336
23764
23538
7179
7095
7039
23988
23611
23654
23971
23603
23901
6968
23706
7010
23380
23365
23428
23965
23659
23639
23492
