2
7779
57
7396
7511
45
200
7565
7503
299
213
65
7350
128
98
7756
148
7597
10
7816
7414
7734
249
7404
7480
255
7269
7276
132
7216
7894
7612
7623
280
7458
7667
7420
7351
7668
7504
7661
7321
7293
7243
7740
7699
120
7246
7899
7812
7726
116
7245
7566
7463
7636
7896
7448
7427
7204
7868
164
7694
7209
7442
269
7741
7707
7329
7762
72
7472
7508
7744
267
7862
7362
193
7757
7500
7484
251
7550
7784
7693
7382
7814
7211
7230
246
62
7389
40
7395
7298
111
7244
55
7817
7659
211
16
7464
91
7242
122
7624
7681
7419
259
284
7353
39
7789
103
18
7885
124
7308
237
7528
7486
7460
24
7433
7544
7745
7648
7280
44
30
7469
7312
7502
60
7806
7200
77
17
7629
228
54
7235
7604
68
7225
7234
7644
7344
7844
32
7509
279
47
7476
7743
7664
7765
7270
7711
7821
7834
7560
7704
7876
7606
189
143
7575
7889
7557
150
7337
7616
7462
7671
7665
7310
7535
7555
210
7272
159
7262
7845
7409
7573
7345
7823
7451
7811
27
81
7635
295
7887
7341
7584
7482
7403
7881
7729
7534
97
7736
7521
7222
7572
141
7512
7592
7346
7507
7252
7361
7748
170
7429
7562
7309
7737
281
7813
7687
7725
109
7682
7890
7613
271
7607
7548
130
7547
7827
7778
199
7558
7461
7406
25
99
7513
4
7788
41
7325
106
80
7371
3
7715
7801
152
7877
7224
146
7645
90
7527
194
7751
7394
7685
7688
37
87
7518
7490
7450
131
7800
254
7268
7446
7223
7263
196
7349
34
191
14
21
7506
7674
7772
7680
7701
7774
89
7491
7731
7857
287
6
100
7861
181
283
7380
8397
8435
8494
8538
577
588
8016
347
8484
302
8307
454
7913
8559
8039
8132
8277
378
7904
8445
398
8374
7963
8129
8069
8244
377
8356
554
8556
7972
8539
553
8463
416
8319
408
8501
8490
8248
8138
567
8121
8362
8599
8046
8270
8045
8117
7943
8513
8384
8349
8269
8151
376
8195
355
8165
7945
409
8426
7933
318
407
430
8457
8422
8339
8110
8079
8408
8478
8089
432
555
8461
8519
8386
8423
445
8328
372
8022
448
8348
8347
507
8216
8546
8118
463
412
8323
342
8442
8324
8443
8310
8063
8259
7924
8308
8041
8569
8383
435
8143
325
441
7968
8574
8157
508
8369
8012
526
362
8057
466
8230
8265
8588
7967
8068
8264
8342
7955
397
8489
7905
8059
8321
427
7925
8038
8274
421
8092
8106
8473
547
497
8123
8430
8173
436
7977
415
536
404
332
8171
8594
581
8155
7938
8552
7928
475
8309
396
8197
8412
8483
8455
8528
8018
8061
8471
306
339
375
522
8495
7952
8418
401
321
392
7956
8127
7910
359
7937
8344
520
557
8280
455
8516
8358
589
8537
8218
8587
8086
8150
434
8281
8056
8526
8128
558
8004
8351
8234
414
8282
8288
8451
444
8391
8145
8223
7993
8036
478
8172
529
8017
8598
8431
8502
422
8367
8403
452
570
8037
504
8524
335
500
438
7957
8467
595
586
476
7961
8290
8317
8114
7912
8169
8512
542
8029
8066
8238
8548
8024
8217
456
304
8454
587
7903
7978
8496
399
425
7964
8315
8477
426
8373
8099
467
8382
524
8293
7917
8333
565
8250
8452
374
8229
356
8119
7946
8564
8268
571
8301
8175
7997
512
8245
7926
8083
8474
7985
8246
517
348
8088
8390
9097
628
764
8807
605
9068
9237
9241
9113
8621
9007
9217
868
8848
9216
8948
8984
8785
8748
9031
9079
683
8688
883
8867
8854
8861
8932
843
8660
8651
774
9128
8888
8892
8793
9213
9277
667
792
8666
632
873
698
8734
8669
9281
8782
838
8859
9086
9261
720
9056
9088
8765
9061
625
8645
9019
9198
897
9142
888
8958
690
8983
8756
618
622
9085
9115
9111
8930
869
9044
8609
8784
9291
8838
728
9058
8769
9220
772
8960
9195
8601
825
9214
8925
8727
833
9026
9053
8997
8978
9145
775
9257
650
9156
8998
662
805
9027
8743
9034
8721
9199
8644
852
604
8917
9148
8695
8764
9024
8780
8747
887
8901
8845
8738
9069
899
9191
8843
8866
804
8679
9157
9252
8908
8817
708
9260
8872
8829
814
8659
691
853
9289
727
9292
9065
8694
8876
8873
701
8762
8672
882
8924
8942
822
9081
630
715
9218
9236
782
8999
780
8805
656
8790
8724
734
719
8922
661
9233
8962
8909
8980
738
9231
9153
644
8777
8692
8630
9077
8982
9139
8812
9119
705
810
765
786
8668
8791
724
676
795
8933
702
8723
9117
798
8981
874
860
9181
9020
631
714
8964
788
8880
8834
655
9246
9208
9071
8977
706
640
8730
657
9293
8945
9035
629
9162
8940
8658
9232
721
8696
652
9272
8794
9225
712
9164
747
9149
832
8841
871
8846
8776
653
623
9000
750
636
9239
9141
855
666
8678
746
9047
8893
9110
8973
896
8836
8717
8936
8789
8895
9090
8920
9112
9064
9279
664
819
9188
694
723
9028
8700
879
8783
8914
9170
9267
8835
8865
9288
696
8878
648
8967
695
830
8955
9282
885
9251
8915
8719
8931
1175
9310
1159
9427
9927
9396
1067
1063
1064
9586
1179
9790
9547
9470
9576
9650
9813
9607
1008
1020
1093
1111
9441
9916
9879
9602
9947
9446
9423
970
908
997
1019
974
9412
9715
1140
9554
9629
9590
9996
9443
9318
9429
1085
9652
1143
9943
9839
1050
1089
9676
9741
9906
9805
9568
9668
9481
1137
9503
9817
9488
918
903
9465
9615
9328
9464
9690
1193
9745
988
9934
928
9373
9863
1003
9772
9415
9956
9462
9505
9994
902
9613
9452
950
9869
9422
9936
9786
9828
9624
9799
9787
1196
9533
1146
9639
1105
1178
9484
9485
951
9807
9377
1162
9753
1095
9957
9374
9606
9477
1171
9882
9658
939
1031
1018
9904
935
9334
9703
1044
1076
9910
9950
9637
9523
9999
907
9316
1043
9789
1048
936
9548
9529
9742
912
9664
9949
9983
1152
917
9572
9952
9479
9749
1124
1112
1001
9405
1148
9969
911
9502
1188
9608
9784
926
9521
1033
9954
969
9494
925
9450
1109
9420
9474
9345
1103
9782
1096
9737
9944
1122
9570
1128
1088
1010
9567
915
9542
1054
1167
1127
1126
9594
9600
9308
9321
9892
9463
9605
9344
9750
1052
9309
9526
999
9587
9995
9797
9495
9731
9648
9640
1100
9735
9699
9536
9421
1000
1004
9812
9593
972
9645
1058
9922
9728
1190
9551
9372
1053
9320
9511
1075
1027
9357
9620
9302
9989
1030
9638
1108
9538
9845
1007
9740
9912
9341
9556
9871
1135
9580
9397
971
9779
9578
9861
9517
1163
9332
9670
932
1101
9932
9331
1021
9596
9539
982
9379
9431
1087
9360
941
9810
9982
1125
9499
9921
9635
9911
1022
9858
1056
9545
9673
957
9365
1155
9683
9549
1189
1186
1187
1097
9960
9301
9802
1023
973
996
9407
1069
9824
10442
10449
10081
10521
10150
1270
10180
10637
10544
10267
1402
10166
10443
1221
10218
1353
10030
10446
10332
10309
10119
1345
1351
10422
10241
10211
10617
1466
10022
10522
10390
10315
10108
10486
10619
1256
10174
10258
10430
10106
10548
10104
10127
10039
10107
1307
10179
10384
10033
10266
10660
10026
10477
10114
1300
10002
1457
10302
1417
10091
1321
10346
1438
10245
10595
10251
10085
10138
10639
10344
1404
10126
1400
10646
10184
1200
1219
1262
10297
1455
10523
1354
10164
10600
1453
10151
10056
10613
10348
1224
10066
1293
10162
10341
10062
10209
1335
10240
10598
10203
10128
10036
10520
10524
10054
1347
10673
10642
10342
10219
10405
10350
1229
10329
10389
1325
10361
10411
10007
10263
10261
10301
1225
1463
1269
10338
10252
1212
1232
10325
1393
1494
10173
10563
1273
1420
1407
10208
10060
10556
10083
10076
1233
10551
1472
10679
10323
10073
1416
10067
10048
10536
10287
1207
10668
1264
10623
10117
10585
10467
10264
10436
10392
10283
10681
1410
1403
10049
10123
1272
10187
10357
10500
10183
10499
1389
10285
10518
10495
10383
10680
1259
1449
10168
10438
10483
10220
10181
10558
1230
10101
10452
1301
10272
10439
10603
10454
10628
10388
10027
10470
1475
10547
10538
10378
10420
1278
10497
10632
1327
10698
1415
10659
10093
10575
1328
1385
10670
1440
1372
1367
10552
1366
10339
10089
10526
10458
10386
10096
1257
10463
10537
10358
10658
10534
10120
10224
10456
10527
10319
10147
10425
1375
1336
1443
10167
1429
10540
1314
10565
10567
10038
10345
1405
10674
10268
10005
1424
1286
10214
10146
1432
10194
10204
10097
10657
10160
10250
1411
1205
1208
10541
1265
10663
1460
10335
10387
1392
10604
10444
10594
1467
10307
10188
10352
10535
10401
10084
10051
10116
10133
10685
10312
10580
1204
1498
10669
10136
10607
10210
1694
11047
1676
10927
11223
10998
11153
10768
11310
11368
11083
1658
1732
10955
11016
11222
11221
10719
10806
11141
11238
10720
10726
10738
1502
10840
11341
1733
1599
1671
11331
10994
10739
11037
11359
1769
11100
11371
10758
11298
10803
1753
1744
1669
10714
10975
10988
10822
10903
10966
11340
1703
11360
1790
1510
11087
11355
11342
10941
1748
1706
11080
11271
1731
11365
11132
11149
1777
10706
11366
11013
10913
10862
11064
1648
10823
1730
11142
11392
10973
1772
11054
1766
11256
11334
10700
10844
11027
10721
1787
1716
10730
11213
10899
11062
11399
10727
1776
1555
11043
11353
11383
10752
1617
1546
11226
1612
10983
11077
1525
11385
11015
1515
10805
1591
1594
1528
11316
1551
11332
1768
1579
11184
11007
10999
10892
1774
11181
1631
1684
10950
10757
1520
10836
1717
10902
10904
10745
1639
11131
1619
10871
10709
11252
1570
10828
10990
11161
10774
11049
11179
10923
1541
1773
1556
11059
10878
1605
1737
10893
11010
11074
10957
10708
11259
1755
10735
10762
11097
11112
10755
10772
10912
10731
11193
1647
10943
10945
11056
11071
10867
11174
1726
1654
10877
10819
1614
10868
1568
1750
11239
10779
1604
11104
11211
1544
10753
1689
10826
10751
1701
1641
10814
11372
11110
1521
11218
11044
1531
11009
1534
10816
11107
1677
1508
10987
1553
11185
11018
11306
11186
1672
1653
1752
10920
1709
1620
10858
1784
10820
1797
1626
11117
10849
1507
10895
11214
10875
11338
11343
10860
1687
1530
1793
11078
10732
11391
1504
11396
10792
11329
1625
11243
1662
11324
1542
11099
1678
1622
1550
11068
11103
11200
1589
1683
11206
10993
1536
11349
11021
10767
10733
11003
10831
10845
11301
10906
10736
10932
10801
1719
10800
11050
11101
1576
10843
11336
11081
11012
10896
10962
11264
10942
11208
1707
11060
1698
1783
10835
10866
1830
11855
12000
1832
11728
11851
11617
11429
1858
1842
11408
12008
11683
11870
11416
1893
11878
11957
11444
12021
11503
1968
2012
12047
2091
11461
2014
11714
11682
11782
11943
11857
1892
11586
11700
11501
1836
11578
1903
12098
11937
11560
11687
2063
11606
11945
11929
11524
1845
1913
11627
12086
11983
11528
11608
1928
2037
11679
11684
11681
11952
11514
12063
11639
11551
2018
11512
1908
11432
11402
2034
11850
11933
11421
2081
11638
12036
11979
11809
11771
11651
11860
11502
11616
2044
11958
11412
11874
2032
11973
2019
11522
11653
11629
12020
11891
11803
11918
11495
1989
12025
11533
1922
11961
11882
2084
1933
12097
2024
11879
11434
11485
12040
11487
12069
11877
11448
11477
11596
11576
11848
1804
11760
2035
11796
1805
1808
1998
11959
1927
1822
11940
2051
11525
11897
11865
11907
12034
2027
11758
1807
2059
1937
1934
11840
1988
11572
12054
11540
11413
11946
12023
11612
11987
11836
12006
11769
11641
11486
2086
11862
1827
11654
11839
1962
11663
11775
11859
11904
1953
2077
11536
1837
1963
1859
11500
11912
12077
11888
11750
11459
11873
11779
1956
11575
11810
11737
11730
1844
12010
11463
11605
11903
11633
11732
11729
11454
2036
11757
11447
12091
11785
11680
1856
11838
11529
11507
1860
11610
11756
11697
1935
11744
11726
11462
11792
2089
11515
11793
11801
11523
1978
11739
11685
11583
11847
11591
12068
11632
12043
11935
1941
11916
11573
11566
2047
11706
11601
12084
11621
1973
1814
12028
1815
11867
1823
11628
11923
11694
11475
12075
12073
11696
11731
11659
12058
11908
11791
11445
11852
1929
11460
1838
11787
12032
2033
11994
11914
11741
2064
1850
11786
1930
11570
1818
11614
1976
11743
1916
11442
12059
2068
11435
11674
2030
1880
11999
11647
1840
11846
11443
2039
11704
11554
11822
11422
11541
11553
11715
12050
12142
12214
12149
2212
2303
12145
12301
12410
12368
2178
12682
12373
12562
12315
12768
12763
2232
12739
12593
12240
12718
12404
12421
12795
12196
2233
2199
12453
2237
2215
12426
12405
12209
2324
12215
12167
12339
12428
12141
12385
12746
12216
12173
12548
12367
12679
12416
12782
2198
2105
2394
12163
2342
2346
12634
12460
12752
12120
12708
12121
12511
12399
12445
12559
12681
12295
2107
12423
12170
12673
12747
12219
12613
12798
12750
12224
12184
12683
2307
12488
12489
12542
2327
12438
12523
2357
12748
12554
12702
2181
12543
2348
2315
12614
12521
2208
2238
2207
12558
12296
12127
12655
12563
12647
12448
12481
12641
12579
12277
12792
2214
2363
12372
12560
2106
2270
2316
12482
12694
2386
12115
12478
12281
12409
12442
12495
12406
12275
12254
12674
12188
12436
2218
12726
12696
2188
12348
12527
12160
12352
12325
12261
12432
12109
12262
12604
12375
12205
12567
2234
2311
2305
12190
12274
12324
12659
2230
12474
2317
2350
12780
12775
2204
12497
12364
12304
12565
12334
12202
2111
12669
12271
12255
2110
12725
2308
12230
2309
2250
12354
12622
12458
2281
12598
12577
12419
12767
2241
12607
12237
2185
12407
12289
12479
2124
12388
12408
2390
12781
12534
12574
2146
2115
2398
2173
12133
12707
2301
2196
12699
2294
12293
12538
12331
12389
12326
2293
12585
12193
12260
12774
12688
12740
2231
2213
12785
12637
12286
12268
2235
12392
12728
12250
2117
12123
2126
2144
2275
12509
12611
12620
12148
2269
2209
12357
2104
12452
12591
12736
12313
12103
12471
12672
12595
2314
12541
12280
12194
12571
2392
2355
12204
12573
12706
12733
12594
2337
12621
12677
12476
12738
2261
12711
12439
12719
12759
12522
12503
12425
12183
12517
12345
2220
12732
12420
12258
12126
12314
2103
12443
2179
12162
12329
2291
12398
2289
12532
2102
2385
12628
13309
12887
12861
2439
2448
12960
13447
2609
12947
2511
2538
13493
2563
13363
13119
2608
2512
13115
13364
13171
13315
13486
12950
13116
13004
12908
13045
2515
13170
13394
2494
12979
2437
2433
13221
13403
13089
13337
13066
2446
12911
2667
12961
12977
12931
12802
13227
13284
12957
2484
13469
13015
12834
13372
13129
13058
13178
2696
13093
2597
2680
13419
2451
13095
13017
2452
13344
12809
13263
2482
2426
13127
2596
2575
13176
13182
2475
13169
13267
12919
12825
12933
2641
13291
2677
12989
2408
13357
2481
13163
13158
2629
12942
13019
13408
12936
13051
13393
2642
13028
2490
2503
12840
13272
12992
12939
13202
12956
13471
2614
2617
13223
2572
2679
2622
2525
13405
13204
13443
2469
13087
12855
13007
12869
13468
13418
13481
2638
2533
13040
13427
13449
13026
13131
2576
12854
13249
13124
12875
13491
13077
2599
2531
2611
13047
12913
13413
13102
2508
13339
13175
13244
12993
13186
13150
2635
13064
2519
13187
13205
13269
12948
12974
13020
13025
12805
13304
13485
13076
13420
12996
2591
13220
13153
13206
12800
13488
13280
13482
2627
2636
2624
2455
13238
13114
13200
13463
13075
2644
13455
2528
13090
12857
12949
12982
12856
13366
13160
2639
2486
13464
13472
12990
13359
13059
2527
12986
13041
13005
13275
12817
2458
13203
2400
13301
13495
13097
13218
12915
12981
13346
13079
13190
13434
2412
2544
12910
13459
2411
13336
13322
13062
2472
2566
2554
13022
13373
12821
2648
2479
13274
12838
2666
13232
13148
2517
13386
13010
12995
2417
13152
12891
2421
2623
13369
13395
13118
13260
13104
2427
13321
13247
2565
13262
2686
12916
13499
13380
13293
13470
13254
2541
2416
2571
12952
2409
13311
12823
13446
2618
2509
13105
13207
13412
13234
13457
13474
2449
12962
13466
13370
2476
13179
13086
13136
12969
12845
13375
2491
12994
2739
13929
13697
13856
14149
13789
13604
13518
14091
2764
13682
2994
2810
2953
2992
13624
13706
14021
14186
2715
14130
13909
14015
14182
2805
2980
14116
2951
14060
14064
13732
2867
2756
2794
13607
14197
13937
13982
13978
2933
13807
14103
14023
13838
13913
2863
13742
13757
13923
2905
14189
13708
13908
13561
13944
13691
13688
13741
14163
2954
2976
13831
13769
13991
14162
13858
13971
14079
2973
13901
13969
2755
14044
13621
2974
14087
14020
13595
2710
14178
2937
2907
14040
13704
14001
2921
13986
13743
14099
2844
13748
13798
13840
2780
14155
13598
13796
13811
13770
13781
13939
13956
13710
14109
14056
2737
14097
13509
2841
13755
13800
13655
14008
14019
2854
2853
2893
14110
14179
13876
13791
13863
13952
13711
13542
14107
13573
14084
2898
13871
2797
13594
13810
2839
2993
13911
13546
14196
2848
14119
13802
2928
2888
13588
13749
13668
13948
13617
14118
14049
14157
13720
13886
2796
2961
14012
2833
2843
14022
13984
13849
13669
14018
13867
2753
2878
2984
13951
2713
13912
14191
2991
13653
13725
2834
13629
2914
2870
2906
14129
13783
2930
13539
14165
2718
13671
13820
14072
2789
2767
14070
13752
14152
2945
2754
14194
2840
13792
2758
14058
13761
2750
2861
13609
13674
13517
13870
13955
2966
2837
13930
2763
2910
13529
2982
2788
2742
13844
14098
14037
13889
13512
14059
13880
2895
14174
2855
13538
2934
13882
13576
2917
13716
2761
13988
2813
14089
2830
13591
2769
13941
14010
13566
13614
14092
14007
14096
13707
2778
14102
13728
14111
13717
13896
13694
13799
13620
14002
2770
2752
2983
13936
13888
14113
13899
2944
14123
2700
14034
13766
2748
14153
13745
13864
13834
2862
2955
2823
14045
13665
14195
2705
13868
13964
13859
14161
13852
2723
13906
2726
13813
2882
13736
14076
13797
13846
2889
14167
13981
2731
14685
14492
14712
14683
14236
14637
3296
14837
14425
14233
14369
14755
14769
14404
14786
14800
14824
14419
3210
14515
14228
14478
3156
3024
3004
3017
14774
3170
3183
3108
3116
3230
14754
14860
14359
14775
14266
14686
3174
14606
14858
3218
3271
14254
14814
14641
14720
3022
14550
14291
14638
14390
14568
14294
14333
14612
3117
14270
14210
3025
3280
14412
14868
3161
14475
14231
14676
14607
14508
3256
14271
14594
3207
14706
14523
3231
3059
14680
14734
14405
14536
14268
14610
14825
14310
14448
14761
14635
3147
14535
3083
3076
3096
14224
14314
14673
14862
14408
3272
14459
3178
14307
14772
14677
14570
3069
3254
3208
14255
3097
14328
14666
3284
3262
14472
3260
3048
14503
14621
14447
14831
3270
14506
14672
14644
3042
3093
14701
14636
14863
14468
3180
14604
14762
14571
14518
14466
14766
3087
14374
14867
3041
14833
14569
14248
14615
14274
3152
14809
14530
3288
14490
3151
14740
3285
14460
14339
14462
14473
3242
14554
3052
14632
3050
3282
14851
14431
14215
3194
14388
3062
14429
14411
3137
14426
14732
14258
14235
3190
3043
3214
3028
14882
14534
3016
3008
3279
14439
14620
3255
3266
14804
14879
14250
3235
14888
14386
3118
14393
14267
14591
14389
14653
3168
14894
3103
3114
3131
14582
14821
14238
3113
3099
14608
3102
3040
3021
14399
14681
3249
3187
14593
14796
14603
3236
14262
3070
14682
3110
14375
14836
14897
3219
14531
3144
14317
3142
14853
3049
14875
14505
3006
14876
14736
3258
14548
14895
14430
14355
14323
14650
14884
14899
14719
14661
3065
14628
14288
14290
3106
14302
14497
3277
3291
14857
3250
14463
3044
14556
3146
14648
14217
3293
14440
14427
14771
14438
3023
3007
14642
14589
3290
14456
14741
14726
3039
14420
14510
14788
14483
14269
14721
3198
3227
14370
14485
14306
3240
3238
14261
15186
15341
15408
14999
15183
3504
3571
15457
14906
3359
15040
3400
14933
15234
15076
3329
15303
15424
15245
3307
15029
3432
15019
3451
15345
15043
15306
3493
3581
3302
3348
3357
14997
15112
15131
15541
15374
3453
15247
3378
15580
3321
15302
15335
15368
15139
15585
15215
3301
15176
14932
15564
15589
15193
15091
3340
15268
15450
15458
15185
15378
15027
15436
3465
15032
15485
15016
3532
15217
15429
14917
15427
3303
15576
15475
15459
15127
15392
15363
15297
3420
15194
15318
3562
15212
15465
15137
14950
15480
15444
15216
15414
15124
15551
15104
15488
15265
15047
15499
14954
3423
3568
3389
15371
15379
15415
3338
15051
3328
3344
3505
3527
15037
15546
14988
3528
15432
14927
3590
15521
3388
15594
3405
15387
15232
3366
3549
3368
3471
15310
3459
15239
14977
15385
15572
15180
15105
15575
15223
15165
15182
14979
15406
3401
15484
15423
15111
3496
15555
15550
15203
15092
15012
15568
3322
15121
15493
15309
15125
14944
3448
14928
15174
15421
15144
15558
15074
15477
15351
3437
15526
14998
3501
3489
14900
3312
14982
15349
15512
3363
3479
3542
15362
15321
14909
3515
15358
3408
3514
3324
15554
3464
15169
15100
15286
14956
3552
15246
15304
15389
15288
14925
15426
3589
15045
3323
3409
14907
3371
14921
3596
3584
3375
3398
3533
3390
15142
15324
15584
3582
3461
3313
15035
14972
15407
15009
15049
3458
14960
3369
3523
15390
15002
15583
15456
15181
15117
15120
15143
3429
15543
14941
15230
15266
15221
15388
3370
15317
15339
15199
3588
15094
15557
15566
3304
15295
15498
15452
3415
15209
3564
15253
15098
3543
15494
3541
15071
14910
14992
15567
14913
15269
3462
15527
15146
15141
15559
15259
15416
3435
15205
3380
15264
15163
15597
3565
14930
15160
3594
3473
3499
3354
15062
15299
15338
15082
15552
14964
3430
15565
3794
15958
3842
15822
15821
3845
15927
15789
3806
16146
3875
15658
16144
16165
16100
3690
3771
3679
16127
16145
3739
15943
15986
3691
15948
15966
3899
15672
16229
15613
16050
16158
15701
3734
15686
15795
16183
15691
16295
15719
15721
16137
3629
3697
16257
16286
15801
16056
16076
15885
15687
15899
15918
16197
3727
16057
15910
15604
16297
15903
16142
16079
3669
16167
3749
3795
3706
3889
15934
3748
16226
15776
15777
3850
16200
15755
15615
3787
16221
16234
3733
16287
16202
3893
15698
16163
16077
3622
15878
15967
3817
15932
15674
15891
16247
15689
3630
15638
15695
15829
3602
15669
15661
3680
15971
16201
16250
3638
16015
16181
16156
16047
15741
15935
3827
16087
3815
16274
15839
16083
15623
15965
3666
3631
15725
15995
16168
15799
16006
16092
15722
3645
16198
15901
15983
15736
15815
16096
3601
16089
16186
3738
15676
3836
15837
16126
15732
3826
16254
3822
15988
15738
3813
3774
3783
15916
15765
16235
3708
15792
16150
3860
3709
16069
15791
3675
3664
16242
16275
3793
16273
16166
3751
15917
16277
3810
15951
15929
16085
15712
3607
15972
3828
3762
3693
3874
3652
16028
3894
16258
15942
16025
3683
16002
16284
16217
15928
15969
3756
16239
15893
15709
16036
15780
3644
16282
15938
15976
16259
3747
15906
3818
16040
15753
16031
16227
15956
15762
15642
3677
15859
16231
15734
15764
3841
15649
15981
15944
15675
15743
16176
3885
16238
16240
16058
15858
3770
16177
15790
3729
3659
3637
15786
15997
15779
15843
15716
16005
15628
3782
15819
3723
15608
16151
3682
16067
16180
3717
16279
15611
16141
15946
15646
16048
16153
3800
16190
16298
3805
3759
15696
16107
16291
15905
3634
15883
15756
15807
3861
16074
3803
3687
15606
16280
3635
15652
15881
3688
16170
15984
16289
16215
15923
15894
16065
15907
16243
16232
15678
15752
4050
4162
16671
16672
16346
16319
16331
16777
16822
4113
16320
16886
4077
4076
4055
16870
16666
16883
16796
4046
16355
16665
3914
16944
16980
4007
16414
16963
16946
16676
16333
3924
16943
16630
16578
16471
16826
16767
4061
16906
16415
16940
16565
4154
16669
16749
16984
16616
4190
16686
16467
4059
16487
4043
3953
16525
16718
16893
16818
3945
16510
16385
16554
16938
16588
16978
16729
4047
4193
16395
16770
4029
4060
16690
16945
4083
16877
16956
4018
16785
4194
16383
16500
16373
3929
16651
4090
16322
16398
16519
3961
3962
4009
16494
3976
16582
16921
16595
4122
4074
16740
16990
16864
16307
16820
3937
3941
3922
16336
16824
4042
16784
16828
3952
16513
16719
16829
16895
16359
3975
16356
16470
16312
16364
16673
16914
4054
16799
16872
16350
16850
16512
4179
16833
16798
3968
3960
16889
4019
16626
16363
16511
16773
16841
16445
3984
16854
3986
16869
3973
4152
16853
4146
16378
16501
4035
16360
16462
16600
3902
16425
4150
16814
16755
16781
4004
16420
16972
4066
16714
16819
4057
16302
16503
16374
16342
16341
4027
4084
16838
16757
16982
4091
16422
16897
16691
4104
16508
16698
16722
16387
16429
16604
16929
3990
16408
16436
4058
16453
4037
16480
16685
16441
16708
16634
4132
16641
16905
16745
16995
16637
16316
4131
16947
16681
16437
16751
4197
16865
16717
4099
4085
16849
16988
16555
4148
16561
16485
3907
16526
16840
16726
16844
16996
16976
16923
16664
16951
16758
16711
4124
16615
16973
16330
4105
3939
4151
16658
16650
16589
16394
16614
16311
16454
16576
16769
16815
16639
4145
16475
16712
4039
4115
16516
16768
16753
16610
16497
4142
16603
4187
16899
16783
16326
3906
4013
16922
16842
3950
16317
16837
16488
16857
16792
16409
4136
3928
4005
16371
16629
16522
4191
4094
16791
4063
4181
3967
16431
16514
16794
17348
17021
17604
4270
17530
17173
4299
17148
17090
17278
4295
17063
17123
17572
4446
4487
17076
17285
4381
17201
4332
17556
17325
17269
17349
4469
17094
4362
4248
17494
4210
17466
17129
17047
17174
17214
17423
4249
17431
17096
17554
17631
17301
17678
17297
17399
4396
17643
17009
17205
17289
17676
4410
17596
4328
4389
4424
4263
17057
4443
17075
17058
4337
17111
17535
4419
17298
4349
17284
4262
4303
17496
4284
17084
17472
17366
17478
17485
17155
17356
17259
4430
4445
17404
17231
17368
17213
17605
4300
4255
17371
4252
17311
17050
17238
17000
4407
17159
4277
17304
17286
17207
4370
17473
4480
17519
17151
17661
4481
4461
17255
4265
17511
17633
17539
4417
4437
17477
17438
4425
17506
17081
17517
17389
4216
17071
17176
17435
17273
17638
17683
17100
4438
4482
4203
17035
17495
17666
17598
17514
17164
17198
17327
17606
17442
4287
4491
4483
17433
17209
4387
17660
4470
17470
17196
4414
17607
4442
17450
17480
4215
17364
17003
17626
17337
4238
4495
17340
4246
4431
4352
17299
4340
17558
17469
17377
17398
4434
17547
4428
17029
17573
17534
17160
17507
17015
17578
17154
17639
17658
17016
17258
17439
17186
17302
4250
17137
4346
17684
17116
17429
17382
17551
17504
4264
17697
17267
17254
17609
17012
17564
4266
17483
17014
17346
17641
17365
4288
17591
17277
17268
4464
17056
4269
17280
4399
17308
4375
17166
17242
17300
17693
17143
4281
17121
17640
17247
17036
4275
17481
4331
17199
17250
4311
4422
4227
17424
17497
17601
17046
4347
17069
17344
17227
17044
17177
17492
17686
17592
17322
4232
4390
4209
17671
17403
17153
17130
17109
4379
17170
17667
4225
17329
4282
4286
17033
17465
4459
17550
17655
17412
4222
4329
17246
17549
17039
17020
17233
17345
4415
17425
4394
17674
17555
17355
4426
17357
17484
17185
17183
4695
4549
4762
4693
18118
17735
18121
18164
18351
17927
18346
17872
4684
18362
18189
18254
18119
18285
18332
17834
4712
17950
18092
18205
4685
18387
18177
4599
18314
17920
18300
17876
18215
4728
18220
18127
17993
17896
18088
18030
4686
17935
17968
4555
18242
18295
4758
17762
4567
17855
17951
17824
18297
18296
18268
18011
18087
4729
18236
4657
17914
17854
4732
4773
4670
18326
18135
17889
18230
18159
18063
18340
18343
17931
4745
4656
18302
4617
17870
18396
17713
4779
4573
17891
17862
17727
17792
18244
4663
18218
17817
17782
4530
4632
18190
18157
4700
4603
17796
18081
18281
4763
4613
18217
17809
4536
17964
18174
4581
4589
17704
18289
18022
18369
4770
4553
17754
17846
18239
4572
4623
17848
18041
18017
17913
17742
4772
4734
18185
4611
18321
4520
18155
18147
18001
4586
18361
18371
17982
17778
18145
18288
18345
18394
17907
4546
17990
4512
18271
4721
17852
17856
18307
17883
4642
17779
4733
18144
18169
18182
17822
18191
18201
4791
17992
18010
18052
18028
4678
18319
17740
17791
4690
17808
18093
17867
4594
4544
17728
17802
4756
4761
17769
18058
17978
18317
4521
17956
4641
4720
17825
18203
4797
17759
17940
17760
18272
18378
17917
4633
18066
4782
4680
18059
18357
17785
18125
18016
17710
18323
17826
4645
17701
18044
18161
18283
4744
18241
18153
4625
18336
18376
18232
18212
18033
18046
17801
18380
18193
18306
18277
17812
17750
4799
18096
17724
17957
18308
18076
17770
18168
18175
18247
4737
18388
4636
18106
18228
4798
4506
4659
18082
17744
17788
4648
18197
17901
18037
4517
4796
18305
17960
4667
18000
4552
18335
4793
4502
18143
18178
4570
4699
17949
18015
4550
18108
4630
17863
17738
18172
18223
18350
4755
18023
18248
4612
18367
17908
17737
4775
18120
4750
17777
18341
17875
4568
17892
18126
18293
4558
18772
18535
4924
18731
18648
18596
19047
18808
18658
5096
18590
4866
5024
19024
18621
18662
18869
18511
5049
19018
18735
18537
18886
18573
5064
18446
18563
18724
19077
19002
4983
18437
18803
4804
18485
18463
18887
4978
4846
18948
18671
18470
5019
5048
18911
5075
18474
4811
19032
5008
4848
19027
19004
18889
4994
18759
5029
19025
4871
4918
18468
18710
4821
4914
4967
18946
18863
18407
18441
18702
4847
5032
4885
18506
18400
19065
4823
4905
19033
18878
18472
4928
4872
4807
18923
19073
18510
18822
4843
18508
18974
18844
18416
4858
4984
5085
19008
5093
4899
5062
18783
19043
18760
18439
18450
5037
19019
18599
4921
4873
18913
18771
18533
5059
18841
18981
19016
18401
4959
4889
18575
18838
18768
18942
4887
18937
19068
4976
19058
18871
18411
18825
19094
18751
19026
19098
19048
5001
18798
18514
19072
18722
18465
18408
18814
18601
19092
4835
18763
18513
19084
18930
4870
19028
18607
19037
18649
18471
18565
18880
18689
5076
18993
19020
18881
18482
18744
18752
19011
4818
5065
18832
18892
18665
18840
18569
19050
18538
18988
4893
18740
18794
4841
5054
5025
18734
18917
18656
18539
5060
4903
5031
18811
18875
18489
4972
18523
18591
4915
4839
18957
18939
18954
18984
4997
4988
5072
5094
18526
18831
18602
18874
4970
5017
18422
18835
4975
18924
4933
18801
18436
18525
5066
18862
18958
18824
18548
19069
18817
5089
18890
18843
4931
18757
18672
18708
18594
4992
4897
19044
18557
18681
18944
19006
18737
18542
4957
4831
18933
5079
19009
19054
19053
4815
18598
18999
18679
18522
18726
18773
4929
4925
5002
18975
19051
18595
18815
18618
18587
18567
18765
5083
18503
5027
18466
19086
4966
18704
18449
18857
4942
4910
4832
18675
4945
18638
18738
4838
19083
5016
4962
18719
18709
18578
18728
5082
18666
18432
18637
4913
19770
19715
19161
19248
5189
19133
19716
19202
19453
19373
19636
19364
19421
5144
5351
5331
5319
19523
19304
19594
19482
19295
5196
19315
5291
19582
5348
19615
5277
19100
19565
5382
19197
19678
19311
5341
5298
19191
5176
19358
19652
19577
19287
19434
5239
5167
19736
19237
19176
5134
19297
5238
19418
19592
5203
19468
19490
19611
19718
5142
19450
19485
19271
19175
19423
19352
19469
19106
19631
19387
19728
19250
5281
19707
19465
19754
19446
19743
19632
19730
19221
19458
19346
19377
19338
19567
19280
5193
19489
5212
19336
5233
5222
19113
19487
19459
19348
19573
19641
19222
19239
19255
19420
5308
19518
19137
19310
19534
5270
19720
5205
19493
5191
5292
19765
19690
19253
5108
19110
19757
19214
5154
19435
5130
19125
19266
19400
19107
19157
19589
5339
5218
19664
19158
19229
19612
19124
19529
19633
19614
19159
19454
5345
19461
19163
19579
5369
19193
19196
19408
5384
19225
5324
19261
19360
5320
19277
19586
5152
5215
19368
5123
5271
19500
5266
19517
19449
5234
5309
5372
19741
19723
19729
5302
5230
19238
19561
19635
5174
19557
5162
19362
19442
19600
19284
19590
19474
19706
19374
5240
19658
5357
5346
19547
19713
5112
5204
19444
19366
19142
19429
5288
19484
19725
19201
5213
5336
19665
5321
5312
5383
5375
19688
5113
19182
19307
5303
19771
5173
5269
5188
19127
19241
5104
19230
5185
19680
5260
19764
19345
5158
19463
19333
19122
5280
19104
5344
19405
19464
19233
19290
19799
19269
19619
19428
19609
19496
19382
5190
19306
19505
19251
19246
19721
19475
5265
19139
5200
19700
5359
5227
19289
19146
5354
19447
19581
19232
5310
5353
5268
5135
19283
19661
19383
19740
19637
19258
5284
19118
19162
19259
5262
19411
19520
19587
5305
5148
19598
5186
19327
19792
19215
5323
19252
19416
19727
5377
5197
5317
19296
5432
20428
20192
19803
20226
20364
20172
20066
20182
5652
20195
19899
20206
5531
20065
5587
20147
19882
5460
5417
19919
20404
20081
19996
20425
19949
19910
20350
19987
5404
20396
5687
19986
19848
5418
20465
5677
5413
20200
20085
20261
20480
20330
19812
19895
19864
5601
20212
20112
19846
5425
20108
5645
19989
5639
20328
19924
5430
20162
20345
5615
5444
20438
19835
20288
5590
20435
20157
20231
19991
20401
20380
20067
5522
19942
19909
5556
20164
20014
20474
5462
20306
20335
20146
20420
19999
5428
20446
5551
5586
20090
19920
20359
20166
20353
5440
5489
20199
20358
20177
20025
19922
5416
5643
20223
5681
5585
19828
19894
20460
20243
20498
20070
20241
20189
19890
5498
19807
19826
5558
5406
20204
20100
20216
20176
20348
20160
5427
20072
5478
20421
20315
19902
19845
5468
19815
20418
5662
5634
5550
19844
5688
5649
5559
20121
5682
20296
5570
19816
19926
5480
20496
20235
20203
20400
19915
20302
19870
20154
20080
19883
20320
20050
5517
20175
20447
20494
20477
20479
5685
20439
20098
20305
19907
5472
5474
20325
19925
20419
5642
20433
5602
20257
20106
19995
5663
20218
5505
20120
5699
20371
20230
20373
5497
20082
19929
20249
5447
20456
20478
20111
19871
5572
20240
5435
5626
19956
5569
20432
5676
5536
20324
5673
19863
20301
19877
5597
5452
20292
5591
20150
5631
20119
20441
20399
5410
19901
5603
20086
20280
20329
19802
19973
19959
19862
19977
20473
5637
5606
19947
20264
5451
20271
20024
5437
20228
20387
20443
19820
19905
20349
20475
20281
5574
20312
5584
20188
5403
5653
20263
20398
20268
20010
5459
20186
20283
5400
5573
20416
5545
20372
5466
20105
20381
5618
5514
20139
19813
20254
5621
5628
20078
5612
20128
5493
20110
5607
20331
5475
20426
19908
5401
20043
20151
20495
19881
20318
5648
20035
5513
20854
20776
20968
20728
20894
5731
5845
5816
20609
20677
20963
5853
20738
20607
5834
20700
5838
5706
20587
5926
20802
20510
21025
20941
21007
21081
21181
20518
20592
21104
21191
5705
5761
21155
5730
20780
20574
20843
21134
5792
5847
20584
20619
21163
20928
5742
20812
20549
21192
20922
5781
20916
21079
20766
5765
5872
20931
21141
21001
21157
20691
5805
21046
5860
5999
20734
20637
20993
5980
20827
5717
21058
20798
5914
21130
20964
5842
20604
20558
5929
21028
20702
21024
5902
21138
20919
20787
21027
20971
21037
20635
5924
21015
5967
20666
20684
5919
20988
20563
20875
20561
20907
20669
21031
21071
21179
20865
21139
20517
21127
21174
21169
20848
21170
5743
20857
5958
20630
5939
5760
20594
21103
5776
20917
20569
20515
20820
20767
21108
5811
20855
20546
20786
5812
5887
21110
5788
20824
20503
21186
20617
21080
21083
5867
21065
20564
21077
5868
20817
20539
20983
5973
20508
5904
20633
20861
20900
5859
20523
20910
20908
20779
5814
21022
21145
21178
20918
20727
5875
20975
20921
5713
5986
5943
20957
20805
21041
5911
20735
5910
20942
21176
5735
5828
20792
5715
20578
5747
20845
20778
20852
20838
5733
5822
20949
20657
21106
5907
20760
21032
20915
20662
20793
20840
21147
21012
20888
20803
20656
21140
21056
20977
5840
20739
20835
20847
20874
5851
20670
20620
5963
5841
20682
20762
5729
20864
21196
21195
20978
21137
5723
21156
5940
21067
20788
20719
21075
5930
20697
5736
20626
20796
20726
20890
20895
20554
5855
20830
5802
5791
5810
21084
20867
5793
20986
5712
5889
5726
20892
5796
20553
21026
20829
20893
21087
21112
20953
20541
5977
20524
20552
21010
5948
21161
21039
5888
5865
20643
20672
21070
20860
20580
21113
20765
20650
20627
21092
21184
5956
21159
20725
5885
21189
20970
20927
5806
20960
5876
5767
5857
21284
21625
21486
21800
6220
6205
21468
21420
21685
6015
21324
6259
21256
6213
21761
21572
21334
6000
6206
21338
6211
6114
6268
21220
6030
21341
21854
6226
21333
6165
21752
21398
21230
6274
21464
21786
6246
21687
6189
6025
21570
21741
21888
6225
6257
21824
21259
21461
6230
6135
6029
21509
21448
21617
21845
6002
6149
21797
21806
21467
21454
21516
21522
21798
21573
21385
6034
21425
6181
21883
21652
21690
21631
21253
21295
21891
21677
6234
21777
21778
6040
21790
21700
21520
21286
21586
21721
6258
21523
21211
21466
21534
21396
21726
6284
6016
6292
21749
21375
6128
6250
21564
6140
21444
21728
21801
21601
21664
21514
21485
21668
21713
21611
21494
21361
21841
21817
21697
21325
21704
21702
6158
21600
21390
6060
21880
6072
21515
21521
21804
21387
21428
21502
6066
6282
21825
21651
21795
6219
6077
21720
21793
21574
21581
21540
6026
21733
21693
6233
21602
6190
21836
6266
6235
21711
21411
21327
6061
21803
21706
21368
6054
21498
6031
21656
21346
21272
6023
21246
21719
21413
21415
6053
21247
21352
21492
21331
21634
21531
6001
21427
6215
21244
6094
21696
21526
21303
21732
6121
21345
21206
21269
21597
21418
6125
6122
21628
21204
21751
21473
6098
6148
21357
21858
21225
6075
21260
6290
21620
6081
6004
21232
21760
6144
21217
21449
6038
6296
21404
6145
6175
21642
21787
6222
21216
21293
21580
21482
21490
21865
21321
6289
21740
21544
6192
21281
6224
21369
6074
21356
6033
21496
21200
21422
6068
21832
21309
6005
21559
6019
6161
21549
21205
6191
21371
21282
21579
6299
21788
21698
6265
21306
6059
6204
21757
6070
21722
21374
6193
6221
6174
6227
21271
21780
21433
6159
21495
21439
21233
21633
21362
21618
21647
21402
21446
21409
21432
21508
6009
21575
6042
6058
21607
6182
6237
21835
21629
6083
21750
21877
22405
6317
22136
22131
22201
22141
22077
22371
6438
6394
22538
21931
22377
21969
22031
22418
21923
22016
21994
22425
22518
22177
22505
6398
21936
22273
22529
6366
6435
6486
22528
22029
6445
6416
22596
22495
22314
22407
22551
6341
6459
22144
6541
6487
6587
22025
22080
22533
22116
22298
6594
6316
6561
22302
22180
22008
22299
6336
6369
22436
22146
22333
6388
22573
22399
22228
6337
22112
22569
21997
22556
6555
22567
22454
22394
21935
21984
22257
6499
22584
22216
22041
22104
22088
22489
21965
6535
6318
21982
6461
22426
22566
22586
22502
6527
21962
22517
21927
6500
22570
22135
22132
22106
22453
22139
22334
22204
22369
6302
6367
21921
22078
6597
22251
22469
6439
22242
6431
6471
22356
6510
22491
22256
22338
22432
21980
22315
21942
22508
22287
22024
22366
22240
22045
6557
6363
6413
22487
22274
6517
22318
22513
22427
6524
21901
6479
22267
6410
22281
21928
22388
21917
6452
6589
22117
22471
22060
22509
22082
22563
6511
22565
22218
22071
22435
22154
22092
22527
22056
22431
22275
22348
22465
6583
22259
6308
22337
22354
22241
22442
22036
6497
6550
22007
22558
6314
6352
21974
22598
6489
22305
22039
21947
6545
22129
6345
22419
22344
22359
22520
6454
22331
22349
6397
22568
22443
22124
6326
6549
22017
22326
22402
6368
22363
22470
6407
21905
22156
22309
22294
6406
22543
6376
22148
22066
6537
22544
6580
22096
21957
22480
22422
22355
21912
6321
21934
22536
22507
6340
22532
21993
21992
22026
22047
6575
22009
22234
22048
6426
6466
6333
22254
22236
6453
6484
22268
22589
22073
22238
22416
21970
22021
22159
22012
21991
6504
22506
22164
6552
22053
6401
22330
22283
22157
22292
21911
22143
22313
22577
22202
22015
22578
22190
22574
22375
6384
22037
22113
22220
22232
22310
22552
22445
21953
22186
6430
22546
22000
6428
22311
6877
23071
6858
22974
22779
22639
23072
22619
22680
23259
6754
22722
22990
6631
22892
22868
23043
6690
22849
23291
6663
6753
6672
23149
23226
6893
22735
6674
22738
6647
23116
6776
22691
6874
23287
6795
22969
6618
23084
6815
6639
22616
22804
23128
23275
6880
23076
22605
6684
6648
22759
22996
23260
22941
23282
22710
6638
23120
23110
22841
22613
22786
23155
22683
23101
23194
23073
22618
23283
22732
6823
22827
22960
22822
6778
6702
22819
22610
22863
22642
6809
22870
6691
22688
6844
22701
22993
23094
22768
23298
23105
22811
6633
23231
23225
6896
23256
23085
22604
23146
22951
6757
22638
6643
6699
23115
23062
23106
22885
23181
22620
6624
6669
22813
22946
22972
22796
22986
6654
23077
6641
6758
6676
23215
23112
22878
6839
6759
6628
6735
6817
22706
6687
22671
6891
23014
6627
6726
23119
23078
23100
23208
22873
6603
23214
6739
22606
23049
6645
22668
22684
6813
22753
22932
6731
23137
6769
6700
6634
6694
6892
22900
6613
6831
22669
23189
22867
6786
23050
6789
23011
22601
22886
23168
6796
22965
22912
22899
6695
6765
22988
22908
22743
23244
22848
22702
22977
6626
23109
22994
22799
23274
22818
22631
22914
6832
23197
23080
23212
23232
6820
23258
6611
6760
23017
23265
6812
22884
22673
22823
23293
23009
22874
23134
22614
23271
22821
22771
22879
23238
22978
22705
6873
22609
6816
6794
22810
6725
6615
23099
23199
6689
23138
23125
22815
6879
6683
22718
23243
23091
22693
6827
22749
6756
22880
23150
23003
23067
22712
6696
6632
23046
22769
6898
6787
23294
22859
22901
6802
22744
23121
22881
23016
22760
6871
22997
22729
6742
22766
22831
22747
6869
6825
6730
22750
6716
23193
22872
6653
22928
22644
22851
22726
22979
23060
22780
6635
6680
22697
23216
22751
23124
22942
23278
22918
6705
23276
22789
23249
22756
23380
23913
23479
23725
23999
23771
23384
7064
23915
23726
23884
23974
23469
7104
6917
7079
7176
23329
6959
23680
7130
23748
7187
7093
23403
23729
23643
23437
23374
23910
23568
23419
7004
23641
6916
6929
23828
6960
7073
23848
23785
23324
7047
23491
23501
7150
23792
23938
7068
23942
23779
23786
23900
23689
7025
7091
23738
6987
23685
7102
23975
23375
23497
23742
7021
23930
23528
7026
23780
23467
6902
7111
6983
23318
7063
23566
6966
23740
7038
23969
23546
23635
23509
23521
6986
23887
6927
23391
23816
23434
23490
7151
23869
23994
23612
23934
7167
23614
7101
7027
7153
23995
23356
23856
23835
23852
23946
23980
23611
23860
23358
23875
23453
23310
23562
23663
23646
23337
23616
23511
23558
23350
23506
23681
23722
7096
23881
7041
7013
23677
23815
23314
23621
7123
7074
6993
23688
23448
23972
7099
23622
23430
23449
23367
23886
7195
6952
23782
6992
23345
23351
23564
7165
7103
23598
7199
23807
23581
23651
6924
23960
23352
7117
23317
23973
23507
7044
7042
23308
23867
23838
23481
23781
23958
23736
23918
23839
23668
23364
23482
23454
23455
23372
23365
23905
6949
7108
23711
23397
23700
23876
7122
23561
7000
23841
23409
7046
23727
23338
23804
23716
23555
23754
23809
23341
23346
23535
23743
7061
23684
6961
23710
23387
23872
6967
23732
23605
23624
23630
23623
23383
23977
23431
23443
23607
23882
23550
23714
23890
23608
23499
23441
6926
7106
23793
23637
7034
7140
6954
7148
23527
7112
23563
23650
23471
23466
23606
6914
7088
7066
23315
23901
23895
7033
23708
23613
7058
6971
23879
7194
23545
23304
7055
23402
23332
23498
7105
23682
23894
6990
23853
23773
7164
23378
23906
23666
6903
7045
23339
7116
7113
23505
7171
7028
23533
23446
23909
6910
7075
23349
23992
23309
7053
7094
7141
23432
23699
23730
23665
6911
