510
87
68
511
480
72
60
10
498
469
49
20
78
59
67
476
55
47
19
461
481
1
504
70
52
69
83
457
76
56
471
489
474
534
530
7
26
39
539
46
61
24
58
488
21
81
450
63
531
496
519
75
43
512
525
470
505
35
66
508
2
451
465
515
38
536
503
462
487
495
507
463
41
32
80
48
25
53
455
17
458
51
14
82
526
29
3
23
493
528
550
560
546
586
146
96
617
611
162
563
620
118
123
133
168
629
599
161
574
559
598
595
607
581
178
606
623
138
541
91
98
569
585
575
571
137
589
603
116
156
142
622
548
551
114
155
609
154
608
619
143
580
117
597
626
105
545
102
124
627
592
614
147
113
594
97
167
549
572
588
561
573
542
92
170
613
115
543
540
568
149
596
127
628
179
576
157
103
547
122
227
225
245
248
223
211
717
210
711
675
259
232
653
204
233
642
228
694
693
690
212
253
680
213
256
677
222
649
698
200
679
189
681
666
645
708
692
678
224
258
672
719
249
664
264
654
646
714
697
667
198
650
244
235
187
246
718
707
202
704
192
635
185
197
637
661
180
219
632
685
184
710
265
652
682
655
236
676
216
633
658
716
688
217
186
220
668
712
257
193
771
288
743
295
733
805
722
739
737
354
808
768
353
726
734
762
774
784
356
780
355
313
721
297
783
319
748
311
318
340
782
806
724
752
723
289
747
787
304
756
334
744
738
350
309
315
332
345
779
731
801
789
729
807
331
282
281
766
302
776
333
767
278
320
754
299
735
322
758
803
327
344
305
349
746
307
798
314
300
329
348
274
749
750
790
301
788
272
359
772
360
887
880
849
415
385
444
892
843
865
387
832
386
435
430
811
377
443
876
382
810
375
871
882
869
371
418
850
896
384
378
881
898
874
831
814
446
845
859
879
438
400
860
826
840
827
440
822
449
380
421
864
825
431
410
885
893
895
854
423
846
361
866
870
875
821
390
411
364
439
819
412
873
833
403
447
373
829
867
428
886
841
828
861
376
818
862
851
429
370
