53
44
17
471
39
47
491
503
522
467
533
26
512
463
67
13
77
524
27
38
51
31
23
28
30
531
69
84
15
490
6
88
483
37
78
505
506
55
453
454
507
3
9
469
516
2
25
21
482
54
535
89
68
8
60
80
20
523
514
498
43
73
478
465
520
455
35
511
476
45
0
493
7
519
500
70
462
525
504
513
10
527
538
481
450
66
537
509
11
79
148
561
90
572
121
103
152
156
176
594
607
576
126
155
170
622
147
108
123
600
586
590
134
575
143
137
553
111
591
570
179
625
571
556
612
606
161
626
547
100
110
172
548
99
582
164
94
158
124
150
177
557
109
566
611
602
573
609
551
129
552
545
585
142
132
605
597
122
562
162
178
589
543
101
120
604
593
127
549
559
128
151
603
138
616
105
91
563
133
171
683
703
236
710
638
205
658
652
197
719
180
637
227
252
634
245
187
686
675
668
709
697
664
670
182
669
228
196
210
688
240
631
235
687
707
267
234
201
246
230
199
250
691
633
239
684
232
679
191
190
218
657
184
682
186
693
207
217
258
674
643
651
238
241
647
698
262
247
206
202
706
213
212
200
265
642
257
268
665
685
192
253
695
226
663
656
242
183
646
718
331
300
805
304
727
758
338
732
755
344
350
794
793
332
760
756
720
294
319
310
330
273
337
351
335
761
722
339
767
726
743
751
792
285
345
769
322
729
323
299
353
748
343
295
807
730
298
301
800
340
777
324
731
309
297
763
315
349
281
280
270
348
750
346
347
314
754
359
311
325
789
790
797
277
326
744
305
290
802
721
766
313
765
278
317
276
746
736
271
308
400
403
845
811
380
370
415
844
361
371
425
823
874
896
879
448
840
435
424
837
379
405
854
871
852
438
860
444
396
822
422
864
842
876
884
365
825
362
891
431
436
818
408
828
873
443
417
384
834
846
885
895
413
898
404
390
433
432
869
880
420
887
447
851
875
868
410
377
430
877
414
399
449
372
428
386
378
838
366
847
381
848
813
437
824
392
409
406
883
429
