64
521
539
46
63
59
528
516
529
522
67
457
469
456
47
473
519
51
76
482
472
86
455
19
69
18
10
82
30
512
533
28
518
468
523
17
55
58
44
524
3
73
465
75
488
24
510
87
52
45
493
486
464
20
487
495
466
14
475
511
538
517
462
484
452
72
61
74
77
499
514
459
2
497
84
89
531
526
470
9
16
477
7
5
494
471
496
54
88
480
113
615
146
104
590
586
544
149
164
178
159
116
558
140
607
582
97
579
112
128
99
585
127
617
160
627
557
588
616
621
152
92
545
163
564
108
102
172
117
168
606
115
562
581
583
626
156
123
133
628
135
121
551
122
552
540
554
107
105
561
175
589
592
169
608
136
602
126
120
148
119
603
134
601
151
165
623
568
143
130
553
101
179
573
575
541
155
600
560
174
660
686
716
647
701
234
210
696
636
680
678
705
643
185
657
655
681
664
666
199
633
670
202
243
212
641
661
674
254
667
704
184
190
219
186
717
702
242
206
188
637
226
209
261
706
232
244
225
685
250
227
265
216
248
714
677
638
658
203
260
229
187
639
246
240
180
644
217
630
253
687
241
668
640
712
688
259
189
679
656
632
695
233
231
204
181
195
266
673
264
295
768
289
752
291
767
358
757
759
742
790
730
299
303
312
355
797
793
279
326
778
734
774
732
736
313
803
349
756
788
287
763
336
270
769
740
296
285
775
783
731
337
314
345
771
739
292
324
359
805
726
308
796
737
330
800
776
781
764
298
747
801
792
307
333
808
721
725
305
310
335
315
723
347
754
353
348
343
297
750
352
311
753
350
357
356
282
746
323
729
844
360
362
383
371
407
888
875
814
432
831
850
866
862
378
861
438
444
420
427
820
423
430
830
823
871
870
449
894
884
874
839
440
396
841
384
818
847
813
812
897
411
877
400
834
848
885
428
367
893
846
374
882
443
370
840
833
836
389
410
424
896
857
368
832
372
851
876
392
891
418
391
426
402
865
366
855
447
827
375
859
441
381
413
864
892
399
837
395
821
