485
526
71
30
483
515
486
42
468
85
480
67
476
489
493
26
20
89
21
529
454
450
527
25
498
522
1
457
482
451
66
50
31
508
455
495
2
10
463
492
18
60
516
514
502
14
525
58
80
87
494
29
8
5
84
13
17
533
490
484
43
530
528
532
499
36
517
72
69
473
460
19
37
523
74
41
38
88
538
75
49
496
9
465
27
15
4
501
39
3
569
588
116
583
109
120
629
573
95
555
549
151
561
556
603
589
584
141
167
576
568
615
621
571
138
597
136
613
97
611
114
599
106
158
147
93
572
177
616
587
612
161
543
162
148
628
179
140
591
154
103
91
110
104
626
149
164
156
620
554
562
544
545
614
600
96
174
624
565
595
166
558
101
152
163
579
137
107
582
111
586
551
155
618
564
160
132
94
560
100
650
634
238
689
658
666
223
631
196
212
215
246
191
691
674
646
252
213
262
216
643
663
665
218
718
207
233
679
653
222
693
193
683
654
269
698
198
234
675
253
687
257
255
221
704
209
205
655
709
699
682
713
248
710
695
190
659
251
703
681
241
648
259
226
716
188
258
185
660
656
250
630
633
696
201
641
706
697
236
219
717
702
705
661
224
181
678
235
680
229
282
756
733
334
289
723
310
295
287
288
732
806
770
778
356
340
779
272
772
274
775
337
728
751
788
271
794
808
349
734
320
278
790
720
327
809
283
284
344
355
359
797
308
328
784
743
799
807
309
801
760
298
323
777
297
333
740
757
326
346
305
739
280
765
304
321
802
345
774
351
796
793
762
730
766
741
292
350
748
724
744
354
330
773
759
747
329
780
293
750
840
837
364
416
425
375
404
888
819
423
403
825
420
884
854
430
849
844
810
431
393
426
417
816
374
889
378
421
380
858
387
429
401
383
428
414
880
373
811
419
890
449
397
871
827
815
876
874
442
836
367
427
422
415
440
366
893
413
865
834
821
898
894
412
391
823
855
820
371
385
407
883
828
824
830
445
388
368
817
418
370
833
400
439
868
390
867
410
895
436
