23
58
507
458
77
538
490
15
31
6
534
530
478
539
477
20
53
44
69
515
87
24
481
5
522
528
468
492
54
465
82
47
51
506
517
474
2
18
521
453
73
459
502
485
22
503
520
39
7
36
500
512
70
42
29
46
40
486
519
489
14
456
64
450
19
66
509
536
454
523
34
501
495
8
38
471
49
26
89
499
529
63
80
33
55
76
59
482
472
455
127
581
148
103
91
548
150
110
152
552
594
604
122
175
142
115
92
621
99
541
124
566
168
589
588
554
595
560
139
96
149
104
112
620
587
601
145
102
126
582
617
623
625
121
95
163
618
599
605
614
611
542
159
169
551
600
608
143
134
561
544
93
135
619
558
165
118
547
629
160
586
111
610
556
570
575
174
151
571
130
141
114
613
161
598
622
606
591
549
616
192
254
704
680
696
660
630
216
204
654
637
695
211
668
200
687
717
255
713
639
231
652
188
237
238
709
233
686
221
646
662
181
212
241
234
644
230
194
213
706
684
694
251
711
244
691
677
217
250
224
712
640
664
681
218
700
269
257
205
220
634
265
253
189
666
708
643
206
678
651
226
246
196
698
636
667
693
674
718
187
642
232
201
219
202
267
245
661
672
673
313
329
782
758
285
809
288
740
291
293
314
769
341
721
286
326
353
300
727
331
779
296
780
346
785
271
766
763
762
751
359
349
357
320
279
750
312
757
765
335
315
753
347
729
306
808
764
725
724
328
787
302
799
738
325
282
742
723
730
351
745
806
354
781
321
760
278
761
788
273
790
759
303
776
743
798
736
731
340
744
752
797
350
277
292
807
294
270
287
775
848
403
873
875
424
841
816
867
884
448
384
427
843
421
368
404
425
393
812
405
849
825
872
855
824
864
822
813
432
387
417
818
887
862
899
820
414
423
397
890
389
819
364
850
439
400
395
380
835
882
445
379
383
897
836
385
413
838
428
376
883
845
372
817
839
386
826
373
436
407
859
399
444
833
866
854
394
857
419
852
447
842
898
443
378
411
435
412
377
831
