463
47
25
515
524
77
69
528
61
525
462
510
78
26
11
531
51
461
472
81
498
16
14
451
49
48
89
0
5
514
72
469
533
31
79
482
64
2
19
530
30
529
57
54
29
512
496
504
476
83
84
1
501
471
17
468
539
58
477
53
535
9
459
484
59
508
500
523
520
22
15
20
453
486
452
37
40
66
13
485
88
474
464
538
50
43
537
52
38
36
589
179
98
149
178
554
594
599
576
162
151
545
115
157
582
114
127
573
169
627
141
629
160
109
134
107
613
600
628
174
565
105
622
164
136
132
615
547
104
173
588
590
161
154
571
93
546
155
540
133
138
550
122
619
97
130
106
119
137
172
128
150
601
584
585
602
144
171
558
566
166
563
574
167
564
94
126
597
147
612
608
96
593
148
578
603
548
129
555
170
664
680
699
647
656
671
710
231
674
645
668
646
225
696
712
253
226
183
639
219
206
263
716
213
189
650
257
709
683
217
216
205
700
229
180
698
717
642
265
702
649
687
254
705
230
669
238
636
644
633
250
186
232
713
690
701
243
703
185
233
672
247
240
652
685
211
207
695
637
214
212
187
268
682
686
196
697
711
634
215
694
677
714
693
630
653
261
665
197
676
306
323
341
347
337
344
275
766
761
768
754
271
796
774
331
788
305
808
287
345
351
303
737
757
780
272
727
740
293
799
721
728
806
314
289
730
803
790
741
310
321
350
752
776
338
729
743
296
723
747
793
330
302
327
316
278
786
756
779
794
355
746
290
792
332
340
359
791
312
318
765
800
726
731
783
797
734
764
801
304
279
326
724
313
336
802
297
735
725
773
388
415
381
889
385
886
870
410
397
832
407
827
839
414
883
444
363
814
871
436
821
813
816
866
390
434
824
409
400
868
822
427
854
881
891
890
826
893
398
406
815
367
845
423
408
422
894
857
843
895
852
428
825
882
853
438
885
835
829
446
420
861
830
887
838
378
432
869
865
362
376
418
880
810
433
361
898
399
442
440
429
366
383
382
375
896
364
377
899
846
