498
36
529
503
486
493
462
32
480
505
22
475
523
479
85
471
469
521
51
45
74
66
482
456
13
526
86
538
515
494
488
24
527
485
457
78
525
539
11
530
27
455
514
499
466
37
28
63
82
65
484
459
5
17
60
88
467
49
500
46
528
458
513
40
520
477
62
64
26
80
41
52
517
7
518
474
70
536
451
8
84
79
464
468
29
3
39
476
77
508
623
599
153
115
164
170
113
567
128
120
149
565
554
104
173
622
571
618
93
150
118
163
625
568
176
597
628
570
551
612
174
613
147
579
619
107
162
155
109
582
131
581
580
604
135
627
615
548
572
141
90
178
96
177
584
573
586
105
125
601
587
540
624
127
92
152
129
161
553
171
566
590
608
591
156
569
600
607
559
119
160
616
598
620
179
609
140
111
549
108
207
250
243
233
242
183
230
634
199
672
241
708
636
673
686
656
231
637
204
195
650
674
245
639
712
640
227
707
696
678
684
186
189
198
658
203
261
262
692
213
641
193
694
668
256
212
631
209
651
235
693
257
659
681
635
677
660
232
205
714
181
704
185
688
223
187
255
655
701
201
220
228
718
269
224
630
258
247
226
670
236
251
196
649
218
188
222
234
715
705
724
722
790
312
330
306
758
348
308
276
778
344
796
288
303
304
755
766
354
279
751
787
797
807
301
283
281
284
772
720
271
759
783
743
285
741
329
290
745
735
305
768
327
757
298
781
782
739
282
725
289
780
770
293
773
800
749
331
729
275
786
794
806
338
350
353
756
297
291
723
334
294
333
788
336
801
748
752
795
277
340
286
733
337
326
309
774
278
280
767
855
423
890
396
875
384
385
861
400
420
895
899
446
401
830
828
811
883
416
393
370
363
421
881
879
834
447
413
427
843
818
815
836
841
373
896
379
810
412
838
888
417
425
831
406
819
369
438
389
873
851
846
395
410
415
441
845
872
374
897
443
877
859
891
814
436
848
422
364
388
445
394
430
825
439
869
380
827
857
419
847
367
383
868
876
821
880
432
418
813
