12
23
539
25
35
13
65
533
472
48
78
3
6
520
511
483
42
2
29
519
491
45
466
454
5
53
453
41
54
24
494
64
485
515
28
473
516
507
89
452
518
506
79
14
510
480
490
44
512
66
513
488
469
85
459
502
521
57
71
532
479
503
509
11
529
36
514
475
62
0
27
500
471
458
20
501
499
487
77
30
497
17
59
531
525
493
468
505
517
21
115
111
556
609
122
559
138
174
159
158
110
114
579
167
127
97
178
621
558
585
99
140
105
132
626
603
145
569
591
607
595
564
604
107
120
179
133
617
162
599
93
576
545
160
587
146
168
549
606
562
602
170
102
103
157
578
547
156
598
119
155
165
573
550
581
620
622
125
136
623
100
582
90
548
163
121
592
176
151
544
137
597
106
150
589
117
560
148
131
101
707
710
717
210
193
245
269
213
716
697
236
199
677
676
235
639
709
254
238
706
632
684
670
643
672
681
713
712
247
183
669
719
646
241
701
243
688
680
229
686
704
214
224
215
640
197
645
181
678
648
242
630
198
222
226
650
673
259
265
233
208
718
711
649
264
687
692
257
262
200
662
186
187
641
651
223
219
211
206
230
204
218
207
682
708
652
660
203
192
671
765
763
721
739
333
285
351
292
307
353
357
748
777
788
279
732
326
790
329
752
290
324
284
332
725
728
727
300
293
287
289
741
336
776
316
281
350
330
794
315
738
271
359
270
305
785
304
298
327
781
355
780
288
338
341
344
278
272
771
773
798
742
724
787
737
749
317
792
797
736
274
766
347
784
295
740
306
723
312
772
297
774
313
758
337
309
726
308
343
296
364
878
882
846
852
862
880
868
865
435
380
819
375
363
383
855
426
849
860
415
888
817
413
397
810
853
858
861
815
884
872
384
390
400
423
841
405
369
842
446
387
398
898
838
428
894
381
393
879
845
869
377
839
391
822
431
851
385
430
816
425
843
887
410
890
432
825
396
407
895
424
883
412
863
881
897
831
436
417
394
434
418
871
408
820
896
444
847
834
371
