538
510
77
467
469
59
486
476
9
38
12
463
514
535
65
76
506
485
531
494
502
536
515
509
49
55
27
533
466
529
452
475
454
450
528
532
503
11
40
21
526
500
87
491
18
8
525
5
518
70
89
48
58
505
517
20
78
490
522
451
479
63
477
68
36
457
499
507
47
86
489
483
74
88
484
30
6
61
512
22
42
474
455
43
10
0
508
82
530
482
621
93
140
133
101
178
619
134
609
92
176
106
561
137
162
629
155
128
111
553
614
165
565
599
574
158
585
157
604
544
545
573
102
582
121
177
595
125
622
110
588
129
577
94
160
108
591
149
611
98
169
131
97
113
613
127
116
583
601
99
153
559
558
163
172
581
628
552
572
105
617
95
167
580
548
568
627
556
156
173
90
159
586
91
600
615
584
117
571
109
650
251
672
184
675
710
211
230
250
219
246
188
663
263
644
693
705
645
657
702
703
261
661
670
201
639
267
633
229
689
253
704
266
228
640
203
680
678
674
718
224
658
641
655
691
236
257
646
698
209
679
690
186
187
638
676
694
717
682
180
667
195
254
231
649
252
636
635
260
695
255
664
207
198
697
210
656
232
193
653
243
643
205
706
660
654
192
686
183
630
777
747
769
803
798
353
304
291
337
723
356
350
780
775
306
766
743
333
301
796
311
751
765
355
800
342
324
741
738
785
759
298
280
735
335
316
315
749
793
757
319
758
325
354
327
336
309
310
294
270
778
326
734
288
341
317
328
348
344
323
761
732
789
330
763
795
790
804
725
733
745
792
781
756
320
744
345
754
340
755
807
329
727
791
343
357
776
728
359
277
869
829
878
837
855
437
370
403
859
406
412
431
378
387
427
422
434
433
415
386
398
409
395
448
879
381
840
414
377
821
873
814
899
871
442
882
410
399
400
360
443
842
368
891
852
826
441
394
446
858
439
369
828
896
407
374
889
850
898
361
848
385
857
375
866
392
841
430
444
890
894
824
379
810
419
849
391
865
847
402
413
832
835
854
364
420
897
885
416
411
