476
472
459
521
35
54
69
19
470
487
466
467
11
468
4
484
14
480
29
483
518
42
51
534
53
40
48
66
519
31
16
454
56
455
5
527
513
47
84
477
538
450
58
478
39
514
44
81
33
18
59
532
492
510
12
453
73
28
89
524
490
82
17
508
451
474
13
526
486
45
85
36
503
528
496
78
537
533
75
21
495
2
70
535
6
457
0
498
77
65
139
162
554
552
166
142
575
101
596
565
615
547
576
609
545
157
94
103
155
175
159
595
629
603
541
96
546
619
92
540
567
556
126
588
557
624
582
108
91
542
170
577
573
147
172
610
581
571
151
561
604
133
572
570
97
568
116
163
149
102
161
117
598
127
179
119
148
583
543
600
555
562
612
146
93
616
111
569
104
113
591
100
141
99
585
106
584
90
620
587
694
630
683
648
202
707
231
227
714
674
251
233
712
658
688
180
651
686
268
200
225
639
235
657
229
256
181
647
189
250
221
673
264
696
691
703
718
672
677
218
247
713
666
234
214
254
219
269
690
193
263
201
249
204
253
711
245
242
224
223
240
676
211
259
635
239
705
695
665
195
656
689
262
685
183
248
664
699
184
660
257
205
715
199
675
701
719
680
678
258
333
282
325
801
796
773
323
353
798
747
290
293
335
729
279
743
807
330
329
741
778
355
762
327
342
354
289
788
276
800
731
730
791
344
802
312
759
350
766
348
347
311
317
805
753
294
809
768
278
316
307
748
351
763
326
280
740
273
272
793
336
305
767
789
806
339
774
343
761
345
769
308
283
758
295
744
757
722
734
320
331
786
274
784
357
328
303
772
277
755
435
860
820
408
366
395
852
840
363
813
419
884
446
389
874
824
439
394
877
362
862
834
377
818
856
889
382
414
870
436
836
879
422
875
864
365
418
416
433
384
857
878
405
371
837
368
388
387
846
850
423
896
859
829
865
835
427
360
444
431
882
885
373
364
369
404
406
811
816
833
825
411
872
892
843
890
441
438
832
367
873
831
887
861
894
853
863
443
448
830
