83
495
508
45
463
452
7
458
88
511
498
523
486
492
471
23
1
5
21
485
11
14
454
64
47
12
78
453
62
40
8
63
42
510
15
535
529
6
61
81
41
39
86
17
16
466
517
55
513
77
66
450
526
468
38
31
504
33
480
29
524
482
24
50
19
455
527
499
502
505
85
461
516
539
26
72
534
10
46
36
532
30
473
71
520
521
52
472
48
491
607
578
571
91
594
111
142
589
570
545
110
610
129
541
600
172
562
109
176
556
609
168
559
596
130
150
169
599
105
621
618
574
591
558
155
622
561
588
174
175
606
590
99
140
615
179
102
612
572
117
133
616
602
540
585
557
132
90
159
554
623
563
115
92
156
625
542
587
148
592
560
586
131
629
106
603
157
135
147
584
171
573
164
119
177
138
551
577
165
97
638
245
247
717
265
682
236
203
687
657
227
194
210
249
242
206
688
652
659
653
262
222
248
711
679
235
207
263
708
631
692
656
642
266
215
655
239
660
258
705
224
646
661
250
234
186
180
635
238
665
714
254
675
243
689
694
667
643
198
633
650
225
681
202
651
677
240
182
200
685
641
237
680
718
199
649
640
223
188
252
230
690
644
213
691
697
662
647
216
267
768
281
349
315
764
337
795
791
294
354
727
341
771
358
272
355
359
318
772
350
284
283
293
288
328
762
298
781
794
800
786
758
736
750
784
778
313
345
725
803
755
792
277
730
733
804
741
763
774
335
801
808
333
751
278
292
347
270
326
767
721
796
753
775
720
305
759
316
732
329
754
312
343
306
352
729
348
722
325
802
302
785
336
746
728
777
291
321
334
300
852
382
363
844
407
846
896
410
393
832
892
851
864
399
863
421
360
885
815
379
374
439
839
434
403
854
373
385
811
860
891
849
853
418
433
866
814
895
436
868
886
867
879
428
833
420
812
361
834
380
899
415
406
430
859
367
889
383
856
377
429
858
431
829
404
417
375
888
882
381
843
837
874
816
427
376
362
389
836
897
398
881
835
821
898
883
826
819
449
386
