65
494
478
24
40
511
4
18
0
528
74
451
12
450
476
87
33
39
56
17
510
457
60
25
58
48
485
45
501
62
454
30
55
61
3
63
539
472
503
521
81
470
533
526
509
495
514
41
49
463
487
6
9
513
44
531
43
88
522
475
452
57
71
532
456
517
31
455
37
489
2
468
46
469
486
54
499
490
535
50
479
477
481
23
76
502
86
488
500
5
546
177
101
580
110
576
145
106
613
591
553
611
604
150
149
586
579
556
548
624
137
557
105
151
118
96
594
108
577
592
136
120
109
602
178
127
161
559
103
102
115
551
98
541
141
122
100
90
164
175
152
169
119
116
625
142
113
91
131
560
595
627
542
99
552
554
621
92
107
125
584
570
587
565
610
157
612
135
126
599
173
130
132
561
573
605
606
615
601
140
188
186
251
660
220
191
254
681
665
209
181
253
682
243
710
696
638
240
205
630
662
261
658
700
246
202
212
687
672
718
207
640
645
215
676
688
245
256
218
714
659
248
217
655
661
260
650
691
233
195
223
679
262
711
699
200
204
183
193
701
705
234
685
216
678
664
666
224
196
648
689
199
214
674
221
668
637
694
633
259
641
210
227
250
255
713
252
709
653
231
785
808
343
764
308
342
332
290
723
320
799
313
771
765
768
272
763
777
352
270
304
297
359
284
729
271
295
289
286
728
761
276
809
336
283
275
314
759
351
780
335
274
306
769
738
288
323
339
773
776
732
758
355
300
800
312
341
804
277
317
742
319
731
766
337
325
296
346
796
333
299
720
303
315
305
322
353
282
747
301
293
354
309
774
792
327
334
340
311
730
863
429
407
856
444
888
401
842
876
875
861
850
873
884
891
812
449
421
848
874
440
423
369
395
391
854
361
836
878
400
864
445
886
427
872
830
414
436
384
860
877
893
855
385
826
374
377
388
360
366
432
881
817
382
870
383
828
846
428
833
435
434
370
362
420
418
890
443
820
839
392
393
410
367
390
880
819
897
412
406
847
858
811
408
375
381
433
431
365
845
