486
31
465
531
60
33
481
80
1
496
529
37
500
78
494
514
8
524
75
62
7
454
30
83
492
472
525
487
2
13
68
16
79
498
504
506
523
36
539
27
499
511
471
40
23
475
59
14
495
24
64
0
502
485
20
451
61
515
537
459
455
89
18
538
513
530
72
508
56
54
521
43
5
536
6
479
51
38
82
42
480
478
463
505
45
84
47
452
456
77
576
564
593
118
161
141
95
614
547
626
165
602
618
152
96
166
556
100
603
162
544
613
610
163
546
601
551
548
107
545
550
625
138
157
585
552
167
117
92
570
113
126
91
175
566
173
151
120
606
149
607
150
102
577
573
98
154
621
562
600
616
176
599
554
159
158
583
579
170
139
155
144
136
128
628
598
540
114
105
572
133
156
129
596
160
594
90
174
624
597
700
704
680
203
678
258
679
669
261
653
659
688
683
677
691
684
631
255
695
637
696
708
682
194
714
234
240
193
247
712
662
257
647
209
681
217
214
226
227
190
225
244
220
649
693
184
638
632
242
646
707
697
254
256
689
204
249
259
690
183
267
187
219
192
188
717
645
198
189
658
265
180
228
635
263
230
699
251
648
252
260
716
199
239
211
703
262
664
644
650
308
790
274
328
331
336
317
338
782
345
804
348
296
798
788
322
799
783
349
769
775
303
720
304
272
275
339
741
761
356
748
300
751
327
332
740
316
282
278
726
290
340
768
358
330
747
797
760
271
767
319
725
311
312
354
771
796
750
288
276
793
289
736
756
343
808
293
735
283
324
778
347
730
318
762
270
809
732
765
307
800
294
786
284
773
770
743
774
291
764
381
372
375
881
389
414
832
393
394
434
404
436
816
883
884
843
855
822
854
411
374
398
412
815
380
406
858
363
871
383
879
426
876
872
818
865
898
385
425
443
430
840
442
377
819
828
433
882
419
847
820
811
812
892
859
420
408
431
437
446
391
413
428
449
838
841
360
887
874
836
388
423
376
830
429
418
415
851
405
432
877
870
889
897
361
825
421
403
890
888
