3131
3135
2074
2821
82
4201
753
3143
1261
4362
3600
2951
285
1589
3875
2106
1992
3924
1276
2864
976
3417
1705
1325
2020
1470
1122
2880
1298
856
3688
1664
163
3275
2852
65
2550
2914
3412
3652
403
246
2649
2337
2302
2491
3280
3903
3626
1133
720
3705
3766
314
2844
1165
1141
1339
4158
2054
883
1060
809
701
845
607
2196
268
1993
120
1979
2972
2219
391
1337
4156
3684
2804
1693
789
409
422
2318
4007
1877
2113
3678
3948
1269
4102
1159
3977
2527
3649
656
685
3262
3780
522
2580
4024
4263
2018
359
3129
2463
2842
4169
66
2559
1603
2379
1629
2790
3748
181
742
37
445
3238
1508
713
3694
2981
4282
3392
312
4221
706
506
3330
1760
2502
1266
3235
14
3319
2654
916
2816
2322
1947
1712
4324
826
1919
4249
2648
3105
1196
2904
4399
4339
4139
1971
1961
173
175
369
1068
4239
229
1796
3171
384
810
3110
2415
4001
3284
492
1890
192
3054
3147
1474
4464
2777
2901
2756
1066
435
2484
873
2631
3475
836
3486
2497
3461
793
1061
4192
2999
3696
4348
3166
146
603
1906
153
2740
1696
210
2187
1818
2034
2061
110
255
4237
2881
751
2737
3152
311
2973
2416
1636
1022
2710
662
2998
1118
2446
3497
477
1228
4365
3287
952
1191
3578
390
4033
136
4318
241
2775
1637
1565
1378
3719
2606
3334
1663
3868
2059
3772
440
2532
366
882
1776
2492
3395
4154
12
4060
1887
3929
3938
2726
423
3836
4114
2878
463
1934
2462
3069
727
2050
2685
4217
2850
924
2800
2214
289
2199
398
3845
4207
1684
4232
1662
804
3403
3925
887
487
4143
3393
1617
1752
1917
2494
2663
4475
3036
3038
1002
571
3667
1498
2348
1167
4088
156
3436
3251
3385
3089
1187
4041
3104
1052
745
4314
4323
3245
3059
4409
2894
318
247
3419
3298
505
1505
3354
3003
3208
3841
1624
4467
3090
888
3963
3735
3468
693
3822
3149
2380
2799
3313
641
3768
3031
1043
344
2172
721
3883
757
1620
1827
672
999
2438
3467
3952
4372
3731
4058
3896
549
996
3996
2738
2765
2587
3005
4302
1374
2899
1297
2547
296
2427
914
848
3070
1805
2105
2274
2957
1388
1328
1210
4188
1647
341
2566
2619
327
4065
1518
3255
4094
165
1098
113
2621
2698
531
4447
334
4061
3201
2896
3975
1361
1772
4184
898
526
215
454
2139
1870
767
2384
1154
817
2921
4301
4303
4244
1412
2837
227
1008
2132
63
1665
1198
2676
3848
2324
2503
94
3324
1096
292
2243
4226
2488
2228
3271
1697
3192
884
2682
4380
539
1521
1574
3860
4247
1676
3156
2783
954
1761
1685
448
4160
2229
134
4284
2811
3227
172
895
3746
493
4471
837
193
2624
4444
4129
2479
1039
3656
3800
1577
1832
1642
2725
4402
2167
1157
2540
620
1166
3344
1864
2672
3994
1900
3076
3839
3045
3729
4194
2751
2342
1607
138
1889
3853
1448
2027
547
2883
2242
1987
1280
502
489
861
1888
858
3109
1507
3840
543
3803
682
216
816
2004
3222
2976
3893
2141
4161
3541
4443
2165
752
3879
234
1050
2694
2839
555
695
896
3801
517
1843
1810
2357
4219
2053
3120
2273
4030
1
3290
1170
688
3867
3761
1756
983
3039
948
3850
3874
131
2124
4331
3019
511
1486
1077
1479
2563
4066
3283
3514
2334
2955
1389
3453
21
2892
321
1176
3679
3548
3920
1232
1318
3651
1722
4157
2818
3959
2303
1411
3401
2097
160
3619
475
2126
3236
3614
1806
1224
471
1527
3515
3777
4017
365
1912
3476
801
401
2392
2058
1221
262
1089
1563
1660
2938
1481
3339
1437
2006
43
3509
478
4083
77
1225
2900
2723
4089
1289
1916
4382
2665
4163
1459
2959
3561
2715
1398
1922
2145
265
1938
4451
1311
1324
2923
3986
2993
4043
3397
3014
2868
3233
1439
3340
1300
2358
3968
2033
382
3754
3661
2181
3852
3277
1757
2173
3700
2099
3689
785
3024
4035
1268
3658
2512
416
11
2960
1229
2700
838
3204
894
3463
2873
3389
4343
4428
2965
3427
2371
3713
2312
925
1082
586
541
4053
3724
3618
3695
614
2445
2530
3477
2826
414
1837
1819
3203
2703
1452
3813
2802
4442
2089
2711
3863
4456
2023
4070
2582
1799
3365
2374
2695
3664
811
671
1097
2130
3086
3663
2203
1042
3469
4381
287
1902
299
846
3300
3629
4164
2984
2200
3037
2377
1503
1911
3408
3997
379
1041
933
1405
803
2988
1817
38
1868
626
3488
3704
3113
67
302
515
1556
4424
1084
3543
499
1941
3632
1360
2788
676
1304
3358
1333
1850
3609
4419
1535
3422
960
1466
1015
3278
3473
4198
101
3576
1570
4135
3716
2328
582
3079
4403
519
554
521
1425
3259
1057
1846
1064
2039
2326
149
1918
354
3858
546
2744
949
3589
3628
4148
2175
4317
1788
1925
1630
3375
2906
4193
2748
2226
1808
4205
3969
516
2928
2305
940
738
1251
1035
1183
4181
820
439
2288
2458
2189
4422
2394
3163
2887
486
1612
2485
1628
2359
2224
2651
691
4415
1415
274
1754
2026
3315
2333
1928
1007
4274
2456
1644
1610
1616
2986
