116
1115
3371
359
3331
4186
1368
1979
3053
3678
1851
1174
152
4212
1774
1047
3135
1079
4321
1276
2972
2880
2808
4222
2951
3655
433
3115
391
2864
3228
1487
989
3007
2758
1164
942
3423
3417
2673
205
980
2092
356
1494
445
2005
1325
3607
3890
1603
1484
4364
3346
2379
3680
3824
2541
4202
1298
2113
2658
441
3924
2045
3649
1065
422
2569
2804
2302
552
2852
3789
2153
2636
681
1127
3921
3525
180
3652
3553
865
1141
4259
4416
3409
1529
3565
1561
1313
3011
1243
3944
3726
1401
3460
2318
806
2049
3258
245
2504
1372
2601
911
3875
2604
74
854
1099
1159
2559
2616
4240
1371
4142
181
142
3157
1572
964
4326
2166
1055
3771
3911
2764
2777
3105
750
3763
2954
4455
2300
1816
2759
4140
761
1694
810
973
1636
2874
2667
4399
751
3608
3425
2230
1727
2446
795
3170
2317
2190
1426
73
153
4200
2779
2001
2639
3795
2648
3147
1874
1123
906
1150
2176
81
4179
839
3392
2162
2272
3826
916
2396
1109
2542
2415
2210
492
2631
2574
3151
100
2500
1381
1703
1241
1884
1738
3152
1258
3225
918
1961
893
2034
1969
4034
2345
2679
979
705
2995
3279
675
3017
3010
2161
28
2737
873
4357
4474
3880
2565
3240
2152
2442
2393
2798
598
3230
2571
1522
463
1014
3636
4323
1797
4320
4087
243
241
4314
136
390
4114
2112
3270
2850
827
111
3038
535
1898
3446
3906
1018
2148
952
3218
594
613
1840
3419
3298
643
807
2570
3134
2870
585
1444
4418
449
1932
2220
3205
1663
3234
3186
731
3784
4016
2615
366
3923
2612
247
963
655
2733
946
164
3913
3411
1959
2304
3660
93
1161
2314
3245
3200
3263
2886
1303
1167
3559
3524
1690
398
2294
727
3685
3983
841
209
4090
3772
3928
3311
722
2348
3675
3931
542
3328
3747
2637
3744
4336
1702
3897
2622
1473
525
3126
2382
466
2765
232
2799
1182
348
1891
4477
1602
2958
3811
2517
50
3241
2533
850
3189
2841
1098
1996
2467
2433
3707
4196
3078
3718
2451
2962
3052
112
1286
3665
1717
579
1531
1821
1294
176
320
2136
2853
1910
859
823
4006
296
201
387
1716
2918
240
2438
4071
2809
3883
4290
4010
4211
3990
4447
3442
1641
3768
3457
2274
1695
4078
641
2509
1963
4180
3790
1764
1892
2515
3357
8
2427
2454
654
334
4039
3662
1823
1396
2683
2425
1772
3254
941
907
4215
818
4065
1656
3308
1734
310
769
3031
2311
1031
2292
2208
3843
3351
154
4141
3080
1964
3541
1421
1685
144
2980
4335
99
2096
2052
3693
3523
3666
2961
2751
1050
1676
4171
1267
1545
4450
147
446
34
2967
3120
3591
88
3214
177
2143
3402
834
926
3753
1456
2229
3076
4292
4363
338
1067
194
3926
3981
2169
2402
2472
2507
3737
49
3604
508
3247
4248
2057
2792
2460
638
4019
489
2801
2013
457
2767
2941
1653
1206
2709
2070
1435
3646
805
2597
1642
282
2068
1771
406
191
3220
1740
3783
1334
1320
2405
4402
3114
373
631
482
3955
637
4117
3013
3804
2675
4380
1419
4349
1223
1532
1843
292
3448
686
4046
870
3982
1080
2240
408
1853
2629
3307
1482
1571
734
106
3839
3853
2780
1749
3620
2996
1116
495
1521
4230
382
2362
41
21
3988
125
335
1457
3998
2674
4159
3679
1272
833
1467
986
3912
849
3161
2938
353
1750
2033
3325
77
715
3624
1486
3810
2316
2470
43
1715
137
1318
1179
4334
131
762
4045
3959
2892
1699
3550
4322
1051
2279
3283
3787
3551
4057
951
875
2635
3466
121
1820
842
2392
4054
2084
1590
2191
2645
1698
4005
1978
3992
3236
3554
1495
4315
2933
630
969
3514
2145
4391
4157
4389
3927
2554
1336
2923
1634
4271
4457
2283
2100
3476
3537
2233
1957
3936
3951
3132
2825
2898
1390
2966
3775
824
300
2828
1323
2082
1324
1224
1225
3838
190
3659
3365
4437
4070
2931
2078
1365
2910
3081
790
1476
1742
2223
2098
3356
1229
953
1042
372
269
846
52
38
46
2630
616
843
4456
2031
1675
11
3477
3682
4442
3658
3310
1842
462
1799
3359
2216
1911
3414
159
1841
3296
1413
2953
1278
3611
2180
2668
379
3855
3389
427
3024
2211
1746
1245
3635
1593
3564
2200
838
416
802
930
4028
3073
3160
3558
198
2512
1188
1326
2602
226
1084
1692
3294
3204
1434
1130
2377
1800
1152
2067
259
4119
981
23
978
4190
1643
2227
2157
2530
3922
1464
3323
1819
4424
1432
784
2908
3708
877
1649
105
1510
519
533
1466
3740
1706
2443
664
233
3481
1595
4101
1582
1753
32
4291
1719
3576
145
4337
1110
4419
4135
3473
2423
1610
2025
857
4115
2952
2306
4395
2117
2944
4205
2983
1353
2320
2019
2986
516
2906
3219
3121
2928
1292
2087
2256
1138
2787
1064
1469
1946
3792
518
2422
143
3182
2321
257
2701
3368
4361
554
1925
4148
224
3348
4342
3451
4195
2138
1454
3946
2651
2039
3281
3146
949
3628
2110
4260
3163
521
1175
528
2666
3055
3443
529
1282
2158
2265
780
2788
1074
3398
3962
2642
600
2752
