3766
2369
3856
892
4091
2550
163
82
3600
3924
231
2936
3875
2790
1392
2880
22
2465
798
217
3371
965
359
2040
2005
3292
205
2370
3762
3948
2529
4299
4183
1079
1047
3595
607
2821
3353
635
2972
2607
1872
1115
701
1726
404
3553
3450
1907
245
1508
1988
223
3825
3748
1664
4364
1208
717
1679
120
3995
3705
1233
709
2815
3726
4201
433
1059
971
1276
4396
1126
565
3172
417
2844
2652
2658
58
3565
1758
4416
534
3864
392
246
3542
2758
3649
86
2580
1112
854
3131
792
4175
66
180
3890
1572
1965
3502
4025
3135
644
2153
883
1261
3434
3627
3973
2455
74
698
2912
3684
3789
3282
1159
1567
1678
3616
972
3869
4040
2740
973
3372
4051
3418
2609
779
1935
3745
322
2574
751
1694
2857
108
1118
1123
2843
3266
2471
1295
64
506
3171
4347
3287
873
553
4250
2149
2432
700
2626
2654
3212
904
2552
220
3148
584
662
4473
3285
4305
1636
3770
2230
2317
3533
4348
311
2631
2446
1420
2081
2221
2210
3642
2497
4357
3216
1055
2816
1824
3763
921
1489
2390
3877
1777
2179
1768
2161
1961
1156
3170
255
705
2399
1053
1338
2679
3264
3758
456
2777
761
1321
1155
4235
2336
2032
4353
173
100
2585
1109
3971
839
492
2421
59
1257
3885
357
4436
2824
4133
4204
3884
535
393
3206
4011
874
358
2088
1894
2101
129
4409
2083
731
3579
214
3901
2051
1597
4060
694
2021
1904
1732
1528
4087
2225
2059
2736
2775
1092
3725
1967
609
1018
3097
3234
3906
2708
887
487
542
3950
2294
12
2894
1943
1037
1373
2612
1739
2940
4397
1763
2346
3802
1863
1637
3978
3429
3354
3059
722
1952
1012
3930
1220
1881
959
3345
3938
3928
263
2992
3501
2003
670
443
2155
3393
4472
571
3454
2917
629
209
2120
3210
93
2537
2637
4318
1075
1113
832
2663
247
4114
2850
1396
693
3268
909
888
381
654
4384
126
2433
2107
4067
3005
3452
1773
1647
2451
2438
4433
3383
2041
1252
1910
567
3963
3337
2142
1557
3584
2274
2466
1328
3187
1098
3190
113
3843
2556
2419
1480
1586
3164
2375
1772
3201
260
4275
3718
3512
3324
1475
3360
221
2719
1564
3142
2643
3917
4465
1331
2676
201
3467
3872
2380
3470
3996
4
1620
3932
3424
4002
1724
2930
342
817
3506
1312
4063
176
1707
641
468
3357
1255
1533
561
898
1940
3848
2071
3462
3351
334
1514
2587
1870
1682
4094
165
3817
3254
907
721
3031
3851
54
526
2572
4153
3840
2343
3191
2368
2391
1239
1954
3402
1900
446
1571
974
1833
4234
1375
1888
4167
1545
3847
2243
2240
338
2516
2239
2545
3271
1116
3492
1989
448
99
3907
1040
3964
2540
4160
2705
1507
2577
1463
482
3613
550
733
406
1635
948
1987
2493
425
3893
4470
1813
4000
40
543
3801
2016
2439
1771
122
2165
1397
1676
1838
88
453
2472
2143
555
2052
4284
957
3586
1832
4247
2192
1137
3926
1951
3730
3541
1778
3231
2975
408
1683
3860
2749
1149
765
1205
2839
308
642
347
3209
758
3076
3982
1105
2408
1653
4019
3523
4335
1530
2141
1632
470
1380
345
2682
1864
596
4178
3859
783
513
3591
1829
3882
1506
1756
3269
1955
3490
35
15
3702
1289
1798
2055
1281
1923
2056
1976
2341
2528
2584
3672
1212
3934
262
1443
862
704
4245
222
361
3551
1845
121
4080
3567
842
2330
987
3116
1735
934
4055
1978
1875
1311
1058
1714
2411
1398
831
2498
1922
2269
4004
3485
1451
2470
3096
471
315
4432
715
1916
1273
2073
2723
2923
3352
1750
4005
3764
2114
1903
4382
300
3289
2586
2865
1701
1033
1056
3063
4329
3550
1730
4049
2645
1563
3339
137
2403
4213
1807
1176
2938
3223
577
3165
4176
2885
1284
4157
1279
2289
1942
1886
1218
2392
4389
1236
3874
3951
2362
3580
1146
1699
4089
1862
610
2628
2943
2524
3310
2991
1000
3316
416
2450
794
2060
1488
4381
1393
2312
2031
1800
4185
1446
1847
3122
2826
4009
3294
3629
273
621
2157
2660
2988
633
1019
2412
434
281
2803
2118
2216
791
2937
3329
481
3141
2659
626
2180
2706
612
1643
2249
811
2200
1417
3821
3061
2012
3673
2286
1346
3638
1792
2905
270
636
605
2078
586
379
868
2931
4134
3414
3203
1911
2116
1326
2121
67
2426
1042
1432
1802
2514
326
2713
2908
2838
4127
785
3438
4036
3686
569
1674
2354
115
4387
2023
1944
1114
2420
3463
1986
1314
4021
503
2953
2699
726
25
2134
1550
2934
2669
2087
2489
1780
3769
1990
554
4166
960
2724
1801
1454
486
3288
4098
354
3935
2146
961
533
2328
388
820
2551
2159
3782
2642
2944
149
4172
1808
1631
4093
1984
516
225
725
2734
2744
139
4107
102
3984
1353
3895
4242
3315
1057
1616
1415
1158
2862
1560
200
546
3431
3121
3563
3219
1630
3137
929
4361
1226
4125
3999
4218
2315
4286
1360
2963
3481
3125
101
2387
2156
1680
3985
424
2194
1639
1021
4148
4344
1472
2085
3281
1731
1238
498
1138
1195
2363
3091
3587
218
2887
4155
