239
215
245
0
255
282
268
296
272
482
411
14
379
25
325
385
512
16
418
393
426
405
380
389
375
348
409
336
407
12
328
378
28
518
535
537
540
550
566
563
602
589
617
604
581
625
678
689
637
679
663
674
673
698
699
745
724
730
733
702
716
741
765
797
808
788
798
772
66
830
847
826
842
868
865
882
873
914
78
903
917
922
981
958
970
86
975
1006
85
982
939
1024
942
1060
1032
1036
1099
1094
1068
1058
1043
1108
1114
1170
1184
1202
1150
1146
1145
1166
1121
1128
1164
1211
1219
1319
1276
1296
1316
116
1297
1313
1231
1218
1295
1241
1355
1345
1369
130
1337
132
1344
1481
1478
1464
1513
1430
1480
1472
1466
142
1467
1444
1479
1434
1405
1457
1535
1523
1544
1550
1553
153
1593
1626
1572
1606
1627
1586
1730
1679
1728
1710
1660
1681
166
163
1633
1700
1714
1768
1773
1736
1752
1799
1815
1802
1818
179
1788
1743
1817
185
1864
184
1905
1897
199
193
1887
1877
1987
1996
1977
1937
1916
1964
1932
1880
191
2002
2005
2014
2028
2035
2038
2041
2066
2070
2074
2101
2095
2109
