231
229
239
221
252
275
256
8
279
415
386
418
22
339
26
359
422
363
318
393
451
388
341
25
20
477
473
443
459
452
491
485
450
536
527
34
539
565
566
549
599
614
595
590
596
624
689
666
663
646
51
690
53
649
700
754
746
742
755
715
703
57
785
815
772
786
763
765
793
850
843
829
822
860
867
882
871
902
894
892
922
81
940
971
958
1008
1006
91
988
1024
88
966
1010
1031
1075
1083
1057
1048
1082
1049
93
1114
1110
112
1187
1136
1176
1147
105
1161
103
1173
1179
1265
1294
1257
124
1300
1210
1218
1316
1310
1282
1240
113
1233
1366
1332
1349
1354
1325
1360
1348
1485
1447
1473
1488
1484
1449
1404
1411
1440
1403
1509
1427
1463
1514
1388
148
1525
1544
1551
1560
1569
1613
1590
1627
1618
1612
1624
1633
1671
1697
1644
1685
1654
1653
169
1676
1704
1637
1806
1829
1778
1810
1799
1816
1770
1777
1830
1734
1787
1819
1862
1845
1857
1959
1881
186
1868
1990
1941
1975
1875
1919
1884
1955
1891
199
1895
1869
2002
2006
2023
2019
2039
2031
2034
208
2056
2077
2100
2088
213
