216
240
219
236
266
274
277
297
265
510
470
432
12
460
485
354
340
487
374
414
514
437
474
27
451
17
30
462
16
308
363
402
399
33
526
527
544
562
563
551
608
584
601
580
609
620
679
683
689
47
647
660
696
629
700
720
733
56
709
751
703
57
760
806
797
802
810
809
818
829
839
851
843
860
880
875
869
909
897
77
926
921
973
982
937
951
994
997
88
82
965
940
946
1102
1059
1048
1100
1064
1030
1096
1057
1117
102
1175
1202
1140
1149
1163
1165
1174
1133
1196
1156
1307
1283
1251
1233
1221
1244
1240
1280
1320
1217
1222
1295
1296
1354
1348
131
1350
1367
1379
1331
1464
1491
1479
1465
1485
1397
1488
1470
1387
1475
146
1487
1518
1508
1515
1525
1530
1542
1551
1566
1568
1602
1580
1622
1608
1589
156
1635
1691
1715
1666
1708
1640
160
1650
1716
1675
1643
1839
180
1776
1752
1788
1739
182
1820
1824
1741
1759
1760
1865
1848
1849
1948
1961
1990
1943
1946
192
1910
190
1981
1906
1885
1874
1985
1953
1975
1999
2007
2019
2011
2052
2055
2045
2067
2065
2084
2095
212
213
