240
250
236
235
266
277
253
291
271
342
432
480
392
430
420
357
376
379
390
305
464
396
483
485
343
308
361
351
325
481
433
344
404
535
520
525
542
550
39
573
592
607
608
598
601
618
50
660
630
631
638
663
652
692
699
738
710
749
717
725
715
756
811
792
765
772
801
761
793
854
843
835
844
862
888
883
870
77
906
905
920
81
88
951
1019
936
967
984
992
950
942
933
1025
1060
1096
1075
98
94
1066
1101
97
1110
1117
1192
1139
1204
1177
1191
1133
1146
1163
112
1155
1229
1209
1249
1318
1254
1218
125
1265
1255
1213
1266
1297
1261
1365
1326
1381
1347
1374
1356
1338
1480
1469
1433
1412
1452
1486
1514
1460
1493
146
1517
1505
1447
1449
1425
1533
1521
1546
1554
1540
1568
1578
1613
1616
1575
159
1614
1653
1631
1713
1649
1681
1644
1700
1648
160
1674
161
1773
1734
1779
1751
1837
1815
1745
1826
1810
1736
178
1834
1843
1853
183
197
1930
1909
1928
1987
195
1988
1923
1973
1960
1872
1914
1885
1943
192
2003
2007
2018
2013
2031
2039
2054
2073
2066
2079
2091
212
2109
