235
3
241
226
261
257
5
292
258
408
505
374
356
363
11
321
378
315
508
420
21
399
421
411
396
388
406
405
324
461
341
467
306
33
520
35
36
556
554
39
603
607
612
611
609
626
638
645
659
697
672
679
662
49
699
736
751
732
749
712
713
718
802
762
794
778
813
767
815
822
823
832
846
890
871
73
882
78
904
894
929
924
1004
948
1001
1010
949
1012
938
933
970
940
968
1091
1068
1060
1062
98
1052
1045
1075
1115
1111
103
1173
1129
1162
1147
1184
1160
1155
110
1153
1262
1319
1302
1290
1212
1244
1307
123
1310
1218
1269
1306
1271
1383
1379
1366
131
1331
1343
1377
1477
1390
1412
1400
1405
141
1485
1475
1403
1479
1385
1448
1509
1493
1409
1530
1534
1565
1541
1558
1569
1579
1604
1609
1573
1596
1598
1646
1726
1712
1638
1631
163
1727
1689
1692
1690
1637
1758
175
1752
1811
1808
1749
1838
1786
1793
1772
1795
1755
1859
1847
1844
1915
1897
1874
1920
1950
1993
1905
1927
1949
198
1987
1962
1971
1989
1928
1997
2008
2024
2015
2042
2034
2053
2068
208
2074
2105
2099
213
