224
235
223
231
284
290
277
269
265
484
418
326
421
17
445
21
313
482
437
32
401
372
493
374
500
323
420
304
325
491
438
440
344
521
526
518
539
570
568
552
43
597
593
579
594
622
645
680
661
650
693
52
684
642
700
718
754
716
746
736
732
759
805
66
774
793
781
816
820
826
855
829
828
861
872
73
871
897
893
908
928
919
979
999
990
1023
85
963
1001
968
945
933
1006
1081
1043
1068
1078
1071
1090
1032
1045
102
1112
1170
1183
1186
1188
1147
1168
1201
1161
1192
1189
1232
1233
1270
1291
116
1295
1256
1266
1289
1265
1222
1296
1246
1325
1348
1347
1374
1330
1381
131
1508
1399
1451
1445
1484
1446
1457
1402
1454
1396
1403
1494
1410
1398
1504
1524
1535
1549
1552
1539
153
1609
1584
1612
1592
1627
1581
1631
1663
1662
1671
1726
1672
1693
164
1705
167
1670
1835
1776
1805
1827
179
1807
174
1823
1779
1809
1819
1840
1845
184
1854
1949
1982
1963
1936
1947
1940
1983
1884
1984
1894
1987
1897
1971
1890
1938
1998
202
2020
2024
206
2035
205
2069
209
2078
2101
2103
213
