216
233
242
251
264
281
279
4
278
423
338
307
484
407
498
304
456
462
400
392
470
333
411
351
439
476
459
24
361
478
414
28
429
33
537
523
542
556
575
561
614
578
584
593
600
628
678
659
696
50
690
634
658
643
700
758
709
705
723
752
759
721
778
68
66
767
811
790
796
848
71
850
72
865
866
891
890
893
902
895
917
929
1005
953
941
83
1017
998
1026
977
994
950
934
1029
100
1037
97
1102
1080
1072
1096
1108
1111
1133
1130
1182
1129
1207
1184
1148
1206
1195
1203
1243
1248
1253
115
1303
113
1273
1318
1251
1233
1237
1238
1296
1357
1377
1344
1334
1376
1322
1321
1449
1487
1513
1504
147
1409
1411
1464
1471
1445
1428
1414
136
1402
1406
149
1520
1548
1552
1544
1570
1590
1600
1588
1592
1587
1585
1688
1680
1656
1647
1709
1714
1697
1718
1723
1675
1646
1826
1835
1734
1770
1837
1752
1764
1794
1791
1832
1834
1766
1843
1857
1853
1919
1886
1869
195
1900
200
1882
1956
1963
1890
1938
1996
1952
1974
1913
1997
202
2013
2019
2054
2049
2038
208
2063
2078
2097
2103
213
