243
218
215
238
291
290
259
262
273
480
463
371
496
324
309
306
464
12
321
500
361
341
509
338
342
426
473
24
302
439
404
353
419
534
528
525
543
573
575
564
600
585
584
43
581
623
689
630
673
635
644
684
666
663
699
758
735
710
702
59
744
701
776
62
767
64
783
813
769
70
857
827
829
75
74
866
879
893
892
895
928
921
973
971
1016
957
984
978
84
956
947
1012
958
1090
1069
1089
1098
1063
1057
1033
1048
1103
1113
1187
1172
1150
1152
1158
1135
1165
1182
104
1200
1279
1302
113
1223
1318
1305
1240
1285
1306
1314
1293
1278
1267
1331
1347
1360
1326
129
1378
1370
1503
1385
1390
1463
1490
1488
1514
1430
1388
1499
1458
1447
1507
1461
1393
1524
1538
1555
1557
1563
1570
1595
1606
1628
1593
1627
1608
1662
1639
1667
1697
1637
1692
1641
1703
1683
1689
1724
1785
1757
1732
1810
1787
1793
1825
1775
1800
172
1752
1744
1843
185
1842
1991
1958
1868
1976
192
1985
1891
1919
1881
1994
1938
1986
1980
1940
1874
2002
202
2017
2016
2047
2042
2048
2070
2067
2083
2093
2103
213
