250
244
2
227
283
281
253
293
270
339
30
447
329
438
396
469
487
446
490
392
427
14
394
22
326
484
321
424
404
341
380
358
23
516
522
533
541
557
38
573
580
596
600
578
615
621
46
657
661
633
695
692
672
660
54
718
56
738
732
59
719
743
789
775
803
795
812
792
806
830
835
836
827
882
877
861
884
907
910
904
916
928
1003
972
999
959
1026
946
931
983
958
963
90
1085
1060
1087
1050
1044
1051
1033
94
1111
1114
1137
1138
1184
1187
1198
1186
1146
1172
1124
111
1298
1233
1308
1288
1313
1299
1263
1212
1264
1305
1269
1210
1294
1340
1384
1327
1372
1351
128
1323
1402
1461
1401
1425
1385
137
1493
1482
1477
1486
1479
1510
1472
1408
134
1522
1525
1549
1539
1565
1570
1614
1575
157
1577
1576
1620
1665
1673
1692
1688
1641
1639
1680
1723
1699
1649
163
1760
1790
172
1789
1758
1744
1802
182
1735
1822
1795
180
1847
1843
1846
1940
1951
1967
1878
1897
192
188
1896
1987
1980
1887
1943
1944
1901
1875
2004
2008
2025
2014
2052
2040
206
2059
2066
2083
2105
2102
2109
