247
240
224
221
286
275
272
5
263
391
15
335
382
406
442
308
333
487
388
441
456
427
323
414
369
358
446
454
472
395
512
430
500
527
33
519
542
549
557
570
617
597
600
616
611
627
635
685
690
652
697
659
676
643
699
704
701
716
732
726
740
717
785
66
815
820
819
760
787
838
842
827
824
875
887
882
864
895
896
900
922
918
1018
986
961
975
982
985
944
1006
1026
957
1025
1061
1069
1053
1063
1066
1043
1050
1075
1112
1106
1202
1176
1153
1166
1191
1168
1125
1129
106
1140
1264
123
1316
1293
1266
1252
1256
1291
1239
122
1221
1275
1258
1379
1365
1371
1366
126
128
1343
1516
1410
1477
1405
1426
1455
1428
1504
1404
1437
1449
1433
1438
1497
1483
1526
1537
1547
1554
1559
153
1577
1618
1601
1578
1627
1610
1645
1661
1726
1720
1635
1699
1652
1673
164
1654
1662
1748
1738
1788
1803
174
182
1739
1815
1838
1797
1756
1813
1843
1864
183
1932
198
1955
1958
191
1893
1987
1902
1888
1976
1881
1960
1974
1981
1971
1997
2007
2011
2010
2046
2035
2033
2062
2072
2083
2092
2104
2109
