227
228
214
237
272
298
259
275
283
349
360
491
490
330
443
497
489
392
441
12
354
9
305
494
437
397
302
391
348
427
385
480
513
530
529
537
545
563
547
38
601
606
596
614
40
624
698
52
637
683
633
681
50
695
54
60
705
726
707
751
757
720
814
64
775
773
794
762
779
827
856
72
69
865
888
886
889
893
913
908
925
926
995
997
1018
977
938
981
1004
951
83
944
936
1097
1065
1073
1035
1034
1039
1053
1087
1111
1114
1140
1146
1134
1152
1147
1208
1167
1183
1144
1177
1249
1218
1311
1290
1223
1294
1304
1264
1297
1263
1257
1217
115
1365
1356
128
1340
1361
1352
127
1437
1492
1424
1409
1419
146
1495
1452
140
1394
1461
1388
1416
1428
134
1527
1524
1540
1543
1560
1569
1575
1596
1584
1609
1588
1621
1663
1699
1689
1656
1690
1661
1720
1652
1714
1692
1659
1814
1782
1825
1819
1783
1736
1775
1754
1764
1812
1831
1807
1849
1864
1863
1946
200
1887
1899
1909
1988
1884
1979
1984
1978
1888
1885
1961
1936
1883
2004
2009
2013
2028
2044
207
2038
209
2071
2086
2102
2101
2109
