227
245
1
228
266
288
278
284
289
466
330
337
323
511
480
392
471
21
403
375
10
476
501
18
495
415
13
386
324
442
338
11
380
531
33
533
545
569
566
562
595
614
609
606
584
628
53
47
693
653
643
632
630
635
699
707
733
702
748
743
738
703
67
782
775
817
777
810
794
821
844
835
837
875
865
882
881
894
901
896
926
919
932
1014
1020
940
960
88
1011
941
1017
945
942
1079
1048
1061
1085
1029
1039
1089
1067
1106
1107
1199
1158
1175
1130
1171
1157
1194
1179
1132
1127
1217
1282
1219
1306
1242
1279
1237
125
1220
1257
1316
114
1214
1331
1330
1371
1365
1347
1382
1325
1479
1434
1385
1409
1516
1433
1439
1478
143
1405
1492
1465
1399
1452
1424
1525
1536
1543
1559
1555
153
1604
1592
1574
1617
1600
1583
1654
1646
1719
1641
1659
165
164
1644
1651
1692
1689
1786
1833
172
1829
1813
1768
1776
175
1795
1809
1825
1784
1852
1859
1854
1880
1897
1903
1908
1889
1890
1929
1940
1888
1991
1994
1946
1877
1937
1938
2004
2005
2027
2026
206
2046
2038
209
2073
2075
2087
2088
213
