228
244
225
241
284
273
253
261
296
32
28
307
314
444
347
447
365
414
343
431
367
361
371
374
450
391
489
465
488
302
473
350
466
535
516
523
540
566
38
37
601
615
580
608
598
619
672
632
666
656
693
676
671
49
54
722
702
703
726
710
741
743
786
778
805
811
794
780
779
840
825
831
847
876
877
885
861
900
903
901
919
920
1024
1001
1011
938
948
952
990
931
1005
92
1004
1087
1052
1071
1029
1048
1094
1092
1033
1103
1110
1132
1121
1166
1180
1126
1151
1173
1187
1149
1127
1291
1279
1264
1219
1303
120
117
1238
1240
1246
1233
1305
122
1358
1346
1332
1331
1379
1337
1364
1428
1420
1449
1446
1477
1387
1494
1429
1443
146
1409
1514
1391
1462
1479
1534
1530
1553
1567
1562
1570
154
1610
1623
1580
1587
1609
166
1716
1651
1649
1672
1714
1664
161
1640
1717
1699
1819
1783
1774
1739
1762
1731
1816
1747
1792
1742
1746
1765
1844
1847
1852
1880
1992
1941
1945
1966
1927
1920
1909
1911
1887
1919
1993
1974
1967
1954
2004
2007
203
2029
2040
2041
2052
2061
2065
2082
2102
2104
2109
