240
227
233
242
276
259
286
281
295
465
323
378
463
368
335
384
387
486
21
497
513
348
352
395
398
361
408
338
376
367
328
411
356
517
534
34
539
548
546
559
592
616
590
608
610
619
692
678
690
50
647
646
638
668
54
716
737
726
725
756
734
758
774
806
780
778
62
799
767
822
847
854
850
860
874
74
887
903
912
913
81
925
972
941
947
1016
981
968
979
970
967
1012
1003
1055
1074
1033
93
1098
1072
1062
1065
1117
1110
1128
1171
1198
1194
1207
1134
1141
1191
1166
1136
1250
1256
1218
1245
1283
1307
1261
116
1236
1259
1309
1219
1315
1378
1335
1364
1370
1346
1362
1332
1459
1449
1497
1386
1443
1411
1463
1388
1508
1511
1448
1394
1445
1484
1512
1535
148
1565
151
1540
153
1593
1588
154
1571
1610
1590
1694
1700
1648
1656
161
1632
1674
1667
1682
1724
1647
1836
1793
1830
1751
1810
1788
1831
1797
1771
1738
1731
1754
1848
1857
1851
200
1981
1877
195
1991
1992
199
192
1933
1904
198
1947
1989
1973
1909
1997
2005
2018
2024
2049
2034
2045
2061
2057
2079
2095
2094
2109
