371
484
2
491
603
487
365
367
483
247
244
606
489
3
246
368
241
120
605
129
485
609
127
363
492
364
490
370
608
123
258
496
618
132
251
495
372
499
377
379
254
131
12
622
15
615
16
250
259
619
133
137
11
616
134
375
380
613
621
502
269
504
144
265
23
149
506
141
503
29
28
267
20
261
630
390
505
626
624
266
631
387
623
25
145
383
146
388
512
389
640
522
638
392
521
157
152
515
395
400
636
634
276
34
275
520
393
514
38
150
158
394
272
519
159
641
396
31
518
397
161
288
523
531
41
648
48
168
162
285
525
403
281
287
166
649
650
163
643
49
46
646
528
647
289
653
280
40
44
167
542
535
537
177
298
58
179
419
656
663
413
416
536
412
661
662
50
420
534
59
655
300
51
52
55
654
56
178
415
171
533
431
424
189
307
430
672
185
549
429
428
180
546
423
425
65
60
67
671
184
66
61
548
667
552
64
306
665
183
63
551
669
312
316
73
317
558
675
193
74
556
441
195
554
75
674
79
199
190
71
197
192
555
562
72
677
436
433
560
78
679
318
693
328
89
324
445
322
330
572
563
325
331
80
207
447
86
450
204
452
688
568
449
87
571
81
687
690
323
564
684
451
92
696
91
337
580
95
700
454
211
215
582
459
455
98
577
219
338
333
217
212
694
335
334
703
336
94
575
697
457
461
105
103
227
342
468
463
224
104
109
343
584
465
345
100
469
347
466
226
713
108
712
585
348
472
220
704
223
593
102
709
600
478
352
358
359
597
118
230
723
716
481
719
112
236
479
234
237
474
239
116
233
721
111
355
119
596
235
480
360
361
