4
243
127
610
371
122
606
5
244
368
488
2
603
128
8
1
249
608
605
612
362
247
0
124
485
490
609
120
3
245
255
502
620
497
501
15
613
11
133
12
379
254
376
136
493
374
498
17
377
259
258
380
616
622
132
10
378
253
19
499
27
624
632
28
623
26
384
628
23
146
390
386
508
507
140
268
266
142
630
383
510
391
625
388
385
147
267
260
261
143
154
275
392
394
393
639
153
396
274
38
155
400
518
515
520
34
401
635
35
279
31
158
638
150
157
270
636
33
516
397
169
48
162
532
527
643
652
43
280
164
404
653
526
524
285
523
529
646
525
644
289
49
42
46
650
651
166
406
44
41
656
662
655
292
170
296
175
659
539
172
53
293
418
415
56
297
533
55
174
414
536
660
534
661
57
177
173
535
298
54
654
61
66
664
180
310
183
549
670
546
552
301
64
189
307
673
667
551
665
548
427
187
431
182
69
547
425
672
429
67
426
424
315
194
313
70
75
438
556
434
562
676
193
678
321
432
191
561
314
77
553
560
557
79
197
319
439
72
199
558
559
682
208
442
324
688
206
86
84
88
327
443
692
325
571
686
202
685
85
328
568
322
569
446
329
572
690
567
330
89
81
201
95
577
214
216
582
701
333
212
336
459
580
213
456
339
699
90
341
335
93
97
215
218
219
217
581
338
575
334
455
453
102
592
709
229
223
472
344
348
342
583
343
224
100
105
464
706
469
710
585
713
463
704
586
109
225
468
351
591
227
106
234
113
230
595
354
110
474
597
236
475
717
118
239
117
723
721
115
719
714
352
477
482
235
358
479
356
480
357
232
238
