483
488
364
7
242
122
245
484
362
240
367
126
611
248
369
606
491
608
605
246
486
243
363
371
125
247
487
365
370
249
255
137
497
498
500
19
258
253
494
254
10
251
256
613
259
13
374
621
132
372
381
501
252
619
375
373
12
18
615
496
268
510
503
390
24
505
511
626
20
269
147
142
27
264
266
25
628
148
627
504
391
512
508
623
624
382
507
265
631
387
277
641
633
279
400
515
392
513
399
273
271
640
150
276
398
636
638
31
396
635
30
518
517
395
401
516
637
156
35
642
526
169
286
650
403
651
166
284
40
163
280
523
409
531
165
288
404
160
645
652
402
646
649
287
46
167
43
285
282
408
655
413
56
535
542
538
656
539
179
174
419
55
175
178
658
536
176
173
541
533
58
420
300
295
170
50
412
534
663
57
299
60
306
188
302
61
181
549
311
305
424
184
301
427
426
551
671
664
667
547
666
543
429
672
430
183
66
550
186
665
422
673
439
437
195
78
191
678
432
675
71
73
79
198
76
77
192
559
72
434
438
562
560
321
436
312
554
676
682
440
556
433
324
448
84
568
444
564
443
566
691
689
81
684
325
451
86
202
567
570
572
452
204
87
200
328
201
208
686
331
322
565
462
218
92
212
456
219
341
697
98
334
577
575
578
97
581
698
338
216
461
695
339
90
694
458
215
573
579
214
574
91
229
102
472
706
469
343
587
106
470
342
345
347
101
348
711
109
467
591
222
709
710
351
468
705
226
704
346
464
220
100
238
481
360
110
721
359
118
479
352
112
234
600
354
720
715
357
596
115
480
231
117
601
119
237
113
475
716
116
236
233
