312
302
408
505
536
374
314
126
473
407
210
291
104
341
251
515
464
461
293
127
521
231
232
484
537
496
198
319
538
499
120
477
62
462
342
381
50
165
331
488
168
483
525
229
519
475
348
511
514
304
109
270
282
105
383
184
413
491
445
376
520
63
405
224
502
411
150
101
64
249
205
284
199
320
240
89
399
76
107
439
495
79
188
138
54
247
479
118
192
336
516
169
509
260
329
170
110
501
96
482
129
513
65
480
204
183
476
152
466
200
179
57
508
441
434
68
338
234
299
527
490
343
56
274
135
167
136
187
181
357
432
194
166
358
452
377
486
121
523
113
283
239
264
153
389
223
149
280
303
86
346
133
49
372
233
532
123
174
323
263
428
248
470
385
517
526
334
401
414
134
512
390
330
119
351
416
534
157
102
339
190
156
364
115
459
535
117
324
36
457
317
182
427
420
386
391
394
195
20
289
132
368
467
9
53
325
463
25
256
14
97
32
220
296
151
95
193
398
468
448
21
175
116
403
91
316
41
72
58
214
230
451
33
10
106
373
245
38
219
84
2
208
146
237
335
93
44
85
155
8
456
69
171
34
446
276
471
5
48
384
30
444
290
140
328
227
1
365
131
266
37
271
382
74
253
201
52
180
356
305
0
4
196
447
42
449
454
465
340
379
141
332
216
269
51
267
375
472
191
255
327
114
122
27
159
148
455
443
294
354
128
410
402
73
453
424
349
112
45
450
347
415
6
297
43
78
13
309
458
311
144
19
350
111
103
22
285
404
306
246
212
362
16
395
367
238
412
172
108
433
3
438
124
419
281
225
189
7
478
145
12
39
277
31
143
177
228
378
139
315
440
380
211
352
436
206
11
387
310
99
162
209
59
318
87
176
35
272
160
286
28
257
425
17
262
268
258
474
142
252
