408
300
353
537
464
392
127
498
104
461
273
287
538
251
232
360
235
473
341
213
371
345
314
210
302
521
126
515
374
383
475
342
105
348
511
493
492
229
62
514
331
435
242
483
109
530
477
186
295
168
503
243
381
270
519
370
165
491
432
192
129
480
469
377
240
167
490
487
181
57
226
217
164
65
204
434
508
441
522
479
63
221
501
88
166
504
506
170
200
260
222
138
118
516
358
460
366
247
301
89
357
439
64
284
56
527
169
481
452
376
405
274
152
197
399
163
518
482
46
397
234
76
150
199
320
110
344
396
54
187
136
445
249
205
326
68
121
486
466
153
414
422
174
248
279
133
489
428
223
123
429
500
261
158
323
149
278
517
236
532
529
385
86
359
346
264
239
283
334
512
390
102
485
80
157
117
416
147
292
364
190
535
82
534
115
351
156
95
321
281
384
151
442
340
436
386
297
143
362
52
394
337
35
451
427
467
16
227
457
419
325
103
70
317
20
380
2
28
100
252
228
454
7
58
31
93
8
277
472
453
17
22
40
220
455
446
393
216
3
131
267
272
11
230
5
206
97
382
73
246
309
148
391
155
209
72
257
13
255
296
375
373
69
420
443
112
458
94
45
365
87
316
265
412
208
288
42
44
253
159
47
354
140
106
154
39
327
81
202
268
195
85
456
313
139
130
23
145
144
162
324
415
21
29
433
34
307
180
245
335
430
440
425
26
6
352
271
38
142
219
361
10
258
172
207
116
398
125
124
318
128
9
171
468
423
182
132
67
367
388
77
33
395
286
424
410
146
191
201
450
4
71
160
32
349
51
363
402
1
193
41
305
463
266
12
111
84
322
465
406
474
78
196
238
114
15
48
356
36
294
306
211
37
444
328
90
448
189
14
122
403
387
289
225
237
276
311
332
59
285
