521
300
497
104
231
302
418
232
360
371
498
496
407
528
287
235
312
273
473
345
537
392
127
213
210
293
126
137
92
331
530
435
383
62
514
165
511
499
462
477
184
421
525
308
348
519
61
533
242
370
342
203
475
229
381
493
75
298
66
60
199
163
188
490
173
68
397
222
241
200
399
129
432
480
183
152
502
178
369
509
284
170
482
320
234
523
434
244
79
338
431
377
56
366
181
138
54
166
164
326
299
460
358
161
150
217
65
527
260
441
274
76
179
96
409
240
205
194
396
507
524
439
101
169
187
185
405
411
107
329
167
518
249
344
64
221
491
204
508
283
500
86
517
248
263
346
239
279
323
429
113
261
489
149
158
372
278
422
532
526
428
303
236
264
215
359
280
133
223
534
459
416
147
351
117
510
102
190
390
259
364
82
157
339
330
535
494
403
19
423
4
398
216
154
444
171
335
457
430
328
419
406
310
256
116
7
90
13
36
29
276
472
415
3
193
37
38
180
220
272
209
410
141
41
255
368
97
340
143
34
128
386
288
77
145
219
51
442
74
15
266
72
305
130
245
307
83
85
313
404
306
142
33
28
316
93
446
325
78
26
218
225
347
367
182
59
95
114
12
155
456
363
32
297
27
321
253
9
124
48
265
451
58
332
271
6
449
458
238
448
296
349
176
195
131
10
474
159
160
70
20
450
146
98
52
16
427
177
395
18
417
378
208
55
31
285
440
246
230
425
391
151
317
144
42
379
322
25
71
201
362
290
478
286
207
22
39
17
455
140
191
162
356
436
196
81
0
315
106
5
30
67
361
465
394
214
44
94
354
318
148
382
350
438
463
139
84
125
228
454
327
175
420
1
337
69
47
424
227
237
333
212
252
453
2
468
402
309
132
202
257
73
388
87
352
21
387
23
43
380
