407
538
198
461
126
231
496
355
314
300
371
392
374
235
437
418
319
291
341
515
345
210
408
505
273
536
287
537
360
525
519
229
254
381
348
413
243
370
282
492
242
275
503
342
61
304
270
499
477
435
186
184
120
400
168
483
475
96
199
358
377
405
343
487
480
60
486
491
152
240
469
161
527
513
508
150
260
46
376
432
121
507
166
434
178
338
118
79
506
366
224
173
298
426
445
482
57
501
495
524
63
369
509
301
217
336
466
344
396
409
241
244
65
107
329
204
357
479
56
205
299
460
504
234
284
169
221
490
167
431
249
110
274
441
326
518
54
247
76
278
359
133
223
529
261
264
149
532
401
236
531
279
123
414
385
372
429
428
422
283
517
346
215
174
323
389
49
239
153
117
351
156
119
364
190
485
292
115
459
390
339
416
147
535
80
510
512
33
36
58
45
455
255
162
257
97
189
144
318
180
52
9
3
81
276
0
268
98
246
378
130
322
297
471
442
356
440
463
25
148
196
444
394
317
446
245
417
6
474
74
265
87
382
5
93
72
238
31
315
347
124
59
27
37
379
415
219
112
214
468
402
32
425
103
228
182
387
132
449
465
35
352
306
155
17
218
362
453
19
368
29
160
478
22
100
151
106
38
1
363
195
131
10
24
253
237
386
69
177
70
159
438
316
143
269
128
99
77
388
20
289
427
90
21
78
328
420
201
146
333
141
424
266
430
324
256
125
404
43
380
286
44
395
42
451
114
373
122
140
393
73
202
71
361
220
154
11
208
85
206
332
12
436
13
51
108
384
41
272
367
2
28
8
95
18
111
458
40
472
375
47
53
258
406
207
321
16
15
403
354
325
171
423
55
410
209
262
83
433
91
142
227
252
447
145
139
313
467
309
443
277
30
193
327
14
450
94
294
23
216
