319
371
213
496
293
418
515
360
137
497
126
291
353
473
521
341
437
464
287
231
302
300
232
210
314
198
251
127
408
413
203
475
483
462
525
75
370
229
493
435
499
308
331
492
488
400
275
186
184
514
381
519
511
62
120
243
304
63
344
358
110
169
170
138
226
185
241
524
163
298
161
88
502
486
411
479
240
224
250
167
89
129
222
199
439
460
509
491
183
164
343
480
260
377
187
205
204
101
64
482
96
336
178
434
301
234
441
366
329
60
57
68
397
506
508
357
56
152
221
135
121
326
376
66
452
527
244
197
495
181
274
513
179
249
516
200
46
194
65
264
389
49
86
334
323
346
283
500
236
385
278
261
113
359
489
223
517
149
428
279
429
233
470
158
133
414
422
303
239
351
259
510
485
534
339
390
330
82
102
459
157
156
147
535
190
292
364
363
373
0
106
48
220
265
16
324
176
145
404
349
440
2
141
74
444
21
73
131
208
53
211
69
321
325
4
227
449
362
87
27
130
132
448
305
398
146
95
277
22
454
391
271
33
32
58
306
447
478
423
365
70
427
375
335
386
182
354
17
97
47
255
276
332
3
128
18
218
436
34
252
424
143
455
171
43
266
196
40
5
316
155
415
39
81
36
71
394
281
41
450
457
468
15
403
380
162
417
230
28
112
180
214
111
99
94
285
246
340
269
412
322
384
24
83
406
410
471
225
467
84
245
103
378
262
23
451
29
318
31
382
289
175
207
294
116
140
309
148
272
402
42
465
310
13
395
388
288
91
311
307
268
438
98
219
52
430
151
361
216
212
419
85
159
368
44
356
90
206
100
228
59
337
433
177
72
472
25
463
78
6
67
474
45
267
327
10
20
160
9
125
333
142
77
367
253
201
350
296
456
19
193
172
347
154
202
144
189
14
328
313
