353
273
521
300
473
528
537
287
291
92
126
232
302
408
360
536
407
374
104
355
461
497
314
484
235
137
210
127
498
525
483
519
50
203
243
435
75
270
165
304
400
308
370
242
383
342
413
105
61
282
492
348
477
120
109
503
499
152
200
481
76
173
226
299
301
466
247
166
491
60
89
343
399
260
179
326
150
138
199
64
88
432
118
434
513
205
56
244
57
469
96
329
185
486
487
377
336
507
68
240
320
520
234
121
480
441
217
194
274
178
169
504
501
495
164
192
506
426
490
63
344
409
79
66
224
439
509
369
527
516
518
523
170
431
479
204
452
411
396
500
174
233
372
123
278
149
323
49
346
215
389
414
248
526
489
223
264
422
239
428
86
429
158
531
401
261
236
529
113
485
147
134
330
510
119
534
390
190
535
80
416
494
339
82
115
512
102
69
340
420
354
114
450
124
140
103
440
19
404
87
182
325
433
337
78
70
33
315
98
159
321
463
444
131
238
327
44
412
453
403
151
81
77
84
438
72
162
207
456
34
177
430
176
356
448
1
386
384
276
206
380
18
423
47
225
245
467
332
59
28
335
309
268
220
255
368
352
122
20
322
465
7
154
209
419
39
31
26
427
24
38
393
265
317
318
272
23
12
455
395
32
36
95
45
257
195
442
15
130
402
375
472
74
373
85
394
449
307
40
446
267
410
41
212
100
451
219
417
8
305
144
5
139
16
227
91
14
281
328
189
106
155
4
457
290
350
9
37
94
2
25
58
128
73
258
443
99
367
196
379
378
406
160
288
237
55
51
294
471
193
191
97
285
271
90
218
277
269
0
172
22
474
382
214
71
93
306
391
262
111
436
230
30
447
324
10
108
310
17
211
27
365
21
202
252
458
398
83
311
266
29
180
256
454
125
216
362
112
171
142
