127
461
360
473
319
353
497
341
498
464
374
293
213
251
210
345
484
371
355
302
538
232
392
126
231
314
273
496
537
242
282
488
243
477
168
503
109
165
421
308
413
462
483
50
475
203
186
492
435
499
254
184
62
381
295
105
270
88
46
166
508
405
57
96
476
65
358
432
520
164
226
170
60
274
181
479
377
200
426
66
357
376
224
244
329
441
344
250
501
121
487
507
187
495
135
68
396
434
64
249
173
343
199
518
150
188
205
431
524
129
502
481
192
54
409
240
169
217
509
79
234
56
194
486
260
107
469
466
118
185
136
320
460
204
161
516
522
179
299
346
153
223
158
385
278
280
303
489
149
401
428
49
372
532
422
470
86
531
239
113
526
283
359
500
236
174
233
133
389
157
156
351
390
494
339
147
535
134
259
102
459
115
190
485
119
534
510
266
176
268
393
17
365
237
53
313
13
245
30
384
271
276
71
15
395
394
195
436
42
77
97
277
227
398
253
177
18
472
228
41
36
463
39
402
443
91
103
43
139
142
446
180
159
281
85
328
380
37
16
72
1
160
216
116
317
51
122
112
272
238
202
144
172
305
361
467
83
352
6
262
404
175
286
34
327
449
28
378
162
430
349
296
340
209
171
373
11
0
35
48
415
26
417
362
145
289
131
465
90
388
294
354
290
442
453
151
255
375
67
100
386
256
379
38
433
59
128
424
14
403
309
269
146
182
423
93
218
4
47
201
141
95
447
55
288
220
214
454
347
9
321
211
316
98
69
427
24
322
130
114
450
31
78
132
219
23
315
225
367
106
94
425
285
10
391
332
8
324
22
356
306
111
307
125
73
143
457
419
406
29
230
267
27
58
474
124
40
468
87
32
368
458
208
155
337
74
387
25
21
444
207
3
140
335
246
350
438
12
311
420
