355
345
498
473
126
127
407
437
537
371
314
484
538
461
353
464
374
341
287
497
302
521
137
392
291
235
515
408
418
435
295
304
243
203
488
61
275
492
503
499
413
242
519
186
421
477
383
525
109
475
400
514
184
331
168
462
493
377
481
192
199
188
326
482
118
431
284
60
204
501
185
166
66
490
173
411
161
54
169
79
46
439
178
522
222
57
179
299
164
107
460
523
480
163
205
249
183
487
504
513
452
68
409
357
224
524
495
336
506
96
221
250
121
298
187
509
152
244
274
241
432
397
234
469
136
502
434
194
110
63
101
396
217
343
320
520
240
466
518
239
389
323
531
233
489
215
174
529
526
414
346
86
263
236
283
133
278
113
280
223
49
264
500
385
470
532
153
149
428
102
390
534
339
82
330
134
494
535
156
115
119
147
117
259
190
351
485
281
433
318
180
98
48
175
395
324
246
297
361
132
67
458
257
262
237
20
0
52
87
446
406
22
363
447
256
9
78
219
382
474
41
69
290
349
214
356
325
195
238
45
108
471
266
440
94
202
272
55
34
425
379
350
457
420
354
21
419
24
467
321
84
31
410
74
378
148
453
189
289
456
15
454
276
228
267
3
90
230
227
4
211
103
25
172
19
442
306
201
296
380
106
70
71
443
125
42
398
317
5
99
271
10
33
17
455
335
391
140
85
365
196
51
40
8
394
285
14
373
265
29
393
16
124
7
468
53
430
155
386
307
145
218
362
438
177
32
209
128
151
144
6
11
465
327
403
72
268
26
313
387
316
154
328
160
310
81
18
332
207
255
220
28
95
412
111
47
478
367
141
2
112
352
35
423
193
288
258
436
36
162
252
171
448
176
130
340
311
245
59
143
208
388
23
305
13
77
322
116
39
253
93
225
417
146
463
83
159
30
122
424
