484
319
312
273
353
437
473
374
287
392
528
291
210
371
104
92
360
355
231
127
536
497
302
408
496
341
137
538
251
243
525
421
331
295
493
105
533
109
370
275
254
282
400
229
477
499
514
519
383
503
120
62
475
304
184
168
61
284
129
76
260
508
405
513
54
432
409
241
445
476
178
101
89
299
107
169
135
369
170
250
79
249
221
192
183
188
68
506
439
226
336
320
173
377
167
161
179
66
358
504
204
469
65
434
501
460
344
96
338
56
247
326
217
343
502
222
441
523
110
274
486
524
366
181
60
163
431
507
516
138
466
509
150
46
520
480
490
118
234
385
414
401
531
86
153
526
429
346
279
236
149
303
500
517
158
470
49
359
113
133
261
174
263
334
532
389
280
239
428
156
339
512
510
535
416
157
117
190
119
259
115
494
147
459
351
390
534
189
318
34
457
91
154
388
297
305
219
269
171
146
281
40
14
99
352
478
474
175
83
124
379
373
106
246
177
443
37
108
100
10
337
420
387
4
116
87
111
277
310
451
24
74
245
412
328
195
39
12
321
471
447
415
45
18
463
78
450
206
160
403
458
391
103
94
53
398
140
335
73
31
128
162
238
317
448
425
38
258
216
202
349
467
306
25
347
465
208
11
5
27
402
286
276
267
22
395
26
17
386
77
410
325
172
144
2
382
427
228
72
322
367
256
16
7
85
333
453
151
81
433
196
42
442
271
84
368
159
182
93
340
436
52
230
227
41
417
33
6
237
58
268
122
438
55
209
130
35
155
404
32
262
365
214
288
468
148
207
193
36
131
225
419
406
440
29
95
255
266
375
356
142
430
393
394
449
454
252
98
354
218
19
294
296
315
28
51
285
13
112
8
455
332
30
180
21
139
220
211
316
23
69
44
1
253
257
350
361
327
20
265
