302
210
374
251
232
312
484
319
300
353
505
528
198
291
515
407
437
392
104
537
521
498
213
408
345
127
273
473
341
295
383
421
275
282
331
109
475
530
511
304
493
62
483
503
342
242
186
492
499
229
519
120
348
381
75
243
462
138
358
524
110
513
163
522
377
187
426
101
188
66
250
357
169
441
88
240
366
411
469
166
199
481
135
336
217
68
486
480
439
54
183
301
405
298
241
329
479
523
173
121
204
434
509
520
200
185
487
249
397
431
96
320
152
244
452
221
376
504
89
476
482
495
396
343
79
260
516
57
247
226
518
192
118
222
344
63
164
284
170
422
359
372
470
233
526
158
149
261
278
86
389
323
529
429
414
283
133
279
334
223
489
236
385
263
346
248
303
174
123
115
156
134
117
147
157
259
534
102
485
364
351
339
119
416
80
330
512
219
433
230
451
143
457
193
4
52
209
402
325
252
447
151
379
307
272
227
116
367
350
478
310
206
255
290
356
286
99
412
309
103
363
128
23
29
148
446
265
195
51
337
317
220
145
21
420
131
13
266
324
25
15
313
58
111
12
423
3
277
474
216
37
398
382
32
448
380
281
332
24
10
98
175
196
430
384
77
305
463
436
258
327
16
38
87
84
328
225
141
40
306
14
144
393
171
160
415
94
6
78
35
238
48
361
340
256
72
245
39
467
211
31
189
83
335
454
73
444
212
11
410
318
182
19
375
43
443
41
419
268
427
69
365
1
124
269
294
208
403
108
354
45
59
122
296
388
28
395
74
22
387
386
125
2
114
155
8
0
140
315
172
34
162
394
177
450
44
352
159
368
20
391
191
180
288
333
53
26
201
468
95
471
27
42
100
406
112
81
424
253
347
93
176
67
289
139
228
297
456
7
267
33
316
106
90
465
18
322
373
321
349
