7
605
0
601
607
3
6
4
604
602
16
19
610
14
617
10
616
11
611
15
23
26
623
621
22
25
21
620
625
624
30
637
32
37
38
630
34
633
36
634
649
41
641
642
640
645
43
643
46
45
659
51
54
59
652
52
653
58
657
57
63
67
660
65
669
661
667
69
664
668
673
76
679
670
671
71
677
72
78
674
680
689
687
82
685
683
686
89
84
85
697
98
95
698
97
699
90
91
99
93
100
706
700
701
703
709
106
707
105
104
113
112
713
111
716
116
115
710
117
719
724
123
128
127
120
728
721
722
122
124
132
738
131
137
732
735
136
736
731
135
143
741
742
749
148
745
146
144
147
747
157
156
153
154
158
756
159
152
751
758
769
763
765
163
164
169
764
766
761
162
178
172
174
773
772
176
775
170
173
776
788
780
781
787
182
189
188
185
183
783
190
193
196
799
795
191
791
796
195
794
203
808
806
807
205
201
800
805
204
209
819
812
218
219
213
212
818
216
816
215
828
225
221
227
824
820
228
224
822
226
834
231
833
230
839
835
239
232
238
831
848
240
844
845
842
247
847
248
242
849
851
259
852
254
256
255
253
857
258
257
260
261
869
861
263
262
268
866
267
867
876
276
871
279
877
275
273
875
272
872
285
886
888
288
881
883
284
281
882
880
901
308
908
309
907
300
307
306
305
900
911
315
910
314
319
914
311
917
919
912
929
320
321
325
324
927
329
322
921
328
333
337
331
338
937
930
334
934
932
339
948
343
348
944
945
341
342
947
943
340
368
362
369
963
367
364
966
366
964
365
372
377
379
970
376
371
976
374
378
978
383
980
382
983
381
385
985
989
984
982
997
995
996
990
395
999
991
993
392
391
405
1006
1000
404
409
401
1003
406
1007
407
416
1019
1016
415
419
1017
411
413
1014
417
1026
1027
427
428
1028
1024
420
423
1022
1023
1036
431
435
438
433
432
439
437
1030
1037
1043
443
1046
448
1041
1049
1044
1047
441
449
1058
453
1054
451
1056
456
1057
452
458
459
1064
1063
1068
463
1067
469
1069
464
1065
467
472
1070
470
1071
1073
473
475
1076
476
1077
1087
486
480
1081
487
485
1088
1083
488
484
497
1097
493
1098
499
1095
491
1092
490
495
1103
1101
503
1102
501
1108
500
507
508
1109
1116
1113
1112
1118
511
514
1110
519
1111
510
520
526
524
1126
1123
529
1125
527
1120
1121
539
1135
534
1133
1130
538
531
536
1132
537
1149
542
1144
1143
544
1148
541
546
1146
1147
1152
554
1150
1158
1159
558
559
1157
557
553
566
562
561
1164
1160
1165
569
1162
1168
1166
575
574
572
1174
570
578
1178
579
1173
577
589
582
581
1184
1188
1181
1186
586
1182
588
597
1192
599
1197
590
596
593
1195
592
1198
957
354
956
356
351
952
950
953
352
959
295
897
296
297
890
891
898
291
293
896
