3
6
7
5
606
605
2
4
9
600
612
618
617
17
13
15
14
10
12
614
629
26
27
29
622
628
22
21
20
621
34
639
38
35
37
30
630
31
631
39
45
648
48
43
647
49
46
41
642
649
58
53
54
653
650
57
51
659
55
655
64
65
662
69
663
669
62
660
661
60
674
70
676
672
679
675
77
673
75
73
686
88
87
80
688
681
85
682
86
685
693
90
99
98
94
692
697
92
699
93
105
704
106
705
703
706
104
103
701
102
112
117
710
714
713
111
712
115
110
718
721
121
729
120
124
728
127
725
129
727
737
736
137
730
731
131
139
739
734
733
749
745
748
743
740
142
746
140
149
141
151
759
150
753
152
751
154
153
157
159
762
166
169
765
163
767
768
165
761
160
170
779
177
776
171
770
175
771
173
775
786
181
788
180
780
785
789
783
187
189
192
795
193
196
799
198
796
199
793
791
206
208
201
809
207
803
804
204
202
808
214
812
811
212
816
218
210
217
216
814
228
827
824
224
222
822
820
828
226
826
236
233
836
239
830
232
832
833
839
834
247
245
240
846
847
248
840
242
246
845
859
857
852
855
259
858
255
257
258
254
864
260
265
261
866
263
262
863
865
862
872
275
874
873
271
279
875
876
877
272
287
883
887
889
284
288
281
283
282
286
300
303
904
906
307
308
907
309
304
901
917
312
919
319
311
918
317
313
314
318
320
924
926
322
327
323
321
927
328
326
333
331
933
931
935
934
334
930
938
937
944
941
346
342
341
942
348
945
344
943
968
365
962
964
967
969
963
360
362
363
975
971
372
371
977
978
375
378
379
377
981
989
980
987
389
986
985
988
385
983
399
392
995
991
397
996
395
998
391
997
407
405
406
1002
404
401
1004
1001
400
1003
1011
1019
419
1018
416
1016
1010
410
1014
414
1029
1026
420
1028
1021
1025
1022
422
429
1027
437
439
433
1037
432
1030
1033
1036
430
1032
445
1041
1040
442
1044
1046
447
444
1043
443
458
1052
454
1050
453
1057
457
1051
1053
459
469
1067
464
468
1063
1061
1069
1068
462
1066
479
474
470
1071
1079
472
475
477
1076
1073
481
1087
488
484
1082
1083
486
1080
1084
1088
1097
498
493
1096
1098
495
1093
491
1090
1092
1103
508
503
502
1106
505
506
504
1100
1108
512
1115
1112
510
516
517
514
1113
1110
513
1127
1121
1122
528
522
523
1128
526
525
529
532
531
538
533
537
539
535
1130
536
1137
1140
545
549
1145
1144
547
1146
1147
542
1149
1150
554
1159
553
556
1158
1157
555
559
1155
1166
1160
1163
1165
566
562
1168
564
565
560
1175
1179
575
573
570
574
578
1178
572
579
581
1180
1187
584
587
1185
589
580
1188
1184
592
593
1197
1195
1198
597
1193
598
1190
591
957
359
951
958
356
950
955
952
353
956
299
296
294
898
896
890
893
298
291
894
