602
4
608
0
9
5
3
600
1
607
613
614
12
19
18
615
10
619
612
11
25
627
23
621
628
20
26
626
629
623
37
34
31
639
635
33
636
35
36
633
645
649
642
49
43
641
40
644
646
643
654
653
50
52
59
652
657
658
53
54
65
63
66
660
668
669
667
663
60
662
76
77
672
677
79
78
74
678
73
71
683
84
83
88
86
682
82
684
689
687
96
91
698
90
692
691
694
93
690
696
706
700
709
107
100
109
104
101
703
701
716
119
113
710
713
118
711
712
111
718
127
722
120
725
122
729
720
123
128
124
139
130
730
734
138
136
738
731
132
736
746
748
741
745
144
149
740
749
147
148
154
157
156
754
153
155
759
758
750
158
169
160
168
167
164
761
165
769
766
760
178
171
177
176
179
778
175
174
170
779
188
185
785
187
780
787
184
781
180
189
798
796
792
193
793
190
794
195
197
791
804
208
809
802
205
808
201
209
803
207
815
216
219
212
814
813
211
214
810
811
824
821
829
826
228
827
825
828
221
823
233
838
237
839
231
833
234
835
836
830
245
844
247
849
241
246
840
846
843
240
258
852
850
252
854
251
254
856
253
859
263
863
260
867
268
868
262
261
869
861
871
874
873
274
275
277
270
878
875
877
883
288
281
881
882
888
282
284
889
287
300
900
903
307
905
303
309
304
904
308
917
314
918
913
915
910
914
916
312
311
923
925
320
325
327
323
929
920
322
324
337
334
932
930
336
931
933
938
338
331
946
347
942
345
341
945
342
940
949
348
365
363
963
966
369
360
967
960
964
362
978
376
375
972
977
372
379
371
370
374
989
389
387
385
386
987
985
382
983
383
994
992
394
396
995
993
395
991
999
391
402
408
401
1005
400
1001
1008
1009
406
404
413
1017
410
1012
415
417
1014
414
419
1011
428
427
424
420
1020
1023
429
426
1029
422
431
439
437
435
434
1035
1033
436
1031
1032
1043
447
448
1041
444
1048
441
442
1047
443
1054
454
1058
459
452
1051
453
1055
455
456
1069
468
1068
467
1065
469
466
1060
460
462
1079
1076
476
477
1075
473
1073
1072
471
1077
1083
1080
1087
488
484
1084
485
1081
1085
486
493
495
498
494
490
1096
1097
1099
1092
1095
505
502
1103
1106
1105
504
508
503
501
1102
517
514
1112
513
519
1113
1111
1116
510
518
524
1123
1126
1128
528
1127
521
525
523
526
538
1130
1138
1134
1137
1133
1139
536
531
1136
1146
1148
1140
541
1145
1144
543
1147
542
540
1159
1158
1152
557
554
556
552
559
1155
1154
563
565
1167
1161
1169
1168
564
1165
1163
1166
1171
1175
576
579
577
578
574
571
1174
572
1185
582
1180
583
1183
589
585
581
588
1182
596
1190
1194
595
1199
1192
599
593
1193
1196
358
954
950
350
955
353
352
356
354
355
899
891
292
290
293
296
898
894
295
895
