600
604
607
3
1
7
5
9
603
2
14
10
619
18
613
11
612
616
618
610
22
623
624
622
26
629
28
24
25
626
633
635
632
638
31
630
38
634
35
39
47
43
647
44
646
48
40
641
642
42
656
52
657
658
53
56
653
650
651
55
60
668
669
63
661
664
68
64
69
67
75
677
679
670
678
673
77
74
671
676
87
684
688
686
683
85
689
84
83
685
91
99
692
699
694
98
696
94
90
97
100
101
104
700
704
706
707
108
705
107
712
714
114
110
116
113
111
112
719
715
123
120
728
725
124
724
127
722
720
729
730
138
736
733
739
136
734
134
738
735
748
140
142
740
141
749
143
742
148
144
758
757
152
159
154
153
151
158
756
155
763
765
163
165
167
169
164
161
162
768
777
178
771
170
172
773
176
775
174
770
786
788
781
782
186
785
180
188
189
183
198
197
196
192
795
790
195
797
793
791
200
807
804
800
808
207
809
205
209
805
810
216
817
214
212
811
818
813
819
812
225
227
223
826
222
829
823
224
228
220
234
830
837
833
233
835
838
839
836
232
240
241
248
242
849
846
249
848
247
841
250
855
256
251
857
259
257
851
252
858
264
863
263
262
861
265
269
864
260
267
271
875
872
876
879
276
277
274
874
278
286
886
889
289
884
287
282
285
283
887
305
905
307
906
306
304
301
302
904
907
311
918
911
916
914
318
319
917
317
912
326
325
921
926
321
322
928
328
329
929
336
934
939
936
938
932
337
937
335
338
949
947
341
343
948
946
345
346
349
943
363
969
968
362
366
967
360
964
365
963
973
375
379
970
978
374
373
971
378
979
981
382
384
983
985
988
386
980
984
380
990
992
397
998
392
994
393
996
391
993
1005
1008
406
1000
1001
405
403
402
400
401
1018
1015
416
414
1010
1016
415
417
1011
1019
1025
421
423
1023
1021
1026
1024
427
426
429
436
435
1039
1037
437
432
438
439
1032
434
1043
1049
445
443
1040
444
440
442
1041
1048
1059
1052
457
1058
451
1054
1055
450
1050
454
466
1068
462
1063
469
1066
465
1060
468
1061
1071
476
472
477
473
1072
1070
1077
1075
474
481
1084
485
488
483
1087
1088
1086
1083
487
497
1094
498
1097
495
494
1095
490
499
1099
502
500
1104
1107
505
1108
507
1102
1109
1105
518
1111
513
1112
510
515
1113
511
1114
517
1126
522
523
520
1121
526
1129
1123
1128
1122
535
1134
1138
533
1133
539
531
1136
1137
1131
1148
541
1147
1140
540
549
1145
543
547
548
1156
555
558
556
552
1157
551
1153
1154
1151
569
565
1166
561
566
568
1162
1165
562
1167
573
1177
1179
579
578
1174
576
572
1176
571
1188
588
1186
585
1183
1180
586
1189
587
582
592
1193
590
1190
598
1199
1197
1195
1194
599
359
353
954
357
959
958
953
355
354
351
893
298
295
898
296
292
894
297
291
890
