601
602
0
1
8
5
7
605
604
603
616
17
613
19
619
13
15
14
615
16
21
24
22
624
20
28
622
625
29
23
635
632
37
38
36
636
630
631
31
32
641
48
640
45
644
40
649
642
648
643
55
658
656
657
659
51
57
58
650
654
664
66
663
669
62
665
61
65
666
67
73
70
74
671
673
75
675
672
78
72
685
89
680
82
686
80
87
83
81
687
690
93
92
91
697
96
698
97
695
94
707
104
103
105
100
102
106
702
709
706
711
113
710
718
716
119
715
719
111
717
123
723
728
129
121
122
721
125
722
724
735
134
138
133
130
736
733
136
137
139
740
142
143
145
744
743
149
141
747
748
756
158
758
152
153
150
755
757
157
155
167
766
767
760
762
765
166
763
164
764
776
177
176
772
178
777
774
170
778
179
182
187
185
785
183
781
184
789
786
783
192
198
796
791
798
194
792
795
797
190
204
801
203
200
806
800
206
205
802
208
817
219
211
216
816
217
813
815
214
811
220
823
822
828
221
821
827
826
820
226
831
231
237
235
230
233
833
838
837
839
840
249
846
842
241
242
246
248
843
244
854
255
250
857
256
253
254
259
859
257
260
865
861
862
261
267
863
264
265
269
271
277
272
874
878
873
279
872
876
274
285
885
283
881
282
882
281
289
284
884
300
908
902
304
901
308
303
302
900
309
911
914
915
918
317
313
318
316
314
312
328
322
325
321
320
921
922
920
327
926
935
939
330
338
339
933
331
335
937
332
947
949
348
944
948
345
941
945
347
943
965
368
360
964
369
961
362
367
967
361
972
975
375
376
372
371
979
379
976
977
985
387
388
385
389
380
383
984
987
381
994
390
399
393
997
398
394
996
395
392
1002
1004
1007
401
1008
406
1000
403
1005
1001
1010
1012
419
1018
417
412
1011
416
411
414
421
1027
1021
423
422
1026
1024
424
1023
1020
439
437
431
1038
1033
1031
436
433
432
430
442
441
449
444
1040
1041
446
1048
1046
445
1054
459
452
458
450
1050
1052
455
1055
1051
1064
463
1060
1068
465
467
1061
1062
461
466
474
1072
1076
473
1078
1079
479
1075
475
476
483
486
1085
488
480
1081
481
1086
1080
1084
1097
1096
499
490
492
1091
494
1092
1095
1094
500
1106
1102
507
508
1105
509
1108
1100
506
511
1112
518
519
1114
1113
1116
1118
514
1111
1125
528
1122
526
1129
524
1120
1126
1128
521
1135
1133
530
537
536
1130
1131
1138
535
539
1145
1141
1146
1147
540
548
1143
542
545
547
1158
555
1159
557
552
1153
556
558
1156
554
568
1162
561
1164
1161
560
1165
1163
564
565
1175
1172
1173
573
570
578
1170
577
575
574
582
1189
583
584
580
585
1180
1185
1186
586
1190
597
1193
1197
599
1195
592
1191
598
1198
353
358
351
953
350
355
956
954
958
359
899
291
894
895
290
294
896
297
292
893
