607
7
5
6
8
2
605
604
4
601
19
617
17
614
18
16
613
612
13
610
24
29
621
20
27
628
623
626
622
22
633
636
638
30
635
630
36
639
39
35
647
641
642
40
648
47
43
46
645
44
53
658
58
50
51
659
54
656
651
57
65
665
662
61
63
661
66
668
666
62
678
72
71
672
76
74
675
70
670
674
87
680
685
687
85
681
81
688
686
86
691
94
90
97
93
96
693
92
690
91
106
704
708
103
701
105
107
108
703
100
110
715
711
719
717
111
117
113
712
714
724
123
120
722
122
721
124
129
728
723
737
139
731
132
733
730
130
736
738
732
747
749
144
143
142
746
149
141
146
741
753
156
159
750
751
755
757
754
154
153
168
761
167
767
162
169
766
166
760
764
170
773
178
776
772
777
174
171
179
172
788
186
784
185
783
188
781
181
180
785
193
794
796
795
198
191
192
798
793
195
806
208
205
802
202
804
803
203
204
809
813
214
215
816
817
811
812
818
810
819
227
824
226
829
825
823
223
821
222
225
237
838
836
232
230
238
831
236
233
835
844
243
849
247
244
847
249
241
245
848
856
857
852
258
251
256
853
254
257
252
860
262
861
869
264
268
266
867
263
865
873
874
274
870
275
876
878
875
879
877
880
882
287
280
284
288
886
282
883
889
903
303
308
905
307
900
901
305
909
301
318
913
915
310
910
919
914
316
311
916
322
923
329
328
920
924
925
323
320
926
932
937
931
336
333
934
935
331
938
339
348
945
946
941
346
349
342
347
942
943
363
366
965
961
968
969
364
368
361
360
374
373
976
371
971
972
375
378
372
979
383
982
983
389
984
988
382
384
981
386
391
998
393
991
997
999
994
990
992
396
1007
1009
1004
405
406
400
401
1002
1006
407
1015
414
410
413
1012
1019
1016
416
415
419
1025
1024
1026
1023
423
429
424
1027
1021
420
436
431
434
1033
430
1034
1032
435
1031
1037
1043
1048
440
1044
446
1041
444
445
447
442
452
1057
1052
1053
1056
456
1051
458
457
450
1060
461
467
1067
1066
1068
462
466
1064
460
1072
479
478
473
1075
1076
1077
1073
471
1074
482
1082
481
488
484
1085
483
486
480
1086
1099
1095
496
493
491
499
1097
495
497
1098
509
501
1109
1101
506
504
1103
505
1108
1106
1118
511
1110
1116
1117
513
514
518
1119
512
521
1126
1120
1127
527
523
528
529
1125
1121
537
1130
1134
539
1139
532
1136
1137
533
1132
541
1147
540
1143
545
542
1141
548
1148
547
550
1151
1157
554
553
1156
552
555
559
556
567
568
561
562
1162
1164
1167
563
569
566
571
1170
570
578
573
1172
1173
574
1176
575
1182
1189
1180
583
1188
588
582
585
580
1183
597
1197
1194
594
1192
595
591
1198
590
598
355
354
353
951
352
950
952
954
356
956
897
893
299
894
896
295
292
890
293
297
