609
3
608
6
603
4
0
607
602
601
14
616
614
618
619
617
17
611
11
612
26
25
621
24
622
624
27
28
620
628
638
31
634
637
38
34
632
30
639
35
646
647
43
42
640
649
49
643
41
642
650
653
59
52
657
658
655
654
51
656
63
65
69
663
669
664
666
61
62
667
674
671
75
675
72
672
678
78
76
79
86
81
685
83
680
84
682
688
82
88
698
92
693
90
694
99
95
91
695
97
104
100
701
707
107
108
703
700
105
705
717
719
116
714
715
119
710
713
718
115
123
128
127
721
722
129
720
729
122
726
731
136
132
135
738
138
739
734
133
131
744
740
743
144
145
142
747
148
741
746
154
750
758
153
756
755
752
753
157
155
764
768
167
164
767
769
162
168
761
161
175
173
770
174
775
177
778
774
772
779
181
787
180
786
784
184
187
182
783
785
798
791
790
799
793
199
193
796
190
191
209
805
802
807
204
205
206
203
800
202
210
217
216
219
815
818
819
212
817
213
826
222
824
229
224
820
227
821
825
223
833
232
235
231
830
834
837
832
835
230
243
845
241
840
847
244
248
242
849
249
852
255
851
256
855
253
856
258
857
251
865
267
860
861
263
863
867
864
866
265
276
277
271
876
274
875
870
278
878
272
886
883
880
881
283
286
285
888
282
889
309
302
308
305
907
904
306
905
908
301
918
312
310
317
313
316
914
912
917
913
328
325
320
921
922
324
926
929
323
321
336
335
333
332
331
339
932
934
937
936
941
943
940
344
945
946
340
944
948
949
964
364
968
368
960
361
362
369
366
962
973
972
977
371
374
979
970
370
975
375
989
983
984
381
985
980
986
384
981
380
995
998
999
395
398
394
994
392
990
991
406
1003
404
1004
401
1002
405
1008
1001
400
418
1019
1018
414
1016
411
413
416
412
1017
428
1026
1029
423
426
1020
421
420
1023
429
433
435
430
1030
432
1035
436
438
1031
1036
1046
1048
441
1043
443
1041
1042
1044
440
445
1055
450
456
459
458
1053
1056
455
1059
1051
462
1060
460
469
463
467
464
468
1061
1067
1079
1076
1071
477
1075
473
1073
474
472
1072
480
488
1082
1089
486
1087
485
481
489
1083
1092
1093
496
499
1094
1096
1098
495
492
494
1106
500
1105
501
1109
1101
508
509
503
502
1113
514
518
1115
1114
1110
1116
1112
1118
1119
1125
1122
520
523
1123
1124
526
524
1121
522
1132
1137
533
1131
1133
537
535
1130
1136
539
1141
1145
546
544
1144
541
545
1146
543
1142
552
550
1159
1153
554
1152
1155
553
559
1156
562
563
1169
567
1165
561
1163
1161
568
1166
1177
570
577
1179
1178
1176
1171
575
1173
1170
584
1183
1181
581
582
1180
1189
586
585
580
1197
597
1198
1190
1191
592
598
596
591
1195
954
958
950
356
355
353
957
351
352
955
897
893
297
892
298
894
296
294
898
890
