603
6
607
5
9
8
604
606
7
600
17
14
18
611
15
619
610
12
10
13
21
26
626
621
624
24
627
22
625
20
637
35
635
30
632
31
633
32
630
634
41
645
647
49
47
643
642
644
44
43
650
51
655
658
656
57
654
54
659
55
669
660
662
666
60
667
664
66
663
62
672
77
76
79
676
677
678
671
70
72
680
88
684
83
84
81
681
89
87
685
691
92
97
99
90
91
697
690
698
93
104
702
105
108
100
106
704
700
109
703
716
118
718
710
116
712
119
714
114
115
720
722
128
727
120
728
129
723
127
725
731
737
136
739
131
134
730
734
133
733
147
148
742
143
747
144
748
140
146
142
154
150
758
155
151
759
754
158
752
156
768
165
764
160
163
161
767
761
766
162
176
779
175
179
770
773
774
177
178
174
788
783
784
189
182
789
787
188
183
786
791
790
794
797
195
198
796
192
197
793
804
201
800
209
206
203
205
200
807
805
211
819
216
214
815
218
213
814
818
219
223
821
826
827
221
825
823
229
829
828
838
837
236
233
831
836
239
830
238
832
242
841
848
249
849
843
243
845
245
244
259
252
857
852
851
855
858
257
850
254
862
261
260
269
865
268
267
864
266
867
879
273
871
271
272
877
872
870
873
277
885
285
887
287
286
882
886
884
288
281
908
903
904
309
304
909
308
306
907
307
312
310
316
912
916
313
318
913
311
314
327
920
921
928
329
922
321
929
323
328
332
337
936
330
930
339
333
939
338
934
348
341
944
343
349
346
947
946
345
942
964
360
369
362
364
363
969
361
366
965
973
376
378
379
373
972
974
970
375
377
385
386
984
982
985
381
988
383
983
980
995
390
393
397
994
391
997
993
399
999
1006
402
408
405
1002
1001
401
407
1003
409
1017
414
419
416
415
1015
418
1013
411
410
1025
428
421
429
426
1023
424
1020
1022
427
438
1039
436
434
431
1033
435
433
1038
1032
441
442
444
446
445
1042
1045
449
443
447
457
1053
456
1051
1050
454
1059
453
1057
1056
460
1068
464
1067
1064
467
1065
1061
1069
462
476
1070
479
472
478
471
1077
470
1075
475
489
484
482
1087
1080
1082
481
1086
480
488
493
1099
496
498
1093
1095
497
1091
1094
1090
503
500
506
1109
1104
1108
1102
505
507
502
512
1117
1110
517
1116
1119
1111
519
1118
514
525
1128
526
1129
1122
524
529
1121
527
522
534
538
535
1138
1133
533
537
531
536
1130
1144
1141
542
545
544
546
1147
1145
549
1148
557
551
1156
556
1159
1153
1155
1157
1152
1158
569
565
1162
560
1164
1165
561
1160
568
1167
1179
1173
572
575
578
579
1171
573
1178
574
589
580
582
588
581
583
1181
584
1183
1182
1190
593
1194
1198
598
1197
595
599
1191
592
353
956
357
350
953
952
957
356
951
359
295
895
890
891
893
293
299
292
290
892
