3
606
6
600
2
604
4
607
7
1
615
18
616
13
619
617
15
16
10
612
24
22
628
622
621
629
25
26
624
27
630
634
35
36
638
31
38
37
639
635
645
647
41
646
644
643
648
43
642
49
650
51
657
651
652
59
654
658
58
57
69
63
665
65
668
66
667
664
68
661
74
73
677
75
679
78
673
671
674
70
681
684
83
88
86
688
89
682
87
80
690
93
696
91
90
94
692
95
97
92
105
702
101
708
109
701
106
102
104
103
116
715
719
119
714
115
114
711
717
113
121
129
120
122
128
124
125
723
127
126
733
731
738
730
134
732
736
139
138
132
746
148
145
745
144
142
748
140
741
749
152
757
752
754
151
753
156
150
758
158
160
161
763
162
164
163
766
769
169
167
173
773
774
772
177
170
176
777
779
775
781
785
185
181
189
188
788
780
784
184
197
796
196
195
198
191
797
795
193
794
207
206
805
205
201
808
200
807
809
800
213
819
216
219
211
214
210
815
817
218
822
225
228
826
825
229
820
222
828
221
835
231
233
839
234
232
833
837
239
238
842
243
240
247
844
843
242
846
248
244
251
255
259
854
257
857
250
850
858
253
266
867
262
860
267
264
261
269
863
869
279
273
274
272
872
278
277
878
871
876
880
887
885
287
282
288
285
284
280
882
907
302
305
908
901
906
303
309
301
909
918
917
318
911
313
317
311
916
913
910
320
329
324
322
927
321
325
928
920
328
339
333
936
335
334
935
931
938
937
336
349
945
940
941
943
348
347
942
948
947
369
363
968
964
969
963
961
962
965
365
977
370
373
372
979
971
970
378
978
974
986
989
388
387
384
985
389
386
983
982
397
990
395
993
992
991
391
392
995
396
1001
1009
404
405
1000
1008
1007
409
408
1006
1010
1015
417
1012
413
1016
411
1013
1011
415
421
1023
423
420
1021
422
1029
424
1022
428
1038
439
1035
432
1033
1031
430
437
434
438
446
442
447
1045
440
1049
448
1048
441
1046
458
1052
1050
1051
452
1056
457
1055
455
1054
468
1061
469
1060
1066
1064
1068
1067
461
463
1072
1077
1079
474
478
1073
1076
477
1078
1070
487
1080
1086
1084
1085
488
483
1082
486
1081
496
490
494
491
493
1098
1096
495
1097
492
507
505
504
503
500
1107
1100
502
1105
1101
518
1117
1115
514
1119
516
1114
511
1112
512
520
525
522
1127
527
1124
1120
529
524
526
533
536
537
1133
538
1136
1135
1130
531
534
1142
548
545
1146
1141
1149
549
543
544
1147
557
1155
1152
551
1156
558
553
1150
1157
550
1166
1164
1165
1167
1169
1163
1162
565
561
562
571
1179
576
577
1172
1177
570
1176
1175
572
587
1188
585
1185
581
1181
589
583
1187
1186
1199
1197
1190
1198
595
1196
1192
599
593
1195
956
359
351
358
355
352
953
357
350
353
892
899
297
891
894
295
298
893
897
294
