609
5
2
1
4
604
3
606
607
9
613
611
12
610
616
612
615
619
16
11
24
26
22
627
622
624
20
626
25
621
636
37
633
36
632
637
38
33
630
631
42
49
643
645
641
648
644
46
48
647
55
655
650
59
656
53
52
657
56
654
60
663
65
67
61
64
662
69
62
68
679
677
76
670
676
673
71
671
75
675
82
681
89
685
81
83
687
88
84
682
94
90
697
696
695
691
98
95
91
698
105
108
705
707
101
104
709
102
702
106
717
713
116
719
115
714
110
111
113
119
122
121
124
721
125
726
722
123
728
128
132
136
133
736
130
739
735
734
730
733
145
745
144
742
146
141
148
747
147
746
159
754
152
151
753
155
153
757
751
758
761
763
768
169
760
160
165
767
162
161
174
172
179
170
176
171
177
770
175
779
189
186
788
182
787
183
188
783
786
184
790
797
792
191
194
798
796
196
192
195
804
201
805
208
204
806
802
206
803
209
214
819
816
210
813
810
815
219
211
812
822
227
221
229
826
823
224
829
222
824
234
230
239
831
233
238
237
235
231
834
241
240
246
840
243
244
841
843
249
248
254
858
850
852
855
255
258
250
853
854
268
263
264
266
861
261
269
265
866
864
873
878
877
270
279
874
271
872
879
273
283
288
886
887
284
282
287
882
880
280
907
901
909
905
305
900
300
301
902
906
912
314
911
317
313
918
311
913
914
319
922
327
323
925
321
928
324
329
326
320
330
938
337
336
332
933
338
936
935
333
342
945
946
949
343
941
347
948
345
349
364
965
964
368
361
363
968
960
366
963
972
379
970
374
976
977
973
377
376
974
385
988
984
382
981
387
386
987
983
982
998
991
391
392
996
397
399
990
995
999
409
1000
407
1006
405
1005
1002
1004
408
1009
417
411
419
412
1011
414
1017
1013
1014
1019
1027
421
1024
426
1022
429
428
424
1028
1021
1039
1034
1032
433
438
1035
439
1033
1031
437
1046
1042
444
1049
1044
446
1043
448
1048
442
453
1054
1057
1056
458
1058
1052
459
451
1055
469
468
1060
1061
467
1064
1068
462
464
461
471
473
1070
475
1078
1071
1072
474
479
1075
1080
481
1083
486
1081
1082
1087
480
487
1084
496
490
498
491
1093
1090
1097
497
495
1094
1102
1105
502
1101
1107
501
1103
1109
505
503
1113
513
1112
516
1118
1110
517
1116
1111
512
527
524
1125
1121
1123
1129
1120
1124
526
1127
1134
538
1138
539
1135
1136
535
536
1131
1139
540
545
1141
543
1143
1140
1149
1145
548
544
552
551
557
1153
1155
1152
550
555
1157
556
566
1168
1163
569
563
1167
564
568
565
567
1171
1173
1172
577
1177
575
1178
1174
1175
578
587
1184
584
586
1189
1180
585
1188
1187
1181
593
595
1193
599
591
598
592
1197
590
1192
356
355
957
955
350
357
951
952
959
351
899
293
892
297
897
896
298
290
299
294
