604
3
2
603
5
8
602
1
600
601
17
619
610
615
611
14
12
18
617
612
25
29
625
24
26
622
20
21
623
626
30
630
632
631
36
32
634
39
637
31
640
648
47
45
44
40
645
49
647
42
657
59
658
652
654
50
51
653
656
651
665
664
61
68
60
63
67
660
666
662
671
78
677
679
73
74
79
676
672
72
682
686
86
84
82
681
689
85
684
688
91
97
95
691
690
90
692
94
93
96
100
703
101
707
106
702
700
704
105
103
712
717
710
714
716
715
113
112
117
719
129
726
127
122
724
725
125
727
120
121
731
732
132
739
135
130
139
738
134
138
143
743
747
746
140
742
147
745
741
749
151
155
758
754
158
757
753
750
154
153
168
765
769
761
160
165
768
169
164
161
770
778
174
774
773
776
179
779
775
170
784
788
781
183
180
780
188
189
785
184
792
196
790
799
791
793
199
194
197
191
807
206
800
809
203
803
204
802
804
202
810
816
218
212
216
211
813
213
217
812
223
824
221
227
229
225
228
825
820
226
235
839
239
230
237
838
232
837
832
830
845
847
248
245
241
246
247
846
242
849
854
856
256
258
254
851
852
255
859
250
862
864
869
264
865
262
266
863
866
860
872
276
877
278
273
879
277
871
272
878
286
884
881
887
285
281
287
888
880
280
308
906
900
904
300
903
305
302
901
301
319
918
317
913
911
915
919
914
311
312
329
326
325
928
927
328
923
322
926
929
337
937
939
331
338
931
333
935
934
332
944
943
345
348
349
344
347
940
941
942
961
366
965
368
960
367
962
365
362
361
974
372
378
979
975
971
976
972
970
973
382
383
381
385
380
981
983
987
389
388
994
395
990
998
390
992
997
399
995
392
400
1006
1004
407
408
1007
1008
1000
1002
403
416
1013
1019
1017
1018
410
1012
1010
1015
1014
1029
425
1023
427
1027
423
1026
1020
422
428
431
1030
1032
1037
1039
1038
1031
1033
434
433
441
449
1040
448
1045
1041
1044
445
1043
442
450
1055
453
1057
1053
459
1052
458
454
455
462
1061
1065
469
461
1067
1060
1064
463
1068
476
1075
474
477
470
478
475
1077
479
1070
485
1086
1081
483
1082
1080
486
1089
482
480
491
1093
1091
1095
1094
1099
496
1097
499
495
1106
1104
1101
509
501
505
507
1107
1103
500
1117
1111
1116
1110
1115
510
515
1113
517
518
1129
524
525
521
522
1124
1123
520
1120
529
531
533
1131
536
530
1134
1135
1130
537
1137
546
543
540
1144
1145
1149
545
1148
544
1146
1154
1155
558
553
556
1156
559
1151
1152
1158
1167
1162
1168
567
568
1166
1164
562
1163
1161
1173
1174
578
1178
575
1170
1171
1175
1176
570
587
1188
1187
1182
582
1184
581
589
1183
1180
594
1193
1191
596
590
1198
1190
592
1196
599
351
352
355
350
358
353
359
950
959
952
899
295
898
296
891
896
293
299
298
892
