7
600
5
6
3
608
603
2
604
8
12
10
19
610
615
613
17
616
618
612
25
626
629
622
624
24
23
627
21
625
31
33
30
637
630
631
638
636
39
634
43
44
46
646
649
45
47
644
648
42
54
659
652
653
56
58
57
651
650
657
61
68
661
67
664
663
63
62
662
660
74
677
72
672
77
79
670
70
78
674
680
82
686
86
688
80
681
83
682
87
90
97
695
691
699
98
95
693
93
698
703
702
701
103
101
104
705
109
707
709
711
111
113
710
118
714
718
713
114
110
729
725
728
125
122
123
723
724
720
121
734
139
730
136
130
738
737
731
134
739
148
147
742
740
745
749
744
145
141
743
755
152
758
159
751
757
151
154
157
155
164
168
161
764
769
165
762
761
160
169
174
176
775
177
179
171
777
779
173
773
185
183
188
187
788
782
787
182
184
789
798
192
797
190
199
790
197
196
193
795
801
204
203
200
804
800
206
209
207
807
214
815
814
810
816
217
818
812
811
819
827
221
229
822
828
825
829
820
222
821
834
230
833
235
836
233
238
839
234
835
244
248
844
843
845
840
842
241
245
249
854
257
259
850
253
251
252
254
855
859
860
263
264
260
262
866
867
862
864
861
273
279
272
877
271
275
872
873
879
871
289
288
880
284
883
885
889
881
282
884
305
903
902
907
300
301
307
309
904
900
919
314
316
911
916
319
912
311
915
917
926
928
921
922
923
328
326
320
927
924
334
934
339
930
937
330
938
931
337
332
347
948
945
341
340
940
343
941
346
943
963
967
966
968
961
363
369
368
969
965
377
375
971
976
975
374
370
373
972
378
380
980
389
388
989
985
382
983
385
986
994
399
993
996
391
997
991
393
396
395
406
1002
1001
404
1009
1000
401
1006
403
1005
410
414
1017
416
1012
1019
1013
417
1015
1010
428
425
1027
429
1025
421
423
427
1029
426
1031
1034
1030
438
436
432
1039
435
1035
1033
1043
1040
1042
449
1044
1045
1041
1049
1048
441
1050
458
1053
456
450
454
1059
451
457
455
468
463
467
1060
460
1067
1061
1066
1062
462
475
1073
1075
1074
476
1070
1077
477
470
1071
482
481
487
1088
1081
488
1086
1087
483
1084
497
495
496
490
1094
1098
492
1092
498
494
1105
1100
1102
1107
1106
505
500
508
506
504
516
1113
517
1112
1117
1111
1114
1118
1116
510
528
520
1120
524
1122
522
521
529
525
1123
1131
537
1137
530
536
538
532
1138
533
535
1144
543
1140
1149
1147
1145
540
541
1143
548
556
552
550
1157
1159
555
553
554
1158
1153
567
1168
1163
561
1162
1167
565
563
1161
562
573
1176
578
1170
579
1171
575
576
1173
1177
582
585
580
581
1188
1189
1186
1183
1181
1184
591
1193
1198
1199
596
590
1196
1190
1192
594
359
355
353
959
951
953
958
358
357
952
892
299
890
891
296
893
290
297
898
894
