844
776
341
988
154
1114
1007
795
1092
1012
210
480
658
1048
957
1033
596
510
1093
476
720
582
1067
367
589
438
468
88
441
892
1055
630
981
847
437
966
533
958
84
729
950
342
946
258
1122
20
44
357
1113
459
1046
996
218
368
310
121
862
835
465
648
1023
461
41
869
548
492
1078
657
541
820
1117
443
654
578
999
571
6
78
742
891
616
67
752
105
793
881
877
554
292
391
703
956
410
455
239
428
270
175
1043
547
670
282
327
886
1026
887
200
1095
0
153
1103
635
1056
939
197
398
409
1001
993
893
405
827
873
366
80
201
908
313
296
943
498
473
638
558
426
1107
431
157
249
1000
1040
138
807
63
1004
435
977
805
637
50
1035
222
65
994
801
783
243
1096
613
746
856
895
261
506
389
631
614
206
136
710
928
691
411
229
204
1018
884
17
483
1054
482
120
910
28
264
1087
540
394
1059
681
753
173
217
1029
811
922
351
937
1030
640
642
25
668
874
600
900
646
661
1075
756
155
632
750
470
610
773
1091
87
745
134
346
1098
1104
1021
450
563
252
424
125
609
1010
11
1115
319
936
8
191
382
778
556
101
622
991
324
849
37
718
565
784
580
906
254
719
790
953
5
581
669
574
16
735
110
379
626
570
788
660
273
64
1039
72
1062
265
829
1032
14
452
1047
954
705
283
361
481
156
372
728
457
1006
320
145
536
744
362
706
723
245
595
232
724
649
164
651
1111
702
693
413
667
931
311
736
690
701
713
641
306
734
689
633
803
131
695
507
159
275
100
759
796
757
318
378
94
338
781
234
395
769
219
489
501
761
532
764
552
387
804
26
1
813
768
522
43
236
485
407
866
390
882
427
472
876
62
560
231
503
828
220
848
832
890
189
897
868
29
577
267
295
894
850
47
241
462
864
696
167
840
591
855
880
376
889
913
13
968
180
549
328
334
925
99
195
193
666
948
926
149
972
446
934
921
280
963
109
550
904
215
927
597
4
623
177
942
2
971
679
1031
172
269
1034
575
162
671
530
31
190
1022
576
353
486
147
316
335
1045
453
542
256
1008
585
419
1016
400
989
627
584
139
1025
55
557
290
317
51
551
518
315
185
987
77
647
491
86
432
520
298
38
79
692
1058
1110
187
48
617
675
487
525
608
643
488
1068
1086
82
397
420
423
211
1076
1050
312
644
511
653
182
