844
341
923
582
300
589
1100
181
1041
1036
490
905
438
1085
786
144
658
442
988
35
1033
1120
604
92
476
982
1012
468
179
218
459
634
342
150
794
946
758
974
429
340
493
648
258
461
630
601
950
437
357
847
514
121
978
729
538
44
221
41
36
678
383
168
862
433
892
270
664
492
657
1117
976
808
903
935
839
914
78
27
71
428
1078
365
891
1112
294
478
686
112
541
467
722
703
742
225
800
877
209
881
67
228
58
638
993
1013
200
398
90
1095
473
197
304
498
45
826
3
830
399
899
327
984
827
1084
663
763
244
113
531
546
635
152
887
405
1056
0
872
61
1004
751
261
418
127
388
344
994
1083
42
65
435
1028
614
1096
431
119
314
136
924
216
516
783
249
299
1077
73
677
777
858
389
746
895
912
928
1037
884
878
1059
715
676
240
941
302
17
264
173
1087
922
519
838
204
272
85
698
411
281
618
509
170
178
217
955
732
1027
854
255
802
594
642
75
440
745
450
898
773
938
646
791
456
414
756
640
303
901
183
951
24
1011
1020
331
401
37
859
257
319
565
254
502
466
337
226
539
760
339
137
959
767
906
580
91
358
424
561
986
224
326
700
991
849
790
1071
176
265
102
1032
495
481
707
16
12
536
110
403
1102
865
574
983
902
64
158
626
1047
142
452
705
1062
789
283
1088
660
920
843
672
145
693
425
744
555
727
460
712
734
277
413
445
740
595
404
724
717
232
870
704
709
749
702
141
667
567
164
764
329
774
532
754
9
765
378
96
275
779
236
318
266
759
586
772
117
1
771
234
507
497
782
768
769
26
219
30
695
757
781
227
818
592
295
568
866
21
851
279
832
879
591
842
83
427
577
237
845
167
140
29
882
496
560
857
189
390
880
867
841
376
868
890
241
288
896
223
122
855
848
371
904
550
334
446
597
484
934
177
913
968
508
130
960
918
963
421
623
95
562
195
666
916
106
458
965
13
605
553
684
925
919
123
662
454
992
317
603
1002
1015
192
1025
190
671
679
147
557
31
1024
348
576
377
335
290
139
474
627
1031
148
504
400
316
995
542
980
247
585
39
987
453
1016
575
233
256
185
1008
86
211
1073
682
69
432
182
126
488
1099
525
163
1097
1069
297
607
1123
1057
1058
1080
699
653
477
208
81
644
617
526
370
1074
1066
417
448
1072
166
