480
88
124
780
940
905
812
1012
1114
957
1036
154
364
982
438
599
92
694
1063
786
144
476
798
917
179
441
188
442
1033
847
461
730
46
946
892
1122
433
650
648
909
996
104
121
459
794
98
368
816
342
538
628
221
548
758
262
41
1113
862
20
962
310
218
1055
678
998
999
410
742
620
112
1117
6
284
915
478
239
664
935
1078
270
752
877
67
391
515
175
455
385
1094
71
225
985
547
428
793
444
1049
1042
467
78
872
296
1056
830
975
0
887
827
558
531
107
899
873
498
282
289
670
546
663
301
40
97
398
244
152
638
1107
405
90
825
545
993
731
80
893
201
127
801
606
15
216
60
136
1035
751
1040
807
799
344
810
1083
924
243
314
994
787
1019
516
1028
834
677
431
1077
1005
138
631
1003
1096
89
264
922
955
937
710
394
483
1118
811
240
116
691
949
464
28
509
715
272
961
681
698
676
625
1014
59
519
524
941
217
415
1119
594
440
242
756
155
412
252
331
75
1124
255
646
645
745
393
600
479
733
183
1091
860
87
1020
134
1106
513
151
226
952
319
622
718
466
719
611
991
743
936
1071
254
224
91
986
846
559
8
424
1010
66
230
339
539
137
343
861
790
583
849
145
626
1102
403
902
1047
1006
452
176
707
110
379
158
1090
273
728
308
1121
1105
481
570
115
1088
983
14
1062
574
674
64
739
788
954
54
567
1111
724
569
713
413
392
687
697
741
870
734
885
307
164
875
207
555
362
738
736
716
740
749
649
723
322
621
592
489
804
781
754
764
522
774
813
796
387
497
762
329
809
234
755
757
236
227
135
100
26
318
1
30
293
572
521
213
43
275
271
333
21
868
416
237
47
896
888
496
568
29
503
851
577
472
288
852
279
863
879
451
876
828
220
882
840
485
831
841
591
842
890
883
376
889
268
189
332
421
960
195
2
942
99
948
53
458
499
449
149
662
199
177
919
623
334
180
550
259
971
537
95
523
921
965
196
963
446
328
904
587
335
348
317
419
345
1015
147
987
250
557
321
162
671
1008
1031
256
995
315
454
148
542
31
504
1045
1016
247
992
353
139
1025
349
422
172
325
436
474
584
1009
23
316
1002
576
593
1058
1070
81
298
1108
56
1050
1057
79
187
38
1082
1110
653
1073
520
297
1123
1066
511
692
448
1074
491
647
617
643
487
397
114
182
208
477
86
