534
604
341
798
165
144
917
844
468
1085
940
210
263
441
582
1033
1114
111
188
1064
982
990
929
599
596
1041
480
786
905
235
650
84
44
533
218
368
869
962
966
437
998
70
630
535
816
950
730
758
221
946
1055
104
383
981
648
20
459
548
357
98
978
1113
336
258
996
330
956
209
347
1049
455
494
292
410
515
554
1043
664
654
78
935
19
703
578
6
1042
443
27
175
722
547
67
752
225
270
800
877
239
820
891
200
943
1103
731
118
546
313
289
426
663
984
1013
3
939
201
40
408
399
908
366
683
886
1107
113
58
97
558
873
405
763
815
1056
153
1026
887
80
746
93
792
924
1035
136
344
1028
439
157
807
389
613
15
506
858
1116
435
639
42
994
206
805
1000
1040
631
1109
388
810
834
1019
65
677
878
715
884
120
240
838
933
811
464
698
625
32
961
1059
509
1037
676
573
272
229
217
238
656
937
356
264
355
955
59
618
479
951
646
1104
773
183
87
900
513
901
303
1091
184
791
600
748
898
642
938
286
860
331
374
1106
393
645
25
255
936
700
565
952
583
561
760
659
382
143
343
224
1010
543
226
718
502
907
609
556
991
257
871
861
790
339
358
580
1079
849
846
308
115
973
1039
379
626
735
14
110
902
205
789
1121
1105
283
725
273
739
1053
1062
128
72
536
142
1102
788
354
1006
161
1032
457
674
652
738
207
870
716
1111
736
619
641
726
723
689
651
833
567
744
404
232
713
706
749
665
198
500
690
569
362
771
774
532
813
9
765
26
100
775
817
266
469
572
159
695
94
1
378
772
135
234
779
757
387
338
759
796
764
521
552
146
293
117
30
592
831
842
237
279
295
122
890
503
427
836
868
62
332
883
485
268
407
220
278
568
202
241
333
430
47
577
848
34
864
396
896
696
889
416
591
863
882
231
95
965
926
566
964
4
53
960
921
969
196
948
537
623
945
579
523
99
913
968
484
527
967
927
449
2
13
129
193
605
199
123
970
603
598
317
233
400
335
348
377
436
353
422
1022
542
406
679
1009
290
627
584
76
1016
557
23
325
1002
162
39
671
260
588
256
247
7
147
316
585
51
551
349
518
269
250
520
1066
602
526
593
675
511
1052
79
114
643
682
1070
1082
126
397
82
432
423
297
1065
298
525
447
487
608
644
1108
312
370
544
607
49
491
211
