505
957
658
812
287
786
1093
844
694
111
364
1048
442
124
776
905
599
367
181
263
154
144
476
188
923
438
360
798
210
357
168
650
429
174
471
1023
70
514
730
946
262
221
869
310
41
433
847
368
533
978
342
729
274
966
253
285
601
493
648
892
36
1113
998
678
340
6
703
1049
839
365
935
808
225
654
891
467
571
881
903
1117
402
999
19
330
800
228
820
547
175
475
877
492
209
1112
78
270
1043
384
616
391
58
908
1026
304
498
893
683
153
113
291
975
872
80
0
244
670
327
531
473
826
984
426
1013
711
546
194
409
815
635
731
827
825
296
301
107
899
216
606
895
138
418
344
805
783
677
1035
631
516
1096
751
127
856
801
994
858
363
369
1116
1005
73
564
89
42
60
249
431
924
65
50
691
955
937
912
524
32
272
715
676
928
120
464
116
204
949
1014
264
710
941
186
753
1061
229
170
411
656
519
814
281
173
822
733
513
184
563
632
393
640
874
853
642
646
470
171
600
1104
624
773
1051
1124
732
252
668
1021
932
802
24
87
11
565
790
91
137
556
1079
952
767
871
778
953
543
502
979
5
343
936
337
191
386
959
861
230
581
8
784
559
539
226
319
142
1105
615
273
843
536
652
158
156
739
954
1088
283
788
246
570
64
1039
837
1006
1090
403
128
452
16
361
320
1032
574
517
309
674
660
460
721
567
870
740
1089
714
723
307
724
306
665
689
141
512
133
706
747
651
404
744
649
375
413
641
716
26
817
329
779
695
781
813
322
572
809
762
131
30
43
469
818
293
501
395
159
770
771
759
9
219
227
275
521
629
592
387
522
318
764
586
407
696
673
333
268
167
897
850
880
857
371
845
503
883
83
848
376
842
288
852
868
295
332
496
894
876
863
451
62
223
305
29
122
279
430
864
462
831
177
549
969
527
967
149
99
381
458
945
259
53
95
927
963
562
169
13
934
180
499
597
2
421
106
960
925
553
942
684
587
109
970
419
1008
185
422
1025
353
1009
317
679
627
1045
992
172
453
671
530
349
269
148
406
316
474
39
139
250
247
321
162
256
23
585
436
989
1016
557
260
31
1031
1024
576
995
1034
182
1072
298
607
1076
432
1066
86
114
644
1069
187
1123
312
1052
69
1099
208
77
682
211
643
1068
448
1065
526
1080
447
1074
617
1057
82
608
323
81
