604
599
364
92
798
582
68
210
341
1085
720
988
795
806
1007
510
442
694
1067
188
1114
441
468
940
589
144
1092
1063
929
44
340
869
46
533
966
981
368
1046
258
909
535
459
816
835
262
794
648
218
892
121
785
437
36
383
678
628
1023
730
962
20
514
634
433
310
758
292
391
1094
877
956
891
976
284
467
475
554
228
330
911
67
27
703
270
541
915
251
112
78
365
914
1043
620
1117
616
175
71
547
664
654
903
731
893
153
908
1084
1095
45
200
830
244
825
873
683
197
763
872
0
899
426
296
366
943
984
194
558
887
113
80
61
313
711
545
635
201
304
409
89
261
222
435
249
15
801
216
564
856
1035
206
924
363
418
132
1000
787
677
977
810
439
65
506
606
138
792
1077
613
60
314
157
344
1087
930
912
884
238
961
178
212
464
281
524
955
933
1054
1118
217
32
120
17
1014
1030
272
85
698
618
173
941
483
681
264
733
171
456
134
1106
932
854
748
1098
624
802
594
303
393
242
900
791
374
24
773
766
860
479
1091
822
600
642
412
659
688
952
700
743
561
611
861
424
1071
66
979
906
669
401
257
226
871
609
160
846
101
350
622
324
343
254
37
74
784
11
372
615
158
570
728
115
739
403
954
829
1006
674
457
102
452
574
636
1105
707
1121
265
685
652
1053
705
865
1062
361
672
920
161
320
246
833
689
413
512
651
737
749
702
392
727
569
306
362
706
641
931
738
665
445
52
404
311
717
724
1111
463
521
159
572
586
234
1
819
813
266
276
489
387
395
271
592
293
764
818
329
96
214
629
759
322
219
796
43
522
765
131
227
768
236
100
772
237
696
371
62
396
83
840
167
863
857
560
189
577
288
591
831
503
845
890
848
882
430
673
376
241
427
832
21
841
836
888
876
279
894
47
879
866
462
106
328
523
965
553
918
968
95
99
587
149
537
215
916
458
193
421
948
449
904
970
967
53
259
605
10
919
662
945
562
13
971
964
233
247
992
530
349
989
406
1045
557
190
316
436
1008
315
518
585
584
1015
419
486
377
987
1002
148
39
51
139
575
1009
603
290
453
1024
353
55
321
400
335
1022
348
1016
23
182
1072
1069
602
525
432
653
477
1076
114
370
49
607
312
187
1086
526
77
423
69
608
643
86
1123
166
323
1110
1065
699
208
1066
448
1082
1058
1052
