476
88
111
658
957
1012
720
694
589
92
68
188
179
917
438
534
124
1017
1007
181
988
1041
165
596
1092
795
154
776
367
1113
310
1046
909
966
601
974
437
262
730
514
548
433
41
794
368
174
285
785
221
630
869
816
104
70
218
258
678
835
36
459
758
958
996
253
978
891
175
554
985
105
664
292
71
1042
915
881
935
410
251
494
808
976
294
752
402
112
444
620
455
742
541
686
800
384
839
956
475
6
820
1043
118
61
194
545
90
823
40
45
663
289
1056
399
153
301
1084
887
282
1107
893
943
546
975
3
107
731
908
80
1001
58
200
872
113
993
304
830
409
1083
299
388
369
435
994
431
751
631
63
363
1116
157
418
1109
637
777
15
799
1040
858
243
924
216
639
792
746
89
516
42
606
856
314
1081
1038
618
272
238
955
1054
838
116
1118
1014
878
884
281
170
351
483
28
949
811
59
464
656
1030
32
482
173
928
217
710
479
733
668
853
1051
822
645
600
75
346
1119
750
854
470
252
756
1098
874
331
938
661
612
303
184
898
1075
183
632
622
907
401
583
66
953
1115
760
669
959
466
1079
580
137
784
859
224
74
529
382
565
502
936
539
718
8
1010
767
556
559
700
865
309
1062
1060
735
156
452
707
636
246
789
652
265
1039
824
728
570
102
158
361
1121
283
1102
54
1032
920
837
843
457
788
72
145
354
736
425
693
641
740
724
687
52
569
375
721
734
931
716
133
413
232
463
33
744
713
460
567
726
207
619
378
761
695
621
781
770
248
762
9
779
592
236
819
266
100
275
768
633
755
234
586
759
818
754
769
775
817
521
276
135
572
552
117
782
771
278
868
863
267
897
832
62
841
189
496
451
560
503
472
864
485
140
332
577
122
47
889
855
850
288
883
882
237
848
220
390
371
852
376
427
673
845
888
947
550
566
180
918
967
195
562
579
948
969
106
149
597
193
684
259
2
942
916
926
623
971
527
921
328
970
334
449
945
549
99
499
486
419
317
987
992
679
504
1008
454
1025
557
406
575
1034
172
345
542
671
1016
422
190
518
349
530
250
147
315
39
995
453
316
247
1024
1015
1031
584
551
23
233
321
588
627
298
126
643
420
1080
607
544
602
1072
525
699
1076
56
1058
1057
520
491
511
297
417
448
432
423
488
323
211
617
447
1086
1066
69
370
163
1065
1123
