438
917
1044
263
988
210
88
923
806
929
480
776
300
367
1085
352
360
798
658
476
940
373
1100
589
510
604
720
786
181
357
465
785
794
36
548
730
946
168
628
262
274
461
1046
429
998
437
342
648
514
974
471
958
533
978
996
150
459
847
601
650
41
336
20
869
634
911
752
428
985
105
67
956
402
915
571
228
1117
1112
27
722
385
112
1078
1049
71
455
175
365
225
686
6
703
347
547
1043
657
294
410
914
742
3
545
1107
899
873
683
107
1103
40
830
731
893
113
0
993
473
80
399
1084
872
61
498
313
291
886
244
201
984
289
301
558
975
827
296
197
939
792
138
344
206
363
431
314
994
60
677
1083
1005
639
924
516
1116
18
799
637
389
50
807
418
132
136
614
858
1019
369
1028
435
388
222
178
1014
1061
1054
217
910
120
519
590
656
698
922
272
28
937
464
1118
691
483
351
509
1018
411
811
264
302
17
655
173
814
1104
1124
1020
450
938
646
255
286
1011
802
612
393
183
610
479
374
791
346
1119
668
151
642
898
252
184
75
1021
733
767
580
953
529
859
1010
137
502
760
871
861
91
254
583
539
324
622
581
337
543
230
991
143
5
101
700
907
224
37
382
74
517
361
789
843
1090
379
1062
788
354
674
161
626
636
824
728
102
865
205
902
273
176
54
1032
672
403
920
142
283
145
481
1060
320
570
392
569
595
723
713
712
103
709
701
734
885
649
870
362
164
724
726
641
311
500
736
687
567
690
740
717
501
30
489
117
817
774
387
395
96
772
266
378
146
768
552
761
522
322
100
821
781
819
762
213
813
757
276
131
804
695
497
507
9
234
818
673
371
848
223
863
83
850
560
295
882
220
202
279
852
897
896
451
485
857
568
376
47
407
333
845
832
267
237
894
278
876
842
867
577
62
396
231
462
913
921
549
280
970
942
195
123
528
2
10
968
553
169
965
934
196
13
199
149
550
95
446
215
53
328
499
918
193
971
684
662
967
23
603
256
185
992
7
454
377
148
1034
995
987
980
989
1015
269
504
250
530
192
335
348
585
290
190
1025
453
584
588
316
55
51
557
436
419
575
542
671
1002
162
353
317
432
208
491
1099
1065
1066
163
511
617
1101
48
1057
692
1068
682
1076
1110
1108
1080
126
182
38
211
166
1123
114
1086
699
79
1070
602
82
1097
448
675
