844
940
154
795
179
1120
1041
776
905
589
923
957
1063
165
181
988
124
510
373
786
599
812
364
111
982
1064
360
1093
929
533
235
253
41
433
368
785
909
150
996
758
678
342
285
357
634
966
340
538
1046
104
978
46
650
998
729
168
1122
981
174
1113
816
962
958
514
70
78
654
793
365
956
494
19
911
1117
71
800
1043
105
478
935
284
1094
6
722
385
467
554
175
877
914
578
209
443
475
664
292
999
251
402
808
399
40
1013
194
1026
731
426
0
763
975
546
1084
545
638
113
670
58
398
1103
531
282
815
366
558
90
327
304
887
1056
899
200
107
197
826
635
1001
639
418
50
1035
1109
363
1040
614
977
389
1000
792
677
637
858
1083
243
15
136
344
222
787
138
369
431
439
435
807
856
119
805
132
606
937
217
928
204
1030
961
814
930
1054
884
1014
509
170
1081
32
949
922
1037
483
85
681
178
464
540
264
878
910
1118
59
394
1021
242
563
374
773
632
661
642
645
594
255
732
1104
183
203
414
108
456
171
756
640
412
184
470
1027
303
938
155
257
224
906
350
846
767
91
324
137
871
609
226
622
907
101
1079
319
936
66
559
5
991
339
959
37
784
979
382
669
254
125
685
1039
788
452
1090
265
72
672
16
379
705
735
115
1053
354
739
309
1088
481
920
865
156
652
495
320
102
158
176
1062
973
636
824
789
931
833
1089
697
277
870
463
740
306
512
704
595
22
245
164
709
133
693
723
727
724
701
555
716
198
687
770
755
507
489
765
813
227
769
248
572
761
774
322
234
522
695
219
275
159
96
271
43
821
779
818
804
803
621
817
395
9
501
318
532
771
845
842
278
485
889
855
427
897
866
189
279
305
202
863
848
332
376
864
840
416
503
122
882
407
451
47
295
34
472
696
888
83
237
231
896
462
868
832
968
259
484
215
971
945
562
123
169
623
458
942
550
99
129
921
446
106
963
199
964
130
972
597
916
10
380
969
109
523
553
662
927
256
551
419
55
679
353
1008
290
316
348
321
147
598
557
1009
335
317
325
671
627
987
995
172
1016
1002
349
192
345
422
76
518
233
148
190
1022
980
51
454
1024
7
576
584
608
682
643
1099
56
1068
1101
57
323
1057
488
1074
1052
187
491
208
1082
86
126
511
1066
1050
163
487
1108
644
49
432
417
423
653
675
370
298
544
