1033
806
812
1012
476
263
144
287
68
990
604
165
505
510
1100
589
780
680
1093
1048
442
360
92
798
35
1067
776
982
957
41
730
461
150
383
98
104
533
20
946
892
340
1113
437
538
601
758
221
628
262
729
909
1122
950
996
368
336
1055
168
816
342
459
978
258
958
84
347
105
1078
578
686
703
494
571
384
999
881
19
475
225
78
742
294
284
935
365
478
385
251
209
292
808
1094
915
6
547
554
1049
228
444
1042
97
893
201
1103
993
113
399
40
1001
545
366
405
908
1095
152
1056
546
886
61
282
531
797
327
3
153
80
301
825
975
1107
899
408
638
498
670
731
63
506
792
73
810
363
807
138
637
1096
856
751
994
65
93
564
119
369
1109
243
60
858
613
389
127
206
136
216
1077
299
516
1019
1083
464
212
1029
281
217
483
1118
811
573
676
116
204
229
933
173
186
928
1081
941
482
656
355
691
1059
878
356
519
415
625
238
802
750
25
412
594
393
773
668
134
951
748
255
252
563
624
184
440
900
646
938
661
1091
151
108
640
766
1098
732
326
906
622
339
859
137
543
561
1079
556
580
8
559
669
350
5
565
719
743
846
337
125
953
583
659
959
991
767
257
790
37
1053
372
16
115
265
1102
110
902
1060
102
354
156
660
176
517
672
1088
574
1047
283
161
158
64
707
920
1062
725
829
652
788
246
837
142
749
133
375
702
1111
1089
311
875
198
714
460
463
307
687
445
726
737
164
141
736
619
404
724
595
734
689
633
695
9
772
770
117
765
761
227
497
1
159
522
771
804
803
322
621
395
781
30
146
796
213
214
271
338
318
592
572
755
782
775
759
818
568
879
62
850
577
237
896
876
288
840
848
832
852
560
894
278
888
890
842
696
268
371
868
451
231
416
47
503
295
845
305
189
472
836
863
855
831
333
963
421
328
280
508
523
13
942
484
149
918
965
684
449
196
549
969
106
964
597
948
967
199
971
381
446
53
380
579
666
970
195
169
192
55
321
190
31
422
419
39
400
627
1022
1015
147
185
1024
233
671
139
486
542
557
348
1034
992
335
987
247
1016
315
598
162
148
576
588
436
454
989
474
1045
23
997
250
617
82
323
1086
520
1072
448
692
526
1068
1108
647
544
57
511
487
447
397
211
1057
1058
48
477
79
1076
602
370
423
653
77
1050
187
208
1097
432
