596
806
441
165
658
1120
1007
179
111
367
352
1017
92
505
795
154
680
1036
360
940
490
341
982
442
1067
480
780
988
1064
429
794
174
218
44
996
650
285
974
730
1055
336
634
1122
630
104
262
150
274
1023
966
437
998
892
678
41
946
258
648
235
978
950
121
253
909
98
443
284
881
547
428
985
1112
820
270
935
347
657
391
444
1049
800
1117
494
722
891
686
654
664
703
385
78
914
808
239
571
1042
578
1094
330
251
823
943
194
531
366
1001
426
152
545
1095
830
635
1107
118
244
984
291
3
201
405
399
873
1026
473
113
40
409
313
546
0
638
975
153
498
683
1013
834
613
138
801
65
810
1040
1000
1005
249
261
1003
614
1116
994
243
314
73
369
344
1109
93
858
299
1019
1096
792
18
63
944
677
127
516
573
120
173
590
928
1029
264
878
933
1118
1014
178
116
1059
715
710
17
186
415
281
204
302
238
814
811
1061
394
483
884
656
134
479
610
303
1020
594
171
242
470
1119
374
1098
513
412
456
748
151
898
1027
853
938
108
854
87
646
563
75
1011
583
561
1071
226
326
581
382
849
37
424
767
979
343
556
907
622
101
91
224
669
350
5
8
953
543
609
859
339
719
502
319
176
1053
308
652
265
379
309
973
273
707
128
789
1060
158
705
843
674
1088
1062
829
685
16
983
481
636
626
161
672
156
570
824
920
739
463
164
404
693
425
445
717
737
649
734
875
712
567
641
697
306
133
738
232
724
708
413
33
726
207
701
497
769
1
146
804
765
26
586
507
809
522
395
214
532
552
131
572
782
754
469
796
818
817
248
227
772
387
236
318
774
293
771
159
633
338
29
845
237
140
888
288
889
852
868
866
390
568
62
220
167
407
857
897
427
876
863
21
332
864
832
430
305
34
591
880
841
202
851
122
848
696
485
855
948
2
528
13
106
623
597
259
662
921
934
484
10
904
926
130
381
199
919
458
967
195
421
963
549
968
960
95
196
129
970
328
380
290
316
147
603
557
419
1002
598
335
406
321
518
585
474
377
7
530
325
576
353
250
1025
1034
992
172
162
436
454
627
995
55
1009
39
139
315
256
51
588
504
190
348
989
79
647
1082
699
692
420
487
1057
1069
48
1108
323
1080
1065
643
423
49
56
57
1070
448
397
1066
682
312
608
417
163
1086
1097
1099
525
187
653
1074
