352
534
476
582
1120
468
1041
510
905
92
917
373
441
144
287
480
596
300
154
694
795
982
776
88
1085
604
490
990
165
785
218
548
909
678
471
1023
1122
1055
383
996
630
70
44
958
121
429
730
368
357
648
285
650
998
533
1113
104
459
46
950
974
816
634
538
20
98
976
686
78
547
571
657
475
19
175
554
877
478
365
722
402
347
578
292
294
443
67
112
820
616
71
391
541
903
956
1043
985
664
239
6
911
826
113
638
545
887
244
408
797
663
975
405
153
107
0
289
873
197
3
670
993
546
426
558
118
473
1107
763
366
282
291
97
58
825
201
711
40
216
435
418
606
1028
1000
15
222
389
314
895
810
136
18
977
834
369
1003
506
614
388
751
787
858
1019
42
944
792
924
261
63
50
783
32
540
910
302
930
655
524
509
85
922
272
186
415
59
949
120
912
753
1030
264
961
681
240
811
884
170
351
676
116
1029
24
252
479
450
898
854
374
1106
75
632
874
303
594
822
661
255
412
732
951
642
155
108
151
1119
134
853
1098
1027
343
719
559
622
326
401
581
846
953
125
74
226
254
718
871
1079
906
1115
556
778
358
350
952
659
319
8
66
859
580
849
424
725
379
361
354
954
246
973
1039
1121
1090
837
636
1047
1062
145
705
865
176
1032
403
1053
14
102
452
283
789
158
536
1088
372
626
273
308
721
712
641
569
724
713
701
875
714
738
870
708
885
375
460
232
141
33
736
737
697
22
103
690
500
667
755
322
552
821
592
469
804
782
774
159
507
219
768
9
271
497
522
796
387
813
772
293
769
762
227
695
761
146
96
395
757
633
94
621
338
850
288
167
848
485
591
889
866
237
673
21
220
241
876
841
279
189
855
836
568
894
140
396
879
851
863
883
496
333
857
29
47
451
828
416
842
882
896
53
195
280
180
421
960
925
918
942
446
109
10
99
553
549
193
927
381
550
921
380
196
528
129
947
597
970
913
259
499
215
971
169
39
51
269
575
348
76
1045
250
335
671
584
679
1016
551
321
55
980
345
148
504
1015
585
260
603
139
454
453
316
1009
576
325
995
233
989
31
1034
172
190
1002
349
192
353
297
653
417
1123
77
675
182
1076
56
1058
86
1110
602
617
1057
644
544
79
208
1070
647
298
49
323
511
432
48
81
448
82
397
607
1101
488
487
