138
3177
3723
1272
3972
2832
2957
1242
3837
1187
552
4118
2232
3464
3758
2749
3213
2961
1783
294
922
276
1002
3744
854
2747
1634
836
408
2930
2804
972
882
3275
2015
585
81
3878
2366
2771
2987
4042
3627
2398
2540
1601
2556
3853
3488
3937
61
3303
1941
1428
3797
4218
2359
2288
673
3771
769
3991
417
2499
799
280
2655
2379
1456
1406
1208
1251
1091
3919
1024
2204
3131
4020
997
2678
3178
1005
3668
1767
3499
572
3916
2574
870
270
752
1209
3654
3248
2031
620
3117
3840
3635
2247
2823
1109
4107
1703
2418
3676
1889
1859
2262
2183
3190
3051
15
3931
4175
3204
313
3966
3674
4258
3472
3509
2897
3517
2035
3928
1063
1318
3682
4213
649
369
1154
2378
2529
3386
2622
2913
4252
2112
2519
2224
406
1698
2521
2651
3809
699
2020
1714
4123
2715
2245
2058
2426
602
1219
945
2993
3017
182
2328
3430
24
1898
891
3759
4201
1286
498
2169
1060
3087
3096
2459
2329
2854
3961
1384
1207
1789
866
1577
2186
1755
3130
3011
1985
475
2904
632
681
1836
4129
3863
3503
1010
1322
4097
1055
437
1766
2558
935
2023
3678
40
3659
3037
4274
646
2566
2523
228
890
482
1951
1158
2842
1179
2877
3268
1088
2060
1001
801
754
2985
2690
2179
2282
3373
3412
364
3338
1520
1108
1625
3358
4250
2279
451
2003
2634
545
3824
2516
2945
886
2200
587
1729
3416
190
766
173
845
772
2258
3414
1094
1003
2713
2470
3607
3978
4285
4182
160
1929
2868
3221
1490
1229
3817
1999
49
2100
1201
3031
3192
2718
2092
4165
1574
849
878
2287
1743
1795
1191
2970
3624
702
2597
1870
1694
208
2427
2711
1727
4086
3572
164
912
2611
2017
2701
3559
3162
1141
2368
825
1216
4193
4146
2155
2967
3997
2893
777
971
1984
204
1250
3000
3219
2444
2154
401
83
3110
921
2507
373
1749
9
2971
3429
2862
93
3832
3844
2341
1776
1582
3706
3933
1212
3136
3
2246
869
829
1764
705
1885
2011
2614
3948
2837
2649
974
2544
3149
1370
3893
955
4140
1785
2457
438
3731
377
2125
2116
371
824
312
2131
2683
3341
3983
3334
3266
1225
2813
3890
2171
387
53
3012
1031
4303
1668
1120
2969
1861
3598
3410
1157
1546
1913
1018
3120
3374
3299
551
3968
59
1656
4052
1617
3113
1004
3594
1068
1140
3029
2007
2929
1555
2221
473
1495
1496
3536
3106
1653
3420
1484
1851
1965
3530
960
3302
1188
503
1606
3965
2274
2005
1814
4114
2867
2937
911
457
3236
1326
1600
1362
2406
211
1233
1386
830
3644
1623
3838
3125
3979
2019
1910
2537
1156
2215
