3782
835
3190
2831
615
1974
1783
3778
3901
4107
2655
3914
2727
2592
1097
229
663
4178
525
1883
549
3296
1649
378
10
3805
3924
714
1640
1976
1049
4212
111
1178
2196
2725
1406
4007
3180
2253
2513
922
491
3864
659
859
1243
880
4238
486
1476
542
3758
3848
2483
2591
322
2
4186
161
504
3923
3804
2898
4242
3898
3116
2574
2183
3140
597
2968
3460
3691
680
4295
976
746
1432
137
3064
3238
2054
2484
3862
1604
3561
1842
2875
3047
2490
1338
351
3276
2204
2214
3958
1529
2045
3494
2229
1421
4173
2249
3638
2522
4008
1537
2102
3117
3256
1724
3742
3753
70
3863
3705
3383
4217
1992
3746
2890
1401
3768
2703
1286
4069
634
3406
3086
635
2469
2572
3640
664
3133
1803
3509
3442
3241
2854
1572
4056
4279
895
3966
2443
2951
4201
3091
278
2883
1865
1387
4065
475
3423
1358
393
910
3294
2910
843
4275
763
2475
3491
2292
158
467
975
1772
3551
2471
466
1985
2594
3203
2809
2199
3616
666
3132
2126
2882
979
751
2101
866
2462
498
565
110
4241
453
811
3826
2802
1231
2865
1063
2376
1325
3422
3319
3515
2038
3457
1
234
4233
3533
3825
1773
2165
2257
2902
2893
705
4189
4199
1403
3003
529
3541
1834
2246
833
2324
2868
2988
3325
570
207
1790
456
1534
3793
3716
4250
2209
3887
483
2077
1233
607
433
3173
4182
3333
1029
1944
1218
1673
2465
886
1806
1743
1078
3235
1664
939
350
744
1675
564
4228
4145
379
1235
1494
3846
2447
49
3221
3186
3573
633
3071
184
2192
1981
328
2949
3260
758
3049
1731
3696
4158
798
2208
1026
3629
4114
805
87
2867
3665
1268
3445
2573
275
2844
1285
3420
1492
2954
3211
1196
244
647
653
443
637
2014
3513
4244
657
2643
772
2113
1947
4296
434
3396
1326
4205
2440
906
2104
239
2375
2595
548
3538
3076
2740
4091
1450
1068
3341
1041
2354
3458
1414
3985
1481
696
109
4278
1331
1568
243
3106
566
397
1811
852
1708
3408
4293
1933
2561
2582
64
2713
883
3184
3157
4259
1554
3532
3915
1261
3129
4274
1653
522
1342
4288
4287
1017
1951
357
958
2531
447
921
3900
1288
3397
658
1819
3816
1600
3588
3949
4298
100
3490
1016
1796
11
3810
1709
1440
3750
17
3889
1259
2944
1446
128
3794
794
3109
2759
829
742
1388
41
4105
3808
909
725
1847
4300
3265
421
114
482
2285
861
2642
4214
782
371
290
2164
1229
4268
1831
3942
259
1777
1485
3925
1328
3935
4019
2081
514
1073
3415
3607
480
2599
2762
3172
3097
1984
1052
364
1033
2621
729
