2753
3321
3921
870
2528
3499
2818
3292
1820
2161
2229
1982
3840
2306
755
1969
3283
3561
1150
245
1062
521
3022
2620
3663
2987
345
3329
3592
2499
2312
2803
4295
2832
3514
1100
3021
2735
3107
2655
3077
339
3864
3062
1066
3742
2303
847
4096
2586
1544
3725
3314
2889
1917
3671
746
323
2486
1133
111
619
103
179
1032
837
3256
1368
3606
615
1672
249
3848
3511
2682
1526
428
206
854
3471
1411
1271
408
1050
320
1654
3865
2409
2710
4124
2875
3498
1864
3852
3876
494
1172
32
3691
3633
1946
2304
270
1540
2717
4238
366
119
301
1966
1266
3177
1877
3485
3234
4246
2408
3632
4180
449
927
700
3294
4200
3690
3198
2142
3174
509
1336
1644
1530
954
1788
2283
112
23
561
437
1888
3058
2448
3708
3756
2557
2245
1389
2335
1434
2128
409
1583
1934
1572
4258
2510
180
3269
1953
2911
4022
2318
3669
2170
302
981
1329
666
1793
2627
3523
1105
2572
3317
3223
820
3637
3963
332
3576
2608
2703
3843
1750
3709
1852
420
891
764
287
2186
3727
1986
1051
942
3175
681
3253
2141
476
2093
2227
3016
2321
1010
1998
2213
1800
1802
3649
316
470
3261
1331
2375
1238
1359
2642
341
2729
855
1448
1776
2994
596
638
3846
2659
2024
2363
2785
60
2514
4068
1152
2739
1978
819
3299
1004
1288
3094
2147
3237
4222
1777
2353
4149
1344
1686
4139
677
1328
1954
2116
1462
3141
1126
794
3569
3496
1795
3007
4112
421
515
3415
450
3168
3409
2049
702
2690
2333
3272
3390
1130
1945
1668
2259
1491
3648
2929
3710
706
992
41
3278
2341
3601
2135
603
4243
3926
1354
100
1567
2246
2982
3653
2762
4271
1869
4198
834
594
3622
3983
2089
3533
3573
16
774
3642
4019
130
3890
2775
3479
789
744
2477
1922
463
1366
2893
1879
2584
3193
3816
2563
1478
4070
3002
4278
1568
1904
4140
3557
781
66
1964
2217
45
172
204
2242
2003
4063
3787
2127
123
4161
4144
842
874
1485
2639
1995
3993
2763
2421
3681
1947
1745
176
2444
2702
3656
1613
529
517
1892
1591
2872
433
184
3927
220
1009
1496
1815
2355
3704
1814
2801
849
3800
3930
4061
4190
3673
1796
754
576
2632
3799
1465
372
791
2028
1553
3436
1224
3532
2873
370
2700
1480
3367
2014
958
3182
591
3631
907
4151
288
1362
3735
4274
3679
3885
143
3032
2722
1716
4095
1029
1441
1853
2701
4018
3254
2050
4098
3699
1605
275
1519
3197
2041
1295
1317
1900
368
3736
1807
3250
3465
2914
1908
4281
3535
3908
3209
2180
933
357
2908
1233
970
402
3838
1232
4166
2555
