3460
2166
4008
937
3522
284
3575
399
4212
315
3393
1540
2671
3972
3795
683
1266
1959
2490
1941
2623
2968
2225
3499
3987
2040
1864
604
1024
1421
3161
2453
2369
2894
3095
563
714
1703
3743
879
1689
556
2513
2779
2441
1868
3741
3195
2961
4218
1973
3694
61
1374
3691
3276
428
836
3943
3033
929
496
3823
3485
215
469
459
1338
2096
308
870
3745
4295
1596
1990
835
2175
3919
2646
294
1765
179
1532
408
1855
3723
1444
3205
3853
2710
3835
2187
1476
924
3837
3778
715
2527
1527
1559
903
2875
2551
3180
1415
3329
223
2474
809
4089
3858
3725
4096
3238
3531
3732
1447
2519
578
1583
1545
255
3604
42
1937
2395
3087
4065
3558
1593
4277
2733
1631
2410
863
2703
565
4002
2865
1282
4209
1409
538
2345
3616
1597
4079
2289
4217
2305
2430
3376
1035
124
4058
1618
2897
2458
2326
2585
1385
242
54
3850
489
1758
1429
1479
4033
3854
1531
3034
4011
1662
767
1334
866
3230
1866
2707
4249
936
966
3052
3523
3151
3126
4286
2973
1329
4226
185
1067
3454
2826
3312
3765
811
3203
828
2553
2300
477
4037
1558
1068
1728
480
2419
2104
3588
2273
4109
3324
3490
3055
3409
1984
3520
2280
2615
941
915
1914
875
3254
394
1638
488
3562
569
3838
2298
2661
4181
3278
1547
899
913
2639
3138
2966
1954
3074
3358
1339
45
3309
1474
2891
4306
353
3792
4193
2798
3360
1343
1420
4274
2950
1182
438
3341
1449
2669
82
2089
402
996
3297
2461
4017
1216
1910
925
2918
2192
2944
2374
2164
3953
354
4233
2239
3235
2512
3391
1370
29
1275
3020
3752
3002
2825
4066
2965
2208
343
2949
1481
953
2358
1233
2705
638
1293
1110
2168
1261
588
4250
2744
1610
1326
454
4170
959
234
3516
2772
1685
4292
2562
3089
1014
447
3653
2634
3568
450
4055
2066
3997
3885
148
1235
3808
3284
2133
3350
173
707
1751
573
3418
89
2867
2989
3148
2665
4108
1404
3608
589
2018
2571
2641
1576
282
1876
1473
2907
1159
4229
3777
1533
2221
66
3761
2929
3549
1930
3139
2316
539
230
115
3909
3711
4219
48
1916
3149
3927
1940
1463
2212
4192
1542
3483
3884
881
2946
414
2934
893
1743
2324
2090
3990
1149
2761
2526
3623
1902
3013
68
526
2901
3182
1623
2960
641
4119
2660
2542
3775
3263
1957
3989
1435
4293
729
3986
2985
2201
3675
1574
365
431
1017
3717
1830
908
1745
4205
855
1359
2433
1307
3128
1349
1994
3815
1534
2849
2080
3779
2658
4062
2869
155
3913
2180
3049
829
825
1870
1491
192
1238
1787
3597
3839
1278
1520
1036
