3864
3036
3501
595
3753
1959
2725
520
3584
1920
3264
2303
2423
2548
2166
2187
168
81
1312
256
2667
3494
436
3796
1510
2088
2484
1696
854
3498
755
1171
2249
2214
1672
4262
44
3701
2098
2623
1345
493
2418
3730
3853
1150
3499
1425
2596
2153
3774
1680
3602
245
572
872
2768
2229
1752
122
3876
2271
1377
2139
2299
924
3177
2304
4183
1172
3107
3612
2818
2853
2256
2132
3102
1506
4082
247
38
4133
903
2033
4247
1975
3918
4124
494
491
3804
439
1394
2196
734
769
1927
1538
1379
2429
74
812
1941
2684
2528
847
1433
3668
2
3064
2490
876
3881
3778
580
1789
978
3667
3430
1358
3063
1104
330
2344
655
464
321
1037
4213
1778
1843
1286
4138
2480
369
632
3551
2608
2668
2821
2349
2858
1746
1124
1714
927
747
1423
3234
3911
481
963
3495
2569
2149
4079
3618
3996
1641
2993
146
2674
2460
910
2462
2998
3674
3738
107
2557
565
1637
4050
3595
2000
3222
2475
1105
712
3294
999
3961
3705
518
2676
2251
981
1230
2577
3317
4040
689
1361
2703
1515
2560
57
154
1010
3372
577
895
1273
740
435
933
1263
2375
3330
2526
1439
2191
568
1977
785
645
4193
3874
786
2861
2177
2050
2891
3605
324
588
1212
4253
2076
4010
2103
252
1342
3611
2860
1674
3020
3965
3274
2372
3445
3125
3394
2739
1483
806
1252
2165
3110
1929
377
2578
89
1440
2692
625
224
2956
830
2424
653
250
1033
670
144
2506
1196
2442
4191
4029
3184
1435
514
1028
1191
2969
67
2420
1870
3883
2775
1764
1655
2007
3483
4283
2610
558
3441
883
4112
3887
2120
1964
4151
3189
3009
390
1216
2322
1392
3833
3369
551
99
2870
801
3557
707
3697
3994
3814
1132
348
1491
1546
3905
1831
50
295
1197
1625
1997
1041
3070
2215
433
1448
1697
3970
1148
4229
4250
583
3997
1446
3439
1998
1093
2135
3336
4036
3055
4021
2746
2274
3673
907
1235
300
3836
1156
2255
824
849
719
2370
931
1443
2634
3820
674
3909
3692
18
2839
3851
3897
1288
3158
407
3773
1815
415
2364
2324
1872
293
3458
3302
1304
3114
2041
1666
2791
3710
2356
379
2130
1606
1614
1627
598
220
3545
2855
2492
1608
2793
1503
3349
2659
4043
579
753
2263
1346
1994
4211
1003
120
1861
1388
1116
3541
3012
63
2738
2085
845
874
3375
2407
2729
2960
2939
1629
2701
860
328
456
3867
3695
1602
2286
3160
3090
447
3631
3088
210
4115
4236
365
1737
2796
2028
3780
2598
1553
3352
2599
281
2444
1670
3536
3065
3221
3622
2654
503
3438
497
77
813
3893
2914
