2249
3687
897
2288
4195
2522
2204
620
2540
873
1209
680
4185
381
1024
879
3471
1868
4294
1645
3075
1771
2964
903
2527
4035
3914
3847
3720
1426
2568
604
374
1128
3578
1739
1691
1559
2331
1636
3112
2167
809
3898
3719
2671
3335
2234
2767
2072
2655
847
546
1292
553
3398
3251
595
3292
608
3707
3486
1781
1829
582
2708
1075
3067
854
728
4121
562
1939
3652
982
1302
2253
1375
117
796
4203
1539
3626
1486
4130
2831
2818
2730
2489
2699
1578
2491
270
440
3059
3919
3593
611
1119
4025
1089
2139
902
3804
4160
1838
2888
98
2083
1266
460
495
2814
1371
127
930
2245
797
3198
1334
1454
1336
2809
2521
770
1124
1064
3503
1646
692
1678
3478
1583
3854
807
4048
3599
1662
1226
1007
1531
3894
4143
1618
2145
2197
2485
1060
2037
2479
3432
2773
4213
3500
1180
749
2326
4078
3961
635
760
3063
4138
1989
788
2062
3122
3790
289
3424
3270
3428
2471
1296
678
1205
2998
2058
2300
2976
2036
4240
1804
2805
811
2557
2410
3052
3217
238
1738
4056
1983
3713
2188
1860
3087
2307
88
3783
3860
3025
235
1905
3123
264
1785
2265
3138
4285
1351
1443
2822
1130
3371
85
123
202
160
388
921
3068
1719
1167
653
2716
4165
913
684
2907
2649
3415
2946
726
368
3929
2872
1136
1177
181
174
548
2434
3715
482
3718
738
2932
3260
325
1743
4112
3054
2866
1824
1376
2103
48
392
3193
1176
2812
4001
316
3144
2220
1289
1179
3935
500
2049
1337
3762
1321
842
3516
3182
484
1259
2939
2986
327
1416
4181
3185
2511
2021
4030
1885
492
916
2341
4274
696
506
736
3549
1465
1754
2917
3191
603
3310
349
1568
3480
1006
2027
3872
3375
3199
3582
3381
1570
2566
995
290
906
4254
166
155
2726
818
3831
3985
3482
3420
3438
1132
3004
2741
2530
3737
4236
1918
566
3673
1252
2980
2477
1039
2969
3817
920
4229
1142
789
1365
905
939
1981
4152
2885
208
416
825
1191
2213
2122
415
1195
4198
1327
2080
3168
733
3537
2090
3374
3492
3100
980
4253
992
194
2641
4019
4215
2407
944
1278
222
1463
2945
2401
3209
523
3535
499
3285
1108
3525
3607
2564
2069
2640
1932
3263
3749
66
1841
1326
2849
1871
685
1294
874
1028
1879
4265
1553
2087
1625
776
2952
570
3562
286
1392
3897
2740
3717
1926
4306
3279
2758
2353
1126
1735
3401
941
1712
1169
2593
3565
63
1554
204
2192
2433
1360
2131
2588
3800
2990
1513
3475
277
172
1950
515
2573
3857
470
387
4094
2798
588
2780
1078
3679
3513
2506
526
1964
1341
1483
