4195
94
3921
1724
1920
3205
1119
4247
1128
1107
3021
227
1581
3891
3606
165
2339
879
889
1264
2271
600
1883
2894
3527
3877
1469
1903
2150
318
3652
1324
72
2262
34
294
440
1190
3388
2102
3804
3170
3522
3116
3755
229
4262
1101
3858
3398
2662
1765
3592
748
1486
486
697
615
2157
597
1654
3881
1691
1002
769
61
2012
814
2818
2541
651
3411
1679
542
1726
4107
2975
2961
752
4204
129
7
4185
3744
2556
3651
1767
757
802
1586
1075
2499
436
444
3962
617
2930
2767
3981
1430
2357
2497
2004
2623
1375
1752
2052
882
2045
1539
1303
2915
36
2803
820
3955
851
1369
1060
246
2963
2344
467
2976
1738
127
1688
2469
2897
2910
3996
291
24
2508
466
3025
3063
1620
3230
2557
195
1840
3849
3430
2455
4224
1644
2144
2448
1504
1273
561
2352
2709
764
2173
1804
1296
458
4220
4256
3688
1313
2981
1154
1323
2789
3435
724
3662
1352
1571
2585
3759
2550
1778
221
2140
3669
4171
2820
2289
1803
3174
4060
1560
3222
1230
3196
2149
3153
1899
2411
4100
2569
1637
3024
1143
2095
2036
1734
3576
2305
2412
4200
1612
3887
3683
2903
2089
3397
4010
3425
2945
3483
2855
2174
3808
1275
3104
1600
1093
3888
3369
470
2284
3073
601
723
3316
1327
175
3470
2564
3278
1405
2346
1896
2516
1026
1473
1244
785
2669
531
2598
896
2765
1040
1260
953
1160
490
143
150
834
3235
3587
106
3349
2786
8
2795
852
1031
2364
1501
2212
3496
1892
2051
2639
414
718
2119
69
642
3866
2470
2019
3451
1452
3420
1475
3990
2948
992
2515
3197
2107
3833
648
2127
3582
1450
4276
3829
1951
3872
885
2866
2500
2741
1240
2223
1503
4000
350
2837
3648
2799
3081
4221
1615
4299
1848
2971
3846
1841
1513
3279
325
1922
2615
2451
2057
456
3433
1139
3164
2069
4176
4085
4222
2081
3779
2467
2751
3371
913
368
2076
2824
4283
272
684
1754
2087
3042
1132
2702
986
3631
1713
1156
3895
3041
861
3139
311
1092
2210
821
783
1821
598
943
4149
798
637
4264
3841
2738
1796
3890
4115
951
76
1495
3591
3448
3596
3842
1294
85
3239
3913
1514
3394
3367
4167
3358
702
1807
868
3978
2373
528
2534
125
354
890
2222
3439
4062
3115
911
3581
3555
3119
1054
219
457
1719
669
735
1785
3103
2094
1743
1084
2661
3050
2246
4119
370
2184
3434
2984
3948
336
877
48
1900
2122
445
594
1400
3338
1235
1589
2257
759
4281
2511
3311
1280
1964
2424
3387
114
2659
3381
1110
2061
184
3600
2801
3515
726
2784
327
1737
1022
3261
488
4282
