6
425
667
373
586
610
661
604
440
536
23
404
135
612
512
438
400
582
636
97
134
120
375
346
26
481
412
133
437
549
664
682
569
47
105
39
418
455
554
672
95
60
308
629
609
300
462
486
466
508
435
655
388
495
547
38
384
423
611
344
303
355
543
566
61
118
104
4
37
68
33
77
48
387
406
402
669
349
639
490
119
680
140
474
81
363
633
529
311
381
338
329
531
657
652
125
96
342
94
553
121
144
620
625
345
451
111
410
452
493
593
684
673
117
115
446
483
330
626
623
577
618
323
127
386
562
544
522
461
429
138
312
424
368
371
123
475
430
3
13
359
457
677
63
539
73
665
592
465
464
248
844
775
172
800
211
709
729
742
707
166
753
188
891
712
236
185
735
175
796
200
819
810
184
851
266
187
881
247
808
286
835
839
259
167
897
803
761
774
805
754
781
700
886
224
822
291
730
722
199
838
191
785
780
235
296
696
726
856
866
168
153
759
250
220
746
245
812
783
231
719
242
814
292
743
212
833
194
889
267
695
156
714
693
869
850
818
710
201
208
757
801
852
736
752
257
845
171
227
740
734
269
151
846
189
760
288
771
764
160
289
258
793
298
841
837
878
256
170
238
280
817
226
225
899
711
894
272
811
262
239
773
816
240
253
727
229
789
230
723
770
849
234
768
728
802
739
285
222
293
