376
544
117
148
19
541
582
513
499
63
46
459
570
45
577
592
488
381
351
597
661
502
115
73
543
64
531
424
587
426
526
301
367
416
573
431
86
532
372
317
465
572
603
408
652
537
632
535
124
656
477
125
127
452
421
681
594
322
614
601
328
308
583
108
66
595
607
646
140
375
143
548
650
24
483
559
668
146
599
667
643
518
565
678
503
621
611
329
538
443
613
145
34
446
534
401
315
340
14
139
558
354
368
634
25
21
516
423
48
598
404
334
663
112
635
450
52
458
546
133
131
551
363
138
88
61
586
480
333
318
514
581
119
627
574
306
623
311
685
94
122
123
114
457
357
353
18
91
442
335
772
173
818
251
805
227
287
794
697
802
786
737
783
230
698
707
810
779
750
271
880
702
746
752
694
836
765
807
773
813
237
800
849
825
213
734
747
243
217
866
886
297
152
284
776
174
192
815
294
288
863
728
817
745
852
242
839
165
256
763
258
275
203
278
701
859
736
718
877
245
896
855
269
771
188
741
795
696
260
889
831
169
267
291
706
262
225
798
874
690
248
711
767
281
739
875
191
840
768
826
751
829
250
777
175
234
898
778
183
861
743
226
204
179
791
703
158
834
233
780
171
735
168
820
730
873
857
894
789
788
224
774
153
822
209
172
176
753
712
755
205
221
882
235
837
821
793
830
232
740
