536
440
106
350
610
32
346
366
642
571
604
606
58
680
20
411
100
384
395
70
300
522
614
466
375
102
646
689
669
114
51
140
44
14
33
310
135
672
665
426
651
365
329
524
316
535
137
38
148
428
71
682
442
653
402
335
534
601
132
116
362
115
415
141
66
121
523
550
90
575
117
476
322
609
617
605
21
344
333
313
574
493
644
546
379
142
347
540
637
430
10
112
559
528
338
392
579
582
599
586
465
111
499
72
88
55
482
451
572
63
301
69
455
453
5
511
660
414
549
684
387
618
443
315
1
370
667
505
564
98
685
60
49
367
146
467
0
587
521
42
420
592
408
596
490
486
82
339
432
635
782
797
823
710
225
262
731
845
195
203
898
693
269
254
764
271
878
876
820
843
746
280
757
694
194
701
187
850
193
723
282
717
847
804
783
758
863
735
888
190
169
173
278
887
175
769
211
891
263
204
275
176
832
229
761
215
174
798
852
899
260
247
163
720
762
184
812
209
721
713
796
168
889
727
167
870
772
704
766
818
220
252
156
789
289
691
191
298
829
297
180
265
801
726
779
827
747
205
165
188
283
294
272
172
868
244
860
212
715
154
221
846
256
879
799
855
279
226
697
267
768
159
777
181
286
251
153
712
851
745
859
890
192
186
287
151
817
893
833
276
776
875
733
258
200
848
228
164
706
813
