142
16
655
545
547
504
104
39
581
363
567
485
23
615
613
570
336
408
675
351
116
644
341
523
609
96
544
477
82
503
55
320
681
35
394
338
579
432
602
328
61
37
513
552
102
20
134
646
452
425
52
592
374
12
149
372
119
57
405
679
414
127
429
319
624
499
605
392
416
444
340
586
411
354
433
329
684
70
626
583
46
426
512
406
13
611
109
529
314
25
4
66
522
481
384
29
22
525
658
309
623
410
382
587
91
399
113
662
451
40
572
318
423
642
325
362
45
542
622
510
43
51
458
141
493
306
9
665
556
147
616
316
631
660
461
401
490
491
528
506
564
585
446
575
565
350
365
685
473
456
764
860
830
712
773
865
805
280
206
235
204
878
770
215
184
771
866
705
297
863
194
693
278
807
166
737
786
767
244
877
756
221
252
750
842
831
758
852
891
894
267
747
186
249
896
253
841
150
810
719
225
151
203
269
701
245
296
709
188
208
299
751
736
727
243
768
260
185
295
261
197
790
176
823
817
714
859
231
248
274
229
155
836
214
757
837
884
272
840
165
783
236
795
201
734
179
729
717
198
763
240
276
796
281
156
868
275
171
724
722
784
271
199
227
738
180
172
799
849
739
732
858
762
804
181
853
800
880
723
170
711
264
839
298
222
882
753
195
258
284
820
192
191
874
755
704
237
212
226
898
