65
552
595
496
371
562
133
679
479
62
323
491
41
520
532
590
533
539
582
407
9
111
501
685
600
668
523
514
47
396
135
339
601
329
462
107
499
34
364
563
386
128
478
565
615
556
614
410
457
337
544
454
382
392
31
400
309
142
119
512
560
67
636
589
146
450
513
418
646
68
427
677
4
465
630
310
19
492
635
90
78
549
569
315
42
132
312
5
578
117
525
561
17
443
671
92
66
439
368
417
40
470
662
395
335
474
29
632
16
85
667
147
468
579
620
342
505
551
424
583
559
599
528
623
0
330
102
648
433
110
593
408
436
448
518
6
11
494
351
58
641
374
554
388
101
318
624
441
651
18
757
854
225
860
276
153
852
745
829
152
156
709
167
198
885
286
731
883
248
184
223
882
849
209
735
884
841
749
850
231
773
290
889
715
861
206
691
798
848
236
158
789
783
846
707
727
698
741
897
822
262
896
772
287
778
740
790
163
154
714
177
194
722
851
244
774
807
856
228
858
748
831
721
747
784
157
298
703
750
280
759
826
288
234
283
866
820
887
267
812
197
192
261
169
818
250
746
230
215
694
865
834
240
871
200
292
220
210
808
804
165
214
788
205
827
720
890
791
796
175
895
255
279
782
864
251
833
830
819
162
186
235
729
227
832
726
737
247
892
755
847
257
199
809
271
203
767
734
725
166
