427
326
645
654
573
570
688
312
306
590
320
593
40
584
562
66
604
462
391
373
358
555
56
646
412
499
313
658
460
116
99
628
594
665
443
368
481
428
631
451
496
615
369
7
374
442
456
545
546
484
107
463
411
341
552
478
454
149
479
495
51
676
600
52
132
50
477
362
134
652
347
525
435
505
140
447
339
430
349
656
71
84
397
671
145
504
348
638
425
305
629
75
529
542
610
301
583
123
34
45
483
433
597
536
28
523
43
345
336
111
579
508
429
668
445
560
49
419
554
608
518
575
448
90
619
455
549
53
33
592
384
98
520
489
659
47
551
636
21
675
139
603
633
127
613
682
131
303
494
687
188
163
822
786
877
899
885
222
184
817
232
857
235
873
178
706
870
709
775
764
152
177
718
832
700
852
231
286
233
856
837
159
276
240
828
732
859
826
229
280
835
796
213
271
843
705
215
726
838
738
161
893
777
283
810
296
787
798
210
836
262
162
702
823
209
758
795
264
768
713
808
256
784
773
776
819
821
841
263
892
174
734
201
196
871
173
794
219
862
767
858
876
253
820
721
228
867
849
180
694
207
197
756
783
880
194
716
872
864
248
889
298
763
752
725
160
853
185
266
839
886
167
708
288
840
815
771
691
250
723
745
739
824
267
707
804
169
243
851
727
252
154
733
221
206
193
879
187
295
762
