469
491
61
576
379
551
46
12
660
58
86
367
544
451
324
664
676
637
579
16
126
97
418
651
378
381
138
680
514
53
599
77
609
73
89
421
19
385
338
553
558
528
26
392
100
62
149
527
47
388
675
542
531
590
137
397
611
42
534
390
646
15
505
332
23
659
565
134
610
525
74
41
635
457
328
20
21
366
597
521
305
607
500
88
49
600
475
533
517
556
437
349
141
645
136
524
665
562
601
657
81
398
499
420
133
463
67
586
574
520
662
580
119
563
471
472
1
318
454
624
131
327
526
7
616
307
441
4
666
403
11
485
644
121
143
532
6
515
308
331
358
606
127
480
656
630
552
72
110
587
733
240
211
880
799
829
818
186
742
760
703
201
249
242
801
179
257
268
188
862
243
287
770
774
896
213
775
284
767
834
852
897
199
700
706
263
892
752
797
152
734
715
899
270
269
887
295
872
844
702
803
292
252
768
255
739
710
890
250
805
191
821
265
695
198
195
756
256
693
210
719
193
717
264
262
786
155
721
166
881
299
724
793
273
827
708
888
798
200
289
177
196
691
790
869
759
174
743
278
220
159
246
156
832
878
222
828
173
875
294
874
694
696
226
202
280
290
224
732
783
806
847
766
698
762
758
833
815
867
288
771
841
228
830
272
283
779
773
164
150
291
723
221
274
218
236
796
825
235
716
