10
73
14
470
508
592
309
37
45
565
67
111
134
423
335
542
557
137
394
27
81
316
354
553
559
534
16
568
505
665
500
686
79
528
112
431
325
57
437
469
393
103
383
689
401
422
131
420
61
490
538
121
342
537
483
468
129
444
101
606
418
569
673
344
554
127
130
380
448
480
609
144
626
307
532
617
126
482
132
436
124
102
584
524
412
632
404
633
116
410
604
507
356
320
618
648
562
107
319
360
675
515
391
611
629
586
87
517
567
577
578
389
80
351
40
318
51
28
311
43
58
680
368
582
30
66
352
511
683
419
305
15
476
303
456
460
390
556
652
679
672
503
411
379
136
361
46
607
83
118
796
212
824
715
233
852
200
198
795
246
886
186
207
815
842
810
295
225
786
242
173
693
736
897
779
276
240
761
899
157
201
211
231
192
792
178
808
177
275
697
222
895
708
756
713
294
182
894
828
817
268
220
695
272
235
883
845
760
741
208
238
161
832
734
804
785
160
190
253
215
777
237
180
223
775
249
794
250
241
765
737
727
820
285
714
221
874
219
702
244
279
700
816
707
159
698
254
875
740
751
286
236
807
251
747
758
746
732
733
175
814
772
712
782
269
790
298
230
850
170
880
729
271
731
742
818
768
717
202
258
841
798
274
704
191
865
783
762
705
195
846
778
735
812
784
753
802
829
158
809
