2501
341
2994
2940
2922
2935
458
3048
888
2957
2686
325
588
1120
782
1535
2492
513
2936
103
600
1378
472
334
317
1052
646
3055
2568
870
2420
2970
3043
692
1175
2723
2627
379
1011
596
2631
1102
2623
2431
1482
269
1154
2625
3176
349
1333
2888
1450
322
1128
1210
160
1271
2756
1036
1424
2690
566
2829
374
2779
1297
2773
565
2975
1418
229
2472
2795
1522
194
1060
979
312
1136
893
2517
183
1131
637
1209
410
2539
3072
590
1536
471
2699
2760
1063
702
3062
2710
82
2949
211
1439
2866
2442
967
1037
927
3014
1282
1513
1440
3029
1218
300
1311
3120
933
2867
1455
1468
966
749
2896
3046
378
2707
891
930
3154
3126
215
3006
81
2615
2497
840
3091
347
1459
1353
3023
440
1559
2836
1091
112
1499
1243
2598
833
1400
2857
1490
1263
3
2619
1531
3060
2428
2430
1512
83
2865
1043
1112
204
1212
1272
734
654
2573
2417
890
2825
760
2652
424
1258
2872
1506
1251
768
362
414
1031
584
2458
73
591
1538
1170
1040
2765
1013
350
1568
1217
1464
1320
1458
28
1509
2549
2552
2544
667
2550
2768
245
492
330
2440
515
198
1240
791
3142
2525
250
65
1235
87
828
486
357
228
892
2461
2452
456
2416
2704
1204
1015
212
1234
1360
493
3172
1242
2629
1231
597
1199
1196
879
2638
1288
2916
1214
2570
1110
1228
3113
97
2528
2921
554
2473
845
318
31
1147
1237
240
3110
2897
602
2989
355
1057
3180
1428
1331
1156
1401
3034
57
263
454
606
1507
965
640
2918
2482
2454
1053
16
478
899
3069
1009
2689
615
2848
2687
744
1452
2593
373
59
170
661
557
27
686
976
1262
264
2734
838
3179
829
999
3148
2831
482
577
289
1413
490
1221
131
2808
2804
708
792
982
2403
2972
1373
332
248
1117
1392
2553
874
563
2869
3021
3098
1038
586
906
562
973
1067
175
393
1553
2453
2665
2793
1069
823
2727
404
2941
1398
2934
1399
1314
685
963
239
1578
2890
3130
3134
3106
617
2429
915
1094
85
2755
511
1130
877
168
2578
2886
202
2435
876
147
34
164
69
1193
3096
1142
1472
914
1082
2742
2668
287
3068
2488
1206
310
1494
730
11
3003
1203
2412
2766
2636
61
1283
2511
58
1577
1277
2827
2810
2635
859
2919
959
2762
533
1007
3027
718
210
1323
805
128
293
3084
2747
448
765
573
1456
2520
1352
62
154
2589
2751
6
408
2968
2748
2952
301
1105
1318
2696
2855
2515
2839
1562
246
1035
319
1267
568
2443
2838
1336
1411
377
825
1070
850
208
1225
2753
2476
1046
157
236
2761
1415
2620
1579
2786
2913
561
2843
581
1465
166
1325
2783
488
328
356
2912
517
3147
199
2500
770
439
3057
3008
140
642
2708
209
36
304
25
2695
630
2871
1407
1374
46
2731
121
1161
1347
3128
38
522
70
1093
1256
2878
3044
1181
1127
2591
1508
1371
713
1163
2820
916
750
2653
853
2703
2811
1435
222
1072
243
1542
1126
1414
1363
938
40
626
2885
288
3077
1402
1047
3118
283
2774
2516
649
2739
2622
180
146
3051
413
2599
911
485
172
843
1275
2616
2644
2513
487
875
227
2845
3153
2911
203
3099
781
1095
1463
2999
499
885
1345
631
2729
1477
2419
2741
824
371
1500
409
550
1075
1065
2891
1194
634
2654
2983
2405
387
2883
1145
2609
3047
3150
3177
972
1141
2423
2583
703
2656
2439
402
1376
411
856
997
2596
2542
1224
1097
2496
610
290
37
474
1089
811
719
2522
1104
144
3063
2595
2521
382
1312
1183
1285
866
1405
370
1014
281
126
433
400
475
297
3007
2712
815
1338
4
1543
2715
2487
2809
1133
443
101
3181
2959
2424
1028
285
2859
464
2752
763
2722
2667
764
1421
2733
995
1530
1074
504
86
1567
756
221
670
197
1111
1501
1264
2964
1381
284
115
1122
1287
1026
1119
1171
3139
265
1123
193
1370
604
2457
1584
536
3020
2980
627
2613
3041
226
2438
122
907
1328
381
729
2555
1417
1420
1476
2464
669
725
1208
105
1521
181
991
1092
2974
258
1488
902
1449
2462
1195
752
679
3155
2800
1563
2954
841
1088
693
2548
800
2477
3117
2470
2923
271
99
948
1025
934
544
709
2720
303
3167
3066
3159
509
149
247
745
699
942
427
660
2507
153
3103
542
2821
3028
1055
339
1096
1008
1387
2661
2875
3175
1169
2594
1545
908
420
1249
498
416
1369
311
123
3102
360
507
2585
3080
2575
1573
903
894
137
421
441
5
1394
2445
1495
2784
50
1109
1367
2830
985
814
820
266
224
592
578
910
3026
2852
1153
549
2997
2566
2483
2603
80
2657
2796
3073
1300
737
216
632
3097
980
1547
1365
689
804
2920
324
961
949
1115
2854
1473
1474
603
2956
3087
1054
1301
962
1020
1042
863
23
148
1273
1051
1174
3162
1492
2909
2448
2967
1523
1113
76
1027
898
2764
361
1293
1168
1337
3090
500
2670
1382
505
3100
3019
124
1441
2551
2772
2835
425
201
1107
238
2422
552
3170
1348
3156
1412
1451
3052
2977
620
3016
883
1462
2953
2746
48
2519
2719
3137
1167
3004
114
2697
1211
790
3082
2565
1197
896
72
802
895
111
169
748
220
2499
759
514
150
957
407
715
675
2498
3061
2881
1379
1527
2870
953
3104
611
862
609
1383
1327
422
671
1144
188
529
923
3108
3053
3076
30
2534
1566
633
3036
1207
268
989
308
1290
1244
1358
623
2818
1151
2705
821
3115
107
134
3152
2984
913
389
232
2407
751
2683
1222
457
2554
2945
706
3143
2781
1422
92
816
2459
3081
855
869
1085
142
2582
162
2475
861
2581
616
570
710
1432
931
327
579
857
925
1001
951
244
321
787
1436
3011
1281
1572
2904
881
3088
1030
2930
884
2763
2646
844
1306
2505
2563
255
235
3078
343
338
2678
990
2745
2858
1150
207
2561
1066
593
656
1034
1238
1361
2714
796
1201
178
1390
535
608
1
335
2663
648
559
2700
187
231
2863
774
799
3032
755
614
2924
2947
1155
386
186
1132
2545
904
1548
252
2948
678
2503
598
316
937
1223
1309
1259
1431
635
1457
1409
1257
2509
743
2605
1475
152
3178
1423
761
477
984
2849
262
1081
429
249
19
2725
2787
2489
1497
1502
2415
2418
921
818
1493
353
520
1213
15
1179
842
564
2777
2449
51
3040
2943
394
3064
831
447
971
1471
2736
42
3005
2735
430
75
638
1233
1192
2478
1176
352
1540
2559
2427
1253
119
1200
1344
746
1341
2529
956
851
2465
1364
64
849
1443
1480
740
2658
2486
2508
1384
886
839
1355
587
63
1317
2602
3138
1098
1516
1121
677
1021
1574
2938
450
1410
2895
1280
442
163
2906
2587
1219
2601
1071
1487
132
3025
143
1162
3056
302
3140
2480
380
801
314
3035
359
1546
846
1404
919
612
1017
2611
687
7
2749
116
978
2684
871
78
2834
1140
323
548
924
173
547
2841
2988
436
2780
806
3086
1188
1292
1561
1247
2939
237
2637
2991
747
2937
95
2737
45
2907
727
3121
1000
897
952
817
190
2463
1018
1351
2434
206
1279
91
697
2961
1571
3173
502
3107
1388
585
2992
905
1377
423
2893
521
3158
2862
2490
2634
3111
296
100
1139
184
26
468
688
279
539
1284
3071
1544
945
574
2950
2491
2479
1226
810
528
2903
109
2677
783
2597
3045
401
158
445
2914
571
2958
1118
1550
214
778
2642
309
1354
1160
2639
2860
428
712
1386
1582
2899
2802
1220
2571
2789
595
2495
2411
1511
2481
516
2456
758
272
139
3174
1216
1266
701
1332
3145
674
819
431
2982
2649
1068
1006
1496
2728
2543
2933
2730
2973
60
1533
682
733
2898
2717
2404
720
1152
889
1453
8
2915
1335
2962
2532
273
526
977
506
1230
901
2
2504
716
270
1016
1554
1227
54
1322
540
2606
766
2882
2925
189
108
537
854
1483
1442
22
376
736
2685
594
348
205
93
807
1248
3024
3089
2758
2526
1489
2822
446
3022
1116
567
2662
935
1294
256
2757
1099
777
2626
1004
1368
398
707
560
2995
2851
2564
955
1270
2455
3183
469
986
3171
1124
809
2775
130
981
847
1149
944
24
583
391
342
406
3149
155
3160
1576
2546
1022
872
3125
629
551
2850
3119
1469
1461
1056
880
2617
179
947
1087
10
354
67
2547
145
1044
415
392
2908
523
165
2864
437
2468
2648
55
138
463
195
2713
1059
449
546
1349
988
2944
969
1581
2659
174
2856
254
1157
385
444
1101
3009
711
837
3168
1289
912
89
2645
2441
1305
3094
0
2732
822
613
1029
2776
1329
1125
2900
39
2590
1012
943
1552
665
452
780
1148
177
136
336
118
3169
3349
2393
3521
3194
1845
1872
1883
2247
2194
1973
1857
2003
1618
1790
1743
1821
1586
2119
2383
1988
3223
3227
3221
2069
2305
3353
1777
1657
3563
1654
1916
1965
2157
2208
3505
2351
3508
3204
2192
1637
1774
1846
1592
2220
1593
1980
3388
3436
1757
3367
2009
2334
1780
1860
2137
3474
2259
2374
1858
2062
3283
3478
2238
3418
3276
1835
1620
2271
3198
2212
2055
1945
2235
3336
1903
2398
2123
1736
1870
3396
3379
3564
1623
2266
3299
3580
3201
2094
3202
1900
3254
3281
2016
2040
3526
3525
1700
3298
1878
2303
2126
3351
2054
2074
1687
1937
2081
2356
1806
3365
1975
1760
1861
2116
1611
2301
3374
2099
1707
3572
2252
2284
2195
3247
2047
2024
2300
3435
2214
3577
1828
1772
2364
2161
3581
2260
2203
2075
2322
3289
1894
2216
1644
3270
2134
3292
2030
1638
2346
3427
3340
2117
3284
2065
3350
2341
1675
2268
2327
3215
3346
1847
3287
3484
1842
3228
1798
3569
1591
2182
1956
3207
1865
2226
1949
1683
1753
1800
1928
1811
1948
1990
3562
2174
2063
3348
3522
2262
1801
2295
1955
1931
2187
3213
2386
2170
3456
1758
1605
1697
1915
2269
2113
1910
1615
3282
2253
3219
2022
1989
3419
1787
1810
2277
1655
3426
3545
2142
1983
1961
2111
2229
1982
3494
1781
2064
2049
3255
2321
3383
1939
3468
2122
1957
3547
3470
3309
2251
2032
1679
3380
3504
1853
3263
1779
1703
1744
1710
1795
3382
3369
2092
1805
3541
3485
2318
3375
1913
3479
2002
3469
2043
3408
1943
2114
1685
3389
1967
3326
1882
2281
2261
2007
2036
3515
3191
2339
1908
2317
1782
2080
2377
1817
2273
2120
3532
2052
1639
2204
1730
2162
3220
3482
2312
2355
3190
3411
3443
1739
1934
3243
1968
2257
1608
2066
1898
1875
3364
2292
1612
2108
2286
3561
3331
2324
2347
2236
1727
3210
1906
1871
2058
1674
2051
1885
3559
1630
3320
2375
3246
1815
3373
1682
3412
3551
1978
1613
3495
1678
2296
1809
3358
3448
1725
1807
1887
1672
2382
3507
1661
2167
3275
2342
1624
3397
3186
2033
2084
3248
3533
3496
2369
1597
3249
3286
1633
1992
3386
3497
1706
1850
3554
2035
2060
2146
2282
1713
1742
3501
2206
3308
2304
2256
3218
3579
2207
1712
1643
2272
3267
1636
1813
1752
3403
3372
3398
3235
1645
2018
3402
1767
2088
1839
1901
1964
1659
2316
2118
2245
2359
2012
2202
2008
3509
3327
1622
1892
3534
3401
2029
2366
1726
2045
1632
1848
3538
1907
2083
1863
2395
3490
1824
3567
1966
1831
3537
1952
2037
1606
2140
2104
3371
1876
2384
1902
1862
3571
2349
2019
2097
2353
2276
2345
1762
3433
2127
3216
2191
2297
3323
2046
3229
2183
3273
1749
3415
3200
3306
1689
2350
2329
2290
2376
3439
2380
3230
2228
3410
3414
2039
3462
2394
1773
2362
2147
3355
2176
3431
1715
1652
2293
2360
1796
1851
3277
3391
2181
3524
2145
3457
1962
3424
2078
3305
1829
2026
3550
3392
2242
1869
1912
1802
2402
1789
3527
3552
1693
2234
1656
1998
2079
3361
2150
1859
3459
1891
1854
2361
3407
3384
2310
2381
3224
2073
2163
3465
3487
1791
3498
1640
1748
2363
3450
2160
2130
3566
3304
2311
3301
2154
1662
2344
1677
2323
1627
1974
2159
3512
3333
1816
3466
3362
2306
1864
2141
2172
1970
2144
2365
2223
3363
1628
3244
2222
1755
2332
2048
3586
3184
3420
3280
1917
1911
1833
1921
1999
2053
3449
1951
2121
3262
1785
3356
2210
1665
3322
1844
3582
1587
1642
2211
2005
2131
2050
3451
2156
2068
3458
2102
2232
2230
3570
1944
1929
1686
2400
2110
3354
3232
1826
2056
1972
1856
3381
2106
2166
3311
3557
3236
1834
2373
1676
2077
3342
1724
1680
1905
2307
3187
3318
3212
1589
2059
3492
3516
1784
1705
2397
3517
3288
3345
2239
2096
1953
2385
1670
1958
1941
3488
3432
1692
2370
3343
1663
3312
2326
2006
2278
2185
2186
3347
1924
3387
1877
1794
2264
1588
2086
1585
2390
2221
1788
3395
3239
1822
1923
3209
3530
3303
2333
3314
3549
1873
1610
2227
1932
1971
3330
1840
1745
1684
2082
3422
1768
2336
2034
1918
3430
1690
3222
3192
1694
2379
3452
1981
1607
1823
1899
3483
1719
1827
2299
1803
2169
3399
1761
3271
2275
1814
3585
3560
3245
3317
2287
2343
2133
2209
3295
2294
3196
2378
3297
2205
2196
1994
2103
1698
2135
2153
2098
1747
2061
1841
3359
2004
3214
2274
1919
3193
3447
2173
2218
2136
3528
3278
1984
2148
2391
2151
3231
3425
1695
1963
3523
1825
1770
3535
2152
1881
1733
2129
3269
1783
3337
2217
2270
3454
3360
2179
2225
3339
1793
2213
3390
1711
3578
1673
2280
1977
3500
1926
2164
2090
1996
2215
1895
2105
2132
2320
2125
1731
1897
1709
2313
3531
3325
1751
3584
