2755
1002
2447
2834
2917
420
640
3179
643
462
136
1144
1054
2960
657
1017
627
1579
476
2674
3089
2501
1188
3126
599
2895
1006
1147
153
464
1248
238
1261
2730
431
832
836
2687
2873
3031
900
289
266
2853
2644
731
130
338
1543
1510
155
447
768
2879
2427
1235
772
3157
592
1550
3173
2811
2445
1286
67
2912
685
3133
66
2891
952
670
257
270
3171
1427
1341
65
889
1097
2910
222
2452
3104
1383
1270
1328
2510
1301
2696
368
302
549
2743
292
335
3004
1344
313
11
1275
1035
1470
409
986
2784
93
1562
2870
647
110
2658
1583
2659
888
1438
174
2725
4
616
1463
2516
586
957
2792
1242
987
256
321
2473
143
3020
1236
2984
2794
2459
3062
1319
2919
526
534
764
709
3101
1570
454
200
1441
207
3083
413
197
316
1172
1259
909
269
482
2972
434
689
3149
3033
3075
1012
381
669
52
843
948
2746
3011
2857
2777
115
1514
607
605
2698
255
544
253
59
2975
1218
370
569
214
547
555
265
500
973
982
1440
676
2774
1108
3096
250
1255
3000
611
923
1068
700
3084
742
307
595
427
109
27
3092
950
524
2511
1063
838
2768
2759
1140
298
809
1247
1497
1197
942
734
89
163
1078
884
249
2956
2978
3035
1338
2996
1263
1174
487
3109
1127
272
918
453
412
502
220
3043
644
2590
1281
2747
2412
3147
480
2797
649
1090
2731
470
2982
1077
729
1199
2458
1340
917
867
2752
858
131
624
984
877
141
2517
6
2840
631
2633
2943
344
1324
389
18
1556
2935
55
403
989
2924
2874
1047
1503
1185
594
83
20
2466
2772
3063
596
2799
765
2642
1558
398
2757
45
1544
2622
1044
1138
254
808
1219
580
2587
1400
388
1165
806
479
1086
1354
2804
2651
2437
1145
1296
3155
423
2592
906
1141
1256
3097
1082
2809
882
2690
3103
1582
1214
2987
2737
1274
139
585
3170
2472
2983
2770
2791
146
2432
1477
659
443
2424
543
2660
2866
509
673
1407
486
762
164
2923
3182
56
2570
1568
2504
1517
2897
572
2739
914
362
2740
2869
1151
931
1304
1029
766
1061
451
2901
935
1176
438
705
615
757
2527
2620
2540
695
317
318
312
840
1037
1509
2907
2524
1419
324
2665
1389
632
1337
3041
396
959
730
111
1109
1142
128
105
568
187
1540
630
392
831
1084
2467
1403
2783
1392
2415
1506
993
1315
2979
1234
2762
1163
940
801
2992
13
602
2643
3111
279
421
32
854
641
216
384
1093
815
819
1205
1023
970
1250
943
826
351
2416
1164
553
3117
576
2594
3135
851
1302
2453
251
1336
1162
938
450
1456
467
204
1536
2855
2814
2574
723
2560
327
530
2662
496
1530
1130
1251
2915
1053
371
2812
10
1575
557
345
1518
1567
242
2518
1285
2494
1516
309
282
778
910
44
2607
3013
506
712
2507
713
17
860
16
2766
501
8
648
9
2808
1320
525
2487
1137
1566
613
714
311
189
180
1519
406
2537
782
1352
845
58
3058
116
2878
1311
2551
244
3079
2913
1155
886
753
606
550
702
1410
2670
1464
2904
1192
1361
1434
735
2902
213
1095
2944
2945
326
1120
1306
1081
460
2580
2403
150
1229
964
3119
3128
1128
481
3012
2591
227
711
1435
3166
2955
779
1521
739
74
2958
2697
160
1098
3134
743
2503
2480
2964
2680
2464
2681
2492
1011
3165
675
457
416
288
1525
2821
3161
652
195
660
1031
1043
1052
974
1442
3037
614
985
2974
391
1022
3061
40
2721
2841
386
2667
328
3082
472
2933
121
2986
2708
698
792
173
3093
2446
2567
1104
2882
1332
2733
671
3098
1116
2434
802
2604
2505
699
1499
1502
78
2889
2640
2922
2441
1265
171
687
2905
668
1547
895
175
1368
2803
726
53
3055
1039
1561
245
681
240
551
937
1132
2555
1429
90
2781
1528
1472
2703
3028
3139
960
2647
1576
1305
1019
682
1349
1423
1577
545
693
437
1345
540
3129
1546
1453
865
275
1297
1483
2499
369
531
148
2906
1443
267
2976
463
2832
2461
422
41
1342
3167
2720
203
1584
797
820
635
2750
1446
1300
747
2639
2890
1378
752
2549
738
1182
231
536
1149
3086
696
2623
33
834
1387
359
528
442
1204
1040
280
407
542
2547
2406
2985
2863
390
1364
100
946
428
3022
590
1196
1018
1346
2561
1050
3121
1171
380
954
2656
1070
1537
799
1323
807
708
907
81
19
3072
2409
1045
346
2675
1357
92
1500
2820
1148
961
3180
3160
933
887
106
796
2497
852
2535
2767
2548
3007
1267
1291
308
2763
247
1215
2921
2744
2765
1356
3066
880
2685
2493
517
417
3010
120
1083
98
2629
3027
281
2621
445
824
2713
1457
2867
749
300
2970
1486
12
2929
1080
1309
949
1298
14
126
841
2691
3114
2723
352
1343
3102
147
2716
849
2957
2454
2568
133
1451
2530
2851
763
2650
897
953
3085
633
533
1487
127
61
2578
879
1325
224
921
415
1042
830
911
461
1468
2522
1474
2706
28
856
1129
3070
1433
901
1025
1303
2861
2597
1355
818
2942
1200
1143
972
2526
2558
297
833
575
221
3175
2936
2802
1416
1111
3040
1553
559
3110
846
2829
1335
718
182
24
789
62
2856
561
3064
2450
694
684
2914
941
2418
710
2940
414
1212
3068
604
581
741
498
2798
1548
2892
1362
654
2448
2619
508
22
2786
1156
1049
2888
3132
2521
683
424
226
653
522
965
1230
206
314
894
400
1458
913
2981
2818
2852
928
1317
1330
212
1481
1161
1388
1376
2436
2816
2438
1542
54
518
515
473
1152
495
781
1385
2971
2664
2678
1060
404
784
859
1013
597
36
366
95
2553
2414
1436
1581
855
287
166
1449
756
3146
514
154
2753
2950
2583
2635
1307
1228
350
1398
379
42
733
958
2928
2780
2431
306
2826
1394
2807
760
791
3162
363
117
2729
1177
898
459
142
219
1539
2426
2417
1445
2682
3003
1523
3107
803
1379
1404
2506
3178
2742
3087
3177
2830
1014
336
3163
372
1515
3057
3174
1461
1213
2810
2575
2484
80
353
325
348
2790
3151
2624
721
1339
1390
21
1294
71
1189
2663
812
3074
137
1038
1538
3181
103
471
2584
3052
2469
329
1005
333
3078
945
3106
283
1492
805
904
2451
1238
365
2854
2758
101
239
285
609
1422
122
1290
1495
1541
912
35
402
202
926
3049
3127
441
872
2419
650
1175
1415
1382
376
2876
2559
3050
2771
736
821
2440
159
520
491
2822
2694
1293
512
1015
788
2515
1402
645
651
1087
1360
925
1367
996
1308
672
387
1512
1133
579
440
1249
962
1073
2571
944
755
707
2825
3024
3076
86
847
2443
554
2564
541
1209
2991
2911
493
692
299
2995
172
936
1424
69
1380
955
3021
446
2589
2993
483
2862
1496
1067
337
112
1527
1146
2712
1409
2707
874
2847
1114
2529
1103
1207
1366
535
1272
2842
334
263
621
975
354
783
2887
2614
608
7
523
2609
190
145
455
322
2613
165
3029
274
589
574
1167
3100
228
1372
1462
1239
2719
978
798
1217
751
232
665
1237
259
2805
744
296
1198
1452
927
1531
295
761
691
656
745
1569
168
2628
3046
1262
2615
3122
1159
50
1571
183
410
2726
2868
2470
3112
258
598
1347
863
3158
620
2937
1020
896
558
2871
2764
1413
75
2523
85
3118
701
571
1358
2520
452
868
1193
2732
286
1444
814
2997
1564
34
1454
1295
922
2745
3006
564
192
343
1560
119
663
2641
3071
3053
771
2793
2407
626
188
356
3023
639
2916
3039
629
813
211
0
2433
563
1482
2934
2989
588
915
1
1554
1508
2714
2588
411
1222
156
237
1578
1491
646
532
205
883
2533
1069
991
866
842
2413
94
1058
490
2775
875
2702
177
780
2980
947
870
844
1157
3113
1414
2460
3136
23
114
2785
2593
899
1000
2411
876
1316
3065
560
666
1418
1545
1480
3002
521
1064
908
1056
374
2637
1534
320
1034
623
2787
2727
1381
2692
795
1118
636
2883
2500
3143
1221
934
1226
3130
1180
1007
727
1232
861
3172
1467
728
2546
1430
837
489
2483
3099
2884
997
2959
618
1549
3077
2612
1511
510
546
1092
715
790
252
2909
1391
1469
2701
1374
679
448
600
825
2968
2541
2543
690
99
2966
603
2586
358
217
340
184
229
1062
1420
3044
2539
1102
662
439
862
1184
992
2710
2618
2673
1170
722
2444
1370
2538
829
519
2795
2495
2782
218
2683
504
1280
1119
2595
1397
2926
2439
261
1555
2410
3025
916
2661
88
2686
2481
628
2608
185
2420
2476
2565
748
436
1384
2544
1032
968
2631
1206
2833
2988
1459
677
2801
2938
378
737
622
1089
1203
584
1001
1329
456
2172
1813
2239
2231
1896
3528
1794
3302
3315
1678
3428
3391
1833
1885
3493
1621
3348
3235
1949
2008
1854
3540
3286
2100
1774
2250
2267
1679
3491
3206
3397
2112
2389
2012
3401
2214
1672
2309
1667
2197
1631
1886
3378
3213
1750
3559
1920
3433
3560
1725
2016
1890
1979
1852
1936
3305
1709
2373
1864
3551
3574
3407
1933
1963
1842
1934
3333
3530
3427
2168
3463
2208
2114
2150
3394
2139
2242
3399
2101
1880
1987
1900
1977
2230
2363
3312
3300
1803
1821
1746
3423
1626
1848
1861
3382
3441
3544
1787
1826
2358
2249
3558
2236
2334
1959
1772
1938
1653
3546
3231
1981
2263
1882
3475
2087
2000
3550
1915
1865
3501
3262
3271
1732
1894
3289
3515
1748
2215
2129
2035
3224
3379
3294
3211
2020
3514
1623
2127
3400
1649
2185
3242
3503
3534
2032
1923
2223
2220
2063
2076
1801
2111
2304
2391
1822
3376
1928
3249
1847
1800
2104
3581
3572
3296
2364
1973
1763
2204
3358
2123
2027
3311
1903
1991
2240
1812
1853
2333
2337
1707
1739
1618
3384
2394
2205
2151
3250
3552
3226
2178
1966
2090
2049
2170
1599
1758
3561
1691
1992
3189
3321
3370
2181
1832
3445
2089
2054
1807
1684
3487
2289
1929
3187
1716
1639
2026
2274
1780
2390
2086
1769
1727
2281
3364
1855
2154
2218
1749
1911
2311
2209
3570
2082
3517
1643
2098
3239
2066
1967
1587
2330
1604
2013
2253
3471
2018
1905
2297
2067
1931
3313
1773
1831
3237
2244
2395
3458
1776
2388
3360
3571
1613
1651
3373
1771
3308
3219
1818
3565
3303
3507
1699
3549
1862
2136
3205
2064
3190
3419
3495
2265
3451
3254
3416
1733
3464
1946
1701
3223
1740
3337
2296
3335
3208
1670
1601
3255
2006
1919
1892
2234
1687
1939
2106
1692
2200
1753
1841
2290
1590
3435
3283
1624
3233
2261
1696
2023
3192
2331
1895
1982
3462
1976
3494
1816
1867
1633
1978
3518
2283
3248
1790
1630
1837
2092
2081
3569
2275
2310
3197
2341
3553
1796
1662
2072
3279
3447
2036
2359
3580
1689
1846
3556
1714
1944
2393
3280
2272
2259
2251
1922
3490
3444
2256
1742
2182
3527
1645
3318
2131
2080
2096
3577
1804
1660
1898
3480
1607
2280
2382
3405
1838
1719
1675
3309
1926
1712
1766
1968
3497
1744
2186
1785
3329
2229
1708
1857
3388
1602
3404
3386
1806
2328
1591
3479
3234
1625
1795
2144
1989
1783
1597
1930
1616
2031
3434
1673
3557
1830
3567
2071
3446
3408
2002
3545
3259
3330
2260
1728
1637
1735
1948
1805
1916
2300
1705
3504
1879
1634
1859
3443
2291
3230
2079
1835
1681
1924
3331
3320
2355
1659
3520
2047
3395
3272
3402
1751
1962
3244
2294
2189
3469
3579
3396
2156
1724
3212
1617
2141
2033
3297
2095
3261
2350
2371
2378
3508
2203
3342
2001
3422
2085
2176
1761
2287
1808
2009
2228
3201
2268
1593
1654
2292
2361
3241
3326
3461
1658
2252
3512
3585
1980
1674
2398
2011
2347
1811
2366
2145
1913
1734
1988
2323
1640
3196
3243
2175
1814
3496
2062
2227
3310
3319
3482
3539
2336
2073
1669
1721
2074
3486
1793
2133
2017
2288
1850
2126
1998
1688
2057
1695
3436
1608
1611
2346
1778
1827
2247
3454
3426
2046
2360
1974
1999
3338
3368
3229
1845
1975
1952
3282
1650
1994
1940
1723
2044
2153
2278
3406
1888
3459
2147
2222
2286
3204
3317
2019
3484
2381
3341
2320
1722
1902
1834
1950
2295
3519
2094
3268
3541
2386
2356
3276
1863
3432
3578
1741
2316
2165
1648
3266
1628
3227
2349
2343
2149
1908
3252
1983
3345
2298
1603
2192
2262
3324
2037
2166
2142
3535
1704
1694
2053
3538
2308
3392
3285
3584
2171
3200
3316
2397
2353
3257
1856
3522
2160
1600
1788
1690
3247
2322
3225
1720
3440
2030
2041
3301
3299
2392
3448
2174
2313
2061
3414
1622
1884
1792
3186
3418
2120
2109
1912
2146
2379
2088
1891
1726
1951
3573
1969
2351
2342
1647
1609
1958
2217
1791
3455
1676
2015
3198
1598
1889
2188
1823
3478
1840
2194
2196
3334
2324
2254
1897
1985
3356
3369
2212
2119
2276
3524
3452
3306
3532
3425
3575
3381
1965
2374
1605
3260
2270
2068
1596
2314
1737
2376
1642
1868
1770
3442
1784
2202
3314
1665
3449
1993
3489
3465
2075
2161
1752
2195
1820
1718
3403
3438
3185
1702
3291
2180
2384
2042
2097
2138
1730
3510
2065
1887
2198
3251
2191
2266
3353
3221
3281
3383
3203
3554
2232
2375
3390
1756
1703
2055
2103
2383
2277
2370
3209
3548
3336
3375
2184
3307
2051
3340
3526
1997
3421
2056
3217
1910
2110
3228
2325
1914
1594
2326
2135
3509
3393
1641
2264
3269
3274
1606
1943
3287
3245
3339
2302
1764
1743
2372
2069
1957
2152
3357
3453
3195
1956
2022
3500
2187
3355
1775
2059
2155
