3160
507
470
376
798
1530
1508
248
1122
222
589
289
150
995
2897
1255
509
2768
3165
560
764
2809
2736
207
1065
954
1383
1229
2548
1375
2792
1133
1281
3096
2448
55
1300
1174
1359
969
2984
1059
634
404
75
1453
955
1394
2507
121
742
478
364
21
456
1570
1181
2902
2718
2579
180
18
495
2645
951
154
609
756
216
2560
3127
2871
2967
1124
767
949
618
644
2713
3057
1537
1195
2406
2597
3119
431
486
485
1197
278
2708
1568
554
358
2553
516
1200
722
2798
2803
2845
2547
881
253
2717
225
1380
2483
1112
1517
1581
77
1457
2960
412
1183
2959
326
1285
805
2700
972
2570
1295
3135
236
3014
393
141
708
1454
102
148
1018
1073
540
473
1193
601
398
3041
124
537
108
438
394
797
3012
612
716
463
1282
345
1384
879
1452
783
2706
2993
575
578
674
1101
2478
204
357
2741
2667
514
479
941
2436
2475
748
266
2785
592
1462
2864
2880
2906
953
2720
2759
1144
2450
2719
2703
950
209
1079
2459
930
338
633
2873
292
894
1162
772
2923
2632
2731
445
271
333
1580
1107
1547
616
2647
1108
229
598
1123
1147
938
515
2804
2526
3028
109
840
780
226
2419
1235
3120
1505
2955
2590
822
3077
2532
1155
1105
1458
580
2786
2921
3036
1328
422
325
3174
639
3018
1120
2837
869
2988
131
2944
2771
2950
34
272
2683
2748
2528
1467
1045
1352
874
9
1482
303
1433
107
411
2550
2800
824
72
905
1498
2817
2725
2577
721
709
2972
1040
1156
403
3139
987
2939
2943
768
1284
2627
1544
2606
3051
913
372
706
1414
2866
3067
2648
1312
2827
2482
800
2585
976
868
2599
745
763
1492
1166
3059
2963
889
1401
337
2994
2854
1170
1322
914
2778
1493
508
1327
1205
1468
1445
1360
983
145
2714
122
493
876
1100
1270
752
747
1516
712
2625
3003
54
1376
645
282
909
1111
1095
2770
2676
1263
1542
714
310
1164
727
759
2887
3046
379
3128
1432
2973
629
1573
440
257
520
939
807
480
1473
3141
3008
998
975
2936
2787
1308
734
1408
532
732
849
681
334
3134
854
680
1540
2512
626
3183
1190
2414
502
2457
660
2961
1364
2794
1546
356
346
134
2937
984
794
834
234
2876
62
1128
2657
1536
3152
1102
1221
1000
1372
1385
2697
98
2426
1483
3132
2416
838
2969
1206
675
2439
1444
2895
1266
2
749
3105
1470
821
2686
2898
2595
368
258
934
362
757
1455
2515
2618
391
255
19
777
2974
2680
3142
3044
160
2863
1348
211
2850
231
1572
317
2489
3081
2587
1548
2611
2636
2801
528
923
2415
3092
2721
2806
2428
2412
1582
1480
213
2688
1486
630
2411
59
659
990
74
418
1552
312
746
1400
2472
429
1549
1377
3049
937
114
132
2539
2660
2685
818
2830
249
2724
2765
3102
139
1387
3056
135
88
2609
621
1085
511
1288
1153
3039
2525
130
199
1022
2544
195
1534
2977
863
97
3078
2568
419
900
2575
1502
595
25
2500
2589
1476
924
2707
187
860
1038
2842
454
2502
499
2661
2825
2986
811
935
770
610
3017
2608
891
89
3125
1557
484
1310
3155
568
2793
687
2948
551
786
828
1051
267
1104
1538
661
2907
737
529
1126
1213
51
2997
125
880
3006
2503
163
318
625
3058
2966
1252
2761
1481
458
2867
1347
426
1056
1096
3117
462
319
175
557
788
2870
1217
1361
3161
2926
371
343
1146
1060
3070
1446
1461
3170
1497
166
247
646
1382
664
705
3177
341
2964
3007
1436
2739
946
1545
896
1175
6
39
587
1251
2670
2445
2767
2976
2656
92
623
892
2573
1021
632
1054
2738
155
7
2990
1259
903
269
45
2423
617
390
301
827
1311
782
1519
1261
1244
2444
3047
2462
572
1070
69
313
564
974
2883
2911
2776
489
965
1562
200
3076
2913
1135
773
137
3037
3118
922
2447
2755
2823
2495
367
461
837
324
1134
2905
847
1576
65
246
1169
295
1236
433
637
676
1207
277
957
477
126
1254
459
943
304
2981
2480
224
2813
2554
2443
1194
441
3116
281
265
2493
490
2556
2664
73
56
352
977
1314
158
24
649
1271
916
2517
64
2971
1397
989
2745
297
2409
2930
871
2616
217
2561
2628
875
2530
1132
1172
733
1002
2881
3163
1063
541
2918
1464
2760
3103
259
1171
947
81
582
2727
1262
3164
1418
2682
80
2762
228
380
2929
164
2622
1425
185
93
1230
701
3065
1204
1177
3179
607
2892
3148
322
3149
2729
2773
2578
870
1158
2715
1529
878
2877
1009
1011
510
1302
536
1083
1080
1571
1315
1086
897
2782
846
142
471
1154
761
1423
831
910
689
2637
2620
469
3075
3112
423
2702
2934
2869
1265
672
1469
3115
2451
1026
1488
437
105
190
1165
159
3020
758
118
851
3098
3087
1422
2534
813
260
933
442
893
1466
1370
5
877
3086
3093
2965
1081
585
2818
2808
1274
2607
1471
1243
614
2555
223
1143
476
374
986
1531
321
383
1374
1474
1484
2790
762
2642
1528
2433
1567
579
2621
2716
27
790
1030
68
233
1304
517
327
2546
1211
1367
774
1317
464
866
79
2484
1247
3090
2509
2844
1499
606
991
970
723
53
100
392
2788
1027
1323
342
3022
3168
492
744
636
981
785
1369
2835
1291
1176
1015
1345
542
812
506
898
332
1192
283
1220
1543
2791
3054
186
453
1329
3079
498
1145
2947
1223
570
677
323
2537
1566
3073
2885
2619
1460
2408
63
3013
1338
552
887
591
2754
504
669
353
2470
311
1084
3040
784
1241
3131
182
3172
2946
119
1296
351
2847
405
407
52
381
3019
1025
538
1280
663
512
2442
1278
2958
369
1066
1368
1140
717
2890
2593
1160
671
2476
641
128
2538
2536
1121
531
2531
449
816
2699
91
1442
657
2949
605
3031
370
1518
214
1092
90
1275
2491
852
3032
1118
330
3009
1504
309
1068
60
2722
1279
2559
3169
57
2650
1533
2925
331
804
335
196
2669
2653
1141
3021
620
751
1331
2565
3026
2916
447
10
2518
2970
2424
170
2812
274
948
667
766
1527
279
3063
2732
1034
3000
2404
2816
599
1496
2497
1564
1125
38
1269
3043
1313
787
432
1520
3101
2687
836
1563
2710
475
3106
219
191
344
3114
779
237
2840
181
2604
833
1319
1069
2711
129
2705
544
2490
3016
2479
2675
1435
50
3146
2456
562
3034
2543
1490
2852
2919
1324
1305
792
1196
111
1506
2728
2671
2487
776
1163
2932
2938
1487
658
3181
3133
2432
2894
1303
3068
30
40
1191
1224
1448
1525
2463
2849
992
2698
979
1167
17
1391
2982
973
808
590
574
2828
227
2486
642
791
1186
1350
2901
3147
1130
3108
3151
2631
1198
1201
884
2469
720
2832
1472
2886
2602
409
451
2580
1115
284
886
2766
611
2571
183
1509
117
2665
1093
384
1283
553
958
87
2775
702
425
1477
1094
741
37
1023
576
1292
2644
1188
2654
450
1406
2942
2574
809
2820
740
755
3109
1342
2853
1396
1219
1234
1033
940
3121
3029
188
472
2563
1237
1575
994
2903
2407
2623
3074
1089
815
925
613
2513
1365
435
1463
753
534
556
2449
1333
2633
2508
2598
165
963
602
2673
2879
103
350
1173
855
832
2584
2496
3130
2851
2461
360
280
329
120
3099
2646
13
2677
1390
1017
1157
1318
2764
603
1337
2953
2615
2979
496
2431
256
2410
2819
2504
29
566
31
1449
2815
3097
1064
16
917
683
1358
1264
2742
2435
691
2566
2968
535
1010
1343
1273
2438
3045
1286
2695
2737
3176
2473
1351
2558
168
3055
1004
2658
193
563
2826
775
1541
673
666
143
655
408
386
1058
1424
2453
844
695
110
1182
700
1583
760
750
872
2824
2796
1189
2805
699
1249
628
3061
584
3084
3136
856
2434
2822
2535
920
189
2551
2521
2601
820
1494
1268
971
1485
862
1242
2672
2403
543
829
1438
448
2651
968
1099
927
1371
718
245
697
201
455
3004
3124
1152
116
3153
850
731
218
865
106
2872
2956
2900
205
3150
1287
781
1299
2626
299
1495
2757
1465
1020
1048
3001
997
1136
1035
561
2912
1479
1554
1443
2735
1437
2557
300
2914
670
583
1228
2422
215
3089
457
1294
2882
2485
2992
684
707
3033
2723
1071
1513
799
1148
113
567
3062
503
967
1277
1346
980
2458
1127
192
2690
446
1416
296
316
704
771
902
1335
1014
527
488
1349
47
2962
901
2780
2630
1411
679
615
1042
2440
221
1330
3038
993
2928
349
1150
550
417
2789
1041
44
286
588
355
810
1503
1340
1006
2460
793
178
1008
845
1553
2516
2999
1078
1507
2896
1226
581
251
1434
1379
194
2640
3042
3030
2481
2649
101
32
945
686
725
559
2797
1003
2378
1794
2107
3426
1673
2186
3243
1748
3227
1820
3234
2180
3477
2171
1873
2168
2099
1988
2398
2250
2120
2234
2143
2337
3321
2283
3278
3332
2114
3425
1635
3199
3453
1681
1902
2199
2219
3509
3370
3451
2385
3215
1770
3551
2016
3487
1703
2154
2161
1865
1592
2028
3269
2026
1704
3397
2178
2224
3218
3351
2214
1810
2087
1707
1764
1895
3546
1588
1667
2389
3462
2299
1603
1831
3570
1686
2131
2379
3318
2297
2388
3319
2216
3392
3300
1987
1611
3456
1968
2276
2343
3501
1626
1596
1892
1678
3402
2332
3223
1912
2314
1812
1929
1752
2195
3337
2375
3239
1844
1964
1778
2310
1735
1613
3431
2014
1967
3311
3581
2371
3290
2392
2357
1938
2204
2205
3455
3193
3381
2261
2230
1724
2004
1610
2187
3298
1693
1950
1638
1909
3437
3343
2225
3508
1878
3261
1623
2394
1856
2217
3242
3307
3340
2255
2400
2281
3482
1760
2076
3416
1757
1593
1979
3329
3275
1864
1711
1828
1942
3419
3526
1825
1773
2308
2022
2240
3245
2141
1677
1741
2292
3413
1906
3430
1863
3360
3214
2075
1606
3424
1634
3260
3372
2348
1822
1913
3354
1777
3387
1928
2307
3485
1654
3429
3316
3458
1894
1982
3188
3558
1790
1829
1612
1789
1730
3435
2248
3393
3405
2079
2108
1590
1608
3517
3328
2272
3380
1763
1759
1738
3497
2012
2015
3378
2078
2335
3534
1710
3335
2213
2035
2110
1926
3309
2061
1871
2000
3357
2196
3264
1661
3540
3196
3507
1977
2073
3511
3495
1637
1981
2390
3347
1992
3236
2235
3344
3557
2037
3434
2169
2126
1618
3194
2034
3475
1718
1676
1713
3221
3284
2193
3353
1939
3238
2047
3292
3399
3565
1884
2311
3532
2246
1615
2173
3410
2124
2069
2320
3574
3408
3265
2192
1616
2345
3516
1630
3276
2241
2227
1627
2091
3578
1624
3414
3521
2220
1842
1868
3207
2005
2136
3547
3580
1699
1997
2135
1806
2341
3233
1683
3257
2050
2102
3480
3322
2244
3481
1930
3375
1932
1837
3390
3348
3368
2221
3527
2063
3270
2181
1882
2010
2259
3440
3273
1858
1824
3305
3358
1845
3310
2116
2383
2084
2306
3447
2162
3576
3325
2183
3571
3252
3280
2209
1631
2372
3572
1954
2138
3303
3454
1885
1910
1971
1848
2011
2042
2269
2258
3326
3211
1963
3417
1797
1736
1737
3443
1619
3564
1834
1586
1734
3513
3384
2088
1753
2111
3282
3566
2024
1852
3396
1705
1869
2097
2301
1956
1632
2053
2190
3555
3438
2165
3230
2188
1775
1805
1859
3436
3498
1823
2289
1666
2072
1639
3586
3522
3559
1784
3535
3470
1998
2170
2401
2175
2177
3411
1604
2330
3525
1795
2176
3277
1765
1853
2038
2070
3496
3355
3423
3553
3258
1996
3334
3573
3400
3493
3274
2315
1867
2399
3502
3213
3404
3476
2298
3514
2350
3268
3449
3240
2395
2344
3467
1802
1917
2254
1657
2030
2365
3197
1750
2265
2134
2007
2115
3439
1883
1975
3520
1907
2086
2125
1754
2179
2109
3471
3229
3552
3468
2064
1689
1984
1625
2294
1819
1995
1937
3457
3365
1607
2362
1722
1961
1747
2122
2184
1767
1779
3561
1870
3189
3461
1985
2278
3394
1663
2313
2101
2163
1911
2237
3406
2054
2264
1877
2156
3568
1672
3550
1696
1668
3350
1628
2082
3389
2046
2229
2128
2238
3299
1714
2185
1648
2349
3489
2093
3537
2273
3315
3395
1700
1955
2051
1994
1644
3499
1723
2233
1818
1771
2207
2215
2203
2164
2346
2328
1974
3363
1846
1679
3422
3306
3444
1717
2223
3427
1862
3403
2085
1792
1947
1721
2336
2044
3562
3445
3472
3538
1993
3364
1758
1983
3253
1675
1944
1798
1904
3202
3296
1594
1970
3583
3544
3533
3201
2333
1866
2342
1918
3338
2222
1643
2103
3345
1934
2263
3291
2001
1591
2206
2002
2040
1980
1740
1839
2013
3198
1879
2160
3379
3224
2277
1601
2151
3304
1827
1855
1599
2212
1896
3510
2027
1924
1589
2319
3184
2367
2039
2381
1999
2302
1664
1665
1923
2020
3539
2260
3528
2329
1826
1647
1799
3232
2354
3452
2287
3518
3361
1697
3428
1766
3195
3584
1921
1650
2036
1976
3519
2147
1702
2023
2231
2326
2104
2019
3323
1687
2245
3205
1745
1653
2159
2218
1598
1952
3367
3542
2322
2355
1751
1835
3259
3484
2017
1915
2340
2071
1838
1652
2236
1940
1641
3208
1698
3494
1905
1908
2021
3463
1840
3415
3567
3418
1670
3359
2318
1776
1617
1890
3190
2253
2094
1600
3341
3412
2331
3219
1935
3374
1808
3543
3366
1587
3582
2067
3503
2295
2305
2364
2361
2129
2325
1708
1886
2200
2198
3237
2290
3560
2280
2106
1712
2045
2137
3289
3490
1658
2066
1690
3308
3333
2003
1801
2117
3464
1849
3362
3281
1660
1651
3251
3386
1953
2119
3478
2152
2370
2262
1989
1786
2145
3529
1787
2279
2352
1684
2252
1860
