3093
1107
1152
54
2965
2976
1029
1090
2452
2981
178
1533
65
938
1039
629
978
124
633
1338
71
464
1559
3034
2572
601
3022
437
1065
3042
293
1495
141
599
1109
2666
649
1398
1239
3109
509
985
769
533
3139
1530
231
3065
3006
2980
1220
2553
617
748
1049
1342
2608
1293
1172
3120
2721
447
831
86
2527
1450
2596
626
1312
955
176
1431
2738
2461
2772
845
2557
2703
678
521
348
1143
492
2615
1373
2935
1519
1546
1352
1266
194
3115
2642
2621
1445
1419
2797
183
338
177
2913
1031
1212
3073
2982
856
1200
1121
139
2522
2849
796
3104
2861
3075
2874
1475
1417
610
1522
1014
2637
1270
133
2431
2698
1378
2539
729
1491
2617
1430
1536
832
888
3080
3158
126
2565
432
2414
2788
1344
1411
3018
2416
2839
2769
32
783
2918
135
2531
343
2781
1201
33
1149
762
823
586
587
1195
681
2910
1203
498
1537
2567
356
2500
989
149
1150
2644
72
26
2763
2937
1460
523
1535
2470
424
1002
2419
1329
246
569
342
1113
3127
441
2535
578
3044
2434
734
866
539
2584
896
2783
2767
949
757
811
156
3116
217
292
2683
1033
421
234
1284
1036
975
430
1011
2832
3154
2538
1370
6
1073
589
117
3122
164
29
1132
2750
1315
2790
825
2934
2530
689
600
269
108
3125
947
132
929
2439
425
47
739
1291
2493
704
932
720
220
1557
2705
1489
815
849
1447
1106
1223
2862
2529
2979
701
3078
1227
781
1403
3062
662
791
2922
3015
1348
3177
2722
1034
1305
1335
444
2936
2636
1452
219
1405
1469
1507
226
1114
1214
619
3020
1563
602
668
146
2805
120
2777
680
1512
1383
2758
2629
965
758
297
463
2506
2762
35
511
2909
1171
621
2646
939
836
2820
863
1198
433
2829
452
2997
1013
2407
482
2775
3081
1556
247
1296
653
1180
2613
390
175
2808
661
2957
2630
2867
549
652
3173
2986
2708
2455
88
475
513
606
1087
2691
395
3168
3130
517
886
3137
285
1302
755
1462
2882
557
2925
906
1235
2578
2991
2715
2787
1523
2813
1240
3110
607
1110
3157
999
201
2838
3162
1000
669
1362
2877
1508
749
2884
345
1432
346
166
300
519
2815
752
2653
1197
944
3143
3171
73
442
2912
556
908
1125
746
780
3088
2973
385
186
953
2437
2724
503
2737
603
1526
2432
2655
2836
814
2541
416
1147
295
806
1317
874
283
1051
368
417
664
1457
1539
3056
1098
3128
2481
2583
410
1414
559
286
506
466
2873
3028
575
2624
0
480
1190
171
1173
710
824
1096
2438
2946
51
934
477
2840
615
12
2661
15
1438
2989
1275
2830
772
1042
1365
3133
995
2670
660
1488
370
1191
2593
833
1246
1423
2798
314
2519
3068
958
419
1509
1
3038
427
1277
2730
115
2669
857
326
1081
199
104
336
2983
50
288
181
2938
1236
1580
20
412
2474
2728
697
935
1368
1075
222
909
731
328
711
1001
564
787
3098
75
448
928
1316
676
852
2789
3039
1330
2943
431
1064
611
2952
191
994
568
527
2674
2906
698
1468
2796
469
98
1259
2702
259
837
316
3002
1128
172
1449
2956
753
362
501
2994
2714
1583
443
991
39
851
299
347
543
2501
859
2801
1052
687
2959
3066
703
1244
136
202
354
1443
767
483
540
227
2537
11
552
1116
2954
208
1263
266
1276
708
1327
2693
1564
2879
855
573
315
2619
576
2639
3047
544
816
1404
1408
2850
230
3105
45
2484
1568
827
2595
695
2479
2742
2632
3138
121
903
1271
2903
2443
4
2654
936
1510
165
2559
236
840
1022
399
504
2856
3113
2409
7
470
118
3175
1016
487
862
1158
1138
620
488
1355
3107
1267
976
2491
1340
1183
150
1298
1343
2824
3167
980
436
1178
807
458
70
838
797
46
253
254
966
2717
212
1020
1541
2591
2793
87
3161
2799
2473
1074
1268
2651
515
1548
2592
461
2828
392
209
1186
747
531
1076
1252
1274
2868
2499
2589
1456
2612
2975
3132
628
1134
2753
2574
624
438
2444
1282
2547
1492
2662
2488
979
265
353
871
2542
2955
2598
161
1485
3126
591
1434
529
1167
3061
924
2428
1027
546
151
795
2883
112
2896
116
213
973
1482
2466
1123
3029
2658
76
2942
322
1511
2610
894
2472
2649
2770
2464
404
2604
2456
1229
1228
2810
2577
428
123
1262
2423
1401
788
303
1436
2826
1047
335
1083
1320
1481
954
3067
1561
1341
2454
2904
1487
723
1057
2447
2685
893
793
2920
107
1415
1483
78
699
2480
1008
1059
27
3024
1141
232
618
189
2446
574
301
1517
2525
2754
334
2970
636
2694
1324
275
1410
963
2771
2430
548
184
683
3011
495
777
1260
2520
616
478
2732
2465
737
1473
1333
2888
2969
1058
642
1046
1569
1204
261
2932
3063
1062
2757
2468
1319
235
3009
1294
1318
282
1192
1465
2450
1024
812
446
2566
1163
3052
3172
1018
197
756
2441
534
1097
847
952
945
671
1103
280
707
130
1217
962
1394
3153
581
258
659
997
2638
2643
834
842
551
148
3082
2436
2892
1356
2645
1115
915
40
361
3155
663
2779
901
2494
861
1092
2697
1437
1251
2623
2502
360
2442
449
1155
279
337
759
142
728
802
34
2475
2990
2964
1095
84
2532
2403
1486
964
2773
386
2614
479
735
3100
1463
2945
1130
2496
1154
1382
675
2440
3094
1558
2953
910
173
267
311
1157
489
1467
3071
2736
187
426
3085
2477
145
2898
902
666
1349
2785
864
2907
2457
789
456
203
3117
3152
23
207
3102
169
1056
3090
3151
2747
2
1323
2458
1387
919
2684
2586
3181
2914
344
822
977
987
2587
2631
2622
1466
1264
3032
2570
3101
2556
1560
732
1400
3121
388
1471
2435
1254
1310
327
1104
1525
79
779
1516
1017
37
2915
1397
766
798
2999
943
561
2731
2899
565
631
2872
1499
1390
957
21
2554
2812
2713
2857
1005
138
61
384
8
988
9
1082
371
1528
198
81
2941
398
3096
403
2425
2911
1170
3
3164
383
308
2780
654
2823
2816
60
648
550
577
302
1286
1545
323
2635
514
2476
1412
2420
1544
1127
2665
2751
2599
1069
1484
790
119
2513
57
1231
159
1381
1184
1105
3010
2743
733
2550
2562
773
545
3040
2891
95
785
1336
3169
2633
579
1358
2778
3112
339
3179
218
366
195
948
2546
1379
92
1345
931
284
196
970
2602
2580
1442
2704
3124
917
496
106
2725
1035
1289
870
468
891
1513
58
1091
101
3092
376
2926
153
358
782
562
583
1395
1181
3103
1189
3005
1314
1363
1021
656
867
2804
2560
2507
2852
2413
2581
85
592
690
828
1124
2740
277
1367
228
1153
1117
672
1232
80
2433
1009
657
2776
1224
1550
691
3077
646
481
567
2689
1279
641
3087
59
743
249
3114
1145
912
1549
1237
1575
28
3150
821
554
640
2764
1428
1257
2699
405
1004
3156
677
634
2846
2652
1307
2803
2415
423
471
2878
2677
2471
1566
718
2448
584
93
805
494
3166
1334
693
1066
2835
1446
1080
841
722
244
24
580
799
719
1402
1376
1576
1300
450
1353
2540
312
13
2869
1503
1529
1435
1332
590
131
2558
688
625
2585
644
526
2733
127
3060
2923
250
595
287
162
1350
223
97
352
2987
1357
673
655
1493
330
880
224
2752
2726
1426
705
111
349
321
454
2865
305
2648
406
1044
69
1225
2660
2719
331
2571
992
1084
2526
524
113
926
916
1420
2641
1258
313
2686
262
2950
1351
2795
1006
1156
3070
298
2806
1494
1531
696
2495
1371
1451
2921
2825
1331
1079
2676
2720
904
643
709
665
411
1562
2919
2516
2509
670
1455
516
2405
1448
1256
2842
2606
776
500
365
2854
1041
858
742
1304
1385
2664
351
1161
810
2859
918
2426
3083
730
820
868
542
1571
525
2582
2492
650
340
2462
961
3099
3021
3165
1176
2601
1476
341
520
706
1303
2833
317
367
1292
1464
400
3030
168
594
1388
505
1202
983
3176
941
1538
1389
775
1146
2579
319
3017
1521
1364
1418
355
715
3069
3013
2782
2568
3159
679
1416
2504
3170
1164
2819
2564
1222
2505
1055
637
2916
2627
745
193
2590
2523
2948
2759
3000
541
3016
537
3055
3178
1325
1439
18
645
434
843
445
3174
2681
2417
439
1444
724
1048
2917
792
2410
2548
786
826
3026
3059
2605
2647
2518
2555
1440
309
486
2855
1377
877
1458
1243
692
490
2709
558
48
407
1285
612
2695
3145
560
304
3149
1219
1346
2551
872
1061
1406
30
3089
2712
2490
553
763
873
2928
1196
2536
774
1108
1506
129
635
555
848
2485
1162
455
163
1524
31
2924
493
2406
1280
1380
3045
2656
42
2478
885
3058
2843
3106
1299
402
2070
1586
1770
2394
1844
3436
1807
3540
2328
1939
3202
3286
3428
3395
3187
3544
2006
3394
1759
2251
1674
2230
1933
1869
1632
2346
1934
2200
1894
3488
1719
1703
1826
3447
1937
3205
1904
3455
1838
1963
1687
3303
2232
1834
2129
3563
2206
2148
2363
3259
2334
1698
1754
1848
2045
3534
2067
2127
1646
1585
1608
3364
3437
1748
1605
2141
3215
2215
3471
1870
2322
1928
1680
1652
3220
3223
2083
1979
2340
3475
2088
3502
1704
3200
2016
1727
3409
3517
3390
1835
3423
2160
3346
2381
3398
1731
2280
2370
2270
1863
3340
2338
1880
2262
3533
2119
3355
3275
3460
1791
3278
3319
3287
1644
1692
3430
1819
3538
2010
1724
2130
3256
1711
3244
2031
3235
1852
3184
3449
2210
1597
1733
1926
3391
3368
1696
1627
1997
2293
3283
2202
1814
1729
2097
1893
1802
3484
2082
3317
3230
3224
3402
3358
2372
3198
2053
2376
2212
1764
1675
2094
1786
3236
1789
2194
2135
2057
1725
2275
3392
1723
2011
2191
2063
3463
1716
2353
3204
2177
3327
2231
3410
2325
1827
1977
1986
2276
2039
3295
2308
2273
3583
3448
2051
2162
3270
2211
2339
3348
3435
1591
2179
1944
2254
2122
2136
2337
2296
2005
3383
1676
3279
1898
1813
2362
2222
1659
1914
3329
2278
3326
2013
2298
2161
2007
3571
2310
3225
1941
1882
2351
3520
3199
2043
2080
3254
2329
1906
1670
1596
1830
1910
3389
3211
1781
3564
2201
1640
1823
1615
1682
2106
1753
3524
2108
1709
1707
2120
2250
1908
1609
2379
3374
2018
2384
3384
1760
2176
2096
3332
1710
3401
3495
2364
1816
3577
2178
2102
1992
2125
3294
2307
2304
2267
3561
3206
2330
3434
1732
1620
2193
3290
1921
3186
1595
1735
2052
1899
2316
1841
1857
2373
3433
3432
1677
1837
3216
2238
2302
2277
1642
3378
3551
2107
3487
2030
2260
1815
2155
2375
3386
1912
1805
1766
2219
3514
2103
1700
2166
2300
3399
2117
3375
3311
3365
1840
3545
1903
3422
3315
3464
3266
3472
2236
2095
2114
1666
1685
1976
1779
2190
2315
1970
2299
1598
2151
2269
1822
3431
3297
1701
2174
2366
3570
2175
1832
2343
2077
2196
3465
1879
2324
2292
1768
2003
2025
3452
1817
3416
2099
2186
3347
2291
3565
3585
2401
1923
3289
3219
1991
1932
1922
3580
2380
2352
2354
2226
3300
1755
1901
1594
3262
1613
2306
3500
2400
3482
1622
3490
3185
3519
2061
3536
3268
2252
3522
1961
2214
2157
2137
1829
3420
2047
1737
3239
2221
1886
1664
3277
3264
3280
1853
2371
3369
2150
1671
3302
3376
1960
1913
2284
2225
3226
2032
3333
3467
3539
2024
1994
3512
3330
3312
3190
3255
3370
1865
3308
3584
3413
3466
2198
3362
2342
1750
3532
2314
3372
1614
3579
3310
3501
1876
3189
3446
1681
2389
2021
3257
3238
1604
3406
2240
2167
3450
2154
2171
1896
2256
3582
3350
1621
2235
3527
1905
2243
2116
2087
2144
1839
1631
3322
2165
3518
3314
3196
1859
3208
2017
3367
3361
3222
2332
1868
1920
3336
2378
3276
3241
3316
1749
2257
2288
2390
3214
2327
3245
3328
2297
1875
1984
1885
2059
2044
1954
1864
3258
2382
3393
1705
3444
1812
3396
2208
3218
2205
1690
2100
2305
3489
1806
2253
1679
1672
3479
2229
3555
2279
2188
1641
1649
2140
2149
3228
1668
1873
1793
3469
2131
3552
1712
2320
2065
1763
2118
3440
2028
1900
2085
3453
2319
3231
2142
1628
2049
1694
1801
1871
2309
3556
2112
1951
1962
2066
1653
2295
1892
2076
2145
1890
3285
2164
2282
3496
2015
3261
3547
2048
2258
1588
2173
1658
1902
1959
3412
3381
1695
2020
2132
1935
2241
2041
2046
3572
2283
1861
1734
2133
1773
2147
2126
2109
1785
2038
1771
1985
3557
3337
1744
1756
1638
1730
2333
2397
3548
3363
2369
1943
2115
3451
1689
3371
3304
1718
1858
1946
2060
2248
1656
3530
3418
3284
1938
1740
2139
3281
3529
1603
3569
1972
2220
3242
2197
2004
2255
3344
3260
3339
2263
1952
3373
3334
3438
1884
3296
1739
1776
2290
3221
1867
2169
2207
3342
2285
1891
1895
1983
3508
1804
1722
3575
3476
3209
1721
1975
1825
3421
2318
2008
1846
3525
3586
2259
2391
3293
3246
2217
1684
3457
2170
3581
3491
3566
2311
2356
1824
3253
3504
3573
1663
2184
1780
1625
1643
3243
3305
1746
3380
2233
1820
3379
1758
1836
1965
2056
2012
2183
2399
2245
3331
3341
3320
3535
3415
2281
2261
1623
1792
3562
1775
2064
1708
1665
3321
3498
1743
2387
3191
3503
2365
2199
2153
3559
2002
2303
1978
1999
2289
1728
2121
3250
3234
1950
2323
2345
2312
1971
2187
1794
1589
3474
3382
1634
3197
1872
1797
2266
1989
2168
3351
3227
1654
1661
1590
1883
1738
1650
1606
1936
2272
3217
1810
3558
2385
3291
1998
3377
2355
1916
