1098
2905
128
905
1318
258
1447
2940
441
804
1065
704
2600
2646
1333
1356
150
717
870
2995
82
2528
72
49
2466
148
577
348
958
619
2436
75
3181
1097
973
2860
2861
1288
2548
557
440
1422
706
14
3170
3085
772
768
1061
841
300
424
364
2958
2925
961
513
2957
2961
3012
2702
1330
2696
2518
265
2744
705
2941
1066
2624
81
1129
1224
1183
1053
699
2953
2848
1392
842
1486
2478
862
2840
125
1144
62
1085
1073
3035
2491
2794
3024
2768
819
3044
2407
3040
3115
2417
174
2902
1437
1470
2506
1131
1312
3175
1528
2867
3111
3048
1403
2757
805
471
2622
139
2903
716
341
324
102
328
1428
1089
1350
1578
1079
2910
1574
2671
3031
98
1409
486
119
3167
212
880
641
1166
2976
3049
2512
2873
256
3014
383
284
555
917
74
304
1138
181
1019
496
1201
115
612
307
2767
516
596
3029
2755
2959
533
3060
1115
334
310
857
2420
3004
1549
2725
1343
299
1452
2763
2785
887
2583
89
2433
2589
2727
2710
456
1540
1554
1011
1276
3063
2656
692
2450
51
1443
526
2623
34
1584
343
1167
2759
1408
1226
683
1148
2809
1390
1425
2704
1261
280
643
675
399
129
2403
2726
770
3135
740
2863
806
2445
3108
1252
505
380
340
2977
1438
3141
1566
1339
879
903
848
323
539
531
84
1232
3145
1184
1405
1264
1440
724
136
2811
402
2449
989
2907
267
2996
1006
46
623
2870
1418
545
828
2668
542
2546
1562
59
2573
289
189
3094
199
2476
266
2500
1234
1040
1164
2972
279
3062
514
1275
856
2549
882
1290
1285
2465
2654
2717
2527
1277
1162
1214
1319
1320
443
1340
1247
63
663
2922
2782
798
591
2522
1095
2787
567
283
953
2470
550
2542
1283
3177
254
2822
2939
259
3033
2723
951
776
2430
2691
793
1107
23
2693
1307
2831
983
2895
971
915
2468
1181
447
1560
515
2999
2943
122
884
2773
3050
840
481
1035
175
1024
2643
982
1341
511
3134
1565
584
2874
1007
816
356
2585
727
2564
2855
1379
1417
2598
90
620
3164
58
3061
230
433
2475
106
918
240
48
52
1002
2919
707
250
734
478
2775
1508
1401
2816
2639
984
184
1345
2614
1259
2531
394
618
1185
2754
1351
745
455
824
2866
721
1538
224
2510
444
2928
2495
562
2883
295
649
1178
416
2467
639
3011
466
679
143
37
1446
1365
2701
748
1529
2618
368
978
2459
2631
947
190
2913
1069
2547
1378
2454
1057
1217
2880
534
2626
2833
1052
1087
492
217
820
1577
495
2837
3042
1245
670
3019
1280
3117
2501
731
502
262
319
2612
723
2552
818
1329
369
339
1258
1547
898
3116
1398
1151
547
975
1520
634
2934
2440
872
2850
3130
2973
2514
151
2616
17
1524
1242
2660
381
2592
2891
379
2851
149
3127
331
2563
437
588
3059
836
1544
2666
600
403
3074
504
1025
316
888
909
2795
325
1163
1336
2892
655
2732
2637
1165
732
911
969
472
1043
1159
3163
809
800
2780
482
960
873
435
792
1372
1349
1445
27
132
701
145
192
1561
1190
1141
1223
1253
169
931
756
2567
1543
40
558
2824
1371
1531
450
19
376
127
765
1512
365
396
774
743
762
2633
1383
3054
2714
1168
561
556
1157
1021
2565
3124
3105
925
3133
3172
1485
1481
2839
413
3157
1158
3179
2408
1429
114
1557
3079
2487
317
473
548
2920
442
1521
3147
1227
1195
1526
1311
2608
2931
97
1203
2982
1216
3118
1268
101
1369
1301
2664
2414
167
2842
367
610
1548
1535
2453
3016
2716
713
813
1323
131
2862
693
858
3166
2898
1260
1487
2792
2424
2412
3165
2545
70
2936
229
1455
2586
211
615
142
55
2653
429
814
205
2789
3070
425
1205
586
688
2595
2553
355
956
749
2853
261
2485
86
233
33
2409
895
3003
2912
1082
832
834
1430
2686
791
673
2721
95
1304
2828
2886
1550
2734
1410
1387
1055
103
2473
353
421
2669
950
572
991
1363
2698
2826
936
2924
36
942
170
864
2670
183
1104
427
236
35
2967
2655
375
553
439
3182
2435
2836
2640
92
24
2748
1062
923
2538
330
1124
1256
2489
1570
29
1251
2471
1357
598
2423
821
449
810
939
760
605
638
322
839
31
6
2447
7
91
2806
2580
3139
5
747
1454
2684
2897
2679
646
2416
635
650
179
1146
629
480
1494
1084
2965
1117
218
1515
777
1135
1139
468
746
1389
2521
2492
1415
1078
2793
2659
22
630
352
3021
374
220
733
1161
1448
1010
997
1385
1419
651
487
260
2927
2835
2496
3002
1386
244
2761
2808
702
2904
1546
3023
2750
946
470
2593
1510
463
462
970
459
1479
154
126
1014
2971
852
892
1576
2661
2520
3041
2460
503
715
431
88
1432
2540
397
1457
2591
93
1137
1583
2699
2581
3047
1493
2662
158
1518
928
2901
1359
61
937
666
3149
1423
2431
2720
1090
1327
2887
767
3008
535
1229
3025
2930
1287
3064
1461
2888
458
2825
198
665
730
1152
653
2937
893
597
405
507
536
1075
3103
200
2877
38
138
2504
1048
1406
1042
1317
1279
41
773
3088
342
1478
2779
3091
853
2786
242
1553
3173
168
112
2708
916
667
1130
868
1108
191
2597
3096
1001
270
2415
2658
301
994
1197
1036
452
1490
1309
2845
2529
1088
787
2509
751
2683
3087
574
2865
313
725
1465
1374
866
697
2469
2742
21
897
736
825
2743
387
3137
779
1041
460
2896
1272
735
104
838
1414
874
2969
1332
2490
163
3056
1572
2947
518
255
2700
3067
528
2712
2791
246
3136
2724
2457
2441
315
2990
164
298
3013
2587
1254
243
3148
2841
3005
68
1039
3123
757
155
912
446
1505
1523
2713
2404
77
1571
750
2751
1564
3068
276
314
133
1404
902
2515
907
1533
1008
2978
1248
1182
3178
80
3180
2715
3099
744
1439
2777
1377
1396
877
752
497
465
2443
2843
1208
738
850
1569
563
2906
3159
1204
2764
654
1420
2980
1213
1475
344
530
1120
278
373
863
2523
2823
1219
247
42
2493
883
1495
400
1255
2477
986
860
2968
3143
728
1018
2577
1111
1196
3168
1384
67
391
2997
966
232
1441
658
943
2881
1286
541
238
2539
360
13
2524
20
1484
1433
1542
2911
426
2858
2952
1492
1243
477
50
354
290
1559
2644
1273
428
807
2555
2572
1270
461
573
2519
672
811
845
1382
2619
817
1072
1522
3093
718
613
1271
130
273
1192
419
894
1400
418
1427
711
521
1265
691
2488
332
2413
1473
783
2737
494
203
3140
434
2498
3109
2935
288
1501
2464
2772
2603
407
686
780
3151
141
1393
2731
1126
47
337
1451
2556
282
1160
952
321
2917
173
790
292
1426
162
1067
3051
543
2900
565
3020
2462
1119
2560
726
2439
990
320
1080
1536
1015
1360
2729
1348
922
891
398
2719
1376
661
305
1460
469
2993
1083
865
166
2584
1314
3084
1109
659
2985
160
796
2632
2832
1091
3015
2915
737
1334
1150
712
2642
601
680
2610
2611
1480
1154
1121
885
1063
2627
420
1030
157
2946
1246
797
3000
1250
1186
657
2736
2778
76
454
1009
309
932
510
575
475
409
1143
185
2525
239
508
1507
2992
1534
2762
216
589
962
2933
2442
829
1145
1123
3043
2827
2532
1081
755
1257
904
886
3161
2813
1016
954
263
830
844
1244
1051
3114
525
632
759
215
1582
1
2950
1355
412
2428
722
1045
876
2752
1000
1552
1313
404
2474
2705
2602
906
1231
1047
1476
1147
269
1395
611
687
100
372
147
2818
277
438
359
54
2502
297
1342
1266
2929
1267
362
1525
3132
786
483
326
2834
345
1468
312
2983
625
214
479
1316
698
401
411
490
1179
390
676
2970
3006
1054
2508
2875
1114
671
631
1568
1076
2536
861
1194
1299
2966
2814
1315
640
2486
281
291
1125
1173
1297
2885
1442
1416
2405
3
3125
3082
522
3089
1354
2760
1074
3183
3121
204
2437
432
113
2945
512
967
2758
1218
2446
538
3073
3010
2615
264
532
73
621
3071
228
720
28
137
3039
1191
1031
1337
2741
2979
1532
3065
2681
2815
689
608
1466
2621
899
2635
2805
929
303
448
1207
2802
2590
1134
972
3171
11
484
386
3083
1449
1028
493
656
44
144
1514
2847
1198
2817
849
2588
3112
1347
2480
2771
955
1004
16
1325
1249
2535
1368
1236
1187
123
1169
1402
2849
2878
2918
719
457
3122
1110
2594
231
944
1453
370
2739
660
837
1394
2461
506
2857
846
83
2821
815
2856
1413
206
1046
1424
286
1092
1399
1220
2657
415
234
2781
2596
1326
2956
3032
795
1070
617
1170
2650
754
1434
2667
992
742
3097
57
626
3036
1358
999
2582
1071
1100
2630
2876
1991
3351
3208
2044
1917
2202
2328
1695
1855
1730
3189
1627
3240
3261
1647
2128
3224
1829
1971
2039
2192
2244
2170
3194
2295
2340
3336
1791
2143
1893
1686
1798
1943
2197
2087
2177
1998
2149
3200
3228
1973
3448
3546
2364
2381
1676
2230
2012
3581
3376
1990
2115
2018
1736
2139
3488
3223
3258
1983
3236
3383
2326
1880
2203
1641
2376
2207
1795
3369
2052
1985
2148
3548
2247
2155
2137
3396
2157
3575
1749
2164
1959
3584
1614
3489
2310
2374
3373
2216
3283
3515
2398
3541
1882
2212
3579
3219
3462
2219
2154
1815
2293
3290
2156
1590
1597
3419
2124
2232
2399
1789
3291
3192
1596
1734
2051
1871
3359
2186
3551
2080
3185
3227
1780
3225
2103
3450
3420
2215
3211
2049
1978
1866
2333
3459
1690
3443
3274
1756
1685
2256
3333
1995
1888
1658
3201
2291
2312
2071
2069
1742
2078
2025
2227
3332
2082
1931
1826
3374
3354
3331
1731
1651
1732
3571
3441
3409
2348
1642
3544
2187
3293
1592
2138
3543
2211
3487
1854
2007
1761
1892
3186
2261
2351
2104
3391
1870
1616
1858
2169
3203
2337
1759
2165
3456
1679
2314
1784
1733
1940
1620
1818
2288
2117
3517
2354
3490
2274
3471
1722
3216
2224
3573
3496
3237
1921
1604
1644
3212
1993
3355
2267
1776
3295
1758
3316
1972
1698
1873
1668
2113
1860
2181
3500
2014
1637
2355
3568
3452
1830
2081
3389
3520
2136
2382
3405
1838
1607
3372
3552
3288
3504
1810
2053
2392
1659
1692
3503
3468
3417
2335
3321
3195
2020
1672
1799
3282
1793
3353
1688
1716
2127
1655
3344
3427
2171
3341
3323
3222
3447
3578
1710
2301
3436
1986
2194
1905
1721
2225
2022
2091
3449
3514
2356
2114
1879
1747
3393
3559
3407
3572
3197
3473
3577
2144
1919
2108
3547
3260
3275
1819
1740
3187
3217
2334
1639
2040
2021
2387
3367
3524
1800
2153
3527
2283
1965
3375
2092
3319
2264
3497
1625
3451
2352
3280
2102
1624
3307
2019
3425
3249
3478
2090
1950
1765
3495
3583
1757
3209
1593
1997
1769
1961
1802
1764
1622
1617
2367
3554
3311
3191
2270
3477
2096
1613
1699
3199
3350
2172
2062
1883
3220
2401
3555
3207
2309
3580
3329
1867
2095
1735
3498
3299
2220
2206
2111
3574
2200
1702
3466
2359
2168
2132
1934
2350
2246
3561
3570
1707
3365
3560
3360
1777
3241
1767
2254
1981
1960
1984
1988
2098
2066
1726
3381
2263
2302
3325
3423
1845
2365
2394
3371
1626
1743
3523
2079
1598
1738
3569
2273
2362
2384
3242
3289
2190
3196
1612
3431
3566
2229
3309
1650
2378
2235
2151
3512
2060
2325
2063
2023
1636
2076
1953
2047
1967
3308
1881
2055
2236
2068
2396
2042
1652
3562
2299
1872
1670
2140
2017
3394
3553
1796
1635
1689
3278
2175
1844
3279
1657
2240
2298
2027
3370
3267
1633
3214
2266
1677
2323
2218
3348
1911
3402
1996
2316
3533
3202
2280
3388
3347
1933
2226
2217
3482
3400
2389
3465
3522
2297
1825
3238
3378
1666
2010
1876
1660
2131
2145
2315
2341
3284
1842
3501
2050
1811
3535
3269
2377
2179
1999
1924
2034
1779
2343
3434
2233
1916
1891
2002
1632
1877
3301
3377
2073
3491
3235
2303
1705
1741
1889
2346
1946
3406
1595
2147
3218
2239
1835
1843
1649
3294
3399
1763
3229
3356
1816
1773
1848
1665
1748
2166
3297
2085
3519
2292
2198
3326
2319
3252
1951
2064
2088
3190
3458
3379
1662
1874
2196
2228
2318
3296
2260
1646
2342
3364
1750
1930
1970
3357
3305
3404
2221
2286
2191
1744
2305
2109
2195
1887
2036
3380
3476
3345
2402
2173
2107
1760
3253
3463
1601
1912
2371
3334
2121
1629
3328
2077
2349
3531
3455
1674
2054
3461
3479
3507
2317
3257
2032
2306
2259
2344
1723
1696
3481
1608
2223
1851
1640
3270
2152
1588
2035
3426
1992
3565
2252
1589
3392
2383
3502
3545
2119
2391
3470
3549
2250
3526
3529
3422
3335
1681
2308
1942
1868
3483
2358
1693
2390
2272
2043
3312
2029
2030
2178
1706
1915
2133
1807
2257
3576
1968
2245
1929
3206
2129
2268
1754
3343
3440
1787
3539
3265
3204
2038
2004
3263
1923
1752
1671
2397
1594
3232
1908
1648
2122
2281
3234
1808
3285
1755
2271
1751
3231
3556
1987
2180
3338
2110
3243
3540
1618
2075
1781
2320
1945
2275
2106
3210
1941
3536
1982
3304
1846
2339
1963
2361
2141
2204
1621
3428
3484
2290
3521
1840
2112
3184
1907
3251
3266
3421
2353
3485
1717
2105
1974
1708
3271
1836
2278
3401
2046
1682
2321
2329
1812
1619
1903
1694
1745
3315
1979
1937
2161
2135
3412
1918
1847
3247
3472
2209
3298
1859
1904
2373
1801
1864
1718
2258
2116
1850
3213
2065
2159
1788
3416
3480
1875
1865
1684
2330
2013
1910
2296
1837
3532
2072
2016
1638
