2516
3045
1392
2924
875
1096
615
1476
785
870
752
63
132
595
664
2717
342
1243
852
1130
2404
1138
18
364
750
1129
1007
2498
2848
2714
2758
2485
273
1251
798
441
525
909
1068
1505
742
848
1518
2695
1179
1547
1481
74
3060
1317
371
585
3101
483
1231
1123
2875
3088
2893
2864
1502
268
377
361
1056
2651
1359
2812
32
2711
1574
2726
3124
999
2756
1513
1169
3126
486
35
796
2860
370
1216
1219
1101
1556
975
2833
550
895
951
2557
33
2680
511
0
851
2825
2658
102
611
1420
1187
1372
912
1223
44
1449
1280
2546
227
609
2644
10
2430
2816
2721
2942
2499
621
3071
721
501
447
2484
3091
381
2730
1218
2712
1029
641
2529
419
1012
3166
1433
867
257
2972
953
693
58
3113
410
1021
843
49
433
1569
3074
1212
53
1348
134
1016
2978
2719
879
973
838
1422
1160
454
2409
113
1260
722
2452
3052
1440
452
212
1552
1332
173
928
1081
1228
112
1527
797
3149
2622
2993
2489
40
1157
2930
1389
1301
2545
1441
2921
1413
94
506
1264
1040
1239
264
675
2541
2596
1140
434
985
17
1284
2423
205
3095
1409
2629
1328
245
3053
788
2640
489
554
2618
920
1145
541
3134
3020
355
1319
632
1298
397
2927
824
1125
2553
3158
2831
688
311
522
1380
2565
1355
1451
2723
865
251
665
770
2912
2406
751
1051
784
2888
746
1168
391
547
3016
1391
1398
1314
139
586
6
1141
3032
1437
178
1249
2787
1189
3137
248
2554
1279
1436
465
1217
1028
899
745
2646
2604
2447
1263
314
351
2929
699
2511
1155
954
1077
2735
2900
11
809
2458
2968
849
1132
3131
197
163
1067
539
2572
767
135
2817
180
2919
2772
2437
776
557
1224
1170
1403
763
2689
2510
1338
2760
462
3019
2587
2521
3147
736
295
958
233
964
2515
1208
490
1038
524
281
1503
1015
3141
246
2777
2634
1245
933
116
65
3042
46
594
2849
3167
1221
1268
2624
2718
3108
331
3058
3027
2594
2867
1528
429
442
1479
3081
756
969
2429
2938
1086
659
2914
1117
2518
646
2524
2981
2500
185
2720
1501
818
1421
379
561
1271
334
656
1162
1339
2842
1093
3012
771
3017
943
380
2910
2633
2983
1539
1563
882
2877
2916
2920
1064
2593
144
527
2648
3033
1573
326
2443
2748
1008
2786
1204
457
503
2468
845
267
2567
1030
50
2569
2836
2527
2746
2703
819
636
625
2490
680
2716
3109
946
272
435
3055
292
2905
1006
223
2928
2613
1311
147
378
702
2814
888
2492
437
3120
2685
1276
341
62
1171
2599
466
1362
262
317
2994
366
478
653
2542
1044
645
387
404
1191
1488
362
55
3122
1128
2595
519
356
885
1315
877
100
1584
2715
1399
2996
931
1288
575
2982
3037
2621
800
596
2494
1395
1567
3116
526
82
1244
2583
573
2589
108
1460
375
2665
667
927
701
2463
568
426
1521
104
3157
502
791
727
660
859
500
1374
2413
3160
2853
2418
583
2846
1005
337
1211
150
696
480
971
599
493
497
741
71
620
1466
2847
474
1427
1131
2578
881
445
2991
190
1537
2747
1037
1405
3011
3086
1278
935
2899
1581
2619
2486
328
1495
508
1236
181
854
913
1300
1237
1554
1024
2750
1266
390
3085
633
2679
110
906
556
1014
581
1323
2693
2472
1234
2757
1378
2818
464
2475
2852
2869
3040
234
1196
2724
271
1257
48
516
579
228
2801
930
2713
562
2581
691
1560
553
2710
673
2431
1550
1034
2870
157
3115
2660
911
2940
1072
306
548
3056
347
3102
941
2734
69
2902
684
1297
2560
2465
1464
629
1325
2948
2701
367
2813
2992
80
1286
978
12
1134
786
744
2727
986
965
1120
2709
93
174
1240
2805
1452
1507
2672
743
72
3171
720
5
2725
2702
1426
1432
1252
839
1381
1074
2880
783
3089
1508
961
499
831
2641
2615
866
1031
126
1318
373
762
1551
1202
2936
199
158
321
348
92
617
2811
3100
799
1313
570
1115
1345
469
724
2973
914
2754
3063
1018
2638
1052
3119
2497
523
2891
1541
266
671
603
172
2778
2655
26
2939
1043
1321
1490
2548
2705
2941
1305
2881
608
806
2832
747
2601
3159
1206
614
285
613
1177
1360
1161
159
183
1475
420
1084
836
3107
1351
1428
1122
577
761
3068
2767
247
2752
2627
2496
2769
2793
2532
601
2664
188
85
976
2491
13
2890
1199
939
111
891
697
2785
1470
3093
431
488
1088
2606
580
2791
2471
520
3067
1396
822
3098
2740
101
1220
2796
124
674
2937
298
2454
2577
2907
98
1242
152
1047
898
3106
221
563
1370
2759
2647
683
1482
940
1534
1492
3078
2444
600
2551
204
162
1312
105
1407
955
175
2415
1498
2697
1083
1041
289
3007
363
884
67
64
3073
2508
191
2605
670
207
484
2834
2520
2995
1277
3047
194
1320
1246
679
56
3105
1349
2987
169
414
2904
1444
2979
2699
605
2781
1459
206
2642
2824
1571
2451
2674
1400
2657
1388
778
857
130
2643
1135
2958
1103
84
921
1256
1515
676
3062
118
1049
2917
1561
647
475
274
2526
711
2835
2959
3001
1408
634
639
1165
2666
841
471
1419
1205
1001
399
3170
1158
1497
1207
1474
637
1438
932
2960
2544
3087
3143
2538
2483
2858
1520
2580
425
2977
2631
2405
2425
3066
133
2681
1517
164
1303
3168
2884
1309
3075
2708
138
3076
470
892
3144
2481
2857
3145
1296
1356
2865
871
2925
1536
427
2739
732
863
449
210
654
532
1496
3152
1025
415
494
900
1499
2628
1183
224
182
395
2851
627
3025
630
1153
2779
2501
1387
1087
155
678
766
1180
3178
1127
4
2456
232
1414
2422
2733
1465
176
1070
160
1558
2970
396
129
350
2412
757
153
2737
2470
323
2506
2434
343
1371
2810
2861
106
453
1090
984
889
2495
2829
1516
535
290
816
1095
1107
2639
840
2751
359
2855
1027
3051
417
235
2943
374
544
3135
1011
1524
37
369
1418
3010
833
2561
1489
428
195
1032
1105
1523
66
309
2998
1406
642
2683
1045
1557
812
407
2802
2688
593
2671
937
2
3138
3172
716
827
121
681
972
3054
726
2476
2411
3125
810
657
1173
1525
219
189
635
275
2988
430
2467
57
231
2827
2428
1302
496
682
2623
2894
2479
149
923
120
1383
1559
662
717
2543
993
3140
529
154
1073
1253
423
1336
3123
1352
1445
934
2821
42
2990
2534
2980
2969
730
1094
1486
996
959
383
3028
968
2843
886
2449
2610
3000
1377
1368
498
597
2792
994
218
3050
3094
286
358
1450
517
211
1310
2789
2535
1346
729
167
283
89
3023
2574
2682
1118
1143
2466
901
2441
590
2663
338
467
1364
738
2918
463
962
2474
244
2433
980
2913
346
698
1000
2957
3154
552
1079
186
949
3162
1114
1540
814
551
2528
276
710
956
385
1235
758
1104
718
737
2997
2403
2588
3139
707
2755
448
3092
2512
324
1514
2926
1142
2566
944
485
2819
333
3079
1026
2923
2509
2985
1471
992
905
1293
145
1533
705
1363
1275
2645
890
616
2892
2794
1410
624
3077
811
1454
1230
2800
735
200
1163
2731
1340
1358
482
270
1484
988
1291
3099
3008
1294
3044
626
47
2568
1113
512
2945
39
1091
1375
1416
754
107
1412
1575
3005
1404
1172
733
1133
983
922
76
184
1272
2600
2908
534
990
1458
3174
239
919
3142
1050
1092
2700
2625
861
1124
405
574
3043
719
345
2609
332
382
258
960
2898
917
787
1181
842
310
713
1269
122
2673
576
3009
2949
421
772
694
782
2878
2950
86
3183
2460
491
2806
2889
948
2795
352
1222
114
1121
1295
997
2654
316
518
1532
1019
3065
2886
2626
507
1154
70
2677
2984
1483
1289
2986
952
995
1059
2954
966
2446
685
1491
2728
1035
495
2952
826
862
2774
650
2856
456
1299
1229
1108
530
777
3057
1473
479
222
2931
835
3175
802
25
748
2602
2871
1225
801
3156
2743
2424
828
2410
1393
2440
1010
2590
619
2656
998
229
146
1285
2947
214
795
156
2876
2775
125
1017
2612
1415
2558
829
1572
689
2953
3015
3179
2975
2868
780
1384
2883
903
1020
2676
582
1350
1379
1461
1176
1429
450
1477
179
628
31
531
2652
481
925
1149
779
123
537
339
538
2650
904
3029
2753
1147
2896
942
3169
1023
2762
238
2533
1082
2503
1544
808
3133
30
1330
3090
790
408
513
2614
3150
2603
2513
1570
1354
1361
386
87
19
2636
209
1184
640
704
177
192
413
2617
349
140
606
533
712
406
137
2764
2845
2507
893
136
623
3176
687
807
77
2576
460
604
977
666
2417
1468
1373
2517
2691
2435
2951
2909
558
1322
2807
652
2661
1210
655
2790
2598
1864
3228
3500
2299
2034
3388
2006
1825
1704
1928
1655
1768
2192
3490
2322
1943
3236
3513
2228
3285
1607
3194
1701
2399
1614
3283
2040
3252
2283
1590
2379
2301
1813
3271
1684
2047
1739
3214
2082
1900
2377
2360
3535
3246
1866
2226
1809
2321
3187
3356
1787
1998
2122
2168
3580
2387
3238
2294
1764
2071
1856
1800
2345
3199
3579
1853
3426
1682
3205
3266
2342
2287
2242
3250
2017
1615
3286
2334
1636
2139
2110
2185
2290
3557
3416
3323
1976
2157
2107
2259
3327
2278
1914
1903
3204
3312
3352
1955
1619
3288
1639
2247
1863
2375
2074
2023
1884
2177
1608
3482
1925
1995
3555
2007
2312
1875
3211
1814
3576
2276
3196
3297
3551
1743
2105
2356
1648
3318
1801
2144
1756
2060
2048
1945
3437
1956
3302
2277
1674
2263
1718
1890
3341
3390
1602
2069
3408
1770
1997
2349
1846
2015
2073
2229
2134
3449
1747
3460
3438
2304
3528
2369
2115
2086
3224
3354
1675
2282
2232
3371
1660
1738
1822
3331
1784
1971
1700
1930
3330
2220
1838
3417
2285
1894
1827
1762
2036
1899
2152
3550
1783
3568
1604
3470
1896
1952
1612
2181
3474
2053
3310
3484
3326
1775
2135
3324
1694
2219
3339
2306
2075
2332
3206
2146
2143
2156
3578
2397
2208
1876
2202
3430
2324
2009
2313
2346
2284
2100
2206
3384
1706
3247
2065
3503
2081
1714
1669
1779
1947
2085
2386
2390
2120
1771
3429
1994
1712
1984
1605
2305
2199
3289
3278
3487
1642
1709
2189
3464
3564
2188
1962
1637
1673
3462
1638
2004
3489
1727
2172
3477
1906
1732
2240
3497
2083
3265
2209
3255
3342
1968
3223
3562
1818
3334
3257
2097
3479
1897
1815
1790
1786
1960
2295
1680
1859
1659
3582
2257
2061
2370
2079
2197
2147
1699
1829
3332
2333
2022
1589
1860
2038
1695
1613
2223
3360
3502
1819
2340
1630
2381
1989
3301
2307
1973
2179
3219
3243
1966
3425
1988
2160
1650
3317
1981
3401
2286
2292
1792
1929
1685
3467
3572
3208
2350
3558
2341
2400
1810
2289
3198
1741
1672
3276
2258
1954
1936
3398
3245
2154
3300
3499
1963
2320
3546
3400
1889
2237
1755
3469
1836
3526
3361
2241
2380
3216
1933
3387
2101
1781
3419
3532
3561
3308
1923
1826
2138
2056
3524
3418
1874
3346
2217
2087
3203
3233
3575
1715
3193
2005
1961
2059
3415
3269
2021
2300
2262
2019
3471
3492
3240
1785
2042
3512
2394
1816
2359
2169
2367
1725
3232
3536
1803
2164
1708
2129
2068
2054
1609
3272
1817
3357
3355
3335
3253
2089
1744
1855
3220
3537
1824
1996
3439
1595
3543
3222
3378
3447
3409
1992
2077
3504
1677
2026
3234
2141
3382
1837
2254
3553
2142
3403
3340
2055
2166
3452
3325
1670
2215
1601
1986
1676
1840
1788
1645
3209
1599
3225
3573
3516
2231
2178
2121
1777
2372
1858
1620
2050
2205
1761
3380
2249
1850
3367
1585
2118
3583
2274
2222
2104
3315
2272
2049
2070
2170
1622
3454
3505
3472
3410
1632
2109
3457
1982
3358
3213
1717
1734
1791
3455
3488
3540
1909
1721
2066
2210
1937
3294
2256
2114
2000
1913
3290
1841
1740
2365
3237
2103
2363
1835
1833
1757
1887
2246
3570
3525
1892
2123
1763
3456
2266
1869
3377
2136
1752
1980
1795
2151
2163
3322
3200
1782
3267
2396
1912
3207
1710
3530
1778
1944
2072
1798
3581
3523
3314
3262
2052
1993
3239
2373
1759
2238
3311
2343
2311
1911
1711
1731
3215
2291
2195
2098
3370
3256
3533
1591
3186
3248
2261
2173
2025
2293
2280
2361
3428
3389
2033
1705
1991
3407
3508
1857
1907
3229
2212
2298
2062
1703
1901
2174
1588
1959
2270
2385
3458
2080
1852
2366
3375
2233
2063
1934
3258
2253
3468
3369
2303
1626
2149
3251
1893
3184
1965
2239
1736
1758
2003
2269
2317
2296
1842
3189
1760
1967
3306
3585
2315
3391
1839
2084
2329
1780
3571
1886
2348
2200
1723
1789
1861
1766
1594
3444
2331
3509
3560
3313
2213
2288
1821
2180
2193
2153
2314
2119
1880
2011
3424
1767
1652
2330
3506
2338
2058
3185
3566
3195
1885
2347
2133
3345
3541
1698
2227
3405
2044
2310
2126
1623
3349
2051
3539
1643
2096
2117
1902
3485
2325
3577
1665
2388
3344
2216
2203
2016
3320
2354
3411
3273
1640
2165
3522
3431
2309
1634
3548
1868
1597
2260
3441
1854
1940
1627
3519
2378
3264
2275
2091
3584
1724
3242
2355
2383
2308
3445
2395
2132
2111
1735
3450
2183
2211
2318
3443
3491
3268
3249
2362
1935
1879
1974
2125
3385
3420
3531
1920
3556
3337
1802
3381
3295
2102
1686
3386
1953
3517
2224
3254
1796
1975
2158
3406
1657
1654
3365
1765
3511
3466
3261
1618
1808
1621
3475
3402
2316
3521
2113
3188
1823
1658
3299
2116
1877
1888
1749
1697
1918
3281
1683
3347
