1547
375
667
3083
2461
333
119
1439
3026
701
677
2473
3049
1283
2824
879
46
1577
1483
206
3168
3052
3105
2972
2999
1137
1197
2527
1122
1264
287
455
1526
3119
19
686
809
1383
707
2428
1202
1242
1325
562
810
767
731
138
273
2483
2839
2
415
1309
1373
511
627
1005
551
2805
260
899
2743
158
408
1230
648
28
3146
1450
498
991
1118
2689
3123
747
1172
242
100
2792
3099
1214
450
3158
334
745
1536
938
863
608
2761
1321
1313
2632
310
386
229
2556
1108
1565
2798
2653
1368
2593
379
1479
928
685
1340
2935
1462
428
1448
536
3121
2747
2690
1171
1081
2466
2591
1487
3154
796
845
2511
738
1062
141
274
211
2609
103
2409
213
2524
757
564
1561
3124
460
2698
538
3035
3051
714
1146
1427
293
2850
2496
2828
801
925
944
2717
1513
953
1447
2829
2425
1175
1008
900
3130
195
1524
64
596
1520
3048
882
203
2757
2859
843
2620
1508
743
17
60
87
1446
1069
3116
1049
2932
2942
2458
778
712
715
2921
1334
1241
2612
1300
769
1540
38
2880
1583
385
599
634
2677
1460
997
1248
107
956
1504
2510
2633
2445
2506
1414
3011
3157
472
994
590
2515
2816
576
2895
2848
322
2712
1503
600
58
1337
483
662
501
1125
1254
477
2533
545
2926
1018
2927
2498
1458
995
1567
1570
3038
146
513
2679
2634
3181
486
2561
2648
2580
2509
2772
314
315
1350
2783
2865
2841
656
2420
2796
2590
343
926
535
789
1333
2525
761
1363
253
3090
1147
2649
3145
286
2606
748
2405
2857
970
873
3058
967
1155
1376
129
2546
275
2449
1190
721
1560
2692
423
2586
268
2668
720
345
2418
2680
2879
811
930
1058
398
162
2669
703
568
2787
236
1053
144
901
145
1271
858
2736
174
1432
18
1546
2407
48
2809
2915
156
2659
1050
2808
965
2988
391
1162
1212
3066
2777
414
76
3029
772
1109
771
2596
420
1507
2884
1078
1465
514
437
1213
2735
2579
438
1295
2836
517
2771
3024
2691
2919
904
905
2545
1418
724
3023
182
2996
777
2504
976
1498
473
981
210
1139
1041
1486
2627
137
1022
1410
2576
354
2640
923
1270
24
1346
2814
3013
1292
897
3176
2966
2799
3134
151
669
2920
793
2976
776
135
1478
1429
53
1375
2617
2768
1194
679
1258
2431
121
691
1434
2741
3110
1287
163
1178
939
1391
2635
990
1574
326
1169
640
233
2438
3180
749
1557
2624
558
1355
2532
152
1039
2878
1274
2684
1364
1511
2674
3036
218
1239
1016
663
1276
2478
1107
2434
307
2629
352
441
1009
2826
1158
2615
2492
782
3125
433
1290
2965
2704
2851
2907
3046
75
350
1564
2831
256
933
1032
2846
475
1374
69
2729
1027
620
563
3096
1219
1544
261
197
2821
907
495
456
783
164
2584
613
1111
487
2474
909
1505
3120
167
1163
2530
1370
3014
201
1098
610
2815
2447
2547
176
2948
2519
894
430
2563
1165
910
2817
971
787
105
95
271
458
3149
21
943
2687
363
2523
90
2618
462
921
647
2986
876
2845
3022
78
802
2443
2450
1306
678
3152
466
1221
1065
2918
108
3086
3174
1243
2778
827
520
3132
3137
85
2933
1372
1387
2560
2795
2497
440
3087
2512
485
25
717
376
962
895
2891
71
585
369
615
2575
739
2961
238
259
3079
823
3114
1359
2946
209
1250
1308
3031
1360
2963
1097
317
1047
150
3002
2914
864
1142
1457
34
186
2794
805
2949
264
597
387
1004
1403
2597
1196
857
1151
63
2755
125
1085
774
459
813
825
704
2718
1229
1443
791
1413
1017
2978
1186
93
2868
1141
2508
445
380
132
1056
2853
463
940
2453
2613
2564
26
83
1070
373
383
580
878
1461
1204
690
2720
2644
207
1342
1104
1495
2678
1515
1224
2660
1028
2520
2451
2931
148
1136
200
2974
2594
2990
295
919
194
2985
1188
1083
2842
2599
1393
2403
1157
831
1042
1442
2864
586
99
308
104
2759
2554
983
225
2728
155
1326
695
2695
328
425
140
180
1357
1523
183
959
1358
336
1467
2980
1117
566
2411
1476
1338
1485
847
1015
2595
318
689
84
730
637
309
454
1369
2752
604
2489
1191
3140
1156
2937
885
842
2763
2910
855
1144
2491
1244
752
3104
81
2724
1087
2779
480
1468
2544
2501
649
631
768
1579
1159
624
3078
3148
331
2549
601
359
822
130
401
2958
2822
161
2462
2801
1130
2481
946
1044
32
482
836
932
706
1527
478
3064
2804
1140
1438
1291
2622
832
622
625
327
2789
1521
131
114
1152
1406
2454
1268
304
2647
340
952
22
2422
578
931
1459
339
1381
6
713
2812
1299
2827
541
575
404
357
547
1045
1431
2843
668
2565
567
1409
675
884
2742
1298
118
1220
2709
2482
912
1026
411
2882
918
2440
2638
1322
775
672
785
508
2883
2807
2802
1251
321
1455
2404
870
3169
2457
978
1235
808
589
258
874
2745
552
788
574
1361
766
2825
893
346
2769
1366
3109
1362
2959
1099
1345
2788
2776
1420
276
349
2856
3054
3069
913
86
797
2940
493
2731
1262
974
2837
204
872
697
410
1176
1538
324
2639
1060
2608
444
2962
3032
534
710
65
2412
1173
382
914
859
427
397
139
208
800
555
222
2998
1149
2902
2568
3044
922
496
500
2602
1120
3166
3050
2471
1433
294
2601
1551
3177
1231
633
434
560
528
2460
1286
2685
653
945
2775
2887
1484
2951
2479
2847
113
2872
1071
989
468
1134
2531
645
740
1581
505
2758
1339
2538
525
2427
786
1481
432
2637
451
3042
1067
1043
361
1437
1034
2892
1389
716
654
2781
1502
368
67
290
719
232
2656
3143
88
117
1061
122
868
1331
1365
3107
1112
3005
443
446
3071
2867
2923
3179
2943
184
2654
3000
2671
406
37
891
1284
927
2711
2567
1211
1501
303
2714
2517
101
1445
3131
128
267
1192
179
2592
171
2686
2683
736
503
1550
2470
497
3072
572
27
1206
216
650
2969
212
1379
1119
3018
1367
2697
2904
452
319
2855
112
835
263
2800
670
3068
1533
123
196
1110
915
804
883
2785
2553
1225
1430
353
2818
2967
1079
2971
358
696
1177
3061
300
1123
860
1390
2655
2991
2536
852
1475
2832
330
1261
2939
2414
3065
1006
1555
235
280
0
2408
880
2890
2983
751
2436
215
2419
106
2925
2834
2715
687
1080
765
986
916
9
2924
866
453
1116
1038
2475
1100
2945
2903
1311
2751
1265
1237
651
898
52
673
846
1576
429
2588
2830
109
1491
806
1164
2869
431
231
519
861
3170
457
559
602
937
185
2476
2749
1076
865
1408
1249
2893
2503
298
2894
1007
3165
2952
2417
1336
2557
1075
1285
1493
2852
1277
639
594
2610
2912
1532
226
1428
1046
255
461
1031
571
1168
1063
269
3182
2485
2767
1531
1411
1182
1301
248
1552
2645
3
929
584
1094
1131
390
250
1559
709
708
2616
36
1272
1440
469
906
977
2740
2516
963
159
2968
3010
2548
1170
389
1352
612
979
817
812
828
2552
829
1135
2665
8
320
189
1452
643
700
2973
3151
1343
94
2432
153
1288
1422
1392
936
3063
313
45
2551
3060
2410
1232
378
502
3070
1279
1316
2571
759
1000
2507
1541
392
2790
1397
2791
2993
142
746
2730
3007
2960
1380
2953
543
2555
1417
2605
1124
3089
166
632
2708
2521
1347
2922
2631
779
1444
646
1329
1421
1187
763
2619
2806
987
1247
3091
2550
1115
614
2642
960
3074
1351
2727
281
3004
515
2705
592
442
1530
2472
2934
154
2600
1227
1181
202
2541
664
1569
582
1494
726
2725
2774
2995
890
3021
2964
984
934
2858
79
16
2981
655
188
1198
3075
1578
484
2696
1089
2896
2415
2468
297
50
147
750
902
2534
2439
72
2873
1253
2863
527
2721
1154
2984
1003
33
1353
1489
277
1436
1252
362
82
1396
3045
1195
422
1407
2603
598
449
1516
2803
854
856
657
1189
2911
780
394
29
257
1138
1010
1354
3160
1077
77
1416
2992
35
732
1025
278
1304
1518
1037
841
98
2569
14
755
190
1208
1048
3100
270
198
935
644
955
1566
1294
3012
1320
1036
2693
2582
711
821
92
1260
2929
629
522
3172
413
2766
3041
756
683
136
908
985
3081
3183
1349
1435
1312
851
2688
1267
1297
954
1021
2702
338
470
1090
3142
3167
2833
1030
762
1185
725
3127
2889
531
1500
1423
1405
393
593
737
2813
1228
419
3135
1310
312
115
302
1278
1234
2413
2875
3073
1318
1580
1240
666
2494
1193
3084
62
583
892
3020
950
2784
2477
982
1275
1386
2585
2956
2954
3076
479
3106
2877
1388
412
341
549
1273
2493
499
1529
1174
91
3009
1011
329
228
3155
2607
980
3094
744
2254
1609
3313
3303
2264
3388
3245
2336
3337
2148
1677
2247
1819
3330
3189
1773
3240
1804
1699
3397
1942
2083
3358
1598
3450
3247
3429
3410
3274
3326
1673
1631
1798
1924
2109
1845
3405
1969
1681
2146
3446
3218
2161
1959
3227
1871
2273
1974
3572
3475
1930
3428
1994
2333
2021
3485
2024
1891
1982
3290
3374
2235
1881
3202
1606
2262
1762
3343
3280
3219
1984
3490
2212
3407
1902
1708
1768
1664
1688
1857
2205
1700
1830
1844
1589
3367
1937
1632
3509
2123
1888
3297
3403
3299
1737
3439
3269
2094
2090
1707
3375
1935
3404
1755
3296
3453
3468
1686
2166
1761
3471
2225
1992
1711
1925
3515
3432
2287
3544
2095
1742
2372
2008
3199
2356
2301
3312
2014
3370
3570
3419
3559
3369
2196
3522
2126
2263
1758
3262
1897
1785
1620
1859
2019
1705
3292
2128
2178
2073
2053
1757
2364
1629
3334
2288
2105
3518
2366
1654
3393
1858
3513
1914
2389
3359
3220
1963
2056
3556
2279
2068
2275
2350
2315
3209
3204
3203
2208
2246
2341
3512
1960
1807
2335
3365
1748
3348
2365
3263
1770
1825
1799
1945
1648
2397
3294
2217
2111
2115
1866
3354
2138
1917
1638
2283
1690
1862
2059
2241
3285
2112
3229
2259
3331
1625
2187
1818
3264
1923
2363
1847
1972
1851
2306
1905
2318
3563
2093
1774
2371
1824
2207
3474
2018
1665
3279
1855
2400
2167
3413
3520
1713
1595
2249
1884
3282
3550
3287
2218
3319
3519
2189
1868
2209
3494
1939
1975
1728
2190
2361
1856
3435
2221
3212
2163
3253
2367
3511
3325
3525
3488
1936
1950
1744
1594
2023
3536
2358
1928
2216
2107
2314
1920
1987
2141
3381
1781
2276
1850
3260
1712
1714
2280
1771
3196
2054
3564
2327
3382
3426
3286
1784
3434
3217
1693
1877
2150
2188
3467
3335
2300
2299
2220
1976
1661
1907
3225
1993
1604
2385
3552
2005
2329
1675
2085
2309
3463
1898
3242
3261
1684
2145
1628
2124
3278
2134
2017
1716
1612
2393
3424
3328
2036
2116
3541
2076
2334
2292
1829
2375
3411
2149
3420
2030
2282
3300
1980
1922
3449
1889
2272
3567
1802
3440
3484
2175
2103
2020
3336
3584
1790
1796
1602
3528
2193
3568
2120
1783
1991
1953
3508
2155
1927
3351
1704
1826
1896
3201
1655
1869
1626
1750
3349
1608
2224
3548
2062
1813
2135
1590
3497
3223
1706
2144
1900
2379
3476
2002
2079
2200
2129
2160
3243
2238
2368
2342
2013
1647
2316
2185
2142
1749
3353
1778
2213
3461
3553
2204
2067
2070
2173
1671
3272
2174
3535
2137
2177
2098
2298
2203
2270
1739
1966
2032
1879
1630
2214
3361
1814
2033
3571
1883
3436
2089
1729
2345
3301
1800
3421
3442
2100
1887
3460
3221
3487
2325
3496
3523
2086
2399
1618
3216
2211
2029
2108
1910
3235
3524
3308
1946
1948
2055
2131
2117
1801
1726
2267
2239
1968
3526
2296
3457
2319
2152
3498
2046
3532
2078
3586
2110
2323
3430
2007
3295
3323
2031
2015
1977
1670
2242
3562
1827
3384
2257
3364
3573
1680
3510
3298
1983
1614
3250
3444
1901
3383
2391
3579
3340
3455
2297
3492
1890
2183
3237
3581
1676
1988
3478
2071
2373
3289
3185
3472
1672
2104
1873
2114
3378
1642
1669
1621
1622
1782
3265
3412
1615
2091
1605
3557
1919
1745
1685
3425
3537
1938
3193
1955
3190
2305
1864
3583
3456
1592
1701
2027
1810
3438
2158
2012
3251
3252
1805
2234
1828
2380
3304
3561
1952
2381
2251
1852
3275
1591
1912
3448
1947
1853
3551
1951
1710
3451
2044
1772
3454
1954
2354
2045
3306
3205
3504
3310
2304
2255
2047
3345
1833
2165
1915
3288
1741
3464
2256
1803
3396
1797
2362
1990
3533
1650
1848
3530
2321
1886
3315
1986
2326
1659
3346
1995
1962
2274
2376
1651
2348
2063
3500
2307
3534
1999
2125
3244
1613
2302
2228
3259
2250
3538
1709
2343
3373
1666
3230
1906
1817
1779
2317
2136
2310
2058
2303
3542
3187
2388
1740
3284
3255
1842
3231
3433
1892
3317
1723
1965
2271
1725
1870
3236
2248
2081
1775
3276
3501
2064
1792
1717
3309
3322
2000
2374
1788
3402
3540
3198
2102
3495
2197
1970
2291
2171
2181
2075
1956
3473
3414
2143
2231
2285
2168
1981
3531
1623
3194
1652
2384
2332
1838
1971
2156
1683
3226
1904
1763
3248
2133
1696
1730
2289
2127
3347
3539
2232
2147
2118
3458
2122
2245
2003
3210
2236
3320
2210
1875
3566
2284
2184
2395
2294
3184
3215
2353
1679
2164
1894
3477
2268
3431
3214
2230
1715
1754
3256
1816
3266
2352
2119
1640
3211
3505
2061
1727
2006
1766
1899
2039
2038
1678
1597
1822
3503
1786
3452
3271
3239
1964
3462
1611
1633
1691
3390
3379
1863
1854
1624
2037
2390
1694
1978
3363
2057
2313
1834
1588
2370
3238
2398
3356
3491
2311
