685
750
659
311
2764
254
350
856
319
1116
373
1294
1143
1019
368
1347
182
1233
3143
2822
1084
774
2975
1248
2488
224
2697
3124
915
153
1445
3172
937
1343
2491
794
550
2957
3121
1077
1524
2417
2540
2544
698
430
3062
293
128
2608
701
1257
2921
664
849
2885
2974
605
2704
2661
2416
2633
939
535
2971
42
68
265
1369
1279
65
653
172
2432
3148
540
2640
116
818
1068
284
602
1518
297
1078
2520
1324
983
119
2806
1232
2851
1509
710
1512
3018
1220
2791
575
174
816
2443
142
407
3015
581
2833
803
127
365
2483
548
740
2470
2794
755
370
1377
1147
2809
3175
19
1326
686
781
396
1064
3152
44
1463
278
103
155
3102
727
1474
1317
1528
2521
1172
36
1226
1223
2952
982
369
3064
2694
956
1049
2682
286
709
770
266
1410
705
1533
597
2870
2909
1081
2549
1206
2859
275
1047
2699
72
3058
786
2768
851
596
443
1254
505
315
993
1412
1386
1435
109
1417
1321
500
2793
2915
3105
637
715
2557
623
451
342
201
809
2745
2445
3122
875
1253
1005
738
1573
1275
1154
46
668
807
932
300
110
1177
439
694
3163
920
2523
812
456
2959
706
1264
1247
846
2767
3111
1375
304
1021
1490
1153
2883
795
2789
12
546
558
618
1345
1096
874
26
857
2655
1566
797
736
513
1362
732
555
333
1491
2934
1039
756
1350
1057
724
963
3069
1276
294
2939
1108
2888
2919
3095
712
3161
2826
1182
1397
1200
916
1089
2652
2415
146
649
1502
41
676
616
1489
473
273
704
3112
2625
1088
1498
1138
1550
2739
3072
839
85
2469
1014
283
537
340
2662
1404
2852
1464
879
1535
1006
3149
1111
848
1426
632
480
2901
2796
2771
2538
3120
2627
708
2904
996
3017
2770
2752
452
1555
1441
360
258
1557
1411
1090
165
2990
374
552
3144
465
3076
3151
2997
1127
759
862
888
2502
1360
2719
1462
1065
3081
1193
523
2869
1327
1471
1246
2542
611
717
2454
2882
1013
2716
507
1314
2435
561
3037
2891
1446
2774
54
1399
1567
641
213
242
3031
2788
547
1273
566
2926
2832
60
1119
508
3094
1094
947
2423
2606
335
826
1438
2686
10
2737
2860
250
2688
2881
1020
978
2629
2855
3160
2605
2853
811
1298
861
684
13
1042
557
2433
624
742
893
2785
2810
305
2874
518
2459
1061
2624
615
2922
938
270
836
1195
1152
2683
1012
25
802
156
1079
2595
892
2766
926
2548
1436
1074
1381
147
413
1192
3052
556
2808
136
211
1092
3022
3168
1213
3067
964
1389
766
3093
3088
1333
2479
564
3047
538
743
1500
1204
2819
1072
2556
718
212
1164
169
188
2984
89
854
276
2462
748
3008
832
1198
2932
2744
1383
37
2507
371
2474
1408
391
1371
222
1295
237
466
2994
2940
897
2495
984
2573
1442
2751
1202
1241
1391
551
2679
1348
1468
328
1556
3110
482
2879
1505
1385
16
3060
1184
1297
934
1312
94
2935
679
1258
2418
997
77
2755
2787
1194
375
663
2847
307
75
3104
1376
2970
898
3039
904
367
3000
2501
821
405
1015
356
745
2871
648
3021
958
871
1239
1008
291
252
1378
1134
571
847
2649
2951
2428
2967
3099
1451
2946
426
3046
901
2631
2709
1405
1540
2927
1574
1492
2868
2465
1504
3107
3063
830
2586
541
1301
2705
1
2698
1112
992
2619
2638
2451
542
666
2552
2412
462
1271
719
1225
516
2861
1479
568
583
977
1302
647
167
2989
3083
292
1443
2622
3117
81
565
2792
1434
282
2987
966
2938
746
1344
3154
784
843
2937
425
1548
3082
2453
1002
400
1581
1205
2993
140
1355
754
240
921
1212
2458
455
2805
2780
994
2613
1527
23
2659
1009
1430
1066
2930
520
487
2447
392
3164
801
2636
1342
1384
344
769
2786
2902
1418
655
1559
96
2976
730
2778
3115
2410
2515
422
1160
2858
2499
1558
395
2541
1406
891
1485
2591
885
1272
376
71
2648
312
804
1299
2848
1242
2823
2482
2571
322
3136
1075
2580
2528
358
309
137
1155
2427
584
336
912
3004
866
324
1071
285
2968
1473
3119
699
420
497
525
104
2741
271
272
2674
791
3146
925
478
73
301
2524
33
721
2456
762
512
1103
453
991
3100
92
906
1565
1390
692
2856
633
418
2995
971
382
2673
2781
974
2863
2534
1067
658
295
2543
2758
29
527
662
635
979
2864
3157
1000
946
1388
868
1188
76
988
2757
259
3028
789
2660
3070
162
2795
2772
9
768
1165
3123
1163
1237
2407
533
2533
126
703
1323
2476
677
2721
2723
2536
1453
3178
2570
842
3141
2978
323
318
1320
725
3091
1495
2960
3034
3131
1570
837
490
1070
34
379
913
2519
646
1162
2537
1059
890
1259
1261
131
2430
2493
1051
2566
2617
1290
534
675
2783
1380
390
1280
2706
3066
1203
1454
968
835
2600
200
1307
2894
93
436
889
1209
2514
21
870
1181
1553
1001
403
948
2905
672
2467
1541
1532
2958
601
2840
2923
2614
325
1170
2691
574
2747
1007
2442
2734
416
1328
332
3054
622
1235
264
383
2961
530
1263
433
1517
2746
1419
2955
267
437
118
3183
810
1082
3048
2893
1351
899
592
1166
1274
2854
1270
504
485
590
2604
2630
1097
199
2503
2466
296
1392
99
2717
3009
232
2668
1149
2828
406
3159
3014
277
1536
877
631
2513
316
471
2857
1499
3181
2667
2775
3173
2422
475
1296
642
2950
2421
1331
2526
867
661
2654
488
1403
1534
398
3109
1450
2527
2969
1460
1201
469
3059
2419
2484
2610
3182
43
2763
1529
279
917
150
2575
216
808
1196
173
695
1487
193
2498
864
1337
2567
1054
2480
2931
970
989
134
909
995
401
419
2545
18
218
399
1379
2700
2877
576
2690
74
63
2992
720
2714
587
1268
599
2457
1126
1373
90
1069
3036
1339
2759
230
1222
2621
671
45
198
3053
3
585
2702
930
2529
256
2850
2611
129
688
493
484
2841
2551
346
145
1400
1578
460
863
2677
2582
627
351
2895
1461
459
607
1102
310
2769
1449
38
359
204
884
855
442
231
2446
3056
2929
498
2777
1156
894
2890
130
1266
2765
798
1571
62
2985
1063
3090
838
2712
2965
2561
2801
82
209
2547
1095
554
113
532
539
79
860
522
1240
1022
1256
2663
124
859
223
1125
965
2475
2577
149
2511
880
268
3113
674
3010
3176
1176
227
617
404
3006
122
943
2510
1291
1031
438
164
210
3132
1552
1547
2707
120
1173
1040
2947
2945
1215
962
114
824
3166
1316
2742
2436
3080
427
52
2834
3007
1496
887
928
1132
760
2807
1311
2569
2812
696
841
689
3089
2477
2449
337
1494
2825
873
454
2725
911
1114
84
2973
2798
722
1561
494
771
1023
3049
263
2634
2424
467
2550
2803
528
3045
1486
515
378
751
2773
691
2441
2525
244
384
3142
1033
1545
3005
2531
1190
3097
2843
2553
70
51
1319
1308
588
6
669
1365
1236
1191
195
3011
1211
924
2736
3041
2500
321
2730
714
2896
2814
491
1407
2964
2651
3133
815
215
570
665
1421
1409
1038
1501
1011
1135
3130
660
1255
529
14
2701
306
234
1150
2478
2820
927
562
3150
123
608
569
2933
788
2587
711
2675
2601
638
196
2865
2829
1168
1133
945
1029
1367
2750
1325
1169
2802
412
499
1214
3003
357
2509
159
3156
501
102
22
180
779
1043
2827
183
66
1284
362
643
753
1217
1457
579
1221
834
1354
828
1174
503
1130
2913
2726
1041
775
1037
1357
595
985
2687
463
2911
734
313
1265
55
133
290
2849
2680
1422
2645
1121
2880
1346
1560
942
509
2696
39
1228
194
2637
2749
431
2892
317
957
1234
3002
87
3116
176
2628
1016
2876
1171
148
2405
1393
2954
125
682
1562
1140
1370
2471
2831
2623
2426
3074
598
1382
78
640
2830
881
1366
1199
582
2452
657
882
2425
298
3171
2912
2979
446
2866
845
3084
1543
3035
448
589
2592
573
950
910
1564
3108
1402
1520
248
166
767
2918
2431
951
2842
1483
429
1046
961
2681
1401
2872
723
2554
1141
728
1364
349
3024
923
1444
652
428
1187
2497
1458
320
380
511
2496
366
3040
2878
1526
1073
872
536
1189
1514
822
139
2434
2664
2897
2616
2999
334
626
1416
2403
1292
187
1332
1336
2620
387
249
2678
1542
680
954
2963
1124
2532
2444
2646
908
1278
1216
2884
417
563
2981
329
2797
1117
1159
729
2669
3030
2642
1467
1219
1569
2461
2473
1076
2956
713
206
3029
1145
1085
47
776
3077
1050
2420
959
697
606
902
261
3180
31
207
3125
338
1472
135
2657
2489
3055
3013
819
1396
3139
2753
2539
986
2910
737
1030
1101
2647
1429
1363
2728
817
865
1947
2131
2354
1752
3278
2087
1621
3388
2046
2333
1645
1804
2268
1683
2006
2283
1940
3376
3323
1843
3198
2175
1696
3233
1841
2017
1796
1963
3218
2221
3350
2015
1844
3411
2244
2370
1771
1962
2345
3535
3355
1691
3295
3414
2044
2027
3550
2227
3498
3203
3269
2214
2400
2117
1637
1619
1646
3483
3456
3223
1617
1595
2311
3497
1814
3563
2402
1904
1659
3208
2166
2281
2139
1628
2065
1944
2271
2263
1668
2177
1758
2196
2143
2300
1974
3217
2351
1915
2317
1788
2257
2075
3458
2284
3405
2306
2160
3375
2353
2266
2066
2216
1877
3230
2193
2316
1790
2249
1753
1734
2188
2323
2274
3465
3471
3272
2097
3206
2064
3334
3500
2239
1966
2045
1983
3299
3345
3494
3504
1873
2401
1968
1988
3320
3318
3564
1871
3315
3539
2198
1727
3511
2122
3468
3300
2242
2063
1949
1848
2344
2233
3328
2203
3439
3578
3460
2248
2012
2107
2314
2256
2148
2200
1598
3515
2224
3398
3346
1626
2231
1603
1779
1661
1920
2208
1720
1917
2105
1707
3336
3523
3445
3271
3565
2270
3478
3472
2301
1667
1960
3577
1666
3344
1630
3453
2367
3331
1766
2375
3321
2037
3268
1970
2321
1855
2226
1800
1627
1961
3416
3246
1986
2155
3197
2247
2339
2360
1705
2022
3369
2342
1927
2352
2072
2000
1593
2099
2382
1889
2147
2185
3373
3404
1596
1795
2084
3441
1609
1913
3490
2016
2134
3531
1682
3189
2020
3301
1656
3366
3516
1838
2378
3184
3520
1687
3418
2315
2287
1728
3503
3256
1671
2355
1980
1782
3222
1624
2052
2116
1931
1643
3274
2123
3519
2115
2086
2051
2204
3332
2307
1826
1997
2237
1836
1657
1884
3247
3462
2259
3348
3368
1936
1954
3546
2326
1794
1601
3438
3371
3530
2014
2011
3316
3258
3533
3297
3447
2252
3290
1945
1896
1875
1842
2094
3276
3475
1950
1729
2289
3426
2277
1789
3491
1810
2172
3288
1806
1868
1625
2162
1641
3476
1817
1914
3200
2391
3221
2201
1663
2069
1699
2042
1722
2047
2341
2331
3359
3309
2261
2031
3502
3459
2241
1741
1599
1751
2207
2304
2396
1852
3210
2038
2347
1982
3273
2334
2056
2219
2192
1672
2055
2110
2032
3506
1939
3275
1754
1673
3249
3582
3395
3289
3505
2278
1870
2153
2149
1654
3518
2348
2320
1648
1755
3194
1618
2157
2361
2395
3341
2145
2007
2186
1785
1918
3220
3427
1767
1623
1608
1775
1865
1938
2073
3227
2138
1702
2328
3353
3326
1849
3481
3412
3235
3461
1907
2250
1588
2104
1809
1981
1774
1738
3252
2089
2150
3586
2054
2034
1674
2390
3557
1695
1644
1677
1750
3403
1854
1924
1587
3330
3248
2298
1669
2357
3239
2393
3386
2168
2061
3396
3507
1740
2350
2091
2215
3234
1822
1897
1991
1832
2329
1721
1797
1778
1882
3342
2101
3259
3512
3542
1651
1585
1977
1709
2338
3196
3575
2206
3304
1610
2373
3454
3532
1718
2190
1662
1784
3389
1861
1876
3190
3267
3362
3492
2228
2106
2296
3487
2332
1698
1688
1979
2050
3431
2222
3566
3554
1971
3452
3270
2164
2118
2008
3191
1692
1711
2156
1742
2028
3442
3551
3547
1658
1744
2337
2238
3317
2082
2121
2163
2077
2319
1616
2265
1801
1777
1684
2114
1660
3205
3263
3238
2399
2398
2374
3260
1941
1783
1969
1614
3424
2112
1829
1937
3324
2297
1893
2195
3580
2229
2023
1726
1745
1934
2128
2299
2036
1846
2076
1725
1714
1704
2057
2079
2142
3244
3266
3415
3477
1919
3287
1586
2236
3466
1597
1835
1685
2223
1793
3250
3195
3444
2136
2386
1828
3245
3429
1824
1756
3255
2029
2346
3370
3378
3579
1886
3537
2324
1765
1881
1948
3543
1985
1880
3413
3524
3583
1921
3298
3240
1943
2171
3432
1634
1821
3480
2264
2179
2362
3262
2365
1706
3422
1708
2305
1847
3364
3325
3394
1749
3188
2366
2388
1805
2312
2041
3469
1908
2103
2001
2048
2286
3226
3514
2230
2019
3308
1604
2213
2161
2060
1723
3526
1862
1933
2018
3449
3501
2111
1732
3479
1743
2010
2279
2113
3225
2235
3407
1992
1975
3541
2389
2180
2096
3242
1786
2273
1679
1590
1807
3437
1935
2205
2181
1747
3349
2176
1712
2243
1717
1879
1928
3286
2080
2335
1888
1713
1989
1891
1763
3474
1976
1665
2021
2377
1998
3423
1620
2049
3219
3280
1700
2364
1922
1693
1955
2275
2093
1818
2262
2217
3499
2183
2199
1613
3455
2358
3224
3401
1926
1816
1680
1952
3420
3207
3464
1903
2040
3450
1776
2295
2090
2302
1632
2258
1932
3305
1815
2039
2385
3367
1652
3314
2030
1894
1600
1863
1591
3356
1878
2005
3534
3417
3585
2303
2240
3382
3538
2189
1675
1812
2194
3215
3310
2078
2290
1715
2141
2067
3573
2151
2169
1869
1860
2167
3254
1819
3291
2211
1697
3277
1813
2251
2308
3576
2109
3253
3548
