67
2718
436
250
1411
580
686
185
1511
3002
679
1345
995
673
1561
633
2831
768
598
1372
101
1199
622
1441
576
2450
14
760
2947
2467
2780
2485
511
1002
324
2670
241
903
2927
108
1278
632
3082
535
190
2810
213
358
1099
2404
207
1007
936
478
2506
643
2846
2761
1464
2997
2869
3099
1248
795
132
2655
341
3019
247
841
66
2624
2939
2793
626
2556
870
3168
1175
2930
2784
1281
2439
474
1474
1374
944
258
377
3176
961
893
1368
1081
1211
1324
1485
2535
362
1360
1480
2623
654
690
842
1071
602
177
2665
1024
1301
202
3151
896
568
948
386
1347
350
1026
2640
1176
2717
2794
2432
1536
2458
470
2850
2916
1316
1379
405
292
3079
609
226
2611
2785
942
218
705
877
2945
822
145
3171
1562
798
2494
422
1452
2641
3116
1227
335
3010
2580
671
619
1505
2739
1135
855
1496
1293
2800
372
2561
683
1398
385
1018
1066
868
924
2959
2892
2822
838
2471
2551
2824
75
131
1133
3059
2463
1289
1303
347
2762
691
1226
134
900
2763
949
1514
469
573
1215
1168
667
3164
2410
747
248
1579
921
400
2695
2644
3174
2565
589
2606
844
534
1377
1400
1321
2841
891
604
3139
856
2981
3129
1038
1582
2836
2949
2529
769
955
2961
2978
231
3101
3033
2706
761
1584
16
1087
71
142
342
2694
648
2829
778
1556
569
1335
737
227
98
3017
454
235
958
1473
28
1468
1520
2676
1284
1304
91
1367
2877
77
3128
1246
2859
252
1533
1242
3149
2549
1068
3115
462
2960
2668
2984
1429
2604
1466
167
553
3078
272
520
662
2759
606
3064
1555
2632
1051
2789
1518
1222
10
1009
790
2749
871
707
326
268
2726
1223
3132
147
885
2673
467
339
556
2667
289
753
130
485
369
2994
188
2964
1290
1214
2513
746
563
668
872
1256
365
858
823
766
2751
404
3077
2745
159
3095
610
111
831
735
141
2582
317
2906
395
2760
2552
1422
2532
1313
321
3067
786
1137
862
1198
1062
204
81
3106
1470
194
183
301
239
1237
613
2658
351
172
978
1253
909
1021
865
883
2941
2567
739
659
2660
634
2681
2490
750
920
607
605
719
775
2778
431
979
221
1436
730
1405
2574
1228
193
1219
33
3003
3025
2754
1581
2918
1122
1194
2716
1439
1546
2969
953
2428
922
1139
117
1148
1349
1482
43
320
482
2678
180
812
408
2973
1550
2616
4
879
2808
1225
2553
2476
2522
276
3155
343
1142
1268
1252
2972
2406
94
2943
2817
2779
1166
370
938
913
2504
1392
438
665
3175
164
1036
2585
1054
799
2586
2976
3031
1437
50
819
2731
3030
3070
1173
1153
296
1164
816
744
3166
3127
3085
366
1352
2460
161
5
685
1109
2715
640
1294
1343
1406
2773
243
1260
780
291
1192
61
360
3012
853
836
216
2417
2880
2977
2948
1365
83
265
378
1453
1104
1508
1151
840
967
1271
283
2607
3065
2416
1117
488
702
1130
3083
3148
174
2770
1426
442
1490
771
2746
1063
3051
721
3167
2488
901
1161
1523
733
2475
2879
1230
2752
2687
2629
1432
2612
2944
1326
3100
1509
2594
943
939
2598
814
1185
120
1103
2787
1032
748
833
78
2510
119
388
1497
280
138
1557
2609
2950
217
114
2953
2968
1424
869
410
2589
997
1035
536
595
20
2557
1543
1145
802
3046
466
1006
196
754
583
532
1327
251
364
1041
36
2777
1152
2633
2747
2451
421
32
579
73
198
522
2928
2542
957
1034
2520
2590
975
381
1569
2830
1460
2867
13
1488
1053
37
1498
2448
242
201
465
122
390
1471
433
244
428
2573
2847
416
1340
230
515
720
706
902
565
3087
2543
1526
2478
928
1317
3045
3162
505
313
1575
48
2597
2666
649
994
850
2853
651
1420
274
887
2528
2931
124
2470
1272
2758
46
863
767
105
542
694
425
1378
27
1580
1141
611
2889
2454
475
846
714
2560
907
641
2657
586
1042
787
2862
323
391
2456
435
2996
2
1445
644
499
412
1298
1300
1255
490
195
2812
137
817
793
2701
3131
1532
1243
51
104
2579
3054
677
456
2680
1389
2766
2462
1156
143
1031
2709
1565
945
2954
401
1155
502
157
304
3173
1238
2728
2884
263
2536
39
1339
784
59
704
2508
2425
2901
712
299
596
774
653
2722
3058
669
2910
1146
3056
2453
874
2875
1507
445
2617
2724
1513
1475
1229
2440
3121
3
2925
1495
1193
788
593
2647
547
363
1529
1537
2730
2776
916
2861
1241
383
743
987
2645
1187
1047
581
2946
271
749
2882
498
460
2588
642
988
562
806
923
450
155
2956
166
468
1376
2441
245
1201
1010
1121
2698
1527
62
843
811
2993
2900
2621
345
572
1528
1457
3026
329
2575
2608
740
21
215
1089
2558
2599
1502
981
2962
1060
3161
2544
1481
1438
2765
3159
3112
1200
2741
2620
2753
2563
427
931
2420
618
625
307
2828
1027
443
1570
1428
2820
1037
31
446
269
3043
2427
2957
2669
325
526
1067
2878
999
1344
1276
2424
2577
1446
2581
3061
680
537
2423
1560
1014
594
9
941
1280
2702
1012
861
2688
135
2605
314
374
1386
1266
839
821
2782
530
543
684
1191
2860
3108
333
2804
1177
904
340
551
729
2514
24
186
2908
3016
168
224
639
765
2891
2935
2865
426
3057
2412
259
356
1196
2924
2926
888
3156
2711
3068
3147
1447
818
2464
399
484
574
2848
727
1421
2775
2958
197
328
1245
1083
3024
828
2833
3004
1396
2909
2742
1323
397
246
575
154
1092
1125
2578
1566
1355
947
327
588
310
2871
1356
1530
236
1448
3081
1259
2967
2700
2572
2748
209
79
2821
541
1431
905
2772
1240
176
3105
732
12
2738
1154
1358
1332
2881
3179
1350
1483
977
1342
2537
655
495
695
3120
992
1373
2672
540
847
3107
149
2545
2876
2619
367
2501
2524
2474
2526
886
2486
273
481
1456
2677
2571
2689
1322
884
892
2816
2995
2684
203
1025
2907
700
965
1188
772
22
2899
851
687
1212
590
298
29
1403
2630
506
1418
1074
2523
42
103
1282
993
170
331
275
2411
300
1094
1578
3183
523
497
2479
1380
688
2737
3158
76
463
41
311
630
2719
487
2835
3080
1539
2863
1102
779
878
40
813
560
233
897
346
150
969
1564
882
825
881
1574
1476
384
65
2902
1234
2764
3052
3007
776
937
646
2602
171
2990
1302
3114
1393
1548
1524
3118
1399
1341
597
2783
1334
2898
106
87
411
2834
2675
1291
2489
3044
140
2559
875
1430
1022
3094
2796
430
1369
1371
2497
1127
1072
234
1095
1224
1162
2487
205
1126
1370
713
636
420
123
1465
237
1521
264
1568
1458
815
890
3027
1329
25
279
991
439
635
533
1082
1274
2466
929
512
1195
2482
1387
2540
1235
1547
60
906
509
617
1325
657
1412
2696
2591
496
2679
716
2851
759
2415
1540
724
919
792
47
1310
1183
449
2643
461
940
1299
3145
3135
2733
620
2723
1073
2625
1091
373
1318
800
2455
866
3029
2515
2446
2792
1000
1542
867
952
3063
2505
151
2999
1346
417
1534
3088
136
2987
1134
1143
711
1469
1307
156
631
1264
212
1394
789
1337
834
2554
2516
253
2426
23
2495
628
3142
2788
2534
1417
1499
698
281
1171
2465
2986
6
387
1487
1384
2769
56
444
2445
1233
267
2852
457
2473
898
2517
616
1149
624
2547
966
1132
2548
1033
3160
2610
587
2662
2555
35
591
2583
1170
807
2858
577
1107
57
2546
1160
1286
96
228
1262
2434
1486
728
1208
1080
976
2714
2914
1413
223
954
1427
723
99
612
2686
2791
2866
2798
652
2538
357
2757
2980
703
1004
63
1390
3074
2457
2570
2663
2895
664
1512
2750
2951
544
2966
448
2615
52
742
1450
302
86
2743
1336
2499
1108
322
956
2886
368
570
1425
1197
1549
1563
477
1203
1375
738
116
1538
229
2483
2952
2992
92
282
3103
926
783
2674
256
1088
2461
3110
17
334
1019
1267
2530
182
2832
3097
109
3062
2803
2648
2795
441
2940
2712
2937
826
627
3150
396
2933
1382
1410
1442
708
1287
3023
756
894
519
129
1140
852
361
2825
184
1500
2755
380
102
316
791
552
1493
402
1279
986
508
2587
2720
2671
2736
440
1217
1571
2436
832
1040
963
2550
528
2979
1573
925
220
3090
2975
1105
3113
820
88
1311
1061
1541
1178
1050
2815
2652
348
2799
1383
112
2801
2982
2507
689
2691
810
873
566
880
187
210
2569
715
549
2767
1030
2433
1265
1058
3096
3035
2818
354
808
1519
1059
3036
1492
492
718
1232
152
3163
424
406
403
3170
2864
722
661
2970
2533
398
2729
1363
3049
162
1391
658
895
489
2856
2989
2216
3577
1701
1948
3208
3233
3462
2045
1650
3582
1792
3422
2111
1784
3355
3356
2035
3350
2272
1975
2169
2167
1906
1933
3222
1832
2063
3374
3544
2288
2011
2066
3492
2270
3449
2292
2189
1871
3196
2274
3478
1814
3570
2302
2233
2183
2159
3239
3358
1911
1941
1826
1785
1799
1773
2394
3328
2379
3214
2041
1681
2299
2223
1882
1622
3456
3278
3580
2092
3402
2030
3354
3579
3220
2294
2091
3384
3468
1994
1770
3291
1825
1667
2244
2324
1635
2023
2377
3325
1855
1800
3190
3301
1955
2227
2252
3373
1776
3494
1813
2330
3377
1616
1598
2103
1682
1617
2069
1766
1672
2050
1610
2224
2021
3434
2258
2049
3276
2192
2373
1914
2106
1713
1848
1700
2305
1884
2313
2176
3368
1793
2074
1992
2369
3501
1811
1603
3438
3410
1853
1749
3511
3341
2028
2388
2349
3331
2336
3510
3467
2384
1628
2279
2134
1846
2229
3195
1779
1947
2072
1923
1880
2078
2318
1824
3221
1937
2157
2228
3260
3340
2251
3440
2019
1844
2037
2014
1843
1978
1981
1936
3237
2387
1872
3401
1962
3308
3212
1676
2061
1794
3560
1644
2160
3493
2267
3235
3361
1661
3348
2303
3537
3428
1623
1687
3376
3414
2363
1633
3425
1790
3533
1733
2212
3442
1986
2277
1916
2127
1695
3242
1738
3211
1921
2381
1822
3411
2168
1595
3317
3199
2286
3536
2105
1963
2208
1885
3318
2383
2218
1589
2230
3559
1692
2057
3359
3575
3267
3573
2209
1590
1675
3256
1625
2093
2328
1863
2026
1972
2188
3528
3549
2006
3241
3569
2171
1873
1875
3513
1636
2101
3568
2268
3255
3520
3209
1678
3521
2181
2038
1841
1854
1942
1920
2033
3416
3518
2100
1758
2290
1834
1821
3562
2334
1737
1991
2246
1747
2396
2390
3197
3254
2073
1957
1705
2326
3415
1651
1970
3226
2097
1939
2348
1655
3323
2166
1771
1802
1892
2327
1759
2256
3360
2194
3507
1767
3225
3257
3488
2296
3315
3509
1728
1693
1709
2365
3247
2140
2151
1629
1996
1586
3349
1913
2364
1753
1663
2344
2400
2135
2386
3206
2339
1874
3191
3362
3433
1964
3574
1592
1607
3265
2152
3210
2254
1641
1725
1815
1742
3312
3391
1739
3408
1674
2003
2155
1664
3313
2304
1666
1943
1703
1966
1828
2081
3364
2257
2084
1608
2314
1816
2132
1761
2260
2039
1632
3271
2353
1648
3200
3396
1724
1974
1614
2269
1993
2024
1716
2201
3583
3448
2027
2198
2150
1634
2086
1781
3282
2402
3548
2289
1769
1683
1859
2375
1631
1988
3447
3215
1791
3224
3572
2020
2013
3531
2298
3334
1593
1896
1656
2031
2022
3320
1858
1711
2153
1808
1806
3217
3504
1708
2199
2099
3249
3286
3185
2059
1890
3527
2285
3452
2204
3480
1946
3337
1587
2358
1789
1620
1944
2077
1891
1673
1877
2095
2107
2133
2320
3427
2109
3365
1961
3338
3586
1866
2213
1865
3543
2345
3234
3289
2215
1907
2136
2130
3285
3505
1823
3388
2029
2118
1795
1894
2333
1959
3539
1775
3205
3251
1602
3263
2376
3406
3578
3500
2276
3490
3387
2182
3321
1659
1804
2337
1852
2147
2231
2179
1764
2357
3420
2241
1615
1979
3512
3417
3186
1710
2397
3469
3381
3386
2067
3481
1643
1971
2145
2010
3394
2162
2054
2297
2068
2187
2220
1868
2300
3310
2237
1967
2120
1903
1732
3326
3555
1768
3398
3188
2102
2079
3284
1984
1699
1980
1900
1840
1719
1935
2250
3305
3419
1845
3455
1889
2311
1782
2317
2346
2341
2239
3297
3517
1849
3436
2017
3445
1752
3213
1998
3454
3335
2121
3352
3552
1594
3435
3473
3229
3298
3371
1958
2203
1803
3379
3216
2131
1677
2242
3553
2110
2165
1640
1717
2332
1612
1912
3202
3369
2211
1917
3389
1861
1714
3418
1624
2144
2114
3446
3563
1968
3329
2108
3392
1679
2051
2262
2175
1893
2235
1745
2178
2398
1637
1901
2088
3261
1879
2191
3264
2008
3347
1908
3437
3385
1831
2282
1727
3584
1621
2255
1888
1833
2094
1670
1812
2236
2281
1780
1919
1754
2180
2368
2283
2055
2340
3332
2222
2044
3346
3550
2312
1694
2271
1613
2087
2083
3477
2245
2141
1755
1669
1704
2263
1926
1686
2174
3522
1588
1741
1881
3288
1756
3279
2032
3367
1938
2240
3489
3484
2161
3413
1869
3375
2195
1995
3345
2004
3357
1606
1810
2217
3270
2380
1665
1722
2221
2234
1748
3272
1646
1626
1787
1611
3283
3400
2338
2156
1639
2367
1685
1969
2202
1817
2389
1751
3363
1989
2264
3194
2200
2139
3378
1698
3274
2399
3193
3453
2321
1642
3546
1619
1788
1757
3558
2238
3380
2219
3240
1649
2301
2370
2164
1605
2280
1918
1627
2225
1897
3525
2001
1597
2385
3201
1909
3383
1805
2307
2354
3203
1690
1707
1856
1601
2343
3302
2125
3423
1809
3273
3184
1618
1945
1609
3496
2186
1777
1796
3551
2148
