904
238
2652
1548
3175
1346
2611
2700
3109
2845
1320
2797
2737
210
1148
6
1
2629
2874
1522
115
986
2442
447
199
754
2757
2832
466
1004
1036
1360
2606
804
270
358
1277
1029
2616
876
1012
541
1164
1373
2779
1395
185
2970
2969
133
180
1547
2988
263
928
821
2536
2836
481
621
612
1138
477
1174
79
2581
1067
228
1111
880
820
441
817
2545
1103
545
11
2690
72
838
557
371
567
1372
2669
870
2685
65
617
1560
3096
3163
830
88
418
2520
1419
2876
2828
2759
1316
775
286
1223
2540
1435
1184
444
2785
3045
1477
2788
1051
1136
2684
2428
793
157
2638
2605
1424
2674
2464
2974
2829
324
1225
2699
352
607
2703
1256
3014
921
1166
835
3125
118
917
950
539
355
2499
677
805
2451
2569
19
121
2565
3169
631
888
2680
3117
1150
3159
1298
2518
2914
2549
1192
1177
777
1240
531
688
2613
925
2740
169
2860
3003
791
3042
1087
2744
678
414
2450
2589
2609
693
386
1516
1412
95
1498
890
30
103
2784
1321
160
1573
1065
998
1030
2525
2572
542
247
2665
1010
1116
450
2935
484
398
1023
994
1071
810
494
1397
610
1079
154
1556
3141
2521
990
1293
626
2925
1217
713
77
1304
1151
1458
656
2583
862
271
1531
942
179
1355
3030
733
281
266
1460
1538
1275
36
1161
2718
468
3082
1471
729
788
2478
1523
406
2869
502
2528
2843
284
176
1305
550
2811
369
1510
1404
39
3061
1158
995
1518
1266
1413
2535
116
2745
3155
2496
1075
2792
569
2735
360
1066
1096
1236
671
473
1063
2593
1202
811
298
2475
796
3124
1504
304
2886
2444
711
970
1385
608
1550
2417
389
1213
945
404
1440
1073
2556
1205
427
314
225
2986
2906
1241
137
1529
3069
288
2862
256
374
1294
3000
2928
2443
3181
1485
2733
3068
380
144
195
2630
348
865
357
10
926
938
1209
566
269
752
127
899
493
2584
709
2887
3079
153
1019
1152
526
102
1333
2456
650
446
2907
2762
1058
1088
2705
67
641
268
658
3129
1175
723
691
588
2884
2911
2480
426
2777
351
1416
3043
1475
1038
224
613
63
1162
245
2612
475
763
311
2846
2738
943
2631
292
243
403
2671
3137
2567
1315
1093
2434
1083
49
996
914
2632
2848
520
2852
533
686
1128
2821
2786
2880
974
2726
239
1043
1582
1009
146
2909
772
2873
2672
1539
2422
315
449
780
3083
442
1295
2591
892
1439
2787
35
2610
117
316
2859
651
3130
2951
1359
381
1565
1215
980
881
3182
1581
2912
833
700
750
2460
2920
323
1524
276
1227
1094
749
738
1493
189
1478
2500
1062
1245
722
1462
2956
1583
214
1302
1343
2783
1022
372
3044
3009
233
141
1090
9
1187
901
2769
2473
2897
2749
59
74
528
2985
2574
337
173
2661
155
53
99
1431
2598
259
2560
2805
272
3070
1311
2639
1472
387
2815
413
3183
866
2917
2961
1086
229
1089
198
875
809
575
393
916
132
1381
1427
2424
1297
1509
930
2691
1534
265
1008
1201
1124
425
2766
1551
2822
975
75
758
197
1045
135
3140
1183
597
159
1499
1271
2851
748
3062
42
3072
1474
873
278
993
2889
2997
2768
620
2750
52
2994
1219
1574
2490
2419
1519
1351
734
669
454
2902
2530
432
844
829
2801
3063
675
1441
2919
586
80
2484
1231
1106
614
491
1454
647
2790
2793
226
599
837
551
2657
600
1542
1249
704
0
2498
3154
547
3027
1143
676
422
1497
1494
2794
2558
400
944
2550
905
2808
1535
3046
927
511
1218
1055
1566
553
1196
161
305
250
2820
2771
430
3015
1308
1426
346
306
861
1292
2571
106
2835
1405
293
2503
816
887
1546
330
2633
906
87
167
555
3026
1334
303
1317
697
1251
592
803
3087
1034
2704
919
687
721
459
836
2683
3105
2447
915
1399
3115
3022
2546
664
1500
2736
1331
1268
736
1228
1340
375
190
1394
1098
1314
1220
863
2454
3101
2754
3074
685
1422
765
1476
12
1533
3144
2438
1119
2732
490
2511
751
2694
681
3008
2702
636
552
2957
3039
2948
2922
207
1269
107
2959
354
467
1528
2981
1221
1417
856
1002
832
57
855
382
1248
2774
2892
480
2564
801
831
1237
2410
2803
900
2506
522
359
1501
1562
659
2698
1521
394
1014
205
2462
1021
2999
2856
2544
692
3038
142
1303
2806
2578
3103
85
1097
869
1345
56
2719
3114
648
2592
343
2746
2641
649
497
784
402
2831
761
2686
1430
3133
310
98
60
1449
3084
2989
2772
1418
3054
972
81
2656
699
2692
2775
910
1307
1525
3010
1389
120
1006
1118
1481
3157
3013
2968
1324
2796
786
2615
1041
2452
2406
951
2980
509
2693
1110
591
1577
684
638
2861
516
165
204
3007
1530
954
242
2522
2539
1132
1159
2602
108
949
2482
2664
4
2709
1081
1235
1489
2646
3127
2826
2649
935
1135
2659
2973
244
392
1391
377
1059
563
158
643
1323
757
384
1466
2617
947
187
280
976
896
452
1193
2552
2440
1069
2729
2844
2645
1169
1024
1328
824
2714
2677
139
1563
1186
33
1243
2916
2810
50
1448
368
267
1332
3112
515
878
737
1377
1281
787
86
1054
1371
1142
326
3093
109
2905
2882
946
399
2864
885
2865
715
1329
1131
2461
698
853
2648
728
1107
1270
1487
962
847
136
2688
1078
2824
1388
2662
2634
282
297
2676
2971
997
2713
3146
953
2929
1149
461
222
1050
1170
2600
1141
1278
1013
979
69
2751
952
3121
2962
646
378
1492
1033
744
3143
64
1238
2734
565
1455
1123
329
1511
62
2405
1044
2976
46
1457
3166
1000
727
849
1153
756
1536
546
2879
2495
84
1447
1327
1299
345
2972
455
1517
2660
3122
152
296
1553
922
501
3040
753
1265
587
2847
3179
390
3071
2621
1306
2938
2441
882
1532
579
667
148
2481
89
2913
1282
436
908
451
3066
668
2595
701
1276
895
2486
3055
48
629
2559
299
781
363
1255
437
463
2743
1125
405
237
78
194
498
1428
168
665
3050
548
3104
2940
2637
68
439
3080
2501
2667
2469
2553
1554
654
598
1020
193
203
1469
3097
322
663
2742
779
999
3051
1411
2707
2504
898
2531
2415
637
1383
2640
603
2430
3081
532
1085
1260
3032
2623
2468
14
602
628
217
448
219
1212
867
3158
140
1133
2408
1188
3118
918
1207
1374
735
2978
1288
2780
2512
611
538
573
623
416
2425
1028
2557
453
215
2
1486
31
253
1456
1443
2542
2891
653
503
518
379
818
1313
1446
2977
1064
1576
1386
1117
2654
3033
593
3128
181
2834
232
521
128
1362
2896
957
1204
605
2439
3006
764
2817
2483
325
2857
703
2492
2778
110
3135
1230
806
71
2871
1375
1222
1338
366
1122
147
2987
2479
3091
799
570
3165
3142
1400
2731
2894
3178
576
301
977
1459
16
1540
2830
936
635
1060
708
1200
2813
163
1584
790
1180
1216
1396
260
2748
1049
1557
578
1137
1365
965
1199
397
27
967
514
2689
443
969
941
2695
2508
1366
768
2908
981
2807
966
595
338
1001
1011
73
773
2477
2942
2576
1140
264
1322
2696
2555
556
1384
670
1163
572
1444
257
2937
1032
287
2991
2888
2466
616
1380
2872
1026
211
2467
113
596
1347
858
191
544
2918
2563
1319
2877
1310
1080
903
1155
223
948
1330
3029
1445
2431
907
3164
1378
666
1101
740
420
1318
2678
783
696
909
41
97
2825
2465
1461
2875
178
1337
705
506
2975
3107
17
485
1571
58
3180
2809
913
2893
251
2607
1290
2710
1254
745
104
3037
2964
2426
61
2538
724
130
364
2799
1003
285
2644
2850
2760
2471
1263
1146
488
434
1139
924
2670
1253
3171
2427
2950
1442
3113
460
1279
1344
1409
279
580
963
126
1376
3090
769
3152
2990
2781
1114
590
939
2436
38
848
893
562
1130
3138
417
3035
2756
2429
889
196
1262
1053
1100
1194
594
2596
172
407
131
726
1226
719
2982
1491
1514
2955
504
1115
1039
785
1407
1092
549
508
5
2755
1126
339
1233
1503
395
712
1369
2487
1178
119
2489
3106
1185
2513
2895
606
683
1273
347
262
2898
367
525
1421
255
2537
309
797
258
2910
1016
1580
1102
333
3160
1520
1352
2407
874
2604
295
2915
101
2963
216
307
385
2524
336
1561
1099
145
2526
489
3034
2445
964
1144
540
2849
841
814
1070
842
1543
1120
3058
1451
340
615
1433
2599
812
1274
2548
1134
175
1453
1147
388
2491
2885
1335
513
319
186
776
978
1326
559
868
431
674
1484
582
1348
415
958
200
1515
877
2878
1482
1145
505
537
221
327
672
627
2635
879
1042
2730
1309
2890
1160
1074
2867
1189
2927
201
1076
2411
1795
1648
2344
3443
3311
2033
2002
2367
1890
1935
1772
1713
3397
1866
1657
3217
3370
2282
1878
3350
2287
2370
2088
2050
2056
3340
1907
1912
3425
2317
2241
1585
3274
2310
2139
2202
1753
1929
1989
1813
3583
3433
3523
2224
2244
3245
1628
3516
1792
3269
1767
3566
3261
3303
2378
3504
1786
2086
2332
2350
3492
1760
3230
1630
3462
1587
1946
1849
1916
2134
3231
2322
1629
2254
2221
2008
1992
3349
3507
3428
2052
1971
2225
2154
3437
1928
3423
2021
1884
2201
3285
3356
2226
2209
3571
2376
1815
3475
3294
3315
3511
2245
1807
3281
2351
1871
1820
3461
3355
2159
2042
2394
2129
3300
3362
2251
3291
1749
3548
1859
2153
3249
3331
1732
2070
2059
2136
2060
3409
1588
2329
2141
3505
2157
1586
3569
1869
1862
1756
2075
2122
3295
1899
3292
2180
2032
3582
1870
2071
1802
2030
2381
2123
2295
1994
3283
2355
2250
3312
1847
3416
2302
1684
2181
1601
3393
3404
1677
2128
1776
3396
3307
2158
2273
2383
1652
2104
2337
3260
2358
2274
3573
3542
2186
3229
1643
2214
2026
2300
1742
1679
2178
1829
3421
1960
1940
3305
2334
1856
2124
2055
2243
3417
3203
3402
3524
2161
2145
1773
2076
2240
2144
2038
1934
1682
3454
2112
3211
3270
3581
1710
3373
3514
3508
3405
3250
3237
1968
2013
3254
3214
2297
2231
1782
1985
2080
2222
2027
2092
1918
1943
2179
1887
1667
3196
1809
2373
1705
1956
3525
2164
3208
2269
2246
3456
2275
2365
3316
3326
2233
2140
2218
2175
2163
2169
1733
1952
1596
1626
1693
2401
3325
3553
1627
3480
2215
2399
3452
2111
1766
2078
1834
2204
1722
1665
2107
1925
2079
2072
1589
1832
1757
1924
3259
1830
3435
1831
2005
3257
3444
2148
1631
2150
3258
3277
1913
2385
1888
2187
2160
2000
2347
3313
2338
2101
2025
3302
3406
2345
1881
3471
3464
3476
2290
1611
1771
2011
1836
2314
3351
3238
1751
3226
1872
2206
1863
2119
1987
2197
3368
1835
1874
1642
2085
2328
3327
1932
2284
1735
1762
3347
2325
3528
1758
2106
1670
2232
2379
3358
3298
2340
2398
3483
1635
3420
3502
1970
2326
1660
1707
2280
2292
1617
1844
1893
2135
1737
3276
1689
1637
3197
2034
2333
1799
2093
1590
1645
1973
1860
3459
3289
3387
2348
1854
3191
3520
3572
3194
3280
3319
3234
3334
2263
3401
2327
2090
2400
1794
1691
3531
1698
1603
2229
3346
3478
2305
1633
3223
3209
2015
2041
1715
3187
1933
1927
3547
3532
2220
2278
3192
2301
2237
3470
3418
2265
2374
1896
3219
2089
3585
3575
1644
3554
3392
2176
2068
2131
3561
1768
1963
1793
3263
1941
3256
1668
2094
2110
1837
1602
3440
3412
1712
1817
2114
3385
3273
2393
1865
2174
2190
1694
1833
3286
2316
1740
1781
2353
3199
3205
3336
1892
1661
1810
1972
3357
1805
3255
3359
1851
2127
2258
3248
1725
3419
2256
2363
2057
1915
2103
3549
2318
1745
3204
2346
3570
3253
3216
2354
2184
2010
3262
1716
3533
2162
3241
1966
3364
2125
2165
3218
1839
2203
2193
2223
2196
3578
2253
1921
3365
2012
2257
2006
3407
1898
2308
2022
3535
2341
1981
2047
3512
2228
2255
3202
2277
1879
1748
3390
2194
1922
2303
3540
1619
2113
3497
1803
3555
3246
2336
3519
1721
1609
3558
1936
2048
1663
1747
1778
1591
1683
3206
3518
3486
1703
3545
1964
3200
2235
1708
2155
3235
3328
2230
2040
2311
1676
1909
1823
2156
2384
1901
2392
1990
1650
3314
3546
2271
2397
1653
1788
1906
1599
1846
1900
2177
1822
1638
3467
1997
3530
1791
1841
2182
3282
2380
1882
1883
2074
2402
2368
2210
2227
3498
2077
2264
1709
2004
1671
3411
3510
1686
1640
2069
3225
2003
1704
2294
1731
1945
1600
1999
1607
3442
2387
2132
3494
1986
2108
2267
2098
2020
1812
2081
3468
3301
2212
3267
1816
1696
3330
2286
1984
1597
2036
1808
1957
3527
3488
2043
2335
1701
1606
1954
3264
3495
1618
1790
2390
1974
3447
1976
3449
3543
1680
1675
3426
2395
3290
3233
3343
2239
1593
2029
2126
3481
1819
2198
3484
1857
2366
1672
2270
2046
2130
2276
3188
2095
3563
2152
2208
2023
3236
3414
1977
1965
3215
2096
3501
2191
2339
2331
2195
2200
2018
2252
1911
3232
3474
2362
3287
1904
3446
3195
1826
1939
2009
2324
2192
1736
2289
3297
1625
2170
1706
3489
1613
2217
3268
3271
2207
2044
3544
1967
1714
1594
2357
3579
1787
3389
2053
1720
3222
3247
1616
3381
2120
3477
3323
3432
2189
3536
2352
3496
3490
3374
1975
3296
3539
2364
1658
3408
1825
3473
2216
1673
2321
3378
3379
2268
1741
1850
2109
3538
1958
3375
1664
2349
2248
1761
3309
1897
1785
1868
3310
1718
1867
3410
2097
2360
3458
2330
1821
3352
3434
1784
1959
3509
2313
