138
405
22
117
58
402
123
414
145
527
134
89
20
171
495
53
514
412
163
141
394
67
25
448
410
456
518
21
440
444
166
133
467
144
23
24
152
115
66
464
396
150
162
56
516
453
26
486
413
538
542
83
40
521
471
422
528
118
454
483
51
113
531
525
274
419
510
305
546
19
106
158
431
71
72
82
50
110
157
411
358
109
537
418
49
92
501
473
44
503
474
28
121
154
523
500
535
543
114
545
515
63
437
485
406
393
400
46
496
469
480
159
69
95
391
532
502
459
484
541
479
143
45
74
425
457
147
465
536
430
534
0
164
530
458
14
107
33
511
73
151
59
508
491
120
1
84
96
43
90
128
112
156
463
449
91
76
70
79
494
489
540
168
260
190
321
272
191
314
351
180
348
201
216
270
352
420
370
283
165
311
423
252
329
101
342
379
301
313
429
340
383
553
221
335
276
255
213
262
226
281
343
317
233
280
266
248
264
195
16
300
137
303
337
376
392
549
507
318
192
368
344
395
366
371
4
187
354
288
8
242
424
250
285
291
332
184
243
356
319
334
13
188
322
315
225
78
199
273
435
5
239
286
345
333
341
220
353
547
308
236
330
438
381
434
478
237
246
362
244
367
323
299
292
307
385
548
271
488
202
289
94
251
86
102
295
382
207
263
294
7
208
386
363
194
267
428
37
290
432
173
278
359
209
36
229
268
347
198
182
256
364
404
215
210
357
259
183
80
331
219
17
170
365
189
380
247
325
169
505
551
282
218
339
197
265
375
228
85
222
338
203
275
461
204
309
185
214
230
65
245
279
181
378
297
232
193
346
324
298
249
306
179
550
241
384
224
373
296
302
155
519
261
326
443
238
200
172
18
328
212
257
304
196
258
186
253
377
369
481
336
316
387
492
223
231
552
269
12
293
