405
67
123
21
81
52
55
53
450
514
464
462
9
108
22
104
88
126
542
41
99
98
24
442
471
448
413
20
57
83
527
447
402
25
408
495
40
439
166
520
150
115
58
412
396
39
521
56
397
441
141
446
152
414
38
463
479
409
15
427
398
418
148
484
530
31
161
92
61
535
107
62
157
135
3
534
139
523
71
124
532
63
544
506
485
77
512
449
490
431
327
127
114
29
421
422
472
391
454
501
497
536
153
122
457
28
142
465
129
411
118
159
545
105
174
48
475
455
416
537
176
540
498
106
10
477
390
543
469
82
500
49
74
433
45
60
407
487
130
69
305
121
32
503
43
154
33
430
50
436
541
531
103
128
499
509
84
14
473
30
168
361
515
326
342
268
251
304
311
385
256
310
280
97
211
323
346
197
522
182
247
373
285
215
365
225
230
5
366
333
370
253
204
481
404
210
271
429
188
359
236
181
466
355
203
209
434
309
513
233
192
208
321
340
232
553
507
307
279
339
270
314
443
281
354
206
94
201
424
322
295
551
298
548
213
214
519
194
297
423
173
362
301
353
258
260
308
374
249
222
360
392
286
101
86
278
368
13
16
264
273
191
187
257
179
240
170
198
165
186
376
356
269
348
189
549
383
290
237
292
155
65
302
492
244
180
184
220
193
248
349
478
231
85
382
438
245
224
336
371
547
239
266
386
334
17
12
317
345
217
80
338
357
261
226
250
8
243
289
331
369
18
185
219
6
169
200
235
207
316
293
195
223
379
265
350
384
375
252
329
284
199
196
332
202
263
262
324
221
306
351
300
341
330
216
277
303
299
4
255
137
428
335
325
387
275
205
218
315
432
294
228
377
283
435
178
78
347
328
36
227
318
87
352
364
272
172
378
102
267
288
246
381
461
212
319
296
177
367
259
