441
55
39
23
447
53
99
495
412
116
117
166
450
444
57
123
452
516
126
471
518
163
456
133
41
88
514
439
67
140
486
410
396
520
104
162
413
66
42
9
394
83
442
462
542
388
89
145
81
402
38
445
171
58
144
327
175
130
536
430
460
73
60
31
29
106
526
131
156
149
69
122
469
457
475
119
143
77
84
476
484
525
305
449
153
454
147
511
112
15
499
472
532
468
62
517
148
407
79
531
540
14
361
90
93
95
534
274
545
497
121
389
496
61
510
0
35
174
463
74
400
504
45
490
422
418
541
161
489
30
436
358
71
33
529
537
27
129
59
128
76
455
127
72
120
44
503
479
63
416
135
100
401
425
437
70
512
10
533
546
114
34
487
13
192
325
443
206
303
345
404
362
302
65
283
322
236
323
275
363
281
513
461
223
222
231
369
94
313
204
219
316
188
382
262
202
324
319
252
428
370
280
375
179
328
331
383
507
284
292
257
320
298
254
184
372
214
226
217
244
519
344
321
548
242
273
296
285
207
216
183
310
377
255
265
203
80
201
270
229
278
237
353
187
286
552
170
225
102
330
337
177
155
378
434
318
308
341
268
352
289
196
360
420
365
429
349
172
366
191
36
178
218
386
380
438
478
181
247
253
522
300
355
215
505
250
350
85
245
194
269
101
78
376
5
294
190
492
550
279
198
200
243
339
239
314
271
211
186
195
18
297
199
379
315
228
551
549
354
346
12
263
230
235
342
169
261
86
277
17
293
221
395
287
367
547
343
220
488
189
381
272
374
340
347
173
317
334
371
197
309
291
227
384
338
212
276
295
282
301
356
348
264
351
260
259
248
364
7
4
234
290
224
299
8
208
304
481
368
210
423
306
193
256
326
182
373
332
553
466
205
213
392
359
37
87
249
335
267
312
