25
410
445
394
493
448
162
440
9
123
521
141
514
67
405
83
471
452
412
52
518
444
88
396
42
104
527
467
26
388
116
397
520
462
53
56
538
58
66
89
453
41
408
441
24
21
134
145
140
133
108
117
442
495
57
93
426
417
164
90
10
398
157
389
136
526
490
499
530
541
27
132
72
63
406
31
43
544
75
535
415
44
480
109
30
146
92
510
76
497
449
143
124
114
489
512
529
403
427
274
473
391
539
73
425
536
515
546
49
463
82
14
112
100
148
128
1
48
411
161
458
431
399
358
62
537
422
0
393
465
29
482
474
51
142
472
70
28
91
84
430
487
460
528
64
543
160
110
496
3
418
533
77
95
129
508
15
127
457
437
502
409
483
13
190
262
387
225
188
224
235
362
237
155
272
208
203
245
294
302
172
257
308
287
432
549
357
170
180
86
383
80
85
200
191
249
199
289
364
187
311
252
207
253
219
299
277
243
212
227
213
195
424
316
328
376
16
347
283
378
215
386
186
443
370
373
438
255
368
209
428
314
478
8
185
216
181
367
196
282
552
395
377
285
201
197
371
102
293
17
229
239
266
369
317
429
349
340
321
323
192
343
244
435
242
268
247
273
270
259
236
356
246
263
301
348
265
355
553
306
269
267
217
251
382
307
522
330
194
300
284
276
375
312
279
320
12
291
331
6
381
385
271
182
341
7
78
372
338
324
334
211
256
221
345
87
137
4
309
296
260
248
360
264
550
346
240
310
404
423
233
333
184
292
461
339
220
466
336
198
325
351
290
366
193
342
295
392
177
303
165
319
232
363
326
280
350
204
218
374
97
178
250
318
241
379
223
488
65
101
335
205
275
322
315
551
329
513
173
313
492
288
226
189
278
420
304
384
254
37
286
481
332
380
261
94
18
5
281
238
