447
527
464
467
134
53
145
163
521
150
462
440
441
446
57
144
445
116
542
162
55
108
471
514
25
21
495
516
410
38
20
52
26
83
166
133
22
67
89
81
486
451
520
448
141
9
126
104
41
456
98
388
88
493
412
19
119
421
490
459
114
530
509
455
529
125
400
73
122
494
468
524
483
31
14
93
128
482
536
274
164
30
473
528
33
1
430
479
526
449
474
417
489
45
475
95
498
49
535
118
34
121
91
143
500
506
35
27
161
305
176
484
64
106
46
499
76
496
72
419
422
407
135
156
358
124
28
487
541
537
409
29
398
543
175
361
465
63
523
415
508
158
390
70
476
136
427
157
110
545
77
130
503
534
472
69
51
103
62
160
71
90
131
461
314
376
372
287
226
340
278
336
261
267
297
505
286
300
293
367
223
304
552
364
318
291
80
324
202
208
553
215
370
270
225
255
331
333
185
182
547
507
36
193
212
188
385
302
8
246
240
210
254
317
307
344
224
298
165
217
227
299
481
235
16
187
65
378
435
253
94
551
338
233
443
354
434
231
198
432
219
256
362
228
326
348
207
179
313
522
369
252
258
249
234
334
186
548
519
213
380
353
85
329
169
335
315
285
37
337
12
172
384
478
308
349
248
137
420
382
170
87
381
264
209
282
342
276
268
244
6
373
206
301
365
86
214
211
550
438
265
190
346
366
251
260
218
325
323
197
283
281
383
189
303
181
13
284
200
350
232
466
199
271
236
183
250
374
180
294
363
275
352
204
247
269
263
184
237
280
423
387
492
177
220
290
296
371
357
242
341
359
379
360
549
288
222
356
277
97
347
311
312
404
321
173
196
306
78
229
17
266
332
178
386
259
102
239
279
272
322
368
155
203
192
5
289
292
339
343
330
375
101
295
241
488
355
201
320
7
