467
163
68
414
410
388
446
99
104
516
456
451
394
126
55
452
171
25
134
518
67
167
66
405
138
514
21
41
39
108
397
447
144
141
442
57
439
89
542
58
413
470
162
464
495
448
38
22
453
123
412
24
111
538
527
517
409
156
43
30
127
529
75
480
118
425
125
431
532
484
536
449
149
129
34
19
537
2
483
146
459
29
511
77
489
130
515
105
32
114
50
490
419
398
544
158
76
497
142
473
460
390
106
160
119
131
422
508
463
84
415
494
503
401
128
535
103
63
47
1
454
3
107
458
51
361
274
48
100
72
31
531
534
389
176
457
60
74
46
27
403
175
45
496
90
136
61
49
502
477
407
416
465
523
69
504
164
120
426
393
124
95
499
338
252
218
339
190
366
356
334
275
137
204
380
236
330
191
319
209
276
384
352
313
385
387
304
354
386
243
199
229
548
329
335
360
333
302
280
227
307
5
217
184
198
505
170
266
377
443
278
324
286
244
314
221
376
224
295
344
226
245
373
257
268
237
291
292
205
201
287
271
172
94
310
187
255
550
188
195
238
192
194
193
85
155
342
438
232
214
288
4
353
165
551
241
223
18
478
13
392
8
258
298
177
301
208
337
231
549
428
247
297
183
235
367
370
379
372
349
378
351
279
181
6
222
371
317
383
212
86
261
16
186
362
285
328
215
248
262
375
365
326
196
424
97
239
300
7
345
289
336
492
101
36
359
178
265
357
264
253
273
185
290
234
267
318
355
312
284
263
12
466
461
350
102
80
211
78
488
246
220
240
242
179
513
507
553
325
277
404
169
429
254
420
346
331
269
348
270
282
207
17
219
434
374
87
432
481
552
249
202
316
203
315
216
189
233
293
519
382
321
323
311
306
283
347
369
547
296
395
363
259
180
294
303
322
197
272
228
