24
38
66
117
516
111
57
440
145
518
538
408
162
23
88
471
167
22
126
171
21
116
26
453
414
89
462
441
445
452
410
41
450
20
39
141
52
133
83
397
40
68
470
444
138
520
456
134
493
98
514
53
9
140
527
430
11
15
131
135
29
499
421
168
482
498
92
407
32
426
480
79
146
44
118
90
525
463
1
417
540
112
501
305
502
34
483
487
455
49
511
398
361
124
47
46
51
93
76
121
50
485
411
468
164
157
418
406
496
113
327
436
508
460
431
528
512
544
127
103
476
415
403
148
409
63
449
546
59
62
517
393
474
469
422
400
358
96
153
458
147
459
70
465
504
419
416
489
3
427
130
105
497
106
389
494
91
391
154
107
0
477
509
296
344
242
481
184
262
365
522
337
183
206
300
190
392
191
289
181
227
220
323
186
219
180
282
225
251
307
172
492
260
420
249
317
434
306
309
505
315
488
264
298
377
258
369
354
376
360
278
373
177
169
513
266
237
461
239
313
308
329
346
312
424
276
550
321
214
238
241
194
338
216
17
271
12
381
303
223
218
269
248
261
102
257
404
314
204
187
353
272
273
173
349
428
293
203
549
197
304
212
217
80
287
363
285
256
65
375
85
507
286
374
268
198
364
348
551
231
331
229
386
279
245
288
233
253
340
553
284
325
275
213
283
16
101
207
137
7
395
292
387
6
301
281
336
234
211
382
339
432
208
371
247
252
384
302
199
259
244
200
270
13
547
178
370
4
359
87
385
368
8
246
18
294
478
351
188
362
319
367
196
215
170
236
243
193
335
333
210
311
299
205
86
372
320
192
330
277
179
345
209
255
343
328
466
97
435
235
332
189
318
182
379
322
155
222
250
350
334
341
165
423
228
290
230
280
316
326
310
548
352
265
357
380
240
552
37
443
