446
410
538
39
448
152
402
394
516
514
467
88
111
452
445
25
140
456
42
38
23
521
117
56
450
144
442
24
52
397
81
41
163
471
115
464
55
98
123
126
493
396
447
414
162
441
408
57
495
171
520
99
462
486
167
161
497
425
74
34
125
63
401
118
531
96
524
503
132
50
112
135
504
500
305
389
499
121
400
128
433
91
124
409
69
143
149
14
327
422
93
484
468
390
73
3
122
403
32
487
153
541
491
525
48
82
417
49
406
469
494
106
11
415
496
482
528
479
76
502
151
529
33
147
411
483
477
168
110
460
136
62
15
79
61
436
46
533
90
426
0
454
10
113
274
70
159
131
95
361
391
530
473
28
60
30
431
157
129
449
109
545
474
36
221
80
189
392
268
309
185
193
301
215
259
283
216
336
297
282
286
547
172
229
316
355
323
329
234
86
17
349
4
366
290
227
233
260
382
325
205
187
350
434
251
387
478
488
241
280
273
209
374
294
269
343
443
481
373
278
385
249
225
310
78
321
345
254
276
279
384
519
552
326
293
306
307
292
239
275
423
281
212
272
250
522
300
551
196
507
224
264
549
200
335
357
320
333
180
248
255
319
363
324
211
429
208
313
432
235
243
183
284
137
424
228
352
188
318
199
173
311
191
206
370
371
6
178
214
353
369
219
372
304
85
296
302
548
346
428
365
265
438
213
65
550
383
285
364
194
181
231
266
244
362
351
18
332
375
207
553
253
380
203
101
337
204
240
466
340
236
238
165
262
288
252
179
192
331
354
376
257
395
348
314
315
226
202
386
277
245
271
420
210
242
13
322
246
317
356
237
368
505
328
334
217
295
377
97
220
298
8
513
190
197
256
182
341
7
381
347
404
230
270
201
258
232
5
330
379
287
261
247
169
222
16
184
308
87
155
