57
68
493
410
133
54
467
145
444
439
52
66
447
42
126
442
41
98
21
56
394
24
89
527
108
542
116
486
441
167
397
67
115
141
470
140
152
171
40
388
462
99
104
111
55
448
20
450
471
22
123
520
516
162
23
529
73
135
114
158
479
153
483
2
174
400
473
390
305
124
436
491
525
130
430
503
465
431
143
110
426
506
122
45
48
543
156
105
47
160
119
455
327
433
127
524
541
517
411
498
62
468
74
497
361
480
406
540
508
129
125
3
49
131
476
44
490
92
415
148
96
391
161
427
118
502
528
128
72
76
535
29
34
46
533
418
499
485
91
425
437
511
409
487
0
33
15
164
449
534
484
530
159
274
19
60
59
103
28
112
463
523
472
165
292
392
199
322
443
306
249
224
218
368
7
519
311
384
243
488
308
369
198
255
281
230
5
267
507
363
172
209
242
336
429
266
379
303
287
203
423
226
258
312
366
237
13
18
372
271
155
211
340
225
289
238
377
257
78
375
316
294
180
283
177
339
344
169
309
223
200
213
12
395
387
548
371
330
435
188
196
279
374
192
245
268
215
194
347
204
219
86
265
186
376
190
202
286
337
324
362
273
248
304
240
307
513
208
236
382
478
233
547
300
352
183
420
263
293
36
87
553
317
343
386
212
320
178
137
254
355
197
291
179
269
335
101
261
4
295
551
367
505
187
6
260
206
284
552
8
216
222
302
231
325
228
182
170
432
217
235
342
373
256
296
80
549
262
315
280
331
207
383
314
246
364
318
424
189
253
550
250
323
227
332
173
319
360
299
434
270
492
326
276
205
348
210
285
259
345
232
381
191
239
333
356
522
278
354
370
244
272
346
328
65
301
290
220
461
251
378
338
94
353
359
264
17
438
229
385
380
329
193
234
97
275
481
16
201
350
