98
163
410
22
445
39
453
104
83
414
133
450
99
38
89
56
23
467
24
440
162
26
542
41
66
396
81
538
57
413
405
55
402
470
171
144
486
117
451
493
527
9
53
108
520
134
518
52
115
123
150
40
21
514
521
75
136
400
533
487
528
531
433
32
128
460
430
535
474
482
30
416
84
361
483
82
91
494
73
146
485
176
44
76
436
473
174
112
90
113
74
120
510
60
149
472
11
463
545
417
19
491
34
515
100
51
477
121
490
403
524
107
407
419
465
175
502
156
132
484
92
160
511
401
426
31
305
135
125
114
479
501
358
151
455
421
110
139
46
393
459
503
43
142
106
274
1
508
2
509
49
425
512
454
497
103
62
480
539
50
544
458
517
383
303
505
553
97
212
387
513
256
197
275
291
272
194
342
218
8
392
336
338
137
13
235
379
295
285
300
221
345
193
335
382
461
202
438
292
208
326
315
283
373
251
313
279
233
384
155
16
234
209
4
481
210
287
316
302
386
211
288
185
550
268
325
214
317
299
306
375
280
344
228
294
201
266
165
5
85
312
297
244
349
350
435
353
241
87
247
356
385
334
273
220
246
552
263
182
101
329
507
296
343
80
378
311
371
370
219
169
102
37
354
196
180
519
355
231
260
357
265
341
200
195
276
304
282
237
332
289
236
337
322
369
281
363
267
301
278
308
250
380
420
242
270
271
262
189
364
359
94
239
215
522
86
226
330
309
253
78
186
284
254
298
381
7
372
230
207
259
258
248
318
428
331
18
466
395
286
217
224
307
198
269
351
366
170
478
213
333
367
352
404
12
320
240
368
348
6
290
204
443
264
347
203
65
424
245
199
261
172
547
173
205
179
191
376
255
183
328
360
181
321
17
323
243
310
346
222
314
429
227
434
293
277
187
252
36
257
