52
446
123
40
396
471
163
527
439
53
98
397
521
89
456
66
83
464
452
166
138
24
441
104
133
23
440
414
55
58
448
470
57
145
26
25
141
41
467
68
442
413
42
514
88
445
56
111
117
54
453
99
518
412
116
485
136
100
525
157
361
406
498
14
533
31
175
164
69
174
109
43
121
49
534
425
460
90
82
468
158
32
27
482
422
131
154
477
455
120
112
127
1
512
517
529
91
528
544
29
427
75
153
151
92
489
508
34
494
118
79
430
487
540
147
475
63
479
401
436
125
130
168
128
327
62
399
409
417
500
437
358
449
504
143
463
503
390
93
161
107
44
506
149
124
106
45
545
473
84
457
19
159
132
398
476
46
418
48
469
105
160
139
317
359
214
137
347
423
219
326
199
378
318
279
201
392
179
272
386
7
328
229
374
360
220
325
324
303
329
218
365
364
265
314
345
234
17
340
354
215
202
237
258
282
213
268
298
223
373
549
377
37
367
87
169
296
513
548
420
85
311
343
16
207
478
292
200
351
178
368
291
308
246
94
254
222
8
553
188
461
309
205
307
276
195
262
238
192
203
283
294
210
225
330
97
284
12
216
381
310
247
226
267
383
304
488
551
251
13
277
288
372
256
211
375
552
212
270
170
371
395
193
287
228
80
297
380
334
180
280
271
332
434
248
313
250
438
281
286
221
339
379
257
336
306
466
177
194
505
331
278
78
249
240
242
155
492
185
263
432
209
224
261
387
183
522
370
233
181
101
252
293
165
382
424
319
357
241
369
338
301
230
236
235
366
290
239
4
353
376
443
198
384
243
302
187
429
232
404
197
182
341
6
316
350
206
285
312
184
264
362
481
349
346
550
335
255
269
299
191
190
322
300
348
275
231
356
355
315
507
320
253
363
86
352
289
227
204
295
