99
146
94
409
406
61
118
28
27
424
151
74
447
120
49
454
438
107
131
413
50
129
78
75
141
148
103
479
100
65
470
315
389
440
36
472
281
416
93
439
1
138
485
152
504
54
31
83
155
51
442
26
444
32
85
418
488
293
113
57
456
496
396
92
490
153
96
104
66
53
492
48
67
44
491
15
108
484
116
143
142
14
452
98
400
462
445
30
123
90
2
411
468
471
124
95
97
395
417
420
56
436
45
157
460
137
41
381
132
419
42
0
489
391
397
216
34
88
40
378
110
35
91
498
89
135
62
70
12
486
398
13
134
105
86
60
133
450
68
441
47
379
493
367
160
531
183
344
163
355
374
266
261
198
199
405
427
200
190
275
459
237
311
276
435
387
232
415
317
187
208
240
229
262
302
260
480
185
277
23
294
316
502
509
9
371
289
309
335
288
203
465
345
112
268
192
350
356
206
19
162
25
310
234
225
348
168
535
402
526
330
362
324
528
202
173
279
194
228
365
231
538
182
145
222
360
461
373
230
532
382
338
161
337
377
188
522
323
58
300
119
251
383
257
24
536
10
126
351
388
278
282
224
464
443
349
125
64
343
184
306
313
246
244
220
7
537
370
253
181
476
407
63
189
534
401
366
241
165
318
505
227
236
193
322
358
172
258
256
164
274
499
11
514
175
283
207
384
174
508
521
158
226
341
469
269
332
250
292
512
223
245
519
159
212
433
359
354
372
437
195
265
455
422
357
218
312
328
346
329
392
525
533
326
517
73
286
520
297
127
171
280
37
529
20
242
307
144
467
235
511
214
254
518
500
106
178
167
6
264
267
314
319
305
510
270
217
361
331
176
296
8
327
295
238
205
233
5
474
219
376
375
285
196
363
364
369
191
352
513
166
303
213
209
320
368
177
169
291
180
