454
103
438
28
74
107
408
75
141
146
447
429
154
473
94
77
115
79
413
121
477
151
49
65
61
100
29
50
27
129
466
102
54
497
416
36
2
426
40
91
434
414
399
108
1
135
72
484
389
492
456
418
452
66
315
137
15
460
496
378
462
153
45
396
42
97
124
381
488
70
88
483
495
128
425
43
450
14
470
82
123
96
490
441
133
134
46
57
453
472
395
85
104
493
430
68
56
41
403
504
44
113
379
17
55
98
463
216
3
400
398
31
51
62
60
385
391
138
485
110
48
432
143
93
152
116
149
451
83
436
482
498
22
122
448
111
67
39
390
26
12
86
130
266
206
276
217
19
480
9
204
228
38
37
233
404
184
219
73
459
499
235
290
287
251
375
370
357
24
21
365
367
198
175
469
537
261
306
314
252
527
161
7
363
383
358
349
402
422
191
239
159
231
193
311
332
520
335
299
136
348
369
196
192
221
282
160
368
183
405
461
535
318
352
255
8
312
11
531
505
181
164
476
446
236
189
205
506
222
156
126
211
187
227
225
58
339
344
437
210
297
319
522
150
127
218
265
230
373
433
185
125
286
514
458
307
270
271
176
240
195
283
254
25
226
264
173
309
147
392
428
247
289
291
321
208
170
340
294
258
199
508
337
338
330
23
532
273
212
262
179
529
197
172
63
376
234
166
69
237
275
246
174
145
323
253
350
280
301
296
387
84
359
224
515
220
165
288
213
356
119
180
534
366
327
345
455
324
302
245
274
101
513
64
536
215
238
229
384
478
241
186
5
347
201
538
10
300
511
144
177
386
278
298
509
512
464
250
329
341
167
194
382
500
401
326
223
334
320
525
374
526
353
268
494
214
316
503
188
209
257
244
313
305
232
465
6
518
521
528
169
328
533
474
523
256
259
308
249
263
