120
413
117
148
424
449
65
107
29
78
61
477
99
154
77
27
429
438
115
447
79
409
75
473
103
121
412
406
94
118
432
83
54
452
453
155
385
434
501
22
132
72
91
1
135
426
113
35
81
281
139
398
399
66
378
396
56
130
137
122
416
315
17
430
472
425
110
52
492
44
57
439
216
440
67
13
70
486
418
403
108
394
93
417
400
42
55
82
124
48
475
51
96
471
46
140
466
39
68
391
441
491
497
495
95
60
111
470
395
419
14
450
504
380
442
102
15
482
34
451
445
456
89
3
390
342
460
105
483
468
488
420
381
36
423
157
448
496
487
389
104
444
143
512
478
178
162
351
384
194
282
503
474
446
11
511
188
458
273
183
58
175
125
165
106
229
147
228
212
199
233
266
522
269
343
476
510
126
537
309
524
507
284
268
245
362
480
174
161
239
200
202
360
227
221
392
231
170
190
296
306
532
19
257
262
464
187
370
349
244
357
505
249
352
292
184
382
274
242
9
160
191
150
210
171
364
527
338
277
520
264
176
172
433
84
314
20
204
219
235
259
287
523
383
332
327
283
225
366
494
258
220
508
218
286
223
169
354
300
246
211
341
222
346
241
502
461
252
515
459
260
521
243
536
516
251
359
291
254
529
514
469
323
509
365
369
247
156
299
8
37
356
340
402
316
186
232
196
506
64
101
5
353
271
236
224
345
518
428
427
215
285
374
376
208
308
159
267
319
321
195
317
305
318
303
173
301
335
265
465
168
500
270
415
136
278
112
295
207
347
302
255
334
322
179
538
358
73
144
326
226
294
217
363
336
198
405
25
76
310
499
250
298
528
455
304
422
127
288
407
263
201
164
253
375
279
368
230
24
261
404
307
355
237
69
21
6
256
531
272
119
158
185
435
386
205
437
329
387
330
