406
61
115
75
107
103
412
99
78
151
413
59
438
129
148
447
28
477
118
454
65
449
121
49
79
154
120
27
146
409
394
123
15
82
39
460
93
57
89
457
486
130
430
391
417
95
448
33
436
41
105
293
153
16
414
315
453
62
90
22
110
379
133
497
45
114
102
456
471
452
66
111
152
421
487
132
43
108
390
431
53
396
35
462
342
420
501
426
440
60
397
83
149
432
468
91
496
26
400
142
484
18
493
423
3
92
87
434
490
34
488
116
12
475
98
52
389
472
36
419
492
381
56
128
281
489
442
444
157
451
135
81
113
138
418
378
491
485
466
398
439
86
411
9
244
515
194
182
340
346
512
469
461
520
162
338
58
505
198
300
261
494
171
291
197
287
295
352
319
320
228
345
474
200
357
372
514
145
330
270
241
163
84
232
206
533
248
217
224
458
304
106
364
467
263
273
290
305
309
219
223
526
190
188
362
326
136
529
11
189
286
256
521
375
349
435
334
260
210
356
237
255
353
339
344
144
415
175
37
528
331
285
518
332
254
251
25
38
8
230
278
160
274
374
211
502
350
306
316
221
253
218
365
112
23
239
464
392
181
329
328
428
522
337
517
266
388
322
192
386
247
348
63
161
10
370
259
455
354
318
258
185
158
480
170
355
373
294
327
524
187
159
506
24
249
271
422
166
402
268
164
310
307
297
427
265
178
276
535
6
527
308
323
246
367
371
202
361
503
176
207
333
383
127
341
537
303
511
405
509
508
209
7
205
226
20
510
292
215
335
231
156
229
369
234
443
167
531
299
324
227
368
317
76
363
384
238
235
283
437
516
351
173
125
242
507
195
465
126
165
199
404
314
532
204
186
243
264
312
193
478
536
284
214
257
538
169
19
272
150
359
298
201
191
252
69
302
325
301
313
