409
479
50
100
438
118
103
65
115
78
121
429
79
454
146
141
477
94
77
117
151
413
148
107
473
410
99
29
131
408
137
432
152
421
93
481
128
90
92
456
281
53
463
417
378
30
135
487
130
113
381
1
34
108
396
398
420
18
70
493
470
484
475
460
62
39
71
155
419
453
450
114
54
81
72
293
82
395
444
13
399
44
85
139
22
216
445
451
397
26
138
393
110
153
98
111
60
448
442
379
32
149
497
35
2
97
489
47
42
157
504
12
491
43
52
57
411
471
46
414
380
495
389
391
400
434
457
67
436
486
423
134
36
123
452
3
105
48
55
468
83
68
80
195
189
280
238
212
177
190
362
384
528
255
366
236
508
405
188
176
537
193
198
24
246
361
354
257
387
313
297
513
125
145
243
179
358
308
263
244
272
461
371
232
514
8
314
204
359
300
374
235
267
251
191
356
197
347
523
321
364
346
316
519
20
469
203
213
306
344
515
294
262
174
464
284
182
278
525
119
446
507
147
58
241
363
19
319
478
175
350
209
144
285
38
304
352
383
307
69
11
223
9
186
163
509
248
474
305
180
303
330
506
339
170
187
270
167
365
178
230
433
269
222
288
185
200
353
73
289
532
227
349
415
340
201
301
467
283
258
266
282
370
382
168
271
341
252
273
247
392
505
224
309
226
318
256
279
196
336
538
233
518
524
333
136
169
323
437
348
253
37
527
372
215
502
511
435
160
239
6
184
199
237
402
158
476
368
208
150
526
228
268
112
386
329
295
357
217
367
335
276
205
211
210
534
265
520
5
338
376
375
427
173
388
219
277
162
407
207
404
503
156
327
317
536
377
291
531
181
530
287
159
240
428
455
325
322
465
310
231
245
274
166
355
165
298
275
324
250
206
332
522
290
443
296
229
337
516
328
