406
438
148
99
107
65
454
121
94
154
78
27
479
117
447
473
408
477
141
151
28
129
49
146
410
120
103
29
449
131
493
491
451
498
490
463
216
497
153
72
432
36
95
13
4
395
139
96
16
133
487
460
486
342
66
113
414
418
398
111
453
33
462
475
57
2
128
31
26
293
39
492
495
124
155
143
137
87
444
496
116
35
483
98
40
466
140
434
68
397
426
89
472
149
378
71
44
425
30
471
82
448
380
22
470
70
41
379
138
450
14
403
390
88
385
419
411
442
391
132
48
91
0
393
54
32
46
110
423
17
55
484
97
134
396
439
67
436
485
157
80
60
281
294
127
323
316
250
289
521
469
190
63
437
476
446
353
515
285
480
464
459
538
162
276
433
333
244
266
374
273
337
106
500
25
427
360
236
158
64
202
520
305
249
233
240
301
126
166
507
514
243
228
256
213
268
188
178
295
160
226
334
220
388
76
387
533
263
525
175
494
474
340
335
180
184
20
287
443
172
336
284
522
298
458
318
509
205
224
237
193
194
306
309
169
529
518
291
37
532
312
467
415
119
222
9
189
23
511
217
428
136
101
297
513
327
181
232
461
271
343
214
382
517
279
536
163
361
321
261
503
251
296
320
168
164
377
373
174
58
465
277
358
21
528
404
265
258
187
516
526
280
383
347
210
5
304
255
366
231
7
402
150
331
350
370
329
278
19
537
326
206
201
260
10
352
207
339
267
292
173
170
351
455
223
384
182
192
527
247
234
24
372
332
363
435
197
159
195
209
314
212
252
303
355
407
317
422
341
230
161
371
313
502
6
262
328
282
171
322
227
125
499
264
270
203
345
349
344
362
365
356
523
299
302
38
239
218
145
165
259
274
238
191
510
167
215
346
204
392
211
307
229
534
368
11
254
200
530
186
