473
447
141
49
121
146
61
50
151
131
59
27
154
29
129
477
408
117
77
449
115
118
409
28
78
94
410
429
479
412
39
89
139
385
44
14
122
46
13
489
448
43
123
456
68
57
421
134
416
431
88
381
216
418
80
462
492
463
143
3
110
82
90
48
54
389
434
436
482
414
97
33
442
62
91
66
86
488
403
315
426
105
42
484
481
85
379
419
41
72
1
45
293
130
2
0
70
98
399
142
152
95
153
22
114
450
490
440
35
92
108
470
102
498
496
493
31
452
17
394
397
67
56
393
4
491
378
390
138
93
487
135
423
497
411
26
420
451
116
83
36
398
55
467
302
209
511
303
337
242
287
280
271
296
250
163
314
531
189
101
529
369
351
335
295
179
228
415
210
288
126
527
240
223
267
167
227
510
346
307
469
506
518
507
313
347
19
352
509
523
186
446
333
231
530
407
318
433
208
521
273
377
144
174
332
272
175
256
173
345
339
258
348
324
317
500
292
264
514
316
476
326
402
194
207
375
387
269
323
325
259
464
279
136
198
285
321
360
275
384
247
156
168
513
494
63
245
127
224
166
322
312
235
353
428
474
164
512
192
172
443
465
147
343
388
515
213
268
522
327
176
150
290
362
222
320
205
305
170
145
260
84
188
263
301
392
251
193
331
255
277
200
455
341
265
297
187
376
252
246
21
502
159
309
234
225
435
241
461
363
344
437
233
304
358
525
536
249
274
254
185
370
361
356
371
330
69
282
350
328
364
195
5
183
289
232
524
221
365
262
405
367
37
220
278
459
178
401
191
298
8
458
372
382
171
180
165
239
125
533
310
244
211
480
532
10
253
25
161
276
202
535
199
534
212
248
300
76
270
112
286
519
308
196
243
373
11
23
181
182
294
204
427
20
354
538
201
238
349
478
