447
118
65
94
141
50
413
29
107
146
99
408
120
100
129
74
103
75
61
117
59
78
49
473
409
454
115
79
412
424
436
483
497
57
62
71
51
414
400
60
92
52
36
430
462
484
293
448
33
45
3
134
90
439
4
41
445
485
105
95
490
431
22
393
423
16
157
471
48
89
420
44
137
133
26
153
419
398
102
39
46
130
216
88
426
31
81
13
43
87
96
111
456
380
114
86
18
470
441
468
132
418
124
421
110
109
122
394
389
396
451
138
2
83
35
152
381
390
15
442
504
139
425
463
70
475
56
481
450
32
482
142
55
93
53
72
0
68
14
135
492
453
496
254
247
259
171
291
514
64
500
188
274
345
233
347
211
290
331
367
522
183
317
163
240
526
229
7
162
530
303
343
178
415
5
160
292
510
265
346
503
531
474
356
221
299
222
520
348
236
270
63
529
170
364
179
182
175
358
230
195
84
285
261
193
376
173
186
9
307
226
478
433
161
383
351
126
164
200
327
366
166
339
214
190
238
318
521
316
279
329
150
147
210
359
361
248
320
382
319
277
443
196
271
217
169
295
263
435
8
252
159
69
512
365
467
269
213
20
212
156
355
262
219
310
235
392
256
58
388
464
374
337
354
106
286
180
402
194
476
267
338
127
204
250
283
203
537
336
311
300
375
112
187
284
533
174
428
246
301
296
459
502
461
528
341
145
437
513
525
371
245
518
206
509
405
223
313
384
165
321
357
37
494
349
387
289
322
192
536
332
298
302
273
125
197
253
172
538
306
224
363
251
249
304
205
189
227
458
167
527
191
465
244
199
523
176
353
144
234
181
19
119
407
401
185
11
177
508
168
272
499
334
23
76
330
516
21
209
511
218
184
323
506
524
314
287
404
369
507
344
73
535
231
312
225
386
243
220
372
