121
59
131
29
148
413
410
74
409
151
146
77
406
103
154
99
117
447
118
61
120
438
79
473
94
477
141
408
454
479
423
35
128
96
43
471
26
381
436
111
385
496
400
431
0
44
30
47
104
110
440
451
82
4
155
498
450
86
116
475
380
472
90
426
487
421
453
460
396
143
34
445
105
122
18
130
488
53
132
390
102
495
398
452
80
430
89
3
485
466
444
12
448
484
504
81
490
434
417
457
411
114
468
501
32
149
137
2
395
420
439
88
98
51
83
389
113
108
138
48
482
93
33
216
97
425
483
133
87
1
92
17
13
135
463
456
139
403
342
16
62
95
481
343
308
213
266
162
119
249
217
259
224
84
10
21
328
288
531
220
284
181
349
525
299
160
346
277
8
323
264
326
513
240
23
535
280
290
226
112
190
253
461
362
494
510
271
357
150
210
327
341
300
5
297
351
354
172
392
6
295
347
193
307
260
282
229
227
340
355
332
373
11
175
352
528
532
459
176
223
208
183
518
283
145
191
509
345
211
298
446
371
200
197
147
404
235
508
529
76
333
228
503
465
267
158
507
233
511
234
252
179
204
344
64
311
250
433
73
364
324
136
258
9
236
101
199
520
257
201
161
248
365
212
517
387
178
407
337
219
198
184
370
185
533
506
242
222
382
238
331
330
209
480
273
166
329
316
369
167
374
165
303
205
360
207
530
372
182
243
180
388
254
225
524
246
189
244
338
522
348
37
171
526
202
366
521
276
469
7
527
20
195
367
69
512
289
516
163
458
361
169
173
437
268
356
336
476
301
63
325
58
320
383
515
350
304
230
474
319
285
174
422
247
269
187
318
313
192
218
256
478
334
427
221
214
296
455
499
415
278
144
363
239
305
38
156
194
286
106
251
310
534
339
322
255
279
287
353
514
