479
438
103
154
120
429
447
424
454
410
412
78
74
131
151
115
79
29
117
406
129
27
146
59
94
99
413
141
75
449
498
488
48
489
60
399
33
381
67
491
342
378
420
293
89
104
0
139
153
457
442
281
46
71
124
86
130
398
426
111
51
57
85
4
96
32
466
396
82
18
482
504
26
487
216
315
15
122
432
140
414
391
495
142
80
114
496
16
35
430
451
110
92
3
450
135
143
423
403
389
157
501
14
134
490
421
445
68
493
452
34
460
395
40
484
88
472
1
448
468
128
137
52
47
481
12
475
492
133
385
149
54
470
419
113
91
425
411
90
440
441
471
485
167
464
181
269
177
306
401
288
301
163
311
11
25
465
201
316
527
191
383
422
206
253
508
299
194
258
321
446
295
322
319
352
433
69
189
303
314
356
513
204
376
474
238
244
263
320
363
361
145
231
192
318
179
256
476
404
387
233
326
277
515
532
159
358
294
435
339
355
255
340
230
427
182
198
158
458
516
241
331
178
38
176
249
524
260
221
245
162
349
388
533
212
200
84
329
336
136
519
364
503
305
467
218
328
267
246
528
171
500
377
351
386
250
525
126
290
536
534
144
193
372
366
7
264
150
223
229
285
259
354
190
405
226
337
514
76
37
359
538
278
165
332
437
254
173
175
219
275
531
214
289
300
247
186
161
517
21
535
174
365
317
203
443
512
392
341
407
10
239
205
210
325
119
237
63
459
469
537
268
196
375
262
353
428
330
195
19
164
367
248
360
338
369
127
292
309
357
172
284
266
202
370
313
187
251
270
257
276
344
324
480
494
236
235
505
350
8
529
209
265
199
274
9
183
507
402
343
185
382
280
168
232
302
156
348
307
455
227
180
478
374
334
24
64
225
310
243
506
234
147
308
499
286
217
384
73
304
