473
454
410
100
61
154
129
429
449
107
408
99
49
65
59
50
406
79
74
131
479
28
447
148
121
409
151
120
117
27
132
439
124
54
440
394
486
381
385
104
110
451
445
389
490
133
482
411
472
41
425
14
414
421
487
485
86
48
68
452
416
114
484
417
22
430
395
53
18
504
444
315
432
153
87
281
431
17
105
475
26
113
31
397
419
66
403
56
456
52
488
434
139
70
96
33
157
35
462
34
457
342
60
71
111
80
380
501
57
93
498
216
2
39
15
426
98
83
378
152
30
134
492
1
51
293
45
89
72
130
149
143
442
109
82
128
471
470
398
390
91
391
90
5
505
200
9
259
341
8
331
422
302
319
294
225
292
162
407
271
237
458
204
518
317
335
150
507
20
296
257
263
136
357
517
144
167
275
232
194
172
260
360
199
181
330
374
362
387
285
235
305
217
511
538
163
435
364
214
512
327
258
494
513
529
19
337
192
402
313
256
367
238
222
229
324
175
208
521
455
218
325
279
338
188
231
247
289
358
345
156
284
344
76
405
384
310
126
190
84
392
239
182
158
220
304
363
322
459
308
534
242
312
249
318
369
377
7
526
266
514
323
510
63
355
230
303
268
112
286
25
58
226
6
523
309
508
461
201
347
366
213
336
228
127
280
316
290
273
251
388
174
352
189
264
522
282
69
376
196
195
351
202
533
428
314
524
350
333
535
184
221
37
339
234
372
356
245
368
287
343
276
269
306
160
437
361
506
365
11
299
295
176
527
371
197
340
255
464
443
278
509
243
101
516
354
198
265
297
211
224
500
212
329
261
170
476
328
246
370
530
519
531
300
427
24
23
236
499
474
73
532
320
520
205
467
301
375
349
274
215
536
173
177
465
469
233
383
250
415
248
332
191
334
244
223
525
382
478
169
