49
141
447
99
121
146
409
424
479
103
429
29
413
131
410
115
28
412
118
61
449
94
477
117
473
438
75
50
100
77
31
216
281
40
83
393
423
90
434
48
385
486
36
431
421
501
378
1
440
22
483
485
56
114
116
451
432
44
16
123
426
460
471
39
490
466
93
489
85
41
104
396
66
453
2
420
152
293
488
81
342
132
448
470
411
491
62
400
493
43
315
495
13
142
439
33
51
92
398
450
155
57
468
105
18
82
419
3
95
12
26
110
0
463
416
45
414
71
417
102
475
140
482
97
130
70
124
17
15
96
462
380
441
391
54
472
89
52
394
134
133
35
395
364
323
415
377
314
177
387
388
295
294
186
260
167
252
533
236
201
164
316
356
508
181
318
64
191
347
206
257
328
229
300
465
228
363
443
404
285
119
516
190
286
174
259
383
517
227
510
156
265
280
189
467
171
205
352
20
325
308
511
23
532
178
213
353
341
37
248
506
147
525
21
10
292
422
384
69
196
239
176
24
271
335
348
272
319
437
150
166
84
371
127
126
264
244
344
194
306
538
494
402
212
180
365
337
273
368
200
197
226
187
355
282
500
350
249
338
163
250
366
375
234
358
407
170
7
321
217
158
165
235
63
195
254
199
513
313
535
9
221
255
159
298
446
73
362
386
351
297
367
258
317
144
207
369
354
334
519
112
331
299
161
373
283
521
188
270
266
284
514
267
11
499
526
192
327
240
232
288
242
531
329
169
238
230
263
253
301
502
311
312
231
183
326
361
464
209
208
524
428
476
392
433
333
405
261
203
291
346
382
530
474
6
245
237
458
25
220
251
307
160
518
345
101
528
324
275
5
343
175
515
136
233
469
202
480
106
243
219
527
534
537
401
262
184
370
246
455
320
214
162
223
522
507
478
215
222
58
