429
413
131
151
99
154
121
74
409
94
77
49
118
412
447
115
107
424
50
129
65
28
479
100
454
103
406
410
27
59
66
80
87
105
35
451
71
138
104
30
116
472
109
399
397
391
379
425
22
452
130
468
133
34
26
430
123
139
111
60
135
395
398
128
485
42
153
124
137
157
48
81
43
92
90
56
493
33
15
426
36
389
86
143
432
17
448
93
463
441
46
394
342
385
416
471
414
400
83
3
462
496
122
444
72
95
142
421
102
88
396
488
483
440
501
420
436
97
417
490
434
31
418
2
487
442
403
466
82
450
16
32
439
14
12
431
484
381
453
486
152
89
149
358
522
388
458
73
187
362
401
232
509
250
266
248
169
318
193
9
363
311
313
101
11
210
354
270
494
275
196
321
168
310
357
537
177
374
267
183
302
290
478
348
227
536
254
208
359
106
19
209
184
5
383
185
262
291
277
361
186
263
160
535
531
301
189
292
274
280
350
255
320
203
269
176
469
112
6
58
459
272
220
325
513
373
329
217
64
223
455
360
309
249
502
222
428
239
156
533
304
392
499
319
38
353
286
346
345
194
119
84
24
330
171
147
402
331
465
236
333
241
317
175
437
251
279
257
212
307
264
211
526
298
530
505
337
243
276
253
283
226
355
366
218
246
247
238
534
338
334
69
214
516
404
63
201
305
284
524
37
161
259
230
273
356
506
347
205
182
474
234
224
294
369
306
21
377
364
518
192
199
282
173
245
519
340
125
382
446
308
480
328
503
10
296
510
511
324
7
538
179
375
240
323
527
25
368
221
174
237
126
405
461
180
145
166
517
231
158
303
500
150
297
20
299
219
285
322
197
289
370
202
372
515
464
162
228
23
508
422
300
386
314
159
336
200
144
181
136
532
427
371
295
529
225
339
387
213
167
