118
115
94
120
28
77
100
107
131
473
148
429
154
121
75
409
29
412
438
59
410
454
406
424
78
27
79
408
103
479
451
105
293
40
102
80
342
18
2
137
42
385
315
123
411
492
504
417
140
396
440
495
134
0
416
481
110
491
379
149
43
390
96
432
381
1
132
92
414
16
281
450
393
441
426
68
108
497
30
45
66
72
475
51
496
439
52
26
434
460
453
46
34
152
420
31
378
93
56
489
90
86
91
471
389
124
463
468
391
488
57
456
139
399
395
83
419
12
33
466
54
13
400
142
98
104
44
442
67
87
111
135
14
155
71
462
113
60
490
15
403
133
445
347
242
126
291
193
258
186
188
8
296
275
264
517
500
225
357
404
508
224
277
6
266
370
510
178
321
349
198
507
221
506
173
476
311
353
11
372
335
279
106
527
241
356
367
340
422
37
234
239
174
147
343
136
365
464
278
205
213
231
269
262
212
119
314
175
446
316
350
518
520
287
360
163
171
480
382
469
323
280
516
373
305
179
194
474
312
161
362
165
177
352
292
300
243
511
502
525
328
283
183
415
345
208
244
270
299
158
290
233
377
23
64
331
286
387
535
187
284
144
101
230
247
515
261
145
459
256
301
76
237
5
336
401
330
267
386
7
236
181
526
402
9
433
197
435
206
294
203
478
125
512
530
210
318
319
232
271
38
371
238
255
388
182
346
289
222
354
355
164
519
392
427
202
127
295
324
274
359
505
368
523
537
180
337
185
260
235
207
344
166
407
308
320
376
253
384
220
248
322
303
25
276
265
195
363
227
341
313
458
329
499
240
503
361
204
348
524
168
455
73
521
428
19
176
326
297
327
531
263
522
534
189
84
514
364
252
339
509
467
223
533
272
58
288
21
169
369
209
160
254
317
325
333
162
309
298
196
