79
479
129
75
94
103
61
50
410
449
148
115
100
408
78
413
424
141
406
454
59
438
28
412
29
121
151
107
146
477
138
380
397
475
420
423
57
142
417
421
60
462
456
122
30
97
451
393
490
149
481
0
80
81
130
501
43
293
432
54
108
3
89
17
66
22
445
491
13
463
216
385
104
133
83
109
113
4
51
492
395
93
111
67
444
46
31
483
86
485
489
448
123
41
440
411
430
431
137
33
48
486
442
482
281
152
116
68
468
114
436
26
389
466
398
139
12
381
426
44
450
434
441
132
42
391
457
15
88
45
32
96
396
52
70
342
92
14
394
157
40
135
98
38
251
168
437
331
374
368
226
327
312
336
23
446
160
209
266
535
225
243
522
126
370
204
127
184
352
343
235
339
265
538
250
196
476
164
230
383
63
20
286
5
433
279
208
520
360
227
224
277
511
190
514
311
348
166
537
231
307
202
337
258
302
248
181
255
401
287
254
180
330
422
371
236
304
296
37
284
261
214
464
244
407
272
280
269
291
513
276
294
340
382
357
508
257
240
415
256
435
171
295
199
527
253
532
533
321
345
163
301
147
306
512
494
349
310
186
443
528
299
324
210
219
245
478
268
101
328
203
320
174
297
333
7
144
189
355
194
358
319
58
282
530
316
259
338
384
455
241
308
458
25
459
369
260
499
346
169
150
206
242
220
325
387
21
300
361
182
402
229
366
178
76
502
179
215
517
326
211
534
112
238
263
228
145
167
427
341
362
510
375
334
289
290
524
177
372
252
221
247
377
185
218
515
298
222
292
344
212
329
365
521
303
309
465
270
363
73
195
273
506
314
505
172
232
156
317
8
367
323
405
205
536
176
519
207
6
305
529
262
237
223
119
197
19
159
283
64
106
264
278
474
318
136
69
313
173
161
