336
302
316
28
344
23
10
20
17
305
367
307
340
310
330
304
312
327
12
339
364
326
22
309
24
13
333
341
325
357
295
276
995
286
930
934
964
989
281
273
954
976
298
939
980
955
947
296
291
287
948
999
956
950
992
938
945
966
981
973
402
387
416
435
398
30
52
434
420
54
406
396
376
403
43
374
417
433
42
46
373
390
384
439
437
431
50
432
424
389
477
496
492
460
509
87
480
88
481
484
451
478
459
69
472
504
470
507
85
67
453
76
473
463
482
489
75
444
83
445
520
551
566
102
542
113
554
548
114
94
526
92
559
535
531
112
524
560
577
549
517
515
555
528
115
104
90
100
103
562
123
141
646
134
636
648
600
133
642
136
621
635
605
148
585
647
590
149
596
622
147
615
633
128
591
595
594
129
131
582
173
661
691
699
709
692
672
716
701
698
671
664
675
668
158
161
674
167
708
151
684
154
694
152
719
700
153
711
686
717
727
181
723
774
764
189
755
192
202
724
768
743
783
729
747
738
739
190
765
206
756
208
182
754
728
746
184
737
769
780
218
834
225
229
794
856
809
821
858
847
219
224
849
816
819
212
231
823
843
221
232
824
213
853
844
825
238
854
230
851
926
871
889
927
865
267
874
867
873
868
887
906
898
251
259
863
899
244
245
258
922
912
862
909
885
872
896
864
925
882
