363
337
6
334
366
353
368
312
25
15
347
9
341
367
304
345
352
23
329
315
343
12
8
4
349
356
17
335
317
320
934
295
284
985
299
987
988
975
282
273
937
276
986
948
280
991
978
938
270
990
992
974
274
954
989
999
949
956
940
281
427
402
41
38
46
40
55
386
419
391
50
435
410
413
388
414
31
428
57
378
408
393
47
35
32
373
371
424
387
403
88
76
62
487
484
82
467
507
493
455
503
73
508
453
454
451
447
464
69
492
465
471
75
450
481
495
462
478
445
84
569
565
517
540
530
570
107
117
534
527
100
93
519
556
562
554
514
567
518
578
91
536
550
560
553
541
559
528
576
521
627
143
647
614
599
596
615
581
138
130
602
636
624
611
591
619
641
608
621
635
134
587
146
582
604
585
137
126
597
623
678
685
700
671
157
654
682
159
177
668
152
659
664
155
166
170
705
662
711
688
151
663
667
689
173
677
709
154
179
171
749
771
765
778
187
197
785
720
736
730
784
191
200
188
183
760
722
185
780
787
727
732
209
726
742
190
731
743
759
786
224
842
229
798
822
841
817
227
796
216
848
816
214
819
212
239
792
797
811
855
839
221
231
228
858
808
233
220
846
791
877
905
881
261
248
874
928
904
246
861
266
886
263
907
244
241
925
865
245
882
867
920
887
883
879
912
256
924
915
243
