343
8
10
7
19
341
362
25
308
12
327
322
347
5
311
368
340
303
354
325
333
360
364
326
9
300
331
342
351
330
948
290
274
944
943
996
964
278
945
956
934
297
962
984
990
279
937
966
933
932
981
960
982
963
940
950
985
953
281
967
425
59
32
30
44
405
397
393
40
378
385
414
422
57
39
376
419
373
417
381
396
34
411
418
427
436
49
413
409
380
69
89
502
495
444
494
486
87
442
492
467
508
450
79
480
80
476
448
457
481
63
474
78
441
73
458
493
504
473
478
567
578
101
540
577
528
93
557
104
569
526
543
94
109
562
550
574
119
547
555
568
549
515
544
514
92
522
103
97
573
625
126
613
139
603
623
595
129
127
618
596
590
642
138
134
124
607
146
600
647
602
136
632
614
617
633
622
611
130
599
673
687
179
158
716
173
155
709
688
171
651
707
165
695
672
660
708
168
652
152
714
684
677
670
686
662
656
678
685
156
737
754
741
740
776
184
205
750
779
736
789
766
186
187
777
192
190
752
722
747
764
757
765
733
193
748
200
749
197
731
223
855
812
231
801
216
852
232
859
236
233
793
212
798
853
825
837
224
857
814
809
790
225
839
217
796
222
215
835
817
889
920
249
861
893
250
928
916
865
897
253
918
879
895
886
870
860
926
894
871
260
929
907
912
248
258
247
878
259
914
