1090
4251
3972
2267
820
758
3665
4337
3230
644
2769
4379
4680
3791
3309
4773
4422
3083
2225
3108
2665
1153
3942
350
4144
3619
2687
1092
3117
4492
2039
3241
1876
3587
2030
3660
3422
1850
2205
2835
2530
2424
1558
581
3884
2988
688
706
3618
4860
381
3394
4638
1396
4370
1694
673
1315
3056
1209
336
3059
3740
1909
1526
2128
495
1797
1607
1163
4538
4839
3089
4245
193
1498
3555
4845
681
4650
4733
4435
16
2499
2930
4501
3875
1055
2070
3681
1495
1515
1969
3093
637
4407
329
1849
954
1954
3303
3550
1960
2116
1321
3878
676
4167
3570
1518
2558
4346
1257
542
4203
1487
3992
91
2054
4482
1828
4415
3904
3109
1195
1896
772
392
1559
3589
4583
2123
2238
36
4894
639
4327
3836
3796
736
3631
413
904
1410
2804
3710
2157
132
582
4445
3095
3494
3861
4737
2
1442
3607
2063
4385
586
4510
1402
3537
3373
3302
2343
2323
4805
244
675
1695
3741
658
1445
3257
2722
833
1301
1352
3003
4369
2332
3939
2656
100
1086
1440
4296
1179
3851
2816
1335
3048
1024
920
3706
310
2570
1638
441
1449
3657
2329
2010
4431
1569
2088
3133
1284
2676
3640
4916
319
2845
2971
3023
2933
4356
18
358
807
2807
1052
564
897
4473
3
3562
881
1888
3684
3676
2689
4779
1252
3564
3996
2566
2735
647
408
787
419
2308
1678
2970
2398
212
103
4533
1046
3099
104
2923
1529
2681
3577
3603
3817
1550
1161
3019
500
1033
4685
657
4870
1541
1642
445
2392
359
3598
852
4436
2026
2449
3671
3557
3107
136
3999
4322
4614
1216
4269
3714
638
740
803
3782
68
2623
185
3096
1665
3484
1812
85
210
3376
1234
4306
4299
376
979
3718
3445
3159
4699
224
3758
4732
4034
3194
1218
3970
4350
1937
2858
192
3893
1418
1594
1035
2074
2531
1453
3579
3845
1534
2919
3624
670
2628
3066
3852
3605
708
3962
2048
3223
730
1053
3151
2952
700
3348
963
1026
1800
1260
2207
1043
1391
1773
2178
4838
1113
2838
2594
3790
3113
2104
4634
1767
1230
3698
529
1624
4620
2583
2180
4484
4318
2319
4786
924
231
1347
3345
3907
73
26
4357
4141
2815
3512
4891
2390
4684
3571
1229
2914
2985
1134
756
314
4855
4248
3114
1591
2361
3546
1622
888
2388
2513
2504
3455
247
1226
3393
2033
4585
4881
2425
1920
323
4849
3816
2708
222
892
2339
1726
114
3509
3591
1365
4020
315
1887
2004
1702
3362
259
3058
240
3780
2226
4231
2830
2429
3263
2653
511
907
3820
4711
362
3565
610
3831
2720
4377
1815
3288
4012
3480
123
4351
3072
3016
1080
4624
4211
59
2648
152
2837
3275
1450
1967
1348
541
1756
1340
4735
4537
930
3924
695
2522
2978
4724
482
4611
2151
1710
3456
1789
2330
1740
4491
1439
1754
371
391
3777
973
4705
1275
439
3503
1171
1744
2606
174
2353
2094
3881
507
1177
1701
724
4009
2357
1836
3291
1361
4789
3849
2872
530
3196
1346
1101
4210
206
599
712
145
4041
723
276
431
1653
3953
2235
2541
1982
4209
501
2223
1478
4652
1565
1574
438
958
3656
3783
3050
548
2206
2766
81
3952
2153
2432
243
4829
933
2893
2441
3077
4712
2921
2438
2214
4293
1983
150
3646
1116
3413
4594
1097
2375
3749
3419
357
4734
1651
1882
2036
4080
1331
2479
3818
4460
2443
1889
1879
4885
3168
2891
802
763
2099
2273
882
181
4168
1727
127
4421
4758
969
1772
455
3976
2282
2406
884
44
3486
3070
4575
796
3928
3253
4507
107
2234
3434
2990
4582
4419
3178
4329
2852
1567
4702
2168
3770
2374
1103
2465
4544
3859
1955
1825
671
2257
3523
1403
1009
1908
3617
1644
4744
4378
770
4284
2696
2133
1196
3505
2082
2549
3282
1538
4302
468
3651
3053
121
775
3201
660
3975
3262
3647
2395
1415
2125
3102
811
2999
3274
4166
4309
2460
1513
1029
3359
2750
2904
525
1288
3427
919
52
1734
2283
1025
1605
1067
1570
2528
2703
220
2741
3126
2084
3596
1125
2670
4831
1844
2877
4341
1788
388
1832
1820
4437
2276
2160
3154
1262
1228
809
2358
1823
4
2995
1898
4053
4462
4511
237
913
4438
4411
139
2884
2849
794
927
2106
1317
1174
3061
3387
822
330
3784
2260
2119
4417
2864
3934
1612
4799
4714
3458
3173
2702
4109
3147
2337
4564
3686
4522
2546
4781
4102
547
4515
3685
4769
628
1089
3022
4527
2498
4488
2563
3921
2241
2685
3195
1159
2144
1978
4498
4297
3639
4182
1110
4391
2263
1406
4262
2427
592
1224
1997
4780
4904
2784
2806
1798
284
3076
4082
1686
2926
291
159
4565
1595
1210
643
3369
2659
3580
2470
2298
2770
1464
293
3876
216
2488
1860
2196
1198
1407
2691
4720
3375
1847
4016
3954
1719
1270
225
2333
4665
97
3175
870
143
308
1738
1799
2610
1596
4561
4727
3652
3699
1630
1872
950
2021
1330
2524
3470
3136
1427
2987
30
1420
3370
1792
3704
3450
166
1991
1473
1326
1031
4675
164
1922
1392
4776
3941
4833
1428
3054
4155
2731
1158
334
1468
2369
4112
1106
1783
611
538
4913
2569
4812
452
3374
2310
1528
2412
1094
2386
465
82
3720
4632
3326
235
4725
4186
3922
4667
4666
4772
2556
4266
831
343
698
1602
4100
4224
3969
60
260
2148
3672
2415
3805
2159
3074
2862
1668
3261
4118
1217
3046
3821
1062
4424
1482
3717
4049
2630
84
3867
25
1404
1457
785
2889
3007
3181
3122
2817
2959
4259
4121
196
3293
578
2680
1875
3729
4295
3534
3381
31
2079
2710
1987
2854
552
4749
779
1582
975
2559
1746
3558
2799
1038
2607
2306
3592
3229
3870
4024
2865
3822
4771
4706
3712
349
2532
1620
1760
4899
2637
3307
3008
2028
4135
3185
3146
3966
2145
1883
834
3843
2285
522
4149
1981
788
1385
4442
3363
4796
1771
2346
596
1214
1416
300
4088
751
4775
3891
3123
4286
875
473
2014
1633
4656
4698
496
492
2172
572
4308
3900
3364
3082
74
353
4770
1715
4234
417
2233
1646
4147
526
3439
471
814
4213
2690
2181
4549
3654
4889
1627
4200
2139
984
1293
1808
4363
682
3632
1266
311
3600
2433
1133
3192
213
3410
4701
2608
4338
486
3943
4559
4520
931
3267
2947
3873
4376
4045
322
363
1990
4828
1354
4151
2103
4007
1311
760
1974
4349
28
3067
434
2591
3060
1499
566
1971
4516
4832
2140
3721
140
2828
515
3310
2553
3277
4850
4294
372
2572
4023
4874
1123
3144
3963
2721
1015
1647
462
560
4864
2182
1697
1280
345
4830
2122
3366
4794
980
3187
3819
3705
4461
3984
290
2391
1192
2660
4323
1880
278
2158
1507
2286
1273
3454
1778
3031
4791
1609
531
3674
2669
1543
1265
3696
3573
3365
4444
1102
3620
3689
4315
4587
3247
2943
4047
3029
3462
3690
2114
4563
778
4566
3601
2248
144
4134
4232
1245
1070
2562
409
4795
3495
2345
2078
2654
3872
3322
748
2577
4172
935
4025
1687
2340
3642
93
227
1984
4807
1296
2542
4573
29
1201
3174
1307
1100
4170
1681
1782
1689
464
4347
4878
458
2675
2694
2452
3765
1610
3742
437
645
4804
3659
3986
955
801
861
1725
3392
1658
4181
463
1395
2041
3724
2725
2185
3695
2527
3141
4622
1829
2448
2526
4116
4105
1178
1458
1980
2658
2385
450
19
1918
725
3700
4843
3906
3554
2321
2957
1631
1446
4662
2797
2882
3799
4244
783
3757
2803
1121
3006
3380
4243
3955
4627
4865
407
3170
899
4826
3332
2457
1761
1463
1194
4334
1809
508
4028
4008
4192
827
1867
2011
4099
2069
4616
4089
175
1913
2595
3227
2839
3544
2176
2194
3479
2853
977
642
4721
4126
4139
2255
2866
1626
3334
1099
4093
3542
2270
3051
3165
2497
2668
540
1953
2582
4222
1081
2699
2440
2962
4158
1721
2565
1263
895
1841
4875
1248
2664
1405
1986
3548
1371
1677
2965
3582
4897
2188
4101
3207
4550
133
1088
3997
2305
799
1233
1358
4618
1058
4005
4868
3926
3518
4362
4471
4193
3358
4014
3017
1933
1075
773
2258
3081
1874
4195
4466
3215
4394
1017
3649
3021
4190
3244
2506
4184
4263
182
2161
2576
3567
2073
865
2003
1020
1484
4219
1968
2796
2418
2540
3937
1680
2089
4534
556
4238
3400
2368
1269
689
443
932
576
2075
632
1723
338
1308
2455
2805
2111
429
2948
4180
4693
2335
1221
3429
3838
3754
12
1547
2895
2492
2751
4013
4630
2453
1211
798
435
2723
3669
1441
4002
3574
4800
929
4058
2414
3225
3256
1848
1560
2615
2935
3190
3500
11
4555
4416
2015
2254
3738
4863
2334
4607
1573
4503
1936
4474
2105
1946
2883
3611
3311
4570
3271
2297
4048
3993
4077
4696
1970
1164
1510
4342
4017
3923
3901
753
4075
2458
79
1030
518
4114
108
577
585
3103
86
4750
4888
3111
3655
4137
1381
1242
2571
297
1480
258
1152
3769
1588
1938
2831
1019
1713
3844
4183
2366
4509
1117
4348
1157
1616
2846
3629
1036
4439
2900
1816
4420
1525
3193
2728
4230
3862
3004
1878
1203
4472
716
769
1722
1648
49
3713
2842
4856
709
4481
3608
2493
2179
3319
4596
2960
3158
4208
3268
3296
4743
1298
510
3576
1271
451
1536
129
1186
916
3203
3630
3236
3018
1989
620
517
3160
4265
2789
2564
3637
4408
2184
3071
853
2195
3856
3125
3519
762
1423
774
4486
859
273
2230
2290
4836
2401
947
226
2459
1338
3349
876
13
1845
3793
826
1708
1571
4104
292
3936
606
3329
1173
3644
3888
3877
1304
3613
4258
1732
3947
1752
3321
1066
4040
2940
1409
1379
2108
1590
3915
2519
3728
4912
2408
366
3320
3078
3297
3405
4513
2773
2626
1285
402
2409
1999
78
2732
3005
4619
3981
4798
4827
2793
3525
211
3761
4506
3935
2968
3001
2189
1460
352
4157
125
2031
4741
2955
424
4646
3524
4371
3323
3279
4633
1666
2910
4335
2419
1869
3726
1493
2969
1537
4087
3150
1750
3162
1168
1363
3552
1839
4846
1643
2667
661
4402
3403
4051
4742
2822
1231
2262
4793
4689
3092
739
2737
56
1724
3529
2278
879
1706
1467
2231
3432
1078
749
4841
2216
163
3134
784
251
2287
2918
411
1014
3258
2420
3245
995
571
233
2844
3116
4254
2407
532
2646
1294
1576
1485
1672
2393
1851
3210
545
1966
2534
1200
672
3675
1426
4389
4814
514
3490
742
2057
2222
2934
1684
32
1905
3615
2672
2279
4740
1641
1373
646
497
1673
4751
2051
2430
825
4393
3536
2170
1583
630
4301
3087
923
3563
2360
255
2348
281
2673
1862
1747
721
2867
4673
1475
4325
4612
4467
4191
2510
1840
1342
1861
2829
1253
2365
4212
3407
4174
1901
3703
1411
1998
4708
4752
2289
2228
3304
1472
4383
3266
2922
793
1947
789
1438
1247
539
948
2820
2973
838
558
2727
72
2536
64
4414
2060
1466
2953
1299
3827
173
1972
1023
4519
1895
3593
2417
2001
4872
777
2129
339
1256
1863
4128
2065
2949
4031
2757
2951
3350
1581
579
1718
2726
2924
151
3338
4081
2098
110
4817
1235
2778
3840
3243
1601
4457
764
4568
2869
2821
1900
985
4448
1238
1212
828
4604
4824
4681
3556
1639
926
1282
1675
3399
4678
3792
677
3504
3351
4120
880
3715
669
573
3794
4205
4854
1278
4514
813
155
1049
874
824
351
1964
3333
1170
1244
2989
3846
4892
1885
383
2652
1790
2954
3418
382
771
4574
2550
3932
236
1016
3055
1254
3028
2875
1807
2983
4485
3014
1191
2199
4247
4214
1838
2454
1654
4602
1615
3157
3925
4810
2152
4156
4493
1597
299
3226
4906
3945
394
1759
2939
2055
1931
4345
2545
2688
341
2439
1181
2083
3457
1443
546
3908
2100
3755
422
4592
3214
261
1884
1939
2164
998
491
3664
3208
3324
3730
1935
4382
205
580
952
4027
4300
4755
1150
1454
3499
3202
4504
8
2064
2535
3625
3688
1741
3011
4304
3389
3747
1261
4154
2265
2617
797
3850
2840
733
823
4688
4687
690
860
3161
3259
1814
70
4808
2596
2137
1122
4283
3443
134
2476
4783
1045
4729
6
2253
4146
4177
2996
1942
2709
2177
3894
1143
135
40
2059
3885
957
841
2444
1617
640
894
179
1730
3106
207
1572
2588
3371
3094
3065
1833
2005
693
2331
4900
1069
2746
3313
4886
2752
2397
10
871
3325
953
4479
4432
1471
2056
1368
2604
561
1183
2421
2544
3487
2490
184
1063
389
2974
2581
978
3355
2113
1911
2967
2537
65
4599
2976
265
2742
3353
3467
3466
1387
4476
1929
4083
1628
4314
1988
1082
2201
469
982
317
4339
4202
3514
2765
4110
1105
2808
1360
1921
2066
2850
3446
4173
2387
588
2776
2169
3522
2986
2890
2416
4545
3251
554
215
105
1496
4043
4092
3787
4317
2671
176
4187
906
1781
3222
3774
718
401
98
4107
4372
4113
2964
4536
254
1332
1743
4159
3453
2400
2876
1509
1412
4267
3653
361
2578
69
3040
2342
4505
960
1032
974
3621
3677
4331
2411
1915
4353
575
4477
4429
1028
2905
1923
1054
1129
1034
3804
2512
4384
4044
1074
886
1892
3342
840
2053
941
67
3485
2138
2294
2906
2555
3027
3835
3902
3834
3042
896
4404
2932
2635
504
1830
2187
3810
1527
3397
487
4887
1339
4427
4557
4125
944
732
3152
3892
595
2888
2781
248
3436
4189
3538
1295
2683
1637
528
2651
603
4059
3569
966
4609
2712
2782
1114
4497
3848
2029
1313
2461
3167
3977
3204
2317
4310
2810
1604
4185
2413
1119
4797
4285
2638
4723
3341
50
2897
1857
2243
1714
3184
4613
3228
2745
4064
1124
2547
3880
172
137
2050
3609
555
3597
4556
2037
2383
2240
2239
2704
2790
2376
3778
4428
3179
987
696
61
387
1044
2072
4919
1563
4225
4292
4330
2892
1006
4753
4446
3012
4405
4567
2124
2811
2599
2102
1962
1128
1916
4677
4639
4073
3807
836
4902
2355
3643
1891
2197
937
3812
3354
3038
2292
3515
2110
3762
3641
1320
4774
759
887
1500
3002
3483
4449
2649
4626
2587
4001
1977
943
4512
867
4201
3234
280
4319
4368
3776
4608
2127
1374
1606
3264
1302
2363
2261
502
3510
2456
626
3933
989
3599
4731
3438
1674
1669
3444
4003
20
2602
922
138
2013
2909
4837
3118
3396
4480
3745
2944
3795
3973
4647
663
878
1289
3238
2836
4434
2468
674
112
3356
2516
386
1858
4030
768
2502
3759
550
3663
4218
1310
2827
3292
4539
1599
249
1027
704
2467
956
652
1973
1957
2730
2557
2913
4221
2847
1705
4287
3871
1852
3199
4400
1343
1155
3420
1469
246
810
3357
4360
988
614
1505
2885
4636
3903
3763
4288
2616
1748
2825
2251
911
1325
277
2938
4366
3305
2299
2131
2208
1243
1287
4726
587
4590
2474
1776
2143
3773
1187
2755
3367
267
2136
1344
3385
604
4809
4589
806
333
2539
2362
2517
816
1375
4669
1336
252
4852
304
2917
715
1008
653
1784
4055
1578
3073
1351
4148
2095
2354
1430
119
94
1634
3920
520
3521
2774
4645
2405
1483
3752
2043
3506
2035
1842
2841
423
3287
2221
3460
1506
4788
1549
4730
883
4719
3566
4307
2619
3890
3683
2256
3520
4136
1679
1664
4425
605
4554
3779
1005
3604
4903
1356
2695
4692
4532
2794
1300
1474
4535
2076
1388
766
3808
4543
3206
1682
868
448
142
2174
1603
390
3559
4103
1130
223
3378
4915
3502
734
3965
1640
4256
877
2590
1225
747
1291
2097
1943
2313
990
908
4920
2496
2469
1618
3232
4298
3186
3143
946
4069
2020
4862
3687
263
2928
4046
1801
3549
4076
3743
3037
631
4739
4336
2640
524
3578
4065
2586
2327
893
4390
4359
839
3034
2785
2759
1757
3417
3489
1241
3709
3488
1585
2795
4917
3854
3863
4029
4745
4764
678
1250
160
3361
4119
1542
3517
2915
3707
3182
2396
2621
3246
442
96
1169
1417
2592
4215
4777
918
4281
792
862
3140
717
4660
2863
4643
1834
4412
1693
1222
1893
1791
2341
1108
2307
3824
38
1004
4569
2749
3497
2760
3188
3701
53
2507
1696
1600
4019
2937
1309
14
1281
1098
1303
4813
2472
3145
4398
1659
4756
3086
602
4084
3164
187
2719
4097
2772
2047
3561
4717
2655
4355
3372
1151
3826
3468
141
2678
2644
3927
3335
95
3075
746
1497
4762
4409
3120
3967
2304
2605
191
2022
2232
565
3746
4531
3105
719
2211
1370
4153
2743
3788
3079
3693
2783
4895
2002
2579
3798
195
4340
3290
3734
1452
4541
2802
4722
1691
1785
1083
2961
1079
4825
1156
3829
2165
9
2786
4478
3047
2894
3233
2777
1707
1818
2382
1180
2791
623
1504
2643
1709
2009
2210
4766
1319
3171
4546
786
3635
4068
2352
1408
37
433
4508
4548
4061
4206
2324
457
17
421
2213
4628
964
354
2880
2244
2356
641
1107
1625
2344
3692
4290
1561
968
131
3476
2109
1853
4487
4605
4668
1688
829
158
4748
2464
3883
375
842
202
365
3299
2071
106
4819
66
2007
2912
2495
3327
3957
925
3711
3530
229
3748
3252
3616
377
1190
4278
4847
4547
3858
4918
4358
410
4410
4728
4152
2833
2739
2192
3964
4553
3330
4697
3285
2767
3988
3526
1796
2936
2062
3991
203
3218
478
3785
3308
735
3760
971
996
2711
3971
2280
344
1236
2012
864
2315
4456
1383
4312
2389
3979
2318
3634
5
2250
4707
3148
494
616
2370
2322
268
301
302
857
4631
4176
2312
869
1277
1906
1312
415
4761
4898
4483
562
1904
3121
3750
1393
2309
3336
3294
154
2410
272
3516
3398
2717
3961
4277
4289
2756
2814
3533
680
427
4397
1401
720
1456
2162
843
274
4364
115
4710
1059
332
1961
1613
1731
4893
1881
4091
2972
2613
2081
4801
2347
472
3697
3166
634
4223
2484
3691
2067
4676
1488
1553
4426
2762
4036
1349
909
4649
2642
4821
3295
3237
4352
3024
1958
241
1364
2740
307
1021
3842
2632
3918
2227
3989
2220
1268
393
34
2471
3043
4060
3735
910
3814
1870
1598
1619
2758
2714
4581
2525
4406
3628
1950
4560
1047
4610
970
4233
1477
3128
2300
835
3459
436
754
4736
2466
737
2903
1149
4606
4443
983
2096
519
4257
1855
1810
2364
385
1255
2529
4143
4106
2984
1329
4785
537
1425
3733
1085
2118
2017
567
1362
24
2819
1369
2879
3751
303
656
3283
1514
4096
400
3860
3583
1476
1357
3219
3825
4115
77
3595
4276
4637
1976
1632
3823
2190
3312
1621
4171
4595
1775
2981
3612
2068
3661
2597
697
1444
3163
2991
2371
3220
489
3682
3180
2091
4500
4108
1912
88
4123
2303
1390
3112
4759
4255
2426
3301
993
461
2212
1227
804
126
584
3594
2706
2446
1660
2641
2684
3057
936
2508
3716
2092
3169
3200
2404
3265
1924
2274
90
4716
4690
3606
208
3249
3360
2650
1703
2295
1184
589
71
4000
1003
2505
367
4896
4641
1451
1399
331
551
2402
4026
1258
2252
4820
4517
1274
1533
2198
3553
2942
3614
4691
624
662
1000
4396
2463
600
2006
1486
1328
1490
635
4150
2941
2763
2848
2275
4454
2135
4018
4430
149
2288
726
3068
4401
4695
3129
1556
1345
654
1193
2552
4463
3744
1165
3725
1524
4768
4282
1072
4140
2202
608
3030
3889
3020
2584
22
1817
3130
4882
3424
1720
3507
1965
3590
2707
2697
659
2038
4746
3588
3149
3339
399
405
2661
4050
805
533
48
782
4629
180
480
4661
89
2032
1013
1350
2373
3719
821
262
4580
2787
484
3035
2614
4072
1568
3010
3421
2112
2008
4883
1050
165
2798
4291
4577
4320
4062
729
1593
7
4207
130
691
355
3960
4738
1821
1127
1322
849
4848
570
2834
2326
1126
3586
4593
4196
4052
3138
3318
474
4161
1806
1548
4579
4642
1949
279
4469
2503
4130
699
1587
4648
380
4237
3983
4778
4644
1095
1826
2501
1188
266
3532
4558
2925
1215
1925
1010
594
2044
1011
3377
4490
4658
2982
3464
1934
885
3781
683
1465
4271
2130
2481
2115
1952
4142
2682
3897
1902
327
4175
2733
4079
3315
707
1511
2351
745
3191
1662
2945
3340
1292
2269
1663
1462
686
2173
4621
4576
2146
2520
3638
1297
1422
404
1927
3864
4572
347
791
3469
3317
3176
3388
2245
2716
2301
649
466
1084
1145
3255
2296
4117
3723
3887
790
4440
1093
1717
169
4132
1185
305
4597
3832
819
3402
2813
3568
1774
2631
1733
3101
679
1508
4655
2753
2381
780
4070
934
3650
3801
1811
1592
1871
2509
3452
4326
269
2896
2058
2141
1154
1018
257
3423
563
4835
2149
3731
1554
625
961
2729
2134
2473
2870
1813
476
122
4071
513
3382
4236
3272
232
4787
328
1926
460
2625
2045
4682
2573
4375
1380
4551
2692
711
418
3914
3837
3395
873
3636
3212
1803
3668
1091
