2339
4624
36
924
2419
1583
2685
2958
116
60
3067
2934
4566
3934
3589
3947
1367
2764
4379
4181
1827
2449
2955
4665
329
4380
3995
2659
660
3768
3562
4904
4740
2346
97
802
2978
2073
2158
1529
1875
127
1909
4588
3696
3651
2036
538
4471
1262
3877
3675
1797
2117
1558
1242
4168
592
3550
1123
3393
2735
783
4461
2817
1589
2482
438
2233
81
3391
1903
529
723
3997
4878
3652
183
1195
1690
2182
4699
1844
2521
3685
334
3580
1569
644
103
1020
2968
2818
4178
3601
3600
3706
2049
2343
3619
3347
239
3296
3072
525
2861
1577
4465
3939
2075
2633
2429
1404
2255
4651
3352
1311
3486
531
4334
3563
1415
3615
3092
3644
3380
497
4789
2258
4800
278
2145
1783
701
1780
3888
3084
1560
25
3818
3936
2266
578
2027
388
3565
384
152
1031
1106
32
1092
1742
3985
4550
1983
3281
1424
712
2140
4455
4232
3366
51
3273
3710
1792
3116
4698
4208
2702
3721
1752
4867
2337
3363
4302
1825
3213
3784
3551
3223
4781
4431
59
1104
4144
2242
522
3107
2530
2668
1574
3381
1017
1677
2527
4020
3950
2751
121
3123
4254
763
1475
3134
1269
220
3362
4316
3365
83
1573
2747
1234
1347
3990
3007
3052
1698
3986
1348
1048
3253
591
3089
1874
1971
3729
240
3582
3369
1110
222
900
724
4350
2267
958
4679
2422
4622
1410
2031
3754
1633
2839
1710
601
2460
3146
1240
4354
3316
1744
682
4318
2388
1078
1746
3948
4791
1407
3096
3031
2273
1485
2254
1070
2531
3891
1665
1681
153
2445
3198
1453
2470
78
2999
2455
1499
4392
2943
2372
3019
1365
4436
4089
1209
1981
1595
540
3192
1843
744
2957
293
2493
3982
2883
4472
515
3630
3103
3996
4474
3119
4066
4441
4294
1427
3368
1715
1100
311
417
3416
1648
3859
224
2766
3793
3139
4114
4863
3173
1887
583
2689
2415
193
4779
722
297
2475
3262
4534
3056
899
2377
1605
1055
3332
3790
2987
574
3951
2069
2519
4420
3728
1782
1096
1970
4099
788
619
1933
3257
3753
611
847
3529
350
2357
687
1263
2741
812
590
330
3879
2286
1285
4421
4842
2824
2217
1802
552
980
1463
1239
1993
3591
1296
1196
1352
210
4845
3861
4916
2594
2737
3008
1416
4411
3113
2680
3820
4775
426
1816
3622
1117
4402
4435
164
4749
2611
4016
3125
517
2569
2789
1868
572
4674
3201
211
4002
1828
1899
2170
2054
1076
285
1845
2408
1482
3512
1503
4864
4776
3783
3690
4529
2568
2340
2485
1323
1217
4829
3048
4794
4671
4913
4843
46
2108
4009
1470
1333
767
2540
2330
1734
1643
1898
1418
1099
3547
3432
3195
1163
4725
3954
2099
1492
2577
4838
725
1446
547
2114
2046
2855
1102
1938
4270
1226
4363
4914
3471
4272
1081
4211
1354
1178
1586
913
4387
1721
3544
3904
1330
4377
2524
2872
2542
1512
730
4007
2367
1620
3141
3405
4798
284
2930
2564
2178
1537
76
2353
1969
2394
1724
556
4727
3009
4253
3574
1024
2538
2104
4689
1101
3660
545
1228
4087
4417
3111
3244
1112
3117
2105
4885
2701
736
2658
772
4709
2395
68
1866
1301
507
1002
3876
3114
2420
1678
1751
3976
3494
2259
4408
3277
667
1321
4792
503
4014
316
434
1653
2094
4155
1293
1668
1157
3063
2636
2940
3508
3992
3215
4180
939
1607
4323
3168
1202
21
4601
3631
3300
1094
2438
2526
2041
4795
1038
1991
1132
3322
2893
470
3602
4216
881
3536
2852
4890
107
1420
2626
646
2910
3159
1314
4732
492
870
4507
1645
1478
2335
3930
4038
3136
1765
26
1467
1392
1908
4118
2687
2349
3131
1661
1670
3987
2257
45
298
3001
3993
4063
4685
2637
4634
4258
4200
258
413
1428
4841
1984
4102
1946
2553
2179
3657
1449
4830
2391
1960
414
1434
323
359
1658
162
532
4850
3805
1530
3929
1266
2736
2947
3737
435
518
463
927
4506
787
3821
3712
1552
1182
3573
3321
1596
3203
4251
4582
2993
3390
3537
4856
1450
4056
3769
3274
637
1740
1528
963
3704
2441
1955
2205
29
1389
3448
1230
1068
2430
4653
1719
3189
4765
174
3071
1702
2828
4510
3419
1786
139
4343
4518
3306
2666
3021
738
1722
2089
596
2854
133
4758
3074
4453
1502
2710
2673
3236
3058
4151
3095
4833
721
1525
4515
3437
3345
785
1275
2176
1396
692
3519
1820
4870
4561
2226
2111
2125
4348
3560
2270
569
495
1937
1288
3849
2528
3665
1144
3329
1779
4868
4711
1371
1273
2884
2877
2532
4542
2926
2609
3524
832
4139
4889
4496
2093
3765
613
2865
4268
1974
4249
2696
3359
4771
2151
4693
977
1086
2374
1922
3659
4769
2
1391
4077
4195
2583
3033
475
3626
3923
1087
3726
3847
3555
4811
920
2846
4751
4075
1036
3736
809
1134
1166
2238
4780
1778
1684
320
2128
2283
1588
571
3158
3571
4451
4618
3278
145
2085
1125
4186
3190
543
2442
4666
1614
3445
4450
3015
2133
4737
535
2084
4773
831
3454
2310
3833
2268
778
3314
4492
1481
2101
3227
4646
273
4074
2948
1594
1989
467
2630
4407
4652
3851
4086
907
2874
4744
3093
4147
3966
4611
42
756
3959
3181
3708
3881
1040
1626
975
3534
765
4874
75
3523
2807
4438
671
4188
972
4321
3124
4437
1306
3479
177
1441
4718
1878
4227
1409
1967
1987
1650
2204
3165
825
1804
2582
1880
4724
3718
3475
3674
770
2708
1673
3126
167
3307
3777
2551
2139
2849
4197
739
125
4860
2298
606
4182
1692
3409
4389
2914
4511
4217
3099
2121
3875
4166
627
4828
3240
3839
3910
2728
698
598
4047
259
4261
3579
1167
3054
647
79
1990
4522
245
3053
630
2392
548
2620
3505
2359
1402
820
995
1052
196
4127
526
1701
1862
527
1847
1767
576
3428
1913
3022
3605
1667
514
954
129
585
2492
56
4034
1437
4090
3373
4786
1517
2323
1030
3358
2694
901
4051
166
4433
4341
1385
3323
4365
751
2479
1894
3245
3049
4242
4012
1318
3970
3412
4315
136
3374
1566
3633
19
3758
3671
1067
1738
237
1406
2867
4101
3154
3813
3230
1671
2082
1753
1739
628
617
1442
4733
4656
1975
2980
1982
4814
2225
1651
57
4501
4327
1284
4266
3817
861
3177
3525
632
3878
1756
3974
1936
762
2681
3447
2927
4192
4459
3178
1708
3293
577
2264
1340
3656
3413
1201
4228
4357
3969
2276
1966
4058
1153
3608
2562
2977
643
4638
753
1062
855
2478
221
4614
863
2744
1602
2412
2675
992
4491
2603
1233
2845
1015
1948
3006
1097
2436
381
3632
3886
4831
4100
2921
452
3142
4866
1260
933
4235
3346
2623
2159
3229
945
4712
1317
4238
774
3060
3225
3276
2677
931
2565
3911
2918
2088
290
3901
2670
368
3722
1695
2995
2308
2358
3066
3770
2750
1883
1928
253
1771
1944
779
814
4231
31
430
775
3078
2784
4264
1158
431
132
113
3458
2319
3896
1435
2148
3194
1173
2699
1199
3639
3496
2662
163
3320
4702
3003
2559
450
2723
2119
3915
4598
1338
82
379
4635
4
1168
4082
1812
3415
500
1536
3962
243
4131
1376
986
969
1754
3845
673
283
2126
2185
2653
2443
917
1694
2878
3913
1249
684
4303
2350
3258
916
1211
2570
599
3705
1819
3275
4840
3334
3224
73
700
396
1732
1680
879
451
3617
4170
2458
2560
999
4165
2572
1747
4296
244
3319
4149
1579
3509
109
4488
2079
2796
1652
4093
4444
3870
2070
146
2297
409
3838
2147
1103
216
1066
1080
3843
143
1689
2837
3291
1046
2773
1995
2477
2816
1815
233
1687
437
2200
1876
3162
4796
288
2693
4423
1725
521
4784
1346
3144
4897
2622
443
1229
784
4526
227
1837
3570
3484
2014
865
315
411
4552
3462
2575
4190
4834
4894
225
2287
2028
3809
3598
2703
2360
1872
218
1630
4876
2952
4342
4376
3554
4706
833
92
2607
3370
2407
4527
2423
2793
1737
1808
2215
1513
4199
2935
4533
4209
1394
1657
1377
2452
3376
4105
3620
651
3326
2214
1713
904
1403
1773
2180
150
4460
4617
1439
4121
991
3676
1534
1996
4627
511
3379
4126
929
3844
4418
1057
4619
4799
1035
742
2453
1493
2428
4157
1381
3607
3624
473
755
3921
2016
3241
4194
3051
2333
2933
1543
3386
124
91
4024
2929
1174
13
1334
3045
2414
2334
372
3640
2369
1800
859
3872
3720
621
4111
1423
4306
447
981
3127
3282
4442
661
4823
1612
424
1141
4836
1326
3596
4594
2026
3686
3348
1980
2218
4812
1315
2440
1058
4530
27
2418
593
458
2248
4371
4213
1805
1120
4846
2899
231
1213
3757
1136
4378
1565
3924
1419
2891
4415
3942
1270
376
2731
4244
2748
3541
2279
2216
1841
2803
2010
3059
4135
2576
2282
3689
2831
801
1001
2375
4520
695
3797
308
3500
1007
192
4308
41
2690
348
1547
2842
2033
4219
352
117
2499
2887
706
1276
1498
2384
3247
1161
2390
1647
2648
1641
2290
1014
2209
3062
2459
2866
2030
1538
2025
2656
1194
1918
4243
921
4337
1458
609
2457
3587
100
251
566
1487
4815
3160
4005
2189
4240
4183
2628
3480
2950
1836
1025
955
74
2399
371
3761
4662
4134
852
3115
4701
2970
3535
615
1864
2409
4028
2919
157
4790
336
3963
1986
4263
2285
287
3546
2713
4141
235
1361
3482
2229
2672
3667
4482
3539
3122
3577
4694
1198
2691
2963
140
1272
4596
1726
2667
2348
1164
3629
4094
2835
1308
1727
3576
581
4888
4338
4473
888
3764
3511
1666
4714
3441
3581
892
1177
3931
1152
1848
1772
4006
4772
2734
3387
485
319
3077
1526
4017
4349
3796
2902
1849
4037
3303
846
2040
1869
3618
4855
2732
3540
1440
3852
2230
1447
2665
681
4675
1799
2838
1298
834
3023
2329
4301
2862
620
748
1029
4370
716
4607
4265
3400
2103
1712
3297
4680
1075
2332
3375
1627
270
3592
3869
4245
3364
3972
3669
645
3175
1248
2770
3542
2522
358
2595
3039
2608
3981
758
486
2316
3439
1355
1856
3699
2196
3952
3613
1629
1769
2491
2379
4273
811
1121
4475
638
2907
2183
2263
1448
3187
357
4395
3999
2882
2386
3503
3647
3672
2106
4424
1421
4544
402
4234
2235
2122
84
1539
3815
2048
3567
1867
1395
1210
1760
509
4912
54
407
4804
657
2889
4049
255
398
4587
1460
4112
3422
4538
1622
3279
2722
4494
2859
4088
3267
1919
4335
1464
2011
2157
2160
2806
2664
3906
3928
1616
1697
803
4632
769
2615
4259
4445
362
1761
597
807
4004
4104
4138
897
508
33
2249
4891
4013
3207
3646
2639
4048
499
3738
1413
1609
206
2262
3943
4394
363
2424
3083
3867
3658
4641
3020
4352
2474
1310
1787
2989
1322
2829
1592
4386
4810
2911
444
43
4658
1549
89
4505
1945
2320
4091
4463
869
524
2064
1962
2974
3521
1018
3489
1533
4787
2827
2307
3204
3065
3979
1704
4396
3164
2585
3286
3944
2716
4400
4722
1328
4738
2745
3568
4132
605
1743
745
4312
3239
2076
4603
840
4688
1636
4065
4171
764
95
1806
3510
3578
4304
1640
2888
2778
4332
1870
2850
2801
2555
4189
1156
2221
1012
2138
4637
3531
1250
2137
301
3367
2265
3804
537
3355
4275
1290
1791
1212
903
4574
138
1388
2067
1309
4777
403
1821
120
489
383
4551
898
1128
141
906
1362
1572
4809
3897
4759
3260
3148
4886
2192
4019
662
3040
3085
2898
1223
3042
4030
4452
3902
1486
2755
3584
4703
3234
777
2495
714
2729
3825
1142
4906
1531
4403
2979
4514
1688
3269
704
1350
1632
2938
4802
241
1842
3719
1611
1438
4919
3406
1546
3832
2008
3967
1603
3451
386
40
3903
3628
2851
3725
3846
4070
346
2476
3561
3823
1065
1278
4483
797
864
2749
3129
934
1305
3357
4443
2709
3378
2344
3597
1617
3735
442
4687
6
1297
4610
4076
4645
3246
844
3932
1807
1451
2599
3457
2165
2780
4145
1685
2314
2198
4512
3973
252
3013
289
3338
4677
4027
2022
2928
2272
389
1237
3925
3527
3360
2584
2456
622
4428
3135
229
4215
4612
558
96
15
4128
3732
179
3399
565
3653
1130
1185
2469
679
2614
1877
1679
4853
2776
941
1593
4707
8
4330
3232
4146
2581
1947
380
1824
4410
3837
3331
3212
131
2790
2600
1261
4558
436
1417
490
88
1091
677
877
4893
2296
4052
4035
1225
2202
400
4374
387
2034
2411
946
665
2447
1979
3774
4640
2325
271
2324
1881
3858
536
4816
3477
821
650
4130
3444
554
1902
2706
850
2624
3382
2876
2640
1259
3292
4871
2467
1923
480
217
454
936
248
1138
2627
4018
737
944
395
4649
3171
3730
4757
4237
2976
3800
768
2487
3452
656
4528
4785
456
200
2605
817
780
567
4429
686
2925
608
2342
3504
1522
546
3545
2007
2227
1398
269
3691
4682
2098
1047
3688
4212
795
3105
562
3767
3788
659
1846
4202
4097
3343
3965
2018
523
3280
3530
2053
4440
2100
771
2621
2949
1105
4457
1013
377
815
4661
65
1408
2915
3152
3426
4307
2081
3514
1374
3919
1122
940
2819
4648
4185
959
2489
2905
2587
4643
872
3487
1776
854
1083
2578
2463
1254
848
1578
3533
4221
128
678
4730
837
3339
1917
953
2417
2187
874
1745
997
1150
2932
3528
449
420
1623
361
3219
3431
4753
2972
4310
2742
1675
1189
3824
1910
1149
2382
105
1669
3166
4697
3775
3385
404
2791
2982
3917
2765
2967
1369
1430
416
3627
1324
2240
4615
3418
312
4591
2326
4115
2916
2753
161
789
4125
4668
197
3435
3325
3228
2061
3848
3857
1412
4068
3312
4291
382
3583
3834
4162
4485
2130
1268
4479
1784
4567
987
2567
1060
2912
3421
2717
2788
1401
793
2501
498
533
1491
1380
2313
354
4895
2671
2823
3295
4847
1147
626
4095
873
4857
355
4821
1291
1246
4339
2631
4404
1516
1155
1393
1988
1011
2840
3233
4292
3604
2480
168
3140
2269
2115
1857
1831
4267
4476
2190
2535
3249
2953
1282
3673
2811
3828
2707
2757
1618
115
184
3670
2836
3773
4010
1585
4824
1615
4059
2997
4524
746
2210
3827
4278
3094
3308
3789
2295
4375
3638
3436
3750
2017
1165
3145
2939
2826
3746
1762
3616
2774
4521
180
968
4108
137
4427
4412
2847
505
3073
1368
860
170
3371
4324
595
3384
2090
960
974
3356
836
4373
2942
4430
305
1111
786
58
4497
4918
390
1714
2652
4169
922
1895
2645
580
4409
1961
2299
2362
299
3079
4576
1222
188
3305
3621
866
3687
2688
3553
1000
67
3635
3609
4636
3623
792
4364
1207
2996
3752
2719
4681
1183
2024
4279
961
2821
2998
4541
2638
2038
1904
759
187
50
1916
1432
1853
3772
2785
448
2602
1220
2903
3880
1127
2983
3868
4467
4478
2169
713
3874
3566
3733
1455
3606
1151
4593
614
504
3184
1803
4290
3205
2304
3894
2060
149
4517
4822
3643
3778
1900
1357
3889
3697
2975
3983
1556
1720
4122
851
3440
3908
483
2380
2102
3209
1235
4508
2219
983
294
35
563
718
3130
655
4133
3395
2808
664
4205
232
303
1553
824
734
3214
1705
971
4043
4289
112
998
938
2124
3026
4548
1890
4887
1461
327
2586
425
3994
1505
2080
2897
2629
147
1958
604
982
1865
2197
1041
2777
3372
3854
2592
4729
2203
2167
4257
268
880
4553
2364
4647
648
2507
4031
328
4852
275
1319
3075
3433
491
1871
4022
2775
2113
2813
2131
2378
1912
4123
3703
4747
3335
4096
3183
3882
4861
1232
3664
2294
2857
3330
3216
4655
70
2213
2245
2301
342
1935
2712
3795
964
3401
3157
1635
1436
4540
2810
2548
3641
3010
4160
4691
410
4586
4311
3014
130
280
1399
277
711
618
910
194
1785
2087
3488
2484
3337
2650
3723
1005
4604
4103
2848
3532
3502
2794
1474
1508
4808
494
957
4639
4062
2909
111
2092
1542
4449
4813
2336
4281
1219
2152
549
4704
2247
351
2173
2244
1775
393
1208
4761
2466
2739
4021
1360
4177
1604
1343
72
4360
39
1384
3264
172
741
4026
2798
943
976
1886
3648
666
2879
2129
3760
4766
2890
1129
1628
728
1925
1793
2365
1454
1613
3284
978
307
1830
4728
4756
2370
1838
2146
3167
1452
460
3826
4241
625
3318
949
5
1927
2212
4556
2557
3242
4229
1431
885
990
928
1637
2284
2894
64
911
3180
203
3120
555
2110
2946
4239
2292
3038
2644
2520
743
1044
173
2107
719
2550
2416
3179
4862
3206
4883
2598
2220
207
2193
3693
77
1253
2779
4493
370
4073
635
2619
1700
1985
584
715
1443
134
3243
570
720
160
2243
918
2868
1054
3585
3905
2533
1500
4198
1119
215
2155
4523
2083
90
1312
707
422
266
575
4233
2814
1520
4880
3610
654
612
3998
2686
2056
2012
457
3964
4152
1169
1959
1759
4487
1118
1506
502
845
318
1763
3707
513
2771
1497
602
4390
238
2250
1494
1911
2135
1649
818
2787
1336
3149
4664
1028
3417
1085
1511
2767
3989
680
1696
1390
1289
3569
4858
2311
3336
1718
2661
805
624
98
151
1302
4119
3404
1952
1942
3283
2300
966
1299
2271
1561
2885
1243
3683
3464
1292
1496
3814
3599
4536
142
588
868
4468
2574
106
3501
331
1287
1264
302
3794
1095
2058
3143
3957
428
2539
3887
1545
4745
2354
2649
4159
4298
1811
3438
2752
4692
1965
603
1795
3682
1621
4469
4011
2964
2682
909
3350
2175
4456
2881
3237
3762
3914
1755
4207
1598
3499
474
1143
1554
1197
279
1699
2820
4071
4271
1682
2404
4577
1332
4872
4817
1994
2596
2617
4905
3188
257
22
3106
4282
669
479
4519
4388
726
3028
3255
2880
2005
4590
2733
2143
256
4143
1691
4425
195
4710
1519
623
1077
1244
406
1893
640
4626
190
2044
3294
4716
4764
4191
4150
2013
4055
4901
3549
3080
71
694
4353
4033
1548
1489
1873
4606
1976
3226
1972
80
321
1049
4107
683
1320
3692
3000
1154
4300
823
2032
4625
2177
1425
4154
4372
3408
1998
4660
3980
4782
3354
1835
1659
344
952
4654
272
2291
1940
4844
4383
4054
3806
3002
2312
1016
908
4398
3956
1364
883
3453
2112
119
3497
1833
3515
2503
3112
2355
1597
649
2920
806
1625
3522
48
2162
3446
589
3755
205
2825
4384
2642
3785
557
3353
2134
2762
3803
1532
668
4774
690
1115
374
267
733
2431
856
4554
4448
3137
893
1397
418
3430
3218
1674
1387
4454
1042
2055
3711
4432
4136
3763
3182
4120
2754
4326
4464
4176
1027
3254
2718
2174
2573
2579
3041
2514
20
3389
4896
3559
3759
1540
3811
3792
3043
3743
405
2922
4480
2072
1140
1921
4163
703
1472
2679
3402
553
1949
2536
427
512
2387
835
1639
3899
4064
4608
171
2698
286
629
4589
1286
2951
3538
38
415
3662
264
3506
1137
4287
691
1777
3745
3341
1717
4250
2758
550
2410
487
1022
3024
2389
3968
4569
2341
4717
1656
4153
4285
4748
829
2554
4214
3313
4700
4739
2186
4495
705
2371
1
2625
948
2508
3036
4446
4803
4366
790
2006
2363
4562
62
3420
4067
1801
1345
2483
1356
4260
3459
1892
2517
2863
841
1476
24
2727
1884
1619
4642
1471
3057
2651
2252
819
94
3025
2496
2604
2724
2759
4678
4201
2461
365
4848
1924
2251
937
2328
2590
347
1184
3744
2516
3012
3898
1794
3298
4247
1736
4015
2239
3801
1992
3231
4084
2224
4708
4319
2944
4336
4623
209
3978
750
2471
3920
4406
3885
3411
34
2141
506
2873
2580
2730
2715
4368
2132
2544
2468
3709
4036
4609
2917
1188
4736
816
261
3715
4061
1190
4547
2616
4818
423
3176
4305
1741
3949
3086
178
3679
2191
4835
4314
2472
1386
2683
4236
3252
2009
3677
839
1469
3398
1683
4414
2856
871
1114
2462
2490
191
3047
1544
4490
1003
559
2338
3808
1861
3035
250
4911
3186
1351
2035
1599
2002
3315
2695
1575
4179
367
61
2714
1774
2413
4613
3960
3208
263
4358
3301
325
3132
732
1563
2150
2396
3666
3812
828
4546
4920
2066
2277
1462
2941
2439
1383
1108
2711
3468
234
3748
4557
4531
3272
4204
2746
4156
3290
2589
889
1459
1973
3425
3324
1514
3594
808
4277
3161
3661
956
4539
1840
519
2246
186
373
1488
4767
2841
776
446
2127
3634
3636
1813
3068
4882
1074
3200
1370
3388
2275
1600
4788
3169
1885
1281
4081
813
1479
4581
2906
3850
1061
2704
1329
3461
2705
2986
4599
4900
4910
534
3918
1063
4340
3890
3442
2043
752
2783
2446
3034
988
1731
4543
697
516
1524
4092
3864
925
461
1215
3855
1608
1931
4854
544
2211
3516
478
1501
1568
600
2256
1008
791
3866
246
3361
2834
2376
4367
3572
1693
2523
1901
1504
2643
2832
466
1073
2870
3191
1660
2421
1050
3668
3485
1382
3027
