1966
3605
4666
2556
1450
1713
1186
334
4624
4380
1815
4020
3647
508
3954
1376
3481
4878
4037
1724
3049
1195
133
1321
3144
2241
547
1999
1913
1231
1196
4734
1590
3669
3878
2541
1120
3910
103
2551
4638
4157
3102
2457
3215
3147
781
3311
1194
3518
962
3819
3250
775
2703
2128
4419
4376
1067
258
227
2225
86
3083
4507
1771
2093
3721
3579
3582
4056
4402
1866
3962
1240
3959
2615
3770
954
108
3924
3540
3015
1928
2488
2511
583
1427
4318
1458
2445
1481
1409
3655
753
2345
500
459
2993
196
2359
2710
2948
127
3387
4675
2864
2902
723
3181
749
2350
3192
4442
3771
2343
3419
1980
3498
91
4232
2725
4369
3712
4913
3108
545
3474
3570
1035
2052
4309
150
3173
4744
3780
290
630
875
518
2321
163
667
1440
1534
4830
2267
4622
3512
1971
3640
2569
3005
2263
4268
27
2125
2901
438
2122
3950
1746
3875
4394
1413
3345
2933
4109
1738
4601
4086
4795
1799
591
2852
240
3947
4335
1354
270
4009
977
1695
4705
1094
3256
1802
2482
1681
4348
1864
1080
3381
2853
3375
2824
1749
758
3974
1009
363
2069
4012
1296
3603
3141
3348
1571
4038
670
1528
3849
3363
3058
4829
4131
4323
450
4158
4114
192
1708
1610
661
564
3550
1487
2181
637
2084
2831
2438
1868
3912
3686
2921
1029
1653
1570
235
3534
224
1179
3753
3541
2748
1641
992
1426
4415
628
881
1104
1918
3017
2858
4053
619
492
162
146
3632
1485
4112
1442
3158
4417
4294
2700
2434
2835
1825
3696
3769
4520
3737
582
145
2369
882
1650
3589
2504
3273
2147
2930
4611
1335
1347
2899
994
2971
4017
3642
4099
748
2478
109
3852
913
2357
1478
2021
2970
4234
4650
3929
891
287
3637
2654
4732
4308
3412
4423
1626
1167
1410
3659
3565
2226
2914
3646
4502
3303
1053
182
4881
785
1441
1751
646
4888
2653
984
3194
3833
4891
1402
4077
827
503
57
2713
3757
132
645
349
4459
907
3793
2441
219
3100
113
1658
1068
4840
2477
2664
4646
4445
899
3410
3484
2796
1970
3091
4657
676
2423
2260
1981
3349
1547
3695
3063
1843
4733
2443
4750
1090
1889
1271
2842
2995
4735
237
2070
4897
2572
596
1851
1539
3210
1948
3509
1737
414
4385
4149
4238
1510
915
85
1159
515
3146
1883
636
2792
3076
3714
1677
2234
243
876
68
1596
4444
3123
1862
1017
1293
2207
4662
2023
541
3893
3456
1844
2105
467
353
4272
599
4481
4665
1363
660
2744
3563
1449
4088
4087
1437
3639
3174
3600
2249
510
4780
927
4093
1517
3836
1773
4437
1535
4253
83
2183
3059
1808
2310
1624
1782
1569
3203
709
3289
1218
3557
4503
3229
104
4074
3297
362
2750
2891
4333
381
1457
2448
2498
517
3314
3921
3278
1099
3454
3
4184
1421
540
4673
4598
3508
2268
2670
4634
3151
3006
3078
3651
3479
1273
2418
4102
3613
3475
3056
2559
2987
1983
2519
2980
2027
3546
4178
4617
201
4671
3761
702
3320
2302
4342
497
1064
507
3710
2721
1899
42
4306
2866
4706
1075
2401
2196
2603
2593
2398
4363
2927
4651
2960
4845
3817
335
25
722
2736
4721
3092
1453
3178
692
855
1133
73
2965
1752
4696
2918
2010
1385
3134
2042
2033
2436
92
4498
1033
2223
3029
1631
1087
4347
3931
769
1848
4875
2485
1174
473
3536
4034
4416
3702
2769
576
4550
3984
809
1887
1276
933
1686
281
1828
3009
973
3952
2375
4525
2214
3987
3704
1670
2962
3048
4082
2934
2797
4264
3934
2151
4563
4337
429
4200
3117
225
3700
1530
4222
2392
1960
3839
2566
1200
1031
658
609
1036
1673
2031
2694
2806
3942
4315
1110
4823
291
30
2722
2990
744
2666
288
4812
1725
642
4616
863
4570
1761
2855
3316
3982
3394
4004
1766
783
4724
1015
2830
613
4168
2606
4192
1306
632
2560
2209
2731
2075
1591
2111
1680
2126
2374
4679
1732
2687
935
2316
3427
3050
2732
1630
1836
963
3667
2685
859
1582
4259
3109
4263
47
1622
1301
247
3822
3066
283
366
2057
1389
2622
3001
2506
611
1014
323
1874
1849
2907
2046
75
1112
4261
3023
3366
897
32
739
239
2319
3267
4006
712
772
4794
3547
4806
2702
3053
1233
1712
1503
343
4838
1117
1106
4245
4451
3224
1470
3390
4775
1230
3093
314
3981
1404
1446
4877
4889
55
802
1407
4190
2568
3575
1265
4909
1558
2085
3096
218
3684
3525
4652
3665
615
939
1096
2628
4299
3370
879
4286
3519
2691
4262
3329
2366
3302
3847
4129
181
4594
1909
4492
3993
4796
1537
1526
2565
189
4914
3592
2379
4771
320
4439
2424
721
1216
3938
3373
4137
2696
4566
2513
3032
3450
1326
4473
1996
4135
245
2886
1715
916
1676
4322
4537
2789
3261
3334
3552
2865
2230
1523
1805
1589
124
2633
3022
3601
3843
447
4048
1744
413
1226
278
100
2153
4799
846
1997
398
4793
2493
3296
1579
831
2658
1171
2170
4370
2103
689
2188
2340
2741
509
4210
153
455
56
2333
2861
3428
2538
2393
4217
3598
3131
4316
2992
1341
647
175
2114
2254
4856
3319
4127
1786
3060
1620
322
193
3872
3309
2386
687
4362
822
495
1684
4075
159
1146
4447
1493
2384
3007
4391
117
4203
4371
60
2121
324
3620
417
352
2430
833
462
59
1614
4461
4023
738
1102
2335
4518
1933
870
3831
4361
4575
3660
3936
4328
166
44
4141
2884
3262
3809
639
2460
2768
1978
2988
4484
4028
4042
1602
51
3970
4014
4349
1198
2262
1655
4667
895
1990
2051
3090
1513
1209
1270
1882
627
3820
54
13
1987
16
3844
164
4194
1823
2028
3909
4527
1657
12
1484
3729
2266
2681
4321
1938
3019
1284
1609
3539
1266
1294
345
4251
1252
958
3277
2427
3818
2449
430
3838
1541
2492
4685
930
1482
3062
4867
3698
2030
1869
920
2273
2958
41
1692
1257
685
4301
1727
736
1645
432
3168
3114
975
4379
1647
1908
1353
4407
1288
4377
1405
3403
221
2178
932
1153
921
3241
296
2308
2119
3611
3726
1702
1896
4807
3675
1424
3490
852
1993
773
3223
167
3153
4513
364
3275
4254
306
4329
3003
3555
2168
1330
4849
3119
3564
2407
3271
4248
1070
4587
3358
2735
4235
379
3113
1788
1020
4167
384
2807
2078
260
4216
4471
3380
2680
76
1536
3201
4188
4737
470
2409
213
900
1783
1331
3580
2435
4165
2751
2237
525
4712
585
2800
4866
1521
3782
2582
1562
4170
2611
3198
3033
1698
1395
3777
572
36
1463
3764
2270
917
2542
1460
4284
1652
4224
3473
3537
1038
499
2276
1057
481
4831
3736
3619
315
581
3722
3524
4244
2919
471
4846
326
4542
121
3888
4013
2662
1507
297
1778
888
4058
2595
2278
3159
3282
2133
139
2160
2693
1492
2883
3449
3413
532
610
251
4266
1760
3740
1768
3369
1974
4063
4828
4105
4907
144
3963
4100
4758
1480
3813
1991
3045
3074
1722
1495
2293
995
924
2699
755
2218
2470
1467
1672
3465
1121
4338
4815
2656
708
1304
4230
4865
4573
4765
671
1062
2455
538
730
1694
3445
253
2676
482
78
4249
1729
2395
2358
4876
778
3409
4510
1919
1689
4462
3742
1447
1989
4265
2176
2634
4884
4354
118
763
3448
1878
452
2837
1311
1837
3783
2845
1086
464
3576
701
26
3765
33
3253
3136
4585
4008
3111
832
4243
4772
3671
3422
950
87
688
566
3434
2429
3681
4007
2817
834
1594
3039
2591
2812
919
4293
1152
3754
1340
1605
1666
4080
2805
2877
1616
2279
2101
3364
4742
1428
3784
2475
1221
2815
244
529
2626
814
4864
1747
3082
812
4814
1419
1043
2803
1381
3689
643
3535
3225
1557
2804
991
392
4836
858
3706
4781
3617
560
3293
2673
3631
4183
788
1371
1550
4855
4350
276
3070
3879
2204
84
651
4101
3851
543
2264
1850
621
2659
4357
330
1567
571
3124
311
2088
3867
1088
4327
1125
174
3630
2185
4811
1445
4138
1932
620
2440
2116
3374
1984
4334
4118
3471
1798
1742
774
4693
2562
3044
1317
592
3306
931
4395
2120
1697
2534
319
3913
2904
4720
2171
1314
3322
4501
309
1576
3995
2674
1829
2636
2139
4565
3432
1464
2952
4121
2248
1420
486
1201
1355
3966
3969
3244
2257
2189
1734
2079
3492
820
2011
300
4422
4538
2895
2428
1577
4529
2433
2323
1308
1242
2747
3207
136
904
1975
598
1816
1026
1157
945
796
2233
356
3768
465
1024
3362
2618
2935
3177
4151
426
1177
1872
4393
3581
1642
2235
2195
4630
463
3791
2117
1502
2608
2442
1765
1735
4047
338
1986
1856
511
1643
1665
2637
2425
2049
4792
1052
1262
1512
424
3633
2
2737
4433
2994
801
3560
1439
2039
3876
1721
1164
1955
3437
2561
784
3263
4090
3142
1767
2406
2041
4578
2238
522
3072
1217
2828
2773
1373
185
727
285
2839
3197
535
865
700
97
3713
4832
578
2620
2458
3953
2459
706
3458
4827
3470
1560
967
633
1333
672
3213
606
4743
1245
419
955
2564
1396
2844
779
799
980
2305
762
1348
3227
4544
2054
2784
3724
3607
2180
1338
1260
3462
2106
3558
3799
1690
2822
2339
3084
2532
4460
4564
2563
1272
3685
542
569
2200
2287
2530
4296
3154
2770
3511
4
3708
4715
1046
4455
2648
3099
1113
2104
4916
3881
396
3359
853
216
4421
1030
1879
1136
2385
3926
1078
4791
3052
4555
3705
514
1066
129
1234
4702
445
1435
49
259
4620
2968
3939
2334
2014
2609
4596
4486
3368
4680
4049
4066
1377
1213
2878
4208
1753
3997
2575
1809
590
4389
892
2361
4228
3930
2217
4472
1888
3680
3095
23
969
3658
757
3008
4600
2846
2004
986
1307
81
282
3321
999
2346
4209
1671
3193
3928
3896
2630
4522
4779
1860
1968
3165
29
2576
2432
4219
2669
2414
2329
231
2282
4583
3257
2734
4231
1515
3845
1434
3307
914
4804
2172
3937
451
1839
2854
724
1163
3071
1315
1651
2720
4632
1019
3162
3365
4242
4126
1667
148
4213
1612
4240
2766
402
2040
3195
2799
552
2140
2728
2388
4024
807
458
4341
3790
3189
3940
2577
4805
4607
1574
2094
1229
2283
4408
3352
3562
1499
2816
2978
1936
1475
4751
102
1248
4104
3690
2657
4482
1954
3911
2099
2156
597
4387
4843
4869
2943
3107
3815
3741
2571
1586
2073
3676
1555
4789
2957
2527
1588
3999
2158
1081
2793
3346
376
742
1283
4874
4016
1543
2526
1002
2453
1812
4674
3505
4904
1323
437
411
638
1007
125
3230
1162
3884
3738
93
1937
74
2479
4526
2660
2558
1182
1995
3240
1595
1876
211
704
415
2617
4123
1431
223
3457
382
4300
2951
1904
2924
2752
2152
3533
4584
2451
4835
1223
3343
1461
3333
1243
2092
4191
4142
2253
1859
4336
2130
4479
4774
2447
1215
3520
2580
3417
829
1842
3317
3489
1524
3404
184
2373
484
351
1387
4517
4562
877
3521
2508
795
4487
2920
476
731
575
2932
3148
98
1500
3354
1775
1598
3064
1278
187
1963
3682
3353
1959
1711
1456
3918
711
208
2928
2776
4229
4289
3259
313
2973
4027
880
4215
1693
4252
1109
2250
2847
818
2212
1870
4187
4802
271
1128
3265
3988
3308
1295
2827
2364
2780
648
1858
3444
1542
1169
1247
1807
2742
3361
2404
2467
2870
3747
3526
1865
4050
2471
886
2018
911
2605
3169
840
3506
1356
4267
160
588
2743
3806
4612
1674
1316
3472
1309
848
294
2232
3290
554
14
4043
3251
3035
2820
3499
3568
4489
1189
1286
4682
1568
889
321
3377
404
1414
3583
4401
4212
4640
2219
1360
4164
3703
2767
4579
4903
1016
3781
3152
678
1863
726
168
4011
1527
2616
1621
1873
2450
3161
155
22
3433
1581
2979
3914
327
3246
4256
1553
4678
885
3155
4372
2474
4345
686
1438
3949
200
2071
699
3396
4282
43
4919
3691
2755
2050
2782
4305
3378
1663
137
2964
2397
279
4278
1861
3786
1244
393
2601
3478
562
3012
3561
2944
2581
3483
961
2778
3841
841
2786
1611
614
1332
2341
3336
4610
2791
4122
4645
295
4457
2651
944
2500
3958
4661
1755
3885
4207
890
2823
2641
3688
4054
2289
3715
4783
3858
3709
3216
2102
3436
2326
3559
2761
4428
873
3998
4406
342
3157
474
454
1705
3226
1151
4759
461
1846
3779
3000
941
2655
1237
4176
4593
2515
3767
3989
1041
3305
3532
4307
3212
2632
3965
4883
4033
3835
1505
1412
983
2187
277
1291
4400
909
4287
3476
3882
111
1818
683
1853
718
4032
4173
2512
3625
4283
2347
912
1603
1998
4613
3798
2719
4113
1494
1362
2997
2175
1071
2683
1429
3453
3466
4463
4081
418
3420
1871
4000
2294
1714
2132
1375
2785
4745
3128
3041
4719
3231
940
3814
3036
594
4595
3206
883
373
3666
623
512
2663
922
715
3842
1045
1220
4898
3760
1943
1050
1578
498
4599
4276
2322
4560
4820
1145
480
3205
2365
4728
2544
3418
3960
2115
4425
2802
4312
2313
513
4239
62
4388
2134
346
1572
3350
2587
3401
1901
4892
2288
2299
403
4568
2280
2211
1910
2244
1613
89
2829
256
3222
2579
4485
1047
4247
4519
1911
4313
878
1679
3606
3961
1111
3636
968
2517
595
1443
4115
176
766
4918
3237
2711
2224
4854
3824
3464
1900
2523
3711
3827
2227
2352
3135
4097
1639
1083
2868
4035
741
4314
207
2208
6
3075
3272
1940
1776
1688
4532
4691
151
4324
105
2202
655
4764
2695
1397
4310
3628
4375
1741
857
4177
4636
996
2638
3443
3848
3298
3697
1628
4543
2754
1934
169
2550
3493
4106
2774
2127
72
428
1716
4128
1241
4130
317
3957
3184
3964
2402
2141
2961
4643
4704
3442
1084
90
1357
2573
3919
1950
2137
3735
264
777
1486
872
4119
2758
3866
5
956
759
67
1977
3342
4609
4810
4367
190
2381
1082
2574
2604
974
365
3663
3871
3371
1826
489
2009
3280
3538
2967
141
2496
1796
1973
2543
3330
1010
4531
1197
4384
3423
1923
1287
1545
4558
1350
2763
4331
782
4340
3057
40
2514
828
2598
3249
949
989
4413
4788
2539
228
3446
1821
1118
3129
2376
4847
377
662
3254
2463
4738
1634
3979
2456
3010
1274
4852
1958
993
1608
4553
1006
205
2383
472
203
195
1914
1259
4853
2586
705
1328
1691
4403
2274
1149
2590
2836
1606
2649
4218
4204
3166
9
1193
4469
2059
1380
1790
4353
4072
2378
4018
361
4279
4352
3994
2190
2142
1258
4477
1855
4319
268
2464
3584
3318
2913
4383
4434
2315
2317
1490
3037
39
1060
170
3883
2001
1281
421
830
2162
1165
1916
2738
2083
1988
3513
186
768
4690
3727
1021
3823
3079
3650
302
4332
3085
1008
446
2243
3673
1313
154
3438
3426
650
1636
2894
2529
217
3501
1320
1625
4586
94
1664
1718
2413
2922
4871
1172
3732
460
1764
3597
4446
4226
1533
229
3285
2002
4221
2061
2998
1637
2284
1758
34
557
616
797
1912
99
750
333
2976
4809
4817
4061
477
819
3595
3692
1699
2167
635
250
4801
96
1830
4672
3080
4628
3707
631
2245
4766
88
249
3163
4064
1129
2811
3243
2834
4145
3627
3865
618
4015
401
776
1925
1345
1322
1124
3488
3485
10
3792
786
2974
307
1531
1183
2779
1522
1811
3407
2072
4483
4629
3283
4825
948
4196
3553
138
2599
4557
3609
2808
2984
4589
732
966
1374
2983
1119
1564
2301
504
2714
2164
360
1073
479
584
3324
3255
4512
2795
3356
1155
394
2652
1834
3269
1549
4848
1544
2098
817
4887
4036
3677
3388
2351
1931
2917
544
3545
3543
894
4062
2272
4540
3011
918
4818
4198
425
2733
2295
3179
3635
2698
1506
3716
3621
3156
2614
442
1436
4886
4117
3759
2090
4169
3643
4206
3424
3946
305
1343
3020
2790
937
844
2545
1685
2621
3917
3097
1814
2909
156
842
4862
3775
1465
4140
850
4150
1656
4096
4404
2819
1477
1324
4872
2520
131
4443
1366
1098
3746
3945
3209
3800
3477
3252
1091
2890
17
375
4760
824
69
2062
3468
3239
835
1748
4521
2186
2503
1042
4567
2946
990
4456
1965
209
839
1924
272
3664
2548
4071
1892
2109
3172
2986
3528
4508
2810
385
1432
1743
1787
1227
2037
3788
1794
2911
2686
728
4535
2484
4761
1079
20
4374
4592
2712
3887
1471
263
4649
1763
3808
3338
4821
3292
3549
703
1290
1824
2931
369
1520
1417
380
2851
4658
3389
2080
2688
4548
126
1728
2502
902
2081
4274
3399
312
4430
953
4572
4642
1005
2869
4752
4159
3149
634
3802
2342
2076
3357
677
2552
4803
1675
1682
908
1137
2631
332
3892
1372
550
4655
2387
3325
4676
3903
2533
1884
4782
1268
665
267
4275
2426
3616
3025
1400
1138
1704
2034
4399
236
558
491
1781
3594
4551
423
4237
3130
2510
4785
214
120
2647
191
2035
1069
4736
3578
1717
3789
1219
697
4069
3367
3431
161
158
1297
1479
1140
3719
4669
3191
3425
2112
1388
1962
551
1246
1398
1107
3339
3217
3610
1466
2304
1893
3232
4729
3516
502
4880
1951
952
2091
2555
4185
3634
1615
3898
299
4160
1003
4022
4386
4440
469
488
2840
3284
1516
3421
4747
1122
173
4851
3857
179
2833
1302
3043
4468
3440
2989
3932
1890
4083
4236
1939
1207
1254
4748
3340
2155
1250
2118
2006
1277
1930
2008
4146
3725
4325
3902
2446
3801
66
370
4448
745
2875
1831
422
694
1143
4763
3312
4591
4021
3804
3586
4108
1261
340
3874
412
957
3977
3497
2129
202
580
1854
4497
440
2032
2860
1952
3110
3180
4819
4478
2135
2915
1921
4330
813
110
1032
3614
4722
3430
24
4621
1054
2939
3014
4103
4429
4153
354
194
4271
1034
4569
4452
2327
2056
344
520
837
1139
2756
427
4717
710
2417
2589
3795
171
4608
1108
4816
654
53
4668
3776
3585
1949
2472
867
1329
1156
2324
3242
1992
3868
2221
2772
2495
2602
4858
1
4577
4778
3920
3834
1175
3451
856
1127
1587
982
1299
4580
2150
1927
3522
821
2505
1232
4797
988
242
1181
1191
4339
2876
549
3164
752
4291
790
893
3183
589
2949
934
1408
4067
4311
810
1801
3337
3829
4390
2760
2045
3042
3118
4398
3734
261
3171
2198
37
3024
1130
3176
367
1942
3372
3073
4915
1584
1703
1027
3452
433
2064
2281
1757
987
2318
3026
420
570
1810
1556
4905
536
3143
2624
1056
1599
622
1593
3101
3687
978
1745
3327
3235
4060
2239
77
4029
1491
303
4528
4281
1926
2124
4490
4641
1292
4464
3731
8
555
1190
1707
2871
2307
3744
4581
165
4202
1235
663
866
4467
1454
2486
1205
1256
3980
436
2169
2382
747
4631
3864
406
4648
3406
1945
567
1956
3668
3662
2906
2715
301
3653
4046
2038
339
3331
2197
1840
130
523
3199
2729
1519
2096
524
2303
815
4304
3208
998
2269
1393
3755
4576
4171
3467
3812
4895
4597
1115
4368
4095
1803
3556
4156
2692
1289
1370
4059
3397
4688
1327
4660
960
836
1793
3504
4683
3264
2410
579
2017
416
3204
4723
2210
1028
2896
4001
625
2982
483
4602
3294
2644
4647
3693
505
2228
1444
4143
63
600
1065
2613
1551
3723
4822
15
868
3219
4639
2707
4480
2312
928
864
2863
1762
3811
4039
1979
331
2013
4476
3038
2396
2813
4703
2136
135
4901
2247
1881
4091
4523
2535
289
3661
1961
1659
3341
2771
1236
2320
2490
2762
4079
230
3360
2256
35
3270
3846
304
2236
2400
2336
4746
970
4844
2745
2416
1604
2643
4824
1004
4777
3978
2309
95
1378
2252
232
2619
2166
693
4731
4536
3623
1469
1838
1660
4003
2468
64
4879
4654
3220
4409
2007
4360
1504
1095
4285
3855
2585
1508
4716
115
1433
280
2746
3295
3121
1784
3894
3202
565
1142
3167
3743
1601
690
395
2650
2192
3774
976
3762
1255
180
1649
771
3748
4175
3260
3854
1476
3897
3971
478
2314
4358
2825
4695
1554
4539
3065
4917
533
679
720
4364
1339
4449
608
4500
2898
3807
188
1462
2537
4344
3137
4136
2363
2661
668
3299
197
534
1654
490
1059
607
4700
2716
874
800
383
2942
1957
2143
2848
2095
2173
2612
1459
2843
3638
3645
397
971
254
1891
3968
337
1093
652
1835
2912
3351
4250
3772
4359
1632
910
1351
1488
2726
58
906
4808
4692
2370
733
4110
925
3756
4896
2783
854
3287
252
2697
3313
4292
2635
3853
3463
257
4055
746
4499
1135
3648
1422
714
1077
3487
3880
707
3459
2086
3200
2925
1185
4084
3120
1225
3034
3683
2149
896
860
4223
410
1947
2201
1176
2936
4132
3933
1791
3238
3301
1540
1264
823
3599
2905
2174
4767
1342
2107
1852
2679
3069
946
2481
3967
246
2476
3828
3730
2466
4554
2110
4768
