3123
3236
4178
4860
627
4563
93
3381
103
4804
4100
994
2926
291
2653
1610
2962
3
2511
2861
1841
2862
2125
1334
2988
2518
3921
3496
292
2148
2237
1293
1887
3100
1754
1526
4436
4316
4776
1555
2527
4147
408
2608
4571
1420
2830
1627
4024
3589
3170
1089
2223
4258
3189
334
2036
2039
157
1975
3201
4897
2041
1560
4503
2048
2842
3432
1233
283
2768
3346
1800
3813
4770
4750
2248
803
193
2183
402
392
4751
3555
4839
3078
763
2935
834
32
4501
1534
2499
2030
1907
4180
4527
4356
2254
430
1002
2019
1867
3131
3876
260
3758
645
1557
2425
3523
2323
3524
2866
185
1221
2200
1507
4016
1996
4272
2074
3537
3058
2710
4335
744
2839
4611
1541
276
3393
3694
2075
55
2849
4646
3422
1987
2015
4868
3938
1528
4496
411
4245
2401
4087
756
521
4224
1668
2867
950
2412
1829
3387
1213
611
470
2784
1765
413
255
2360
3194
3162
1802
2358
784
855
1948
3624
3981
1121
2266
4322
1538
2633
1944
306
1928
3954
2259
3390
2609
3498
4251
2231
83
807
876
3969
4865
2549
4884
3607
4578
1347
4596
4598
4422
1883
2185
685
1112
3473
4357
642
3675
4634
3928
2033
123
2260
3580
4805
3985
3915
4836
2094
3726
599
1421
49
2899
4244
1104
2977
1713
1029
4773
529
4693
500
3329
2807
2914
244
2902
4561
4188
3685
1068
2168
1485
935
3475
1960
2298
2052
3695
2357
2999
3297
1178
1484
3571
2477
224
3059
482
1033
1938
1307
3923
1123
2883
572
4232
1843
2393
1078
688
3754
1638
226
4265
1879
4904
3909
1353
4451
1017
1566
4362
2818
3941
530
2662
1974
1661
2676
3244
4653
3601
1216
44
4506
4588
945
1872
967
508
3582
4566
2457
2750
372
4758
4462
3373
3640
4737
2103
2918
1371
3274
4713
3267
3370
2615
4618
738
3062
1771
2258
863
212
1734
4796
2088
2000
4471
1631
1226
4329
2084
3955
4243
556
3567
3963
2660
3602
1808
114
2333
3500
2217
2735
2078
1543
820
1062
84
865
3819
939
417
455
1270
3084
552
30
107
670
3127
1120
3784
799
282
4894
2534
917
1354
73
4227
3696
977
4254
3907
3072
1666
1404
4732
3375
4172
3872
204
4622
1590
992
4840
2415
1727
1932
892
447
1070
4439
3574
4210
610
3257
4023
3178
3550
999
3681
1283
4234
826
3698
2031
3139
1478
3820
1851
3082
1537
284
2809
794
1043
4028
4829
1609
4053
3314
4885
4235
4104
3962
2956
1827
4460
3111
2470
3136
2160
2375
3419
3557
853
2957
4441
986
3480
3213
3704
4445
2004
1816
712
2293
907
2980
2978
2178
2273
1100
2339
496
2423
2559
3019
4765
2403
2335
1937
643
2188
644
4616
1876
2668
3321
1583
4638
1779
1712
2117
4662
3215
4444
3005
4419
2432
757
243
2884
531
2151
4328
1285
1160
3291
2666
3552
3093
4203
1582
1379
1423
4715
4869
3639
4270
2330
2700
2656
1797
1024
3793
3952
1481
4842
4306
4587
2895
3197
1031
1778
3004
311
4211
462
3769
1986
2958
4303
2428
672
3573
1686
31
3437
85
4351
298
2027
509
1684
2952
4555
2747
3273
4376
1968
4473
136
774
2452
4423
3195
1899
3929
3721
4342
4912
3777
1799
1158
3671
3007
4363
2419
4361
1134
4193
858
3651
1605
4735
350
1090
3116
2594
3815
1804
1367
259
2226
1812
3862
897
133
4482
1075
4217
1007
2460
4899
4381
2618
2093
2865
3364
859
973
1569
4293
3281
2369
2812
3296
3380
1751
1249
3376
2049
314
2622
3975
3088
4182
4085
930
633
2748
1909
2665
4213
1894
3066
3976
3369
3791
3258
2796
4826
4341
2993
1318
3579
2659
4377
4138
2268
596
1535
1839
2120
1195
3529
3405
1766
3349
3229
3207
682
3771
4042
3911
4627
3896
4573
4453
1756
2388
378
4166
2606
913
1995
315
3904
1695
3185
2242
1037
2170
975
2504
3102
2111
1753
320
1288
4168
3768
1321
2003
3816
388
2443
1571
4099
4881
2372
336
2374
3740
4791
3091
847
3852
4416
1153
2285
3277
2230
1969
1106
198
175
1539
3753
1331
526
1272
915
4167
2675
36
3196
1586
708
3986
163
3644
920
4007
3241
1629
4513
1199
4240
4856
4302
1200
140
310
1721
1265
2286
3654
2919
2334
3847
927
4830
2386
3720
206
4720
1694
3708
1645
1427
3930
1040
4823
2063
2538
152
4111
1052
2194
4675
1381
4200
3077
875
1424
1650
2531
1933
972
45
3565
2099
739
4025
1177
3455
1446
125
2672
1168
723
4635
3879
1869
2449
3359
464
3471
507
1468
4706
3660
4913
4347
4417
409
4009
218
4238
503
4827
3032
4619
3323
1406
4891
615
1732
290
2532
4350
2670
2546
3227
57
357
4509
3505
3851
514
1196
4343
4559
758
2910
3107
3799
1413
3282
2664
2882
4309
1596
113
954
1437
235
2422
3757
4800
916
1340
1352
2046
4387
2626
4846
4101
4014
3190
4909
1644
3122
2741
245
3316
167
3479
2519
4630
884
748
247
1576
1828
2287
921
2971
3617
4585
3856
1837
46
148
2394
730
753
3618
1162
1441
4544
2852
396
2674
2828
1749
3877
366
407
2995
2455
4431
2433
1450
3363
1467
2933
3033
2302
1862
3702
3690
287
2154
1435
384
4552
4520
1747
1407
3924
3922
576
2176
371
4494
222
4041
322
3712
3288
1768
4296
4080
3525
2571
4833
1897
2343
1989
1724
1658
381
1171
183
597
196
1051
2838
3741
3830
1788
1670
2238
439
1680
2553
297
2965
1392
751
637
831
1487
273
348
3942
3415
352
3109
3016
647
4841
882
3458
2815
1132
1562
2864
1723
2434
2263
2822
4216
1789
2390
1515
3926
617
3250
1815
4408
4184
1377
150
3146
1449
1269
1529
598
904
3445
4155
1206
3680
2657
1739
591
4565
2570
3797
4228
2804
2122
2639
2806
4789
4346
2702
3845
3764
2792
1495
4518
145
2687
2424
4530
958
1588
2353
3805
1850
2209
1260
3509
3608
1242
4705
2171
1602
3817
1201
700
2630
779
3629
3386
3631
2522
4866
963
2628
660
1410
4845
4308
2267
2577
2070
1239
3099
1245
3104
636
2564
1086
41
3560
658
13
316
1157
695
1094
3413
4074
1333
3859
1133
1819
3115
1594
2249
3931
4498
2703
3592
2556
2297
4711
3503
3048
1559
4855
2611
621
3224
1708
2234
1595
1715
1101
1772
1565
1525
4421
1746
673
3263
2021
4775
4890
3245
4379
4583
4186
2485
532
681
2488
4002
3724
153
1577
4402
1405
4689
2222
1395
3993
798
630
2837
4418
1418
116
3544
2610
1780
1687
833
773
270
435
2561
4034
3869
1798
4144
2479
3168
574
1263
1116
1057
2877
1633
1301
4792
1984
3289
4424
4877
2907
216
4261
1470
3849
2498
2992
3790
2153
2669
3992
899
2430
702
3175
3230
3622
1426
1304
4511
2934
722
118
566
1434
452
4337
4017
3484
159
221
4371
4195
2282
227
1702
2506
3046
2184
4772
3490
4533
881
888
727
4529
4369
3015
2766
353
2521
4794
3253
787
68
1742
4102
1805
3275
3867
2690
3173
590
601
3737
189
3193
3953
4815
240
518
2658
345
3262
326
1737
4286
1463
1014
3448
3646
995
2773
1146
47
2229
2680
426
1294
3409
414
2172
3347
2345
2262
3972
3293
3626
4082
3029
900
2207
619
2816
213
1648
511
4601
1335
4684
4389
231
376
2475
1782
4466
1589
1729
2636
3822
3154
3722
687
3554
4220
4455
2114
2713
698
1394
2901
4666
583
2195
1689
3087
3103
4507
3783
1676
2276
3326
3699
639
3147
4395
3547
4674
1970
3456
459
541
0
3539
3391
1725
4779
4491
1493
3581
424
2667
2442
201
1391
1174
162
1373
2116
1523
1919
1783
19
4370
1698
901
2182
2026
3150
2156
4005
4420
2929
4151
2835
2751
1296
1752
92
4391
1341
1667
3056
2689
846
2723
1849
210
3665
1591
2270
4253
852
451
1039
1690
3465
914
1113
1202
1825
356
3656
4149
2106
1697
4795
3114
2955
2803
2406
3379
3706
581
4315
1971
4888
3739
3551
2987
3838
2105
3714
3309
2085
2858
4721
1271
1192
3950
4874
2960
441
3710
2040
2708
499
919
2853
2014
1144
2279
2079
522
4914
3344
3913
2438
1953
3400
3117
2310
2576
2793
485
3450
4004
4
2725
1809
1167
2145
2214
762
492
3470
1416
1415
3959
60
3392
3181
931
1767
1898
4137
3736
1874
308
4459
4284
3492
2283
761
3017
1218
1903
2603
1616
1607
1641
2677
3821
1642
2218
3749
18
620
362
3125
1276
1403
3888
3278
2969
174
4299
293
2513
3142
3089
1823
4671
2620
609
82
3221
4665
3541
2407
742
1009
4686
2492
2947
3875
1512
2693
4411
1955
3713
3427
765
2163
3096
3637
3198
4510
2845
278
1482
4121
3454
3861
3071
4433
1088
3831
3893
3676
2196
3300
319
1262
4231
4650
3006
4365
4056
1547
4537
1284
2591
2966
4878
2329
1518
3966
398
4086
1920
2429
4614
3818
2181
1224
3997
1868
4741
2637
4116
542
1990
1035
4088
1182
879
3394
3649
4685
296
3936
2844
2398
2308
391
3045
3796
1323
3486
1164
3511
1445
3765
97
3151
4385
1740
3891
4727
1913
1820
4516
143
29
4484
1306
359
2346
4392
3508
2805
969
2824
3519
2128
4318
3548
3738
578
87
285
1492
1760
4725
3591
127
4525
2436
3374
1055
4105
2257
4492
1967
56
3083
3095
4526
2646
3302
535
3174
2435
4008
706
146
3562
2722
4135
2340
825
2744
3939
1198
895
4393
3225
1678
1681
1308
2332
3434
3063
1550
769
51
501
2225
1978
2648
3495
3984
3159
4850
2108
139
2770
3658
4472
59
1453
1999
538
2542
3368
2025
2921
1657
182
3870
27
1502
363
2366
3948
2042
3901
525
379
1822
1280
1860
3481
2526
4550
2569
2023
4502
4075
3900
1419
1626
166
2448
3108
4838
1252
1046
3441
802
3632
4620
1503
1363
258
1769
1918
4048
4916
3153
2634
2817
2560
1673
4066
2459
2530
1856
1993
3067
4012
657
932
2133
4718
3474
4793
3307
2011
1517
2321
1442
4807
3535
1064
2950
3223
2797
2737
767
1186
1464
3053
3021
2846
3319
2399
814
4828
2558
606
219
586
2491
2409
3345
3546
4264
4694
2566
4743
2420
1330
4549
2337
4714
3051
109
1166
1744
4570
1848
4194
3657
1908
2482
2699
3906
4437
4435
4701
955
4771
4334
2701
801
661
1097
2478
4049
1001
3003
2290
164
4542
3410
1980
638
445
3310
4863
3996
1905
4740
1480
564
253
3982
4047
3352
300
1110
3558
3633
1866
1440
1376
1317
671
1311
102
1152
4769
3268
12
343
827
3563
4134
947
4394
132
3018
1875
3934
104
3416
1567
3060
2278
2391
1651
2216
3348
3061
468
981
100
2990
2359
2550
4252
4212
4452
3172
4604
2847
380
2068
3037
1459
3810
3918
2034
697
2192
1069
208
4669
1659
142
4115
1071
4156
2275
3781
176
2296
3850
1343
4626
768
2516
3823
3897
878
1065
1324
4290
17
1130
2307
3803
4908
4710
4730
2767
1976
3232
726
2456
1005
4851
952
2763
2328
889
1688
1731
2953
2941
1972
4678
3385
2344
4022
3980
4468
2050
1604
307
893
4434
605
3260
4637
3868
3315
454
1238
1472
1942
3446
4493
618
2164
2632
562
4483
4250
754
743
2780
1227
321
1091
1885
4304
4905
1378
2758
3634
1927
191
1003
1155
2097
4169
3517
3487
1204
2131
4817
1279
2663
2356
3423
1911
1013
4539
1455
3130
4917
4076
1505
1818
2936
2244
575
857
640
4154
3338
3120
3504
4145
868
342
491
1122
14
4330
3283
4247
4326
1597
565
2342
2461
4748
1332
4572
872
4065
2202
568
1720
2130
61
559
4406
871
1561
4019
67
2875
885
4359
3971
3883
1054
2115
2777
489
3538
4225
280
367
604
2671
205
648
3635
3164
1958
928
4113
987
4809
4548
1079
1131
2008
2210
2510
3767
850
3042
4382
4647
3812
4531
3719
3199
4177
1322
710
4824
1900
2587
2383
1461
2037
2280
3988
4310
898
2982
2495
2989
4015
3882
2801
2655
3000
3463
4612
449
2318
662
1663
238
2649
2961
3561
4120
2476
1256
2396
2326
3960
1509
3501
2765
203
1142
1107
2726
1469
1945
3085
1795
1368
305
1998
1156
2705
2317
1374
3457
2682
40
256
1733
1388
869
1219
1375
3621
4236
2288
3933
4887
1047
4226
2707
4628
1992
494
1852
1297
4206
3055
4756
4883
2584
1208
3968
2924
3328
3840
867
4413
2059
1124
1383
2951
3908
1364
1185
4777
2508
2512
3520
4802
2782
248
2045
3252
120
1617
302
2291
4703
536
1170
442
845
3047
3752
3451
1781
1282
4688
202
1073
2539
3766
4463
1264
1329
3433
4625
3002
154
4081
3964
3599
3748
1286
303
3217
1118
4810
2480
3677
4298
2991
3559
4061
4763
3804
3219
3356
988
587
1606
4774
4032
4110
71
4130
1295
4119
780
1291
197
4577
4861
2695
664
4910
3287
1785
4629
2860
1640
365
339
886
4128
4277
4766
3510
3597
1810
400
3750
4039
3317
4514
567
4545
2471
2341
4898
4064
169
1077
3222
2219
4456
3636
4153
200
3382
3246
595
1148
4410
817
1593
2365
394
1105
4171
4556
1016
1962
4001
4873
766
1357
3606
165
3186
3604
1436
4476
669
848
4279
4906
3128
580
815
1454
1551
998
1387
2138
1924
2090
2193
4648
3171
4886
614
2177
3919
3965
1466
1540
3826
678
2857
2060
2468
1384
4320
161
4404
2643
4654
4562
4123
456
603
4229
2543
4215
4557
1813
2939
4164
1223
1290
3411
2198
1433
369
719
2714
1241
3325
4623
2347
2404
4586
331
4223
3697
1205
2786
4818
155
3292
1654
2892
444
2212
4396
3110
2843
2312
4143
777
2788
956
996
2354
519
823
469
4803
2755
4311
1718
3460
254
34
3627
3408
3572
2650
926
3773
3251
156
4892
2373
937
539
1258
2012
4902
965
3041
652
2684
344
1544
2107
2520
3688
793
3650
3270
4589
4374
705
666
1494
4500
2753
3272
1926
4069
1417
1834
922
4373
641
4079
589
1313
416
4517
1516
4010
4059
2081
550
2972
2754
948
1524
3832
3798
3854
4896
1360
2250
3149
2790
3176
4257
4163
2555
944
4256
1763
3779
1490
2118
3468
1656
3068
3493
3226
184
2772
3166
2380
4717
2975
623
3628
718
4196
4813
4655
851
2557
252
1527
4551
1197
1302
4405
2397
502
2652
4368
1961
4519
209
4479
4055
2363
1861
295
1184
3020
1287
4073
2888
2738
1044
1056
2635
2596
2885
2647
1401
2507
2983
3182
2774
2946
4847
234
1959
1985
2613
1532
2733
3609
3638
4808
1098
2688
966
734
1398
1910
3973
2065
2614
3703
2447
4603
4681
1339
1553
1465
299
4489
1151
4591
3184
2931
1853
936
2605
110
2136
4233
1084
96
2236
3461
1979
1050
3553
2402
4136
512
3208
2281
479
405
1281
382
4179
228
4485
3568
1699
1254
971
2351
3991
4355
3663
553
819
2795
461
1247
2802
3188
908
3514
1707
3825
3789
4207
3335
72
214
4237
4835
2437
94
3157
370
2110
3521
1127
2692
480
4046
4448
4631
4132
2697
3890
2881
4553
3772
2813
3835
2743
1977
1634
4003
53
873
2017
2597
3040
3388
691
4403
1011
3330
1623
2879
4000
4202
1259
1745
4639
250
4146
373
2679
1181
351
4757
555
4221
3692
563
4401
679
2762
1497
1000
1188
488
951
2352
1542
1412
2199
1618
2638
2945
77
2756
3776
2331
4246
4161
2876
1496
333
3011
2704
2833
1705
43
2717
4036
4108
1748
2827
4189
1215
2044
383
3118
4372
2624
3464
625
2190
2355
1212
1601
472
2954
1500
1
4331
4430
2909
246
3254
1261
1625
3842
877
624
415
58
1431
2446
918
2973
546
3371
4895
3395
190
894
551
1704
3610
490
824
160
4339
1994
1801
903
3507
626
1232
3035
1592
2100
3725
600
2245
4521
1947
1386
2599
4057
2325
3145
3339
2586
2413
4218
4307
457
1483
806
3682
1149
3476
3212
151
325
3864
4579
1451
1034
4260
1489
663
2124
4900
983
269
1930
187
4644
2467
752
3528
4054
3645
4091
327
5
557
3530
4173
1372
2787
3231
3028
261
3998
771
4397
4271
4599
3945
3961
4613
3751
3898
683
2013
985
66
2925
3543
1504
1923
1225
4083
1564
1027
4536
3327
3925
650
4621
4160
830
3506
2578
1111
649
3792
2760
1176
558
733
2261
332
1183
1380
4035
808
3824
1988
119
2554
3889
528
1115
2141
3466
2169
178
2967
2166
313
2998
3399
3693
3709
2820
2336
677
418
478
4610
3367
1190
3801
130
1921
337
4540
2602
2466
1397
1082
883
1743
3956
2942
1949
3264
3625
3205
2201
3892
265
3932
2162
2580
2165
304
1250
4426
50
2149
2536
3903
2113
653
2132
3161
3516
4512
3024
2621
2503
3377
2129
2102
3443
2651
1041
1452
4858
1063
1952
4142
3265
3967
2848
1840
4283
3578
318
4746
1093
2203
1730
149
2322
2794
2324
1940
4292
3075
1770
1935
173
4722
970
874
4388
106
2502
4044
4736
668
1791
3180
2798
4239
1278
3350
579
1143
1237
3397
602
436
2155
2472
839
2072
2426
387
4580
1556
4470
1253
3183
896
1950
694
1006
4390
3735
1728
4915
4289
4443
4504
2525
3406
4383
2916
289
3499
3106
3233
262
4140
4595
3485
2252
2631
3673
4641
3249
612
4454
842
4458
3588
1939
4106
4584
301
1474
4332
549
4593
279
1021
1059
390
2811
1432
4288
2077
3614
1010
2746
2823
2473
1522
1531
1336
3566
440
4546
2871
4716
2387
3304
3069
2411
1846
4446
3806
1554
4787
2311
2678
3794
2364
1129
2574
3360
3731
1581
4642
1408
720
99
3435
361
3786
3216
2142
1243
906
2304
524
3097
1126
4414
3155
3756
1941
1615
940
4031
3917
1893
789
4201
4095
2629
1787
1774
2897
1486
1072
115
1600
3556
1310
317
2489
504
1711
3489
2483
3135
406
4352
1691
3259
776
741
1049
271
1399
1833
1074
1477
1022
1890
4027
957
2850
4676
3899
1759
4747
3204
4070
1790
2880
236
2400
1312
2320
3778
2937
1393
3079
4535
2024
1520
2742
4291
2917
3828
341
2020
2949
3353
2627
1776
953
487
616
3148
4658
1914
1741
4344
3661
3417
4853
2552
4092
1244
4844
4198
2863
909
533
3324
4788
4440
3026
717
1180
217
696
2056
3238
707
98
4854
4033
215
2739
4276
2870
1951
484
2810
584
4133
3167
4785
2309
2047
2265
690
3414
2253
3340
2979
4837
1012
4726
2589
3707
3759
1568
2061
3129
4919
2463
2505
1857
843
4645
2821
3549
3526
3857
2903
2911
608
1902
1635
2246
2915
2724
4707
1222
425
4477
422
3643
498
267
2053
1838
4857
3785
1292
2759
3533
680
3827
4078
2641
4893
4429
3515
2127
3744
1613
2912
170
4018
3452
4670
8
699
1830
1757
561
2567
2454
3916
433
838
4719
4752
849
4175
2779
2500
3036
4567
537
1235
1362
3531
2814
1175
2906
1963
3641
2486
4862
3593
3787
4425
3354
1669
1300
4760
797
1906
64
1755
3989
3073
2300
3532
401
3732
1619
412
410
393
3398
1807
943
4162
1193
4852
4124
2683
4185
2087
3691
2706
360
3623
3848
4278
2338
20
3727
887
3811
286
3351
3885
1917
4469
4728
4360
1370
2002
1488
355
2064
2243
1628
2932
2076
3237
2548
4704
745
4576
4691
2775
1430
1549
1806
272
230
3169
4821
3834
835
1796
4903
2588
2509
1572
3701
1865
4660
1023
3865
3404
3298
421
2487
3569
3469
3846
964
1356
4191
4920
386
241
2523
1109
1682
2227
715
631
3808
911
2730
3105
4336
1639
122
4487
4879
949
3132
4205
3438
3743
1299
135
1683
4797
2175
890
2066
2686
3853
268
3431
3590
186
2996
4480
4478
2778
1662
840
2071
4649
4062
2834
3156
1289
4872
39
2711
3430
3687
1925
1255
1277
3795
4541
95
3863
634
1366
3666
2581
2922
4204
105
2974
168
2781
420
2421
513
4778
2851
4723
4615
4508
635
1309
2067
1246
1479
750
3586
1855
2032
1575
790
2716
1345
1042
4532
1632
194
976
1303
4398
1085
4412
2791
257
3716
2894
232
805
978
403
2642
792
1758
1320
266
910
2376
804
1045
1717
2785
3858
4819
2829
4592
2938
1892
974
1351
3191
3086
711
3467
1775
4068
2761
837
731
655
3305
925
2749
2315
1957
2005
3361
4606
1369
4783
3294
3648
1858
2416
4050
2451
3313
3094
3746
2092
138
2029
4324
4122
1061
3874
4366
2135
1145
1207
2173
2232
856
2745
2035
1814
2301
1349
2187
2271
3994
3723
3420
2981
2146
836
4021
275
629
474
4241
516
791
4692
2920
2598
2601
2137
2191
446
1119
2868
126
112
3595
1736
1060
2727
4313
428
2547
4605
1842
800
171
554
946
3502
1425
3442
242
1443
3979
1548
3112
4695
1709
2098
2289
1891
1429
821
2661
1018
704
1305
1268
1514
1675
2091
158
1611
3025
2038
1886
3239
3483
3664
829
3211
3866
3357
2535
3958
