2498
3536
1427
3413
4230
1990
2907
2422
3039
4663
51
1712
475
1450
86
2926
2279
3197
4798
4327
1363
930
485
2257
2181
329
3175
4074
1391
929
4491
3345
1347
2797
3278
2534
3456
1559
509
1586
140
3268
3921
2558
4248
2070
2319
1449
1725
3054
4053
3617
675
2542
2233
357
787
4361
799
2702
2479
1907
1038
1463
3015
3780
542
1569
4094
2282
2710
4294
3159
981
807
2182
4598
3615
1420
4570
2583
335
3560
1144
1426
2522
462
1580
4183
396
4023
1446
4537
4082
3070
1878
350
593
2088
282
123
4066
4794
1007
3201
157
4559
4812
1719
2528
3244
4735
1202
2075
1298
3210
1658
3936
585
1880
4811
858
136
3836
975
1346
3557
1983
4790
2306
4395
3873
3963
1642
2179
4694
2943
756
1361
4686
3215
3150
2482
576
1418
4051
3158
3639
2805
1565
118
3174
4771
1936
1752
4725
435
3718
495
774
4770
4765
4114
1192
1257
2669
2372
2156
2241
895
3671
784
2172
1788
4085
323
1498
1897
4109
861
980
1099
796
1133
4492
3872
1307
548
4363
4316
211
1609
847
2021
820
2023
3503
582
1643
1036
2947
3029
1097
3940
2401
541
4056
3938
2391
615
4377
2676
4662
1596
4200
4309
3741
4488
54
2254
3554
447
1213
3236
258
26
2977
2194
904
4527
4740
1661
3603
1647
2988
1158
3714
2958
2084
2994
515
4444
2527
3849
1389
4349
1269
3728
2882
1406
1868
4
739
3820
4916
900
3486
2386
692
2353
1836
3185
2955
1896
300
75
1802
3359
438
564
3955
3050
4415
124
611
4104
3144
2923
1529
3114
508
2133
1334
3969
4571
1323
1453
2628
2664
3592
2895
1206
2929
1178
3257
578
657
4522
826
3225
688
18
2595
44
4573
1492
2145
1087
4685
4849
2623
702
2817
3784
2215
1517
2626
3307
529
2816
3930
4435
2530
2800
4211
2511
1029
3049
644
2784
2837
4006
1547
4424
3904
4891
4263
1043
3108
4840
1969
651
763
4511
1680
4588
159
1550
3346
3738
521
3893
1262
132
4269
2681
846
107
4549
2459
2822
4912
1991
3195
4135
2395
2229
3642
613
1812
2455
2286
744
2139
127
2524
3474
2862
4836
3048
1694
1103
4865
1876
3447
2685
3722
4832
4679
986
2010
2725
552
4525
225
852
1535
4515
1789
1092
2809
2255
532
2366
3031
4038
1037
434
2691
3537
785
2491
2620
4706
2878
4620
2854
362
4867
4438
503
2639
270
2409
1226
1326
4306
220
409
117
855
3076
995
3256
3471
3939
4112
3059
3535
947
2268
2793
1932
3542
4555
3548
3990
4004
1562
765
3481
3056
2859
3974
801
639
1809
2919
4301
1272
1641
3886
3445
311
4249
3495
3091
825
212
4439
972
1413
2748
1080
4474
531
2117
3067
1439
2731
2330
1706
4453
610
121
2852
1293
1919
1064
4379
4293
4436
2690
4284
2073
239
2230
4342
3077
102
1460
992
4772
1164
259
103
1473
426
1909
3263
455
4622
2403
3753
4780
3742
285
2323
3928
1594
1670
535
3403
984
1224
809
1318
3907
1493
4841
3706
2519
1889
4088
4303
2393
1558
4789
76
1610
2028
2004
783
4234
3366
1676
3362
2106
695
1933
1648
3281
3173
1199
441
3815
2440
3364
2571
1396
1984
4733
4868
2615
1200
973
3509
2526
2297
4268
2345
4134
2063
4831
2910
1447
4830
2866
2205
4219
4308
33
1434
1633
4251
3115
4411
2093
2659
632
4859
496
3348
2493
3906
4376
4758
2358
30
3992
113
1214
3948
4750
2846
2559
2040
1820
4715
1800
1311
1381
235
706
4904
4632
23
4815
1722
2927
3203
2406
2157
2270
3363
2518
1955
1031
4587
182
833
1723
2369
3297
560
2872
219
3717
3596
698
1001
2337
1798
3552
738
2818
287
3508
4617
4624
3422
3705
4254
3896
3480
2575
1986
2970
4286
2845
1314
2368
4419
3822
46
727
1822
1887
3976
245
4565
73
4601
452
2057
3427
2412
3051
3096
1470
1248
2720
4680
2865
3018
2610
3005
1749
4118
4667
4776
1626
3676
3995
545
2014
1922
1954
4245
237
4652
597
3843
4509
4799
2171
1089
2222
443
2858
417
482
3713
3484
2361
3923
1937
116
2766
3562
1677
28
3365
3582
2883
57
4630
3419
3859
1229
3675
3391
1230
811
3136
4227
888
1503
306
3470
3765
424
3771
4502
3524
216
4170
3539
4870
4885
4486
1993
1645
4422
4475
439
4272
4009
3303
1141
4714
2394
1837
2359
667
803
3058
751
4634
1875
196
4709
3574
3198
2618
3441
314
4866
3189
3937
84
1134
3551
1845
2099
1480
4520
3605
1828
2908
3165
1537
464
2838
3770
572
163
2298
4526
3253
1708
293
4860
1020
2877
1740
2178
4350
4673
1340
4431
4147
1280
125
2570
32
3087
1125
831
1724
2339
3570
4899
3429
4181
1860
1734
4008
1898
2674
1182
1614
2196
1638
345
2488
2264
3134
3869
1928
1104
315
2069
2418
2424
133
4675
2329
1481
3818
3580
4516
1844
2948
2477
1579
3529
4638
1015
1068
247
4328
4013
260
2350
1070
2278
4047
2606
1409
3381
1457
3547
1196
2807
451
779
3647
4238
1967
627
1468
4093
1161
919
4049
3689
2042
1987
2154
1025
1475
3190
210
4020
4041
4600
284
3131
2672
4878
740
1331
1630
359
3620
3258
2750
3704
3878
3877
3178
1153
794
4635
4180
4506
1655
4507
4126
1024
4195
343
1620
2506
3230
2204
2560
3314
892
4656
540
4460
92
3291
3622
4698
3500
3142
3881
2636
2435
1804
3139
1966
1265
1371
1671
3652
3669
1260
4874
4389
3311
2214
802
411
1240
3126
1271
3458
148
4552
4498
882
2016
2453
1590
4503
192
939
2956
4228
93
3432
2457
2367
1689
3796
685
193
251
4727
566
581
1768
145
3660
114
2662
4876
4534
2815
2792
1317
2348
2722
4224
4566
3931
68
2987
4897
1160
2497
4594
3632
4578
3083
762
897
3879
1650
2216
450
4671
1526
3221
310
4720
4334
4351
3223
3579
3926
4099
4445
2889
3293
1458
646
4846
3415
3119
3274
2428
4393
2736
4510
3901
1595
1571
4795
468
2769
100
3332
1753
4165
81
2223
3984
4614
4184
3063
3985
3575
4348
761
647
920
3368
3370
1308
2622
4014
1913
1288
1666
875
4098
736
1996
773
4141
2260
1195
3193
1157
1445
2310
500
865
1769
2828
2993
470
437
4315
297
2104
3090
3380
4231
1738
1515
1217
598
921
3608
1715
3845
2189
4689
1273
381
2414
3966
162
3405
4002
3113
1315
4884
4869
3657
3412
74
3764
3409
3277
3700
1333
1132
3518
4129
3581
2148
4127
1767
2499
2658
2285
3970
2308
3654
2812
958
1283
2388
834
891
2267
2128
3505
4804
755
2492
3981
1379
2566
4005
712
1737
2995
1905
4102
3192
590
1953
3954
166
21
1335
2806
1726
1159
4711
4471
2377
3913
1341
1510
2025
4318
2433
2432
1353
2082
1407
1033
3147
3023
4450
1555
1009
3839
1756
3329
4433
1239
2565
2121
749
2408
463
12
1113
4137
233
4253
3181
4834
3900
1808
2114
4705
2666
2217
2349
2390
2902
3600
3633
1672
4611
1938
2656
3740
633
4875
1607
497
769
2667
1173
1076
2262
4167
3
2634
2699
4259
4158
4323
3347
3229
2561
3708
2183
4907
3194
687
1816
517
1048
2125
3044
1209
1797
4721
2551
364
672
1467
4575
2027
3550
255
994
2966
2969
1198
3494
2582
2744
1653
4442
1352
3695
1106
4262
4482
4216
3698
3250
4335
3629
1174
3016
645
4090
716
4302
1627
955
3591
319
3107
2249
4357
1216
748
4441
378
2933
1862
4666
4701
4296
1294
3646
1186
4149
1783
3833
1053
4513
1687
4651
1090
3567
723
863
1094
4791
1668
1055
3943
671
3449
1681
4472
2163
1051
4217
3100
2234
3754
1428
4416
2340
3117
1702
1750
3975
1464
2343
1786
4451
942
781
3997
643
2689
1365
1284
3393
3006
2475
859
3667
3498
2398
530
2305
1478
1665
3891
2185
3093
879
3032
1233
3862
320
2033
3187
3479
4338
1684
2089
308
368
3045
4402
2123
1367
2849
1766
465
4693
4713
1989
56
4378
2887
571
3390
2562
2670
3624
3207
1981
3320
1348
4481
775
4674
3915
143
2036
3749
4829
36
4265
3213
1874
4561
4754
2452
967
290
1920
3196
1242
1866
2607
3655
788
3656
2648
4040
59
49
884
1377
661
3053
3276
3947
78
2449
3626
2231
4157
1330
1394
1123
2078
2206
2594
445
3512
3321
16
3116
2209
525
4650
4732
3929
3475
501
4459
4607
3282
3373
4105
979
2541
1415
402
3972
3729
473
4465
827
1528
3099
3326
619
3288
4855
1773
1030
1746
4850
3003
3672
2302
4155
1883
3022
1622
1589
276
1275
1066
907
1971
2039
2195
592
2333
2226
3227
3534
1698
4826
3999
3387
4242
1686
1825
1903
1948
1167
1321
583
183
1782
1970
1110
3678
2855
240
3769
2839
292
493
1612
1960
309
2276
4222
3870
1742
1646
1530
3465
2122
2668
3856
722
2263
2713
1218
1644
296
4408
3952
3089
2591
4299
3127
2003
814
709
1163
4034
3306
481
3369
1823
609
4235
2521
3959
4894
1442
2046
2101
3289
1100
3267
2293
4418
1075
3651
3736
4484
1710
1779
4462
1851
213
4220
1423
2990
543
1573
1771
3071
4845
4394
4232
3546
4037
198
104
2657
637
3323
1306
3618
181
3950
4045
3455
4784
2427
222
4100
4264
3262
1267
3060
4909
11
324
79
3935
3122
82
4744
628
4392
681
253
4329
2015
1692
3680
3310
1841
708
1760
430
2465
4080
4258
2460
1690
950
413
4210
2576
3009
1701
2957
3942
3674
2572
3910
2430
2283
1078
4016
4646
2935
4889
1228
2532
2441
3613
3996
606
87
3082
2556
3813
4653
3437
1376
963
4828
4461
2803
876
2940
1560
2357
1982
2962
1541
2693
4385
83
3062
1869
2531
914
1152
2831
4042
4743
2419
4786
3791
538
1392
1980
3052
2030
45
1713
724
1839
4077
2735
91
3247
459
1057
1882
2360
2673
2789
4792
4012
2458
924
4139
916
2144
1201
1847
4007
4616
4075
2287
2918
52
371
1440
812
1067
4101
4192
3300
4240
47
2105
630
2448
4089
3761
3124
2563
2188
3001
642
2959
1512
1507
3951
1263
1385
4024
2971
3699
3170
338
2747
1035
4144
2694
2374
391
4737
4466
3102
1523
1739
3375
2153
2687
2085
2031
3816
3322
1799
4793
2796
721
1944
2392
1872
60
1602
3092
2207
3783
3934
3061
556
2553
3805
1484
1102
4751
4151
853
4111
3103
1657
621
2768
1651
3111
2180
3884
1112
139
1946
2700
2168
2242
1441
1252
4533
1567
3987
4702
3450
2701
2842
1052
2593
1751
2921
3540
419
1543
4633
1995
4781
4347
4188
3681
2835
4322
3909
4131
1856
2170
4371
991
1772
3696
31
4741
599
1304
3033
370
1544
2875
3766
2035
4731
4886
759
2450
934
2197
2008
7
2850
4255
714
161
199
2413
1853
2683
3502
137
4531
4670
1976
3734
203
3514
4310
4375
694
3515
2118
1207
3604
4412
1599
2495
1934
2856
3493
4535
332
1232
4903
405
2018
1320
810
400
2863
3594
4065
3648
2201
2949
387
3418
4175
3775
2580
693
2047
1258
401
254
2354
2742
4043
422
4003
2224
1414
2785
4364
664
1775
4449
2487
4233
2762
1556
4752
3812
4905
4010
2294
4602
528
3895
4485
1963
4717
1704
734
2836
494
1466
3692
4071
4029
4207
3497
484
1826
2709
3457
339
4366
1846
539
4543
3752
1863
786
2916
4443
2973
1564
2783
2997
341
299
1977
1912
3781
4837
829
4257
4586
1855
96
3874
523
3040
2167
1319
1176
1299
3628
2269
4360
4313
4851
386
1688
2981
2066
77
263
3905
1548
4142
3848
2827
2338
3800
1533
3057
275
2752
1109
533
918
3863
4409
951
2847
4824
768
2932
2203
512
2312
4050
1059
2758
3868
304
2598
2514
2711
1774
2463
4470
3148
1041
4015
3945
4708
885
2317
837
1362
1575
2291
3854
2715
469
1998
2821
1286
4383
2236
894
331
2953
4368
1191
2129
4319
460
2314
453
1359
771
389
4119
537
369
2612
2552
549
238
1531
360
4858
1223
374
232
3823
2671
1545
565
1140
17
1834
1465
428
4355
4723
128
3504
373
3318
2922
2253
4174
616
677
119
3835
4304
513
4854
2109
2760
2507
138
3612
2996
257
327
3485
264
1469
2281
205
280
1126
1324
2942
3035
2813
4548
3528
3549
2640
3350
4177
710
1119
1073
1619
1611
1891
1388
766
197
1806
1098
872
845
1181
3568
4852
3491
3239
1261
2976
418
4095
454
624
4358
519
2753
1962
3747
444
1554
3338
2939
2058
1357
4872
4374
4687
3080
2174
1835
3299
3673
1063
344
956
1814
4661
110
1071
3677
3834
3866
4508
2077
440
202
857
1886
4400
4703
265
2072
1250
1873
66
2776
3661
4606
2198
2909
271
2539
3179
3599
1921
1397
1625
4152
3164
3304
4707
728
328
63
22
3517
461
2467
2684
2587
184
3864
1118
1817
4920
2857
236
1471
4331
3977
1958
1010
2912
1369
3417
2795
2405
4110
6
4185
1337
1208
777
1811
4664
2001
1056
303
1831
2169
3578
2250
4427
4398
1720
594
1238
4738
1796
668
4697
1008
4202
699
1608
747
3755
2135
3272
4414
1501
816
2651
1902
3902
4448
2389
1243
1931
4574
2517
3027
4128
1949
1398
4367
3301
1941
2765
3614
2155
2081
4044
4150
3801
2024
1935
1925
3292
659
3285
1914
3918
2605
4156
2808
2383
3716
3468
893
4700
2261
2274
848
2989
2110
3994
1122
3623
1247
3988
3118
4739
2601
2143
1830
886
131
2627
3075
2289
3795
976
71
936
2894
2599
2584
2208
3979
1387
3556
2739
928
4628
2705
1451
3903
1422
1108
4061
3132
4639
3231
2991
1343
3804
2363
1156
2002
2107
4612
3968
2232
4226
3330
4212
4604
3414
1135
3774
274
3569
3998
2065
851
902
2211
410
4390
2380
1489
3295
2613
1386
2719
2034
2060
1145
3865
1945
964
949
4275
4276
849
4160
4425
498
4672
2740
3476
252
456
3270
2510
4307
1219
1364
3138
195
1581
1716
4097
1417
2986
3723
1310
3284
3317
726
4477
1279
2982
2304
4788
1351
4590
3772
1281
3735
1755
1810
4813
151
3616
1204
4748
3785
4000
4359
1143
1235
2080
3042
2650
1085
425
4895
187
2132
1253
2100
1634
4745
4011
2466
2870
2706
1069
99
2038
480
1793
180
4022
1906
4285
2439
4887
37
3217
3466
2913
4457
4523
573
1380
1885
3171
1289
4033
2092
416
4532
905
1368
3806
2186
2017
4761
449
1295
813
968
3161
4326
563
1794
3530
4372
836
957
4879
3756
2745
3606
4704
2115
1127
866
2476
4562
3453
4463
3829
1079
4311
385
2347
1432
3069
2404
737
3038
1781
1264
2251
215
89
3725
869
3730
4695
3327
2064
4279
194
1598
2979
2190
3842
3507
2811
1621
3129
579
4762
2600
154
377
3287
1128
1003
2213
2325
3638
2682
3143
3472
1049
1491
4528
4052
3260
3073
860
3513
2503
3653
2362
3324
4819
4755
720
3155
3436
553
228
64
1717
4857
1408
3682
4861
3212
2716
3709
2501
3559
3920
2127
4107
2712
3135
993
1349
1718
1940
1302
830
4592
1600
3958
2686
4317
1131
2484
2998
4546
1254
4130
4691
3424
2810
2635
815
3219
1664
1707
3026
3036
1028
4489
805
390
165
4919
126
4710
1877
1383
3850
340
2320
2187
3983
2400
4736
2714
2239
883
1930
1190
367
1791
4862
3811
1461
2898
2614
1429
3328
2045
2954
2592
50
1674
4917
2535
3826
106
2328
3341
2324
4046
1942
2102
1013
4298
399
506
2137
4432
2365
4647
3228
4900
3715
2779
970
2221
2905
2826
2421
910
718
4140
4641
2292
3483
4835
575
1731
3949
3760
4136
4179
4256
1901
1508
4593
2396
4581
2431
2692
867
3527
1060
2462
4320
2095
3798
3857
3463
1618
987
2759
48
3312
3163
2814
2911
1656
3433
2508
823
1838
944
1777
1795
791
2402
878
1821
2536
3404
1292
1522
2590
4808
4631
4314
4282
2044
4871
4410
1606
1563
2688
2288
241
1870
3425
2928
536
2941
2885
2165
3340
3460
1237
4610
1893
4060
4267
3634
3112
2327
3315
640
3533
4490
2586
754
797
4649
4816
4605
4132
2780
2777
983
662
1149
1881
2210
557
3024
4591
3208
1568
3711
4551
3377
1741
2301
2331
2444
1305
842
650
2447
268
1947
472
3719
4818
4079
2247
15
971
1034
4123
911
4454
2775
2512
2364
1378
3732
3110
294
4446
261
1329
1764
4260
1050
1012
2602
1183
3047
3025
2451
1115
3584
4106
2134
1927
4215
2794
2516
351
3683
4615
4547
4027
4154
2067
1952
1256
2834
3398
4171
896
191
1763
3333
2897
3216
1291
1456
3824
4554
2150
1004
612
4746
229
1916
217
559
3065
2131
2833
2717
2903
2212
1910
1488
1890
2256
3731
3249
1366
1640
4039
2296
990
2313
841
3351
105
996
4344
3663
3440
3914
3668
3238
3218
1175
3336
3583
2871
2240
2663
4067
3792
3746
2557
555
4803
3538
53
209
1327
2382
4278
4059
3220
2370
1551
4352
4122
961
988
2678
1516
1699
717
835
1054
2219
4330
1151
395
1561
491
1696
1497
4637
1425
279
2604
1074
1165
4512
1148
2277
3803
1205
1225
4324
3011
1005
3254
2581
2661
4103
1840
4191
3701
3294
1691
2192
2284
3788
3588
1943
477
346
2652
3152
2733
3037
95
1900
130
635
4906
656
2906
3407
2983
4064
1433
2638
1332
1546
2544
1790
2972
580
9
3610
1011
230
3251
3855
1639
2880
3451
488
868
4026
840
3837
1603
3298
3989
3085
3635
1023
1137
2772
3957
1155
2967
1915
735
2545
2873
1511
1187
3325
207
4809
1961
4536
707
3898
3248
3041
795
1047
171
2037
3662
2915
2619
1824
4030
3002
554
4558
1858
4911
2984
4236
147
4452
2924
4569
4782
3452
856
2464
729
2059
4153
2629
3522
361
780
2868
2149
926
423
3383
626
4169
3012
946
4901
854
4853
789
446
3242
1150
3411
4021
1044
1374
800
415
3814
2124
2265
8
4292
3426
4241
4597
1356
1636
2596
889
317
34
4332
4609
3149
3645
2411
4756
1325
1139
2754
3467
4902
2749
4201
1813
1000
4281
1246
2761
2397
3882
4729
4345
1549
2471
1730
3464
2788
2446
3030
1994
3266
4055
1490
2474
2138
190
457
1021
1959
4778
2801
1632
112
321
4206
3488
4290
3641
1093
3444
2307
2378
4054
4428
380
1785
4757
3469
58
821
2480
3259
4553
1669
1578
3887
653
1399
2597
3779
589
4499
1472
4018
1411
2523
250
1084
2136
337
959
3043
898
1077
607
2326
3693
3014
249
1236
3917
704
2543
4252
3919
2704
3290
2496
2718
745
2574
2945
2624
2356
3305
246
479
4032
1803
1184
4517
793
622
3773
2454
1483
2371
2860
4844
4068
3691
1045
111
4810
242
4246
3355
3385
1372
3827
4669
3707
3367
2879
705
2778
3916
1287
965
3086
1904
2655
2410
4225
2068
2920
3750
1222
2090
489
38
600
2729
4339
1884
1180
4514
1587
1585
3079
1957
4568
1527
4642
256
978
141
1923
1197
2006
3408
4882
1842
648
2417
2757
4464
1683
1509
1911
750
4218
966
1095
2727
3585
544
3205
703
1743
1400
313
2649
1748
3446
1297
2707
3627
3759
839
1929
1553
3199
982
394
4658
3206
4115
3283
2053
1973
604
2616
938
383
4915
88
176
2050
2843
2946
1290
558
3561
4722
2009
3140
2500
406
155
4159
3908
4817
3145
880
4640
1018
4774
674
80
2472
1006
2303
3000
584
4589
534
2802
3980
887
2617
2832
4519
4057
3597
4896
4648
301
790
3169
715
2938
4483
4557
3586
2191
40
1444
1597
2071
3252
4626
3553
2141
818
4247
3055
5
2515
3232
634
3965
2782
3354
354
1956
4125
4768
551
4161
2193
3269
1992
3010
3435
397
4229
3961
505
4146
1857
2645
4677
3371
421
4019
4579
2841
2756
1985
4148
838
680
2625
1972
3233
943
3339
1241
1861
3202
3899
649
4500
1685
2819
2245
3013
3068
1505
4092
3670
1384
1859
1736
2112
3243
4113
4305
3621
3172
4504
1130
1679
2022
1277
2525
3786
2373
1300
2227
1274
4613
4388
2473
3401
474
711
4430
906
746
404
3883
871
2113
4413
890
713
3237
4625
792
2917
3744
186
4678
4847
3643
1382
4487
305
3360
3841
375
524
3372
1532
4493
940
3763
3222
4572
1322
2726
3176
652
3890
3342
1951
3825
2975
3545
272
2509
1443
1506
2961
752
1154
3666
1542
4396
1917
4250
4766
3510
1776
3748
2881
4848
2644
4759
4645
1514
3184
3572
179
4541
1312
1431
1455
4629
3396
974
1282
2786
2315
623
4728
4898
2695
1342
2641
4467
4221
4196
4497
696
466
3423
4478
568
4690
1762
2550
1682
3787
2152
4429
4825
4643
3751
4456
3636
1979
1601
697
2199
1107
1138
4873
2643
1757
214
3595
62
4300
1486
985
4403
4787
3204
4767
1255
4560
4205
1072
4426
1500
1316
3028
1430
1083
122
4802
2299
168
804
732
4091
3794
3280
