2176
4100
1315
1624
4811
4418
3987
2960
4550
2330
402
107
4431
1381
3088
1918
1676
4794
4219
1373
2824
4192
2041
3250
3686
46
4832
1646
3359
3699
4093
345
1823
3992
2993
4455
1822
2374
4017
113
3175
3754
803
1214
4116
2608
1094
3901
4270
4381
2283
955
3236
1376
2353
913
2267
2357
833
2610
4772
468
1030
706
2845
4575
1428
357
290
2123
1744
1296
4578
3448
3704
2722
3481
2395
1937
4144
3554
4634
4705
3605
376
801
4220
3577
1120
4696
4720
2036
1037
226
3307
431
4362
4868
3127
3943
4217
3492
853
4347
1630
2049
2907
162
3263
1819
1909
2082
2121
3439
2418
4438
2420
2105
4408
3817
4684
1843
3082
4037
1710
1269
2723
4673
3847
2522
1276
1740
3985
2732
1602
2223
219
1195
4450
832
1029
0
68
1446
371
1162
1231
2094
3511
419
1340
3696
525
3872
417
174
736
3496
1458
4234
2854
103
2965
2366
632
1031
1437
3550
291
1402
3098
2004
3375
4385
3525
3674
1413
3935
2895
3282
1812
3
660
1729
3608
3392
2963
4049
324
57
1365
4077
4238
2148
1346
1173
496
637
2019
3021
3422
1046
727
3045
1645
661
510
3591
2270
658
4742
739
4210
1158
3126
4790
3509
4216
921
3791
1226
3215
1507
285
4789
2406
211
2475
4178
4784
4042
384
2218
2069
1426
897
4253
980
429
3096
125
3194
1686
2708
942
1887
1869
4048
1684
3415
4002
4573
2623
1202
4913
4209
467
3077
1453
26
538
4208
2606
1995
3144
1203
4213
452
2566
2636
2700
2630
2332
2329
3867
1591
276
396
2229
2195
2800
3103
4735
807
2273
3159
774
4007
1694
1080
2302
4888
1913
1594
2278
3717
3649
2805
25
2448
4771
2414
1194
3529
770
1690
778
1266
1092
3196
4663
221
3626
3293
91
3001
826
3948
788
1134
2702
4416
2179
1298
3844
3224
363
3141
692
3133
2368
2435
2237
3878
3575
2561
2196
2838
183
3374
2882
3050
4770
2122
4516
1622
1475
79
16
441
55
3765
1271
738
4875
278
1075
1724
617
2524
1766
4830
2565
4864
3875
3387
1460
1678
3547
1805
1052
4732
4034
2031
1883
3416
3296
4537
2633
2367
2075
4361
4694
2968
4129
2807
698
243
4912
1178
2696
2887
1379
923
2513
3258
1033
4391
4836
463
814
4315
2119
757
4841
2835
723
1409
2541
133
97
1844
4365
2442
2766
4727
4341
2999
1358
3784
3843
4563
330
83
3560
4725
2639
4085
3441
4445
4230
4815
3109
3091
984
2108
3049
969
185
1860
4114
4838
2206
3639
3981
3458
4322
2595
3056
3797
4411
2188
4104
721
2768
4793
1089
4102
1421
3181
181
3063
2459
4867
749
933
809
49
1272
3059
1792
3821
4520
1666
4131
2528
3995
3913
1739
2434
1167
3279
4502
4309
2748
1323
1586
4503
1565
2226
507
4126
2088
1048
518
222
2390
3257
1014
3845
1529
4526
3708
2770
2070
3678
772
682
4462
4167
1574
1742
4460
60
4232
1480
306
753
3861
3009
273
924
1348
582
2335
2222
1448
4877
1487
19
4840
2030
44
3816
3267
4617
3168
3831
3099
2884
1330
3486
2858
4749
2667
3369
33
540
177
4172
876
329
2792
1670
4666
1936
3959
3484
4149
1898
2399
1424
4441
2603
3541
4258
3646
4056
2927
3095
2042
4090
2117
3031
1334
1753
2391
4118
3437
3651
3986
4828
4632
891
411
4134
740
1391
3537
2215
1797
2646
1435
583
4471
3544
977
1117
929
1270
1969
930
3104
4792
1655
4318
3672
3592
3365
3518
870
4058
36
348
2930
1311
1482
3376
4812
2023
2182
4284
3888
2305
4798
447
4158
4515
1837
3962
3505
1695
4706
2923
2977
852
3116
4827
671
1233
3508
4619
2279
3207
343
124
3278
2308
244
2078
4420
3820
4713
239
547
4089
1867
932
4652
3162
235
3347
2669
4807
1216
915
3741
4620
920
1097
1015
597
2111
708
1161
4268
206
1020
4016
1407
3907
4869
4306
3454
359
3600
3780
4348
2918
4047
4866
1547
3562
541
4544
2741
4105
1919
972
3195
3909
687
1749
822
1405
2793
4776
4170
3066
1427
1841
2343
3764
3963
702
3724
1293
2185
4571
4350
3429
438
3455
2943
356
4709
1702
4594
309
3495
2609
3809
511
722
3619
2306
1493
1920
2412
4273
3434
3915
4587
3563
4244
1589
748
4566
4799
4607
2260
2677
2200
2216
2482
3410
1809
4860
3114
1160
3654
407
2398
4826
4780
1550
281
1485
1106
4533
3660
2485
847
2560
986
2764
3368
2204
1966
2812
1808
4334
4423
3891
2691
2970
4518
4549
1260
1899
2409
2737
1523
2453
3124
3261
284
2027
2773
2803
4363
2158
2929
4633
4734
1102
1751
2563
514
621
212
1174
3386
3822
2980
904
1182
258
3851
1301
657
2569
4806
4565
4294
2681
3074
1086
1019
875
432
1980
4598
4651
1680
3005
2676
3083
4600
1210
3016
1470
3081
2862
581
3990
4286
216
1657
4842
3689
3938
4473
1038
2016
3480
3364
2316
3573
175
3379
1643
3757
2506
1464
3044
675
320
4242
220
2010
1062
3322
4087
620
11
4157
2359
2660
939
4349
4891
3782
2478
4773
2864
1468
443
2194
2874
2725
1502
3926
3178
3523
3698
145
3473
3428
1528
4907
900
1333
4769
4243
1671
4259
901
3644
3657
3598
4439
1035
639
1335
210
1692
3004
3617
2521
2401
4135
2822
4424
688
3203
1055
1948
3761
601
3092
2298
4240
4182
32
4063
695
701
1517
4686
1467
2263
2713
1588
765
1978
1566
517
1308
435
3737
2593
4484
2962
1240
3173
2575
773
1999
2969
724
3314
3702
609
556
1186
1648
3512
1404
4878
4379
2393
3450
4481
2217
2990
4098
865
633
4845
1652
2494
758
30
3911
3310
542
3177
684
3023
1668
1450
2225
4183
78
2230
3934
189
531
552
888
2796
486
253
1153
4435
1721
4006
1192
1681
240
2026
2861
1484
4051
1146
4066
2255
4008
4111
1719
3346
193
2249
798
2720
1206
4833
3726
3465
2538
3262
1419
630
140
1081
689
700
1989
1782
596
4482
2815
4197
2133
1727
1396
2433
4
424
1897
182
3022
2126
3830
4203
3303
3115
1403
907
3738
3309
1043
2025
761
1849
3879
2394
4086
2721
2747
3475
1007
4646
1510
3291
834
2147
129
45
1017
2899
4585
4297
1171
2385
1217
831
1288
2818
4147
1125
2334
1734
4758
4009
2751
3297
2855
3321
1002
2526
4254
315
471
4680
742
2125
4193
574
2570
4501
2622
2664
611
1057
362
47
2933
2653
2104
2816
3479
4453
4328
3151
1168
1651
1418
3412
4013
4028
4733
2392
1614
3225
1864
586
1144
1257
3955
4744
2285
4570
4702
3165
2665
3277
2460
2449
1799
3647
104
3274
3380
42
1159
1363
1984
673
4859
4839
18
4786
445
979
1642
2809
895
4020
28
2180
4611
4737
1629
2576
4181
1975
4437
3210
2163
3197
3557
2556
879
3319
548
1557
1689
3611
4323
676
121
783
1499
1577
2048
4865
3558
338
1851
3229
2407
2935
495
1112
2540
368
4718
3710
884
4293
4316
499
899
3862
2531
4038
2966
4689
1845
1026
2511
2530
3352
2498
2553
4496
4394
1234
3996
3602
2987
3900
1321
1537
1152
3582
4272
2189
2703
4101
2672
270
2784
543
4321
1228
3631
3015
1442
2959
1352
2254
100
3300
319
3394
1712
1737
1738
3665
999
1423
4422
2063
4444
709
3503
2734
4889
1582
1229
3613
231
645
3942
3815
3539
2958
1788
2114
4916
1163
2551
3624
4538
2339
1641
1933
3084
2340
3768
3859
796
3090
578
1802
3680
4025
1447
4199
1338
2348
349
572
388
3008
237
1064
381
2648
1385
1820
3771
1616
426
2488
292
3852
3534
1876
954
2497
3736
2248
1607
4407
3447
1661
3769
2455
1974
4465
1879
1847
3190
1888
358
481
3881
4624
4751
2577
545
3540
2901
1761
3153
2465
3793
1896
4855
3833
227
2101
2542
3749
4053
1706
3306
3160
1503
2259
2170
118
3403
643
647
1778
3102
935
1756
3546
1732
950
2591
2620
2992
4525
2615
247
4530
4510
1907
2408
4804
2242
2849
500
1099
3564
1752
564
4139
1541
3713
93
3131
1110
75
3490
2286
509
2921
148
3954
2120
4564
2797
52
3051
3931
4486
3320
4356
1991
4354
2735
3659
2360
4743
85
3972
1746
293
769
2238
2687
2262
521
756
2425
76
4831
1196
2128
1355
3268
1051
3456
3147
2583
3108
4754
3924
1986
3906
4389
3289
3950
439
4665
3712
4675
3029
4897
2659
2441
4781
3373
398
2003
4436
2926
2582
2040
1389
3536
2181
4552
2323
2670
2287
3836
3362
3630
4109
300
4491
2319
592
1307
2789
775
1579
4662
1230
2701
1024
143
1463
3462
530
3640
1701
916
1735
109
1199
3062
1687
914
2988
2955
2183
1708
1567
2549
4392
2673
3615
1513
1856
2886
1294
3729
4588
744
1123
2349
3877
1862
1473
3007
451
3684
751
3658
127
2145
4542
3275
326
3122
322
2978
3100
2628
527
2377
820
2184
4023
372
2085
101
2205
3358
3742
3896
73
593
13
2160
1555
794
3054
1552
2333
1068
1166
3783
4796
4679
3728
4472
4656
2637
3247
1609
613
3893
4534
1036
3245
1317
1067
4004
3142
526
1096
2900
1875
4506
4415
1198
1747
4249
1141
132
108
2429
3058
4884
2445
1596
473
2046
3323
2428
204
198
1341
1275
3838
1326
1025
245
882
4299
3006
1698
4909
4881
2074
408
102
4914
192
4630
3427
3799
3311
4251
153
4714
4337
1534
2657
3714
3018
3675
1415
2171
4308
1559
846
1078
1347
3567
4302
4890
812
2866
2914
995
3111
2103
4507
4698
4296
1673
1968
3695
3113
861
2564
2492
3154
2904
3201
1967
2491
2015
3922
4701
4627
591
4266
4166
2153
2831
3032
646
1944
1136
3139
159
1715
3482
2422
4263
1420
2089
2345
4711
4041
434
619
1039
1723
1252
1631
2346
2519
2011
4186
260
314
2872
3146
3273
2
3087
2039
1868
4155
3033
4511
2957
3117
4269
4829
3923
2073
1263
2423
3193
3580
1306
29
4402
3524
259
3694
3089
1395
2151
3449
4380
892
2710
59
2458
636
615
255
2282
3048
1053
157
2956
2662
3849
3969
3276
287
590
4417
3642
2051
4447
712
1177
3669
311
379
3700
4775
366
784
4333
492
967
2310
2611
2493
2014
3174
1569
1580
755
1492
2350
825
610
1993
2690
2571
2902
1088
1779
1318
4301
3721
1760
4080
1367
3046
855
308
1954
3928
2694
4596
391
1996
1658
4370
4112
213
4650
4121
2594
3720
2842
1905
1798
3158
4211
4346
1697
3740
2568
2910
3993
3241
4335
1612
685
4814
2891
3470
1354
4180
2144
144
1218
585
1650
1495
2419
3966
2054
470
4618
1273
1394
409
1009
1530
3474
1498
859
3061
998
3593
2717
1863
3457
427
1704
1884
400
4677
1926
1551
165
841
187
3231
262
472
2387
1135
1309
952
1332
2059
327
3855
4033
4409
172
2974
4746
1325
130
4821
873
138
1930
4122
2431
797
1618
4425
3842
436
286
2134
2008
2920
2066
1374
1364
3973
747
850
2857
2129
3919
2983
2785
2762
997
3789
3683
2336
4331
3750
2197
1959
4281
2213
2081
8
2663
4159
2034
925
2461
4054
200
3502
3443
629
516
686
4062
4027
4766
909
4470
1109
1369
3038
1871
4476
2733
3650
791
3520
2107
4015
953
4373
568
4553
1237
4738
3401
4817
4879
1962
3623
1128
1156
3801
3958
754
1494
3217
2833
4103
2002
2631
2976
871
4403
2272
2356
2072
1486
2503
2520
3202
1519
4808
342
4300
3561
951
303
1757
406
2362
1545
3350
786
2706
126
2869
77
3451
2754
3086
390
1917
2850
3417
1336
3260
3946
2604
2405
3628
2567
223
2548
2174
2322
1366
318
3604
2879
1139
1422
2173
743
457
3337
2416
656
2941
3528
2328
1947
1375
720
4428
4279
4130
2246
4641
4576
4762
3402
389
2795
3663
2001
3353
3110
4858
1028
4280
4055
3430
2167
961
1351
3367
1501
4774
190
2931
1979
903
1286
3351
4592
2115
1016
2155
401
1640
1520
1012
2236
2413
1170
1032
2917
2587
1360
3677
553
4572
1810
2469
893
339
3251
484
3171
2614
2638
2536
2905
1349
147
2790
4654
415
3776
2592
3868
3085
4355
1327
4595
1794
2697
4191
4414
474
1834
3280
2410
40
1546
3426
4153
4625
764
3266
1811
4886
4113
602
1831
2757
3408
4175
3097
836
3744
941
896
1250
230
3590
1613
360
4862
677
1357
3866
3719
1877
4185
1456
1542
1748
3766
3453
4752
1973
505
4225
3927
1634
1303
4621
3994
4810
2380
1522
2507
2472
1289
4410
3065
1137
1491
4557
2142
1060
3824
750
2621
1709
2466
668
3785
2579
3513
3483
3389
3485
344
1238
3205
864
2596
4778
3169
2512
631
1617
3157
4330
3853
1940
180
2555
271
4019
1397
4668
1693
1313
504
3167
4678
4011
1255
580
202
649
4508
2543
936
110
4756
301
4631
2819
3522
2045
1881
3341
4384
4691
654
4073
524
2203
793
866
1119
759
3378
4540
4487
1891
565
4905
2275
4857
179
2402
3810
2071
2501
3774
2462
4818
4396
1297
3382
3898
844
280
4021
4567
3977
2261
4477
4241
1290
2471
1998
1188
3191
3858
3559
3747
2671
729
1796
2087
2300
3235
4179
1718
1329
3270
3834
3682
2444
3775
3064
4427
588
3786
1180
2613
2647
4434
1533
2975
714
3751
1324
3183
1497
4358
4584
1801
1431
3130
154
2162
1127
242
1279
2765
663
2486
1339
718
4119
454
422
4590
4106
2252
2191
3385
453
2062
10
2083
1711
4432
4468
2644
2840
2464
2716
2767
3239
940
624
272
2537
4755
3510
3653
1295
1291
119
106
1398
2585
2823
3342
383
4695
1942
2137
3885
494
1615
4353
4535
4802
3180
2450
1454
1901
248
2417
2777
4374
1190
3469
66
3914
3269
2280
3222
477
2936
2060
856
966
2166
4895
717
2296
3208
4788
171
2544
1575
4290
1956
387
2468
3965
1414
3166
2951
1886
1254
1636
4204
2309
528
653
3709
3961
2552
1795
2743
1225
800
734
1931
2304
3892
4278
2704
1524
780
2945
4452
2013
1472
1205
2190
3609
2903
3476
857
3827
2307
2245
4763
3259
4597
1923
2898
1013
4401
115
2481
2269
519
111
2020
328
2724
2038
4820
2954
985
1399
2573
3991
1386
3411
4345
2629
3461
1021
14
2972
3584
3478
188
3228
2076
3889
3745
3792
1540
2177
1714
169
1861
2247
2695
4591
2077
4623
4368
1247
4031
2729
4142
3188
498
4687
3467
3212
1830
4218
340
4060
3216
3945
1258
4325
3664
4132
4440
2986
3905
1592
3305
161
1902
3199
1556
2598
418
6
650
665
1758
2922
4187
1312
1444
3634
4478
4458
4835
3527
3206
88
3803
2489
2224
2821
1082
1065
3315
4426
1118
3662
1817
3152
3748
1243
2341
305
813
4636
2312
737
4215
4026
4097
4822
2794
2303
3863
3148
1598
4096
3468
2299
3960
4360
158
261
137
1785
693
1151
3283
4076
1328
2745
3507
178
4145
3846
3459
1949
2288
365
4398
4676
1603
4901
3515
2102
898
1222
551
4143
4267
17
1531
4489
1223
4783
4156
155
1632
1105
2095
2617
4247
4645
3645
894
1977
4731
830
587
710
3735
2928
3129
367
3491
4061
3218
2318
3301
589
1006
307
4729
4700
1730
4430
1885
996
1916
4124
3002
3730
1914
2523
3530
2265
691
3688
908
65
394
1490
3648
1764
1390
4797
1813
2827
766
4120
1049
971
448
3339
4854
3668
1220
423
2761
2856
3917
2820
2937
313
53
3161
2476
1957
4574
2199
2652
2774
3763
732
1585
2727
4404
4681
1972
2243
4902
2208
2755
2175
1890
550
3621
2294
854
3233
3272
563
4640
2251
1593
3743
3463
1776
1775
746
1581
1061
3464
851
1532
1900
4339
2539
4313
1720
699
3903
4726
4429
4521
1474
4873
4319
2601
4747
848
959
3850
808
3918
1855
3477
1042
1429
2896
2756
207
918
2352
3037
777
3488
3578
2597
4083
534
1611
2641
268
3795
544
2738
3317
4081
4692
3865
7
4556
1219
4861
2991
1388
1344
4910
824
1432
3034
2949
1963
361
845
2832
3424
4340
4174
4383
843
1320
2397
4753
1976
3407
375
2012
1189
3848
2317
134
3431
4146
433
1305
4896
2009
1300
2916
3989
678
4010
2056
3132
4107
4580
2169
4524
1143
1662
4070
1477
934
3137
382
1345
2726
2516
3028
1197
4893
2778
2447
2118
2239
821
3899
2383
2344
3255
2421
4067
818
2925
2870
4239
4809
3980
2342
3760
1654
2550
43
4664
4032
2924
1833
1302
964
1408
3043
2946
902
3756
4613
449
2110
2944
4154
2132
3882
2705
2714
1479
946
274
38
105
3340
562
4493
4683
4044
4745
2836
1261
3979
4647
805
4160
2848
1
2165
2274
1604
1204
1400
4739
4880
3182
4761
4704
4110
2029
1755
974
3606
3041
3027
4568
1069
2277
3361
1461
3517
3643
842
731
2938
2627
648
4400
2814
3583
80
877
1181
4214
4837
1322
690
48
2324
1319
4464
2788
1079
3932
3246
3666
2338
1034
1155
2446
4500
22
960
594
3355
142
4853
3030
4043
537
1412
2044
885
3566
3330
1184
1904
2086
2782
3533
2509
4605
2053
4169
1176
1548
3531
2221
3425
2915
2760
2730
3532
1282
1544
4065
792
2347
1425
3075
3069
141
2227
331
883
4637
3042
4589
1587
4069
4541
533
1041
4608
444
1147
4312
2997
3978
1806
3080
294
1870
3854
2005
2715
1649
4071
2152
3460
2612
705
1124
98
2484
3265
234
4095
1564
1639
3138
1380
3572
4717
1854
461
1310
1606
90
1183
1504
2740
1840
1172
634
1853
266
250
2860
2451
4252
1022
4035
4548
4615
680
2193
3823
67
1927
3383
3164
4449
4291
3327
3338
3812
905
2642
4690
1777
4906
2295
666
195
1675
4528
912
1859
373
600
4883
3176
2271
2149
1212
2739
838
949
4448
4305
3397
279
1803
3234
176
2881
1619
1187
880
1745
1063
478
860
4366
4844
2035
3734
2973
1208
1077
1703
62
3446
3871
3290
72
4523
4710
3286
1496
1108
1950
1858
546
3487
2202
3568
607
512
4599
3957
3112
2798
4593
2707
257
1599
380
993
3586
3828
2096
4708
2109
238
4202
2742
4545
3506
1469
3616
2909
71
4307
4326
1682
405
37
1095
214
3804
3172
1130
4628
1387
3452
4757
4697
3493
2284
1505
4660
4454
4505
3057
3521
1411
1342
782
616
2291
3238
2043
1915
4606
1945
4367
3543
911
3163
3377
4547
228
1465
1027
1911
1674
559
3636
403
1656
1215
3047
35
3895
3121
397
61
1438
3143
3826
837
536
58
4917
1281
869
1452
1608
4386
3956
4604
554
715
3343
4569
4223
2487
208
3585
573
1244
3701
4722
1018
2698
4892
199
3252
3421
4497
1600
2932
2024
4467
926
3933
1236
4277
4115
1443
3406
4672
2801
2228
733
2786
1824
4246
1716
2363
3149
2683
1054
9
3588
3285
4412
275
719
4551
2326
1838
4117
1047
4512
1873
987
1004
2981
263
1921
2632
887
4609
1350
2244
3384
2437
460
4479
4148
3767
867
1462
4078
2775
1370
3691
1685
2590
2483
3435
1274
3444
2684
2186
2547
957
2847
1964
1637
2619
3497
1500
4059
347
1191
295
2289
1625
2480
1059
1356
410
910
1554
3287
1008
4372
886
3514
4189
872
3094
4918
4226
1790
1943
3814
2355
2018
4915
4001
1568
3304
3800
1669
4759
94
2143
2557
776
1185
420
3752
3638
341
2873
3433
2802
2130
3988
1232
2771
269
752
4519
849
584
1791
205
726
249
1000
652
3156
2624
2315
2382
3248
3731
2996
3036
194
819
2351
922
3489
3641
771
4785
1814
1383
15
3835
1256
1852
655
4282
4285
2787
1264
1011
479
1910
2373
1093
370
2998
4382
3313
2602
990
3908
1601
186
264
265
2711
4250
3073
4196
2365
3292
4504
806
3237
2370
1277
2888
3755
4730
1010
4152
502
2389
2885
3614
483
2253
2068
622
4463
4764
874
968
4161
840
1774
664
2327
4092
3597
641
4311
3798
1393
95
3219
679
4164
816
1912
2112
579
1951
1483
4707
3242
697
2749
928
1846
815
374
2124
3864
1988
2187
1621
1663
4898
4413
421
2146
906
2753
4283
1929
156
4688
3436
4649
4176
2605
2719
3324
1142
252
1835
1691
2505
4748
1762
3716
3693
612
4029
567
2776
3553
256
2055
3538
3399
4046
4682
2490
1635
399
4057
989
3612
96
3295
4352
2396
2584
229
2640
2688
4304
561
4661
3128
277
2006
2091
3794
2679
4237
1965
1140
2851
4658
4022
4390
1516
4072
3880
1705
4517
4768
1992
2811
1091
1023
735
2376
1372
128
4644
4543
2635
3336
99
2502
3894
555
440
4162
1145
2354
1952
1572
2863
469
4206
1292
3079
4050
3949
2911
2625
456
2141
2473
4782
241
3627
4586
3105
2067
1362
4336
4760
4639
4397
1826
1857
3254
2709
1384
4171
2135
173
2829
2953
2210
2313
1731
4903
4629
4177
1126
3298
4558
3025
2984
4150
889
4514
1924
1842
