3564
3088
2075
3937
1365
4343
2003
2530
3045
529
706
552
4402
1903
4812
4786
196
3441
3818
1192
3982
1196
1694
760
3268
206
3951
3678
3900
4889
2330
4686
3769
4318
1037
689
1648
4114
244
4702
471
3168
1569
2492
636
3023
4294
4116
765
4573
2859
1174
3229
3620
4431
2391
1104
2014
3344
1334
4417
3320
730
742
1413
1348
1231
435
4482
3911
2345
148
2670
1760
4433
3142
4501
31
3422
1347
1405
2854
2478
4135
2527
1905
3158
1123
1270
515
55
2063
2367
1829
174
744
1753
4074
676
1580
139
1502
3659
2041
3950
4080
833
921
2793
4012
1932
1898
769
4815
4542
779
1242
452
1570
4387
3102
1392
2930
4005
3150
4769
4385
3940
1862
3134
3288
3873
4194
929
59
3839
834
2399
1055
2179
1100
2908
4238
3081
3373
2214
2498
1828
92
3624
3987
3948
4087
3334
1944
3718
4158
2078
1033
1353
1518
4845
481
1389
4269
4090
219
2048
4007
181
4381
1984
3726
692
1805
3695
2962
3087
4268
1780
895
3056
2427
1221
3985
3300
4085
4646
3608
3316
4395
376
1407
3793
432
2812
4258
992
1182
3995
858
1040
2145
2103
163
3224
2943
1352
4378
4826
621
33
945
973
2796
2248
3738
3974
1404
4042
1096
1371
1638
4242
1081
2734
1308
3859
1024
1273
3765
853
4439
2519
2540
4127
1867
3139
3174
2988
2927
2499
1448
1543
772
3904
2283
2831
157
3289
4138
1136
3934
4121
1868
3525
3225
2116
3008
1937
2218
611
1843
189
2394
3084
2016
46
2901
2849
4634
3540
379
283
1015
2455
1938
2770
1594
1726
3368
3939
1441
2628
434
2428
4916
3192
651
359
4460
688
4302
2390
4141
4170
1710
2611
4863
3470
2572
1087
3780
3984
297
4009
2980
3893
4230
1655
3189
2713
19
1117
2094
330
1560
919
314
4151
762
3352
2855
2147
3314
4620
258
897
54
4860
222
4868
3615
3867
60
4264
2822
4082
2051
4455
1470
216
3244
2656
3117
809
1475
411
4740
4725
2955
4486
3437
3092
4301
2807
3429
4838
2622
3518
2403
4058
2853
753
3033
75
136
667
2465
4099
2744
2569
3141
1014
3479
1825
2185
3629
3387
2919
1848
3059
4705
2442
3737
1767
4698
2158
3926
4795
1872
2884
2966
4878
3617
1907
1724
4792
467
1602
1097
3049
884
3888
409
2457
2122
1588
4859
3261
4379
3193
3393
4441
2144
273
3981
950
1899
1946
2181
657
2310
2418
4666
83
1698
593
2340
1134
1786
1919
671
585
2420
803
1673
3345
4522
3770
473
4308
1832
2170
2183
1837
1233
826
1582
3856
920
3175
1019
4773
1517
3048
1643
3739
2950
4461
4827
609
2036
462
2677
4077
1396
4272
1800
177
2388
4104
644
2609
3223
4624
2636
2409
4303
1866
904
108
738
802
4619
1410
4881
4549
755
723
2583
3929
4327
3573
3935
3364
3598
73
2255
1092
4570
1668
1981
2662
2693
1251
2372
1492
3147
4804
670
3757
2015
2914
3326
2305
3060
569
4341
3416
556
3963
497
4111
2858
4002
3689
2666
1066
847
1692
3720
2205
2335
285
1039
3822
3524
2488
2732
145
1677
343
439
4013
2828
4217
1499
3319
503
4737
4391
3475
4197
2161
1701
407
2209
11
1214
4165
3844
695
1481
2156
1304
2615
4706
1116
4045
2494
1991
2835
2154
52
1530
475
1075
2921
2386
2969
4494
4836
4109
3544
1591
3592
2445
4293
45
3062
3021
1132
1121
2703
3508
4181
16
1802
82
182
814
3721
2485
4333
1658
3809
3271
2180
2306
1740
1144
3886
1030
2593
4363
3589
2359
596
501
4674
2438
2458
2010
3713
511
3291
2434
2722
1816
3820
2114
1789
1420
4137
879
2278
255
1437
3619
1876
1358
3210
1052
1778
1798
3076
4758
4607
2542
1460
725
1612
2506
2168
1894
3962
2493
702
4671
1280
1990
2121
3672
2099
224
3649
2904
3654
345
336
2637
915
260
231
3849
1642
4209
4904
548
1480
2747
2449
2195
1987
3374
2513
2088
166
2564
1234
3642
1272
3966
1986
3001
571
2384
4144
3741
4006
4334
3992
2667
4627
3004
3551
1002
2558
1406
564
4914
3686
1415
2316
3419
1321
237
3415
3640
577
356
4259
2518
958
36
1765
3123
3548
419
1017
2443
3938
93
4066
601
2329
1153
211
482
4617
2
4254
4712
2293
78
1552
2673
1860
3359
3924
2436
1224
4075
4732
4856
41
4515
1672
3896
1970
1627
3815
1815
3656
3546
576
2839
2104
2140
4362
1827
1230
4675
4751
2852
3165
4867
1038
4190
4473
1152
684
3702
2668
4811
761
4450
3392
1908
103
4419
700
1928
1482
1633
4614
2639
3400
1468
574
1457
942
3061
4588
4526
1269
2566
1168
4028
2033
3006
3391
3736
4245
371
3708
2995
4284
2117
891
79
3630
2459
4407
1983
4216
1158
1620
4790
1739
4875
1099
2139
2282
861
986
4897
2556
4208
4200
3505
4118
1228
2591
2750
827
468
1226
4650
3492
1969
1845
3694
3843
3448
2290
2658
2073
3910
794
3560
4534
3509
590
4445
278
3906
3058
1690
939
2119
1539
2475
1263
1772
259
1849
4772
1880
846
507
308
3358
1239
615
4842
4770
1856
4823
3194
3570
3007
2054
3126
492
225
4102
3044
1298
4537
4166
2862
3500
881
591
2948
201
3884
4240
3241
1993
1103
1686
3562
2528
3066
4750
3633
1953
2105
129
4713
2748
408
3439
1167
3263
1450
4784
2188
100
852
1888
2452
2522
2900
2633
2769
3410
2864
2101
3652
931
682
2792
4451
56
470
4266
2023
2865
2106
756
1285
1788
4
525
4806
685
1547
1076
547
3877
969
1555
1681
3329
3122
2178
3322
329
980
701
4600
1577
1458
1125
1419
2407
1631
352
2349
1070
4828
2963
4869
431
2375
3539
4529
1844
3282
2429
1889
2926
2159
2910
162
4502
1294
796
4864
1198
1331
2414
3753
4699
2660
1301
1162
4126
1954
2978
247
647
1525
4885
4219
338
4416
118
4727
116
1064
2965
1565
3127
2182
3993
3215
3370
2374
3797
3347
2398
1046
1822
3095
3637
2286
3494
2148
4020
1896
3602
2046
807
3022
783
1792
2630
2030
4630
240
3281
2222
1521
2889
2940
2176
2764
1394
310
1557
4024
3579
2027
4743
51
2069
4714
3381
4299
2151
2634
3262
518
4662
2575
2577
2809
1007
4167
104
3369
3159
4503
1090
3349
1094
159
2553
831
2074
4653
3178
4008
1202
3267
3412
3091
3181
3537
3830
639
1559
1851
4894
1713
4742
1194
4735
3511
3109
3083
227
153
3576
4251
364
253
1883
3078
4912
1338
4513
2334
1453
1996
1245
4583
413
4840
933
3482
1997
3646
2818
532
4830
722
832
645
1062
1493
57
2238
2285
2377
2659
1922
2845
4444
3879
4193
2846
2424
2728
4890
1734
2249
1426
2358
4601
3017
3722
441
4538
2562
3764
288
1966
1317
2773
3187
2126
1616
2025
1473
1257
366
4023
4721
4780
2844
4635
774
3151
2805
3891
1706
3700
3413
4371
1737
4306
4733
2057
270
4475
3258
2804
1779
2026
1819
3790
2561
4323
578
2241
2460
28
1913
2237
2323
773
3447
1768
1110
2571
1403
1507
1644
3852
1029
4718
3
2039
3554
2918
167
724
32
1367
1978
2040
3791
3742
778
378
4622
560
2654
3523
4105
1771
2226
1732
2676
1315
91
2689
3603
1276
1567
495
825
1333
1558
1057
4527
4459
3805
4370
2886
2511
1036
2019
3928
4555
363
2432
3380
2401
3039
1035
499
4776
581
4466
4231
1722
3761
930
4663
1678
3862
1652
4436
0
4351
687
3071
2737
3063
4874
3409
1645
3390
3498
4270
309
2393
226
3307
1051
2664
4533
863
2206
221
3999
1340
509
2184
3754
1199
1248
3019
4056
4088
991
3490
114
4184
2563
3587
1439
1335
2992
1424
2994
1975
2287
1536
3996
2751
3657
4101
2576
426
3930
1249
660
447
1723
1043
1999
3878
384
1200
661
1086
543
1697
2229
4094
2297
2233
739
2803
3601
323
2861
2603
2412
2422
87
716
1589
1283
4393
3622
4295
3018
4765
3547
3293
26
1980
4038
4839
1712
4832
2674
675
1048
606
2977
2696
4203
251
3596
4131
620
4511
2242
3296
2302
2768
4389
1435
1166
1503
1626
117
4749
1579
86
424
3403
2215
3277
3203
3758
1747
76
3486
198
2470
3054
1847
916
4129
1647
1271
324
1605
1113
2408
3454
2395
3386
2874
1752
2337
396
3003
3631
1687
1666
2346
3103
140
3236
4098
4348
1293
1377
1067
2011
4498
4063
2899
1361
4693
4335
3052
4316
3575
326
4178
4442
630
3185
3257
417
2231
1354
3550
4034
1402
3484
1799
1311
4685
1571
4805
3108
1751
437
646
2350
193
4638
1173
4564
2423
2385
4347
3952
3050
1960
1586
2361
2993
4679
3836
2665
29
4673
3348
2079
4866
954
68
2021
2672
3838
4376
2111
3639
1179
1583
1651
2797
3346
2321
1112
3667
3465
2895
582
2882
4329
4518
4771
3796
994
1442
3907
245
3847
2842
1650
3690
2830
811
3230
3717
775
2867
721
4014
3376
1653
3613
3706
1445
1133
3535
459
4472
276
1178
698
4321
2504
2701
3070
2970
3365
2887
3577
3302
1841
2258
1749
2070
1216
2620
1609
1657
144
2582
381
3740
1812
85
4913
2479
3332
4234
2607
4053
414
1596
1288
2923
2799
21
981
583
315
3074
4211
955
3190
3909
1484
4618
3100
3306
3104
3953
757
638
1783
1177
185
3632
3032
932
4337
1026
1820
4338
2789
586
4779
349
218
4356
1025
1541
4891
4724
296
4392
820
2526
1744
3153
545
2541
1078
388
3558
4775
2189
1754
4089
787
4594
2440
2270
4665
914
1574
3698
2568
1296
4876
3712
2262
1495
2348
3872
927
3323
3943
282
4791
4040
3607
3253
1875
2482
4447
947
963
4172
3555
4781
763
2680
610
4575
127
3684
2406
1434
4243
637
1614
4789
530
3997
2308
1213
311
1761
1203
785
4715
3771
3676
4807
4633
3196
3674
12
924
4048
2606
3833
748
4423
4616
430
450
4552
4846
4093
1001
901
3557
1746
3541
2947
1630
1804
4559
2531
1240
3651
3144
2985
1622
1667
2223
4481
3227
2736
619
1416
3881
2353
2085
3851
4328
1346
102
2837
2608
1195
2524
4899
2934
3870
3207
4544
4578
2093
4420
4657
4273
784
1933
4530
859
1695
3519
1265
967
124
2907
4004
4228
2264
1031
1262
2952
1523
1766
913
4474
74
526
882
3749
4877
1464
4220
1314
2368
1463
125
429
1936
213
2276
3113
2366
4421
3972
3458
1756
298
2257
2968
1968
2784
3685
3869
538
1671
3131
3051
3450
712
1210
3455
4667
2194
2357
875
2872
1670
4369
2595
4516
3813
1989
4361
3311
3671
204
3115
1447
49
1229
658
3434
4632
3154
4525
1874
907
1948
2699
2521
4793
27
2735
4480
2771
1107
1516
2092
2779
2547
4148
3130
2909
2300
1374
453
4604
2946
2091
3522
4410
1071
717
2201
3205
2095
699
2142
1061
440
415
2834
3927
4608
3132
1393
3643
4201
3308
771
1302
1683
399
1042
1351
4313
2763
4871
1193
34
4010
1664
697
1045
1422
1060
1023
1688
397
3080
3315
780
333
1220
1838
3883
2080
88
4256
4672
3106
2313
2991
155
4358
4808
4414
2683
4062
568
2996
4920
1383
655
1022
2243
3917
3971
4589
3328
828
271
1462
2599
2535
1685
1891
2129
3128
1831
3064
2490
4202
648
3234
650
2857
3041
1364
1054
4558
862
1544
2760
3461
3595
4752
3218
4206
1674
4057
2193
2098
1959
1858
1902
1637
3057
4668
1191
4277
793
3994
635
4159
4649
1021
705
3687
4577
792
1041
1297
3446
4280
2500
2246
2850
883
1238
3604
2619
3286
14
3866
2476
4427
2510
3801
3663
523
4065
209
911
4043
2951
4125
4311
2589
1985
1604
168
4163
2383
138
4911
498
3755
2062
4853
1877
4205
1310
2790
4821
200
3735
1287
3792
2022
39
3759
3155
3590
2253
1085
2271
1842
1382
1824
3287
2173
4218
1345
321
128
2754
1813
3506
3457
318
4426
3325
1988
4360
4639
1212
4514
3501
1181
4257
4050
4531
4330
1942
4255
4500
4788
4677
4175
2251
961
561
4778
3408
2143
729
454
8
1581
1336
4061
4519
2035
786
340
718
1286
2244
1758
4225
746
3586
605
3772
3036
4761
1109
3038
993
2870
1320
1540
1359
752
3367
2756
2592
2484
4399
4763
3202
943
890
704
3625
3489
2516
1489
135
680
1455
2813
2517
4430
3683
1790
3597
604
1292
4746
804
840
2706
4160
1319
3483
2632
3397
3377
4887
4822
2814
3295
1854
1277
1927
2018
519
3889
4154
908
1775
3152
3452
66
2938
3301
3666
2982
848
1388
806
1165
2905
2612
1069
1833
412
2299
1170
4325
4161
64
2727
3179
720
3298
3899
4317
3200
4757
3538
3677
3222
3183
841
1138
2682
2726
1430
925
4162
1360
205
1494
2787
3863
4390
3628
1401
2006
849
1965
1916
2495
3725
1608
4882
3140
4753
817
4331
307
4748
4717
1921
4643
4787
1892
2647
2692
3871
2326
1669
1065
269
567
2141
4595
2578
821
3206
1639
4764
2650
2749
3748
332
2468
2309
1303
906
1328
303
669
2715
1114
4132
1794
4605
4026
370
3285
4173
4487
4305
2421
2164
2925
1140
1781
410
1072
4307
1456
3086
2888
1010
4545
3709
3825
1956
873
539
3887
743
2786
3305
2974
1599
442
1533
966
1471
4267
3802
3776
570
2640
4818
3641
624
2767
4223
3101
3214
4738
3212
2131
400
2175
122
1008
2698
377
2509
1840
1743
4171
3645
4156
242
2064
4755
3868
1126
2911
2136
1731
3810
2635
3719
1998
1784
3402
2087
4368
1774
3973
902
456
1290
373
141
4905
2964
1870
1184
1912
422
3417
3945
3043
3837
2486
4226
1119
404
3097
428
1390
3340
575
949
622
4336
2655
3908
3788
257
2325
2146
896
860
2280
1000
3406
3337
3343
4648
3425
170
4003
3636
1215
4097
58
2269
4443
524
1227
565
2761
1795
1295
2444
3853
2774
998
810
1597
4011
3318
3892
1093
2941
4645
3905
4647
1491
3079
1483
3531
3798
1375
3731
2410
677
2785
988
745
693
4310
3467
4695
4700
3991
830
1592
3420
4493
3648
1049
551
188
1940
4018
2552
4629
4071
3442
2304
789
4128
1935
4288
3478
4108
3232
77
1615
654
2976
3733
4661
2507
3485
1129
1131
1372
3855
2351
110
1806
2454
4276
1934
289
2389
1696
3404
631
3594
1343
3584
2462
3353
983
2130
1527
2318
2833
294
1803
1793
2005
2380
2881
2641
857
3014
3734
1095
3002
1575
2239
558
3806
2920
1332
3118
3238
3533
2356
274
1603
461
4429
4044
2707
2752
1412
3396
261
4528
4359
3265
1906
232
2347
2047
3727
1585
4142
4069
4055
1350
1398
555
1362
3835
491
250
3841
2284
2044
4092
4468
301
374
1219
2944
1059
1598
2896
2514
1349
2236
1640
2426
65
263
1073
2590
3027
2733
134
4880
3304
3426
4817
683
1261
2972
1895
2795
3399
1755
48
1910
367
3182
3988
982
3521
147
3440
2311
4400
4762
1254
20
331
3047
874
4250
3767
1846
2150
2107
1235
2464
3243
1926
2597
4054
4523
2055
4660
2007
747
3848
1466
4019
4278
1556
614
2371
3885
1542
944
1810
1977
3248
3593
4409
1501
4046
106
4405
4177
4901
1130
3430
3254
1469
4374
2315
4722
641
2024
4039
3826
2906
3786
3812
1730
2447
131
974
829
960
4130
4146
872
71
2794
2529
2370
484
1514
449
1151
2629
194
4557
4512
4291
679
4777
2625
3395
4078
3167
5
2537
737
67
2989
2729
4521
2557
3693
1472
383
2467
2604
1656
3958
70
386
1923
4052
3864
3037
3216
1704
1660
1012
2602
3965
4352
3317
2823
3983
3491
2190
4547
3944
2649
2730
2489
1399
3832
2863
3191
869
4918
3960
3510
4691
3137
2295
741
2155
3464
3211
1384
4556
2405
1044
2820
4759
1785
4581
4536
4072
3272
180
4692
2301
1337
1108
4609
2945
2585
4298
4274
2765
4572
845
3389
1636
2197
142
38
579
3313
4626
4568
238
1258
550
3679
72
1452
2090
4688
951
1149
2387
3556
3166
4917
537
4816
2137
1857
477
3020
4636
4844
3829
629
361
937
1976
3572
4910
889
99
3360
3638
1237
1826
4282
2875
2885
420
1027
3407
4332
3752
4687
2167
965
2322
3333
4304
1945
2775
1241
1386
3431
2061
2002
2056
448
1281
4797
3424
4915
61
867
4495
4382
4591
3135
3034
1711
2487
2975
2678
1757
731
3129
691
1380
98
3530
2851
4189
987
1150
3264
1759
1156
325
2124
387
3715
3916
3979
3246
4766
4198
3785
3662
1135
1818
4497
2954
1763
3219
3750
1183
1454
328
3612
1461
1425
4726
2032
2544
1545
3778
3283
2097
1962
3532
1807
4287
3231
3517
4320
2617
922
476
3760
918
536
1511
1465
4353
886
4367
265
2058
3616
4396
4091
1259
4664
272
1433
4289
347
2601
2545
3143
3670
2627
1074
3773
3414
2324
2065
1083
3398
2915
3460
823
172
2860
3186
3294
4602
1342
2086
154
3918
1939
4879
480
4079
1505
2961
2336
3459
1623
3774
4456
964
4593
1693
946
1459
4247
2644
4599
1714
898
4641
1142
4801
623
2416
2017
2939
1718
2149
4096
3682
3775
4729
2880
3035
1185
2651
1617
3388
1508
3423
3840
2743
2288
3487
1675
4567
2274
35
2162
1400
2936
341
3299
2289
2979
3925
2536
4115
795
4241
1717
3599
1246
2638
1082
1438
401
4084
4819
2697
3209
4606
2437
909
2187
4532
1519
4383
1699
2688
1479
653
4292
4319
4628
1917
1796
3827
3259
9
2746
436
782
2554
2250
4858
4477
2277
4164
268
1111
1992
2724
1137
4813
53
266
2013
4612
1154
2038
3504
1145
115
1634
3385
1488
732
1835
1524
990
2009
2621
839
416
2292
3946
2986
4892
2275
4592
3356
4861
2245
1549
3444
295
1973
1621
3312
968
4631
2165
4000
479
573
1859
3010
2471
3516
2613
4478
4728
816
264
3553
1077
4895
2949
1490
4176
3998
4124
554
3436
4690
663
3463
3355
2782
766
2997
4637
2400
385
2397
4803
1339
1654
2645
2631
1118
4463
764
355
703
4215
940
2240
4586
2341
1028
4372
2352
3163
1004
2355
2515
460
2550
2417
4902
457
3085
3561
494
2029
3493
1414
2642
2364
4458
444
3823
580
1322
1593
254
3266
2177
4081
4246
649
346
2220
380
3894
4898
1531
2381
89
1143
3664
1443
2738
1762
3361
3842
2328
4906
3138
1147
3585
4095
3169
215
544
3743
2819
207
819
4059
1871
843
871
95
4001
3199
3707
1821
3172
1618
2843
4036
813
2711
2984
836
674
1247
957
2450
733
2043
22
2373
3691
2020
4554
3549
4279
4613
1369
1253
10
96
665
4032
2083
3606
2555
3968
2505
690
1496
2586
2913
126
4446
3251
2012
230
1951
4658
4187
1929
4290
1601
3148
4896
516
2008
2584
4152
696
2903
4745
2221
178
3789
4406
838
1325
1561
2327
2758
1950
4747
3488
2781
2314
1128
903
1180
4143
600
4449
4580
2894
3766
1127
2614
1915
534
2186
559
4339
594
3781
1931
2132
3331
252
910
2365
4848
1893
3898
2192
2508
4654
1431
2931
864
2102
1791
4483
375
1628
3184
3472
3650
262
686
256
1663
715
3880
1584
1662
490
1034
1032
4731
3421
4723
800
3161
3964
4364
3890
1881
3814
249
4569
1451
327
759
850
2856
2643
1155
4517
4783
1115
4236
4810
1930
1506
662
2256
3270
3354
3824
286
4603
4676
894
2983
4344
1208
1477
4584
421
466
2705
3468
1098
3697
2890
3000
2543
1476
1243
1003
1378
1444
1855
275
2203
1811
2937
710
4710
928
666
618
1911
2138
1703
1105
1313
94
877
2798
504
43
4736
3779
3025
3026
818
446
3762
549
3384
546
4809
2294
2811
1551
4120
2942
3956
4825
2076
3673
3903
1189
668
4524
1745
2832
2281
1814
1316
1244
267
4873
3882
223
2714
557
2110
768
3515
1830
1169
2709
3914
4179
3477
3751
1972
1278
3188
3383
3164
3145
2320
4508
4355
4373
3065
1500
365
4067
4703
868
4030
3746
3566
3149
2135
2312
4642
3807
3865
3732
2523
1370
970
217
835
4174
3290
4644
1084
3857
3499
4857
625
3105
305
4697
4022
165
3011
1300
893
3342
2354
4707
4384
3335
3341
1018
3507
3466
2481
2219
2740
280
934
1733
2362
4560
1787
427
4919
844
3653
69
4767
382
2053
4252
2827
4682
4485
208
3226
4212
2587
2100
4543
3569
3411
640
1172
1148
4060
120
433
403
354
659
2598
4505
912
856
2801
2081
1554
248
4106
1943
2224
4432
4117
2060
3811
2873
4464
602
1659
246
734
241
489
2588
4457
50
4470
664
1050
3371
4851
1924
2892
313
1274
3180
1122
4345
1853
959
4326
395
4535
423
2973
1397
707
4785
3438
312
2303
4140
1056
369
4340
2072
3401
4719
3967
502
342
4428
199
2876
1914
1005
2924
824
2439
3042
2757
1925
487
4029
3121
2967
277
390
2581
229
941
612
3324
1546
728
4103
3688
