1970
1583
3581
2710
3525
2923
1202
4087
2074
1948
1558
3195
4814
1457
1580
338
1449
3815
585
1702
3016
2350
1565
2093
3652
2200
3437
2884
283
753
3972
2266
3454
3995
1248
599
4216
1779
3928
852
1136
2014
4438
1768
1823
1989
3758
1567
430
4520
4843
2735
3912
3717
3966
2440
3409
2423
2099
661
897
4420
3190
4525
1106
3618
881
1552
1607
2877
2828
1221
2025
1460
2676
2893
3690
308
117
3571
2031
3764
2809
1480
3771
3368
4867
3322
4633
1746
118
2189
3909
920
3039
1978
3151
4155
3654
4322
658
27
2534
3820
3087
417
3575
2526
4638
1526
2731
4112
36
1571
1987
3309
1771
4564
1485
637
4181
4492
4889
2448
3117
1681
1920
2518
3911
3387
3410
1275
2769
3439
2576
692
1655
4881
3884
1201
1405
2194
1053
1381
4200
778
1543
482
2728
4529
1162
3346
3215
1792
1686
310
4111
4657
660
3213
532
434
929
4116
3032
861
2218
1314
1722
1482
4351
356
1712
698
1468
3194
954
3617
4228
1231
825
3780
4702
1068
4264
1672
4671
2751
2157
3227
2669
1646
638
4897
485
2069
4371
3261
3045
1680
247
4197
4141
716
3867
1783
1579
441
2180
3862
2398
4208
125
3601
1326
1513
2725
4598
2542
2675
1123
727
4436
4395
3245
4538
189
2128
675
3598
3332
4472
1880
371
4696
3181
1697
4194
3271
667
4170
1435
865
3896
2812
3412
2493
2766
1971
3480
2465
1528
3127
503
1760
2214
3061
3422
1729
2298
3196
206
4899
1828
3681
706
633
3784
1652
363
4195
942
2720
1198
4220
3006
1560
2824
3969
4662
1907
4846
3146
4482
4875
4806
963
3695
1367
1808
4354
1694
2000
1209
3809
4178
4435
2577
2477
1276
682
391
4653
1040
4227
2485
4017
285
3033
4182
770
4646
4509
1845
2799
1538
4511
3197
1832
4544
4407
2209
2538
4542
2844
1341
468
407
4834
16
757
4758
3320
2839
2853
4450
3007
1484
1798
1899
1239
1661
784
3742
1211
1152
4447
1177
3077
1706
133
245
2615
630
3095
1586
4833
2424
740
3165
2399
1997
253
4617
1847
1715
2895
2623
2807
4513
684
1869
1100
3830
4713
1610
4219
492
1052
4365
2570
723
3851
3680
4744
4251
4534
3111
297
3910
1070
87
571
1620
2377
3577
1665
972
451
2854
2171
2713
3562
29
2293
4674
278
2561
4082
4850
4565
2553
4812
2681
3613
1903
4158
443
932
182
2571
1076
646
1499
3847
459
2699
2660
49
4573
3482
2415
4210
3427
1410
3893
3738
164
4776
931
3947
4596
4166
1844
139
2372
4323
3224
2818
3400
495
1262
4431
2420
2609
756
1896
2237
1866
2030
3655
2241
712
1029
2348
174
3376
1240
4034
1574
1761
1983
2595
775
1333
4020
4841
1724
320
1944
2859
527
2948
3669
3003
2634
4157
2673
4066
4634
4877
3518
2297
1347
4916
794
3326
2940
4510
2425
3942
2874
1354
2741
21
4232
4109
4186
4502
424
2672
244
521
4775
4826
4791
3805
785
1304
2159
1434
1742
564
3104
1272
4894
3142
1799
359
2736
1938
3058
1214
1692
4217
4811
1134
3092
3486
4139
904
212
2033
3632
1650
276
2921
615
1163
3939
3843
621
4131
3229
1348
2085
2680
396
145
2026
4724
352
465
2531
1216
1841
4041
4765
329
3362
4890
2409
4380
1271
2849
4188
2223
3048
639
2041
4465
3393
3970
1550
1629
1203
1616
1033
4376
2831
368
1263
56
1975
3391
1365
2886
4356
2737
1158
3405
2653
3415
221
4652
4416
79
620
3943
4056
2049
4784
348
4270
4563
11
3672
4002
2494
3511
1836
670
2321
3570
1210
1492
2565
3201
2618
724
2183
2393
1534
3274
315
1626
1993
2630
1120
2023
2966
2021
3675
3500
577
2611
1331
4725
2947
1363
12
4659
2575
3291
1627
2687
3726
1102
471
4855
569
4550
3700
108
701
2626
3495
1667
2375
426
2125
3591
2488
2969
4473
2079
3768
1121
2607
1206
148
515
742
4165
2460
2216
2666
4004
1734
2403
3258
545
598
4
3587
4442
4016
977
1756
3505
1864
3256
4462
334
3282
1413
879
3358
1922
1058
4104
2861
3951
3676
4680
3223
2140
2479
3833
3508
1837
4058
4732
3565
2773
2926
4147
3608
4831
4090
4192
3321
2993
4129
2436
3974
2133
3992
4754
1860
2019
3550
225
1448
2458
1657
4040
3704
3603
3891
3818
140
1515
224
760
1437
1213
1409
3370
541
260
1677
2418
1288
2078
1981
429
218
4423
4455
3187
1851
798
3962
3986
888
4863
1075
1194
33
3660
4238
1815
2564
2551
2927
927
773
376
4693
1166
1066
3696
4712
493
709
2337
60
3600
1338
2582
1710
3307
1265
3458
4866
3008
822
55
1161
1371
3729
129
379
1046
2369
4377
2394
1827
3098
3615
4265
2491
3906
749
2499
3293
3976
1797
3791
1525
26
3589
1658
3175
68
3373
1379
4501
470
388
2572
924
2334
227
762
1318
4792
855
1644
473
834
3153
2622
809
4047
4272
3948
3790
450
4721
1035
3225
2330
1754
2255
1125
3366
3869
2120
2257
2540
1192
3930
4244
3365
4418
1017
609
3548
85
3736
2674
1293
2259
2329
4741
1296
4585
2910
530
2670
419
4389
4750
233
547
2878
2764
83
2088
4588
198
1087
1391
4006
831
4012
47
3555
2258
1217
3631
3737
3658
3950
945
1750
930
3557
1423
3306
3990
1273
3573
1171
1800
2339
1529
1737
2052
1464
2980
628
763
3257
859
1782
3560
3
3607
1280
3821
1001
1708
801
3544
2935
1498
1562
3053
980
372
235
259
3189
4718
3107
4100
4823
1879
4582
91
196
3434
3278
2392
4254
1352
913
4526
4334
3114
4306
3602
4391
281
4453
2904
4224
2287
4127
779
2593
1009
300
591
4891
4005
3445
2343
511
3849
74
3017
3699
104
1407
2700
636
4607
1420
2519
582
4037
1195
1537
1301
3063
2226
2117
1622
1334
1839
4441
4379
4665
3657
3881
4262
2335
884
4370
0
1614
3240
4363
2003
3959
2891
19
1982
1186
3702
1094
708
152
3023
2805
1478
3694
1966
2230
526
1487
999
917
3955
1153
1591
3066
3839
319
4720
3090
3639
475
2435
4098
109
3915
1605
4507
2089
81
672
1146
3447
3344
3987
1470
2796
2427
3379
3198
2887
3822
4869
3126
3051
3856
3018
2015
3710
3154
833
2636
1230
1245
596
761
4203
3193
3449
54
522
2154
2657
3567
632
1954
1641
3300
3937
2428
3633
4080
1355
3022
3519
3052
3044
4101
3938
1690
255
508
610
736
4417
2862
1653
4424
1062
1088
462
2270
644
1765
44
357
4338
3537
322
438
1523
2521
3413
1822
832
4666
4711
507
2685
3150
4878
1738
4864
4114
3381
2524
969
2430
1446
3178
4172
378
4248
2054
1671
3640
3125
2349
1648
2988
481
1157
296
3901
4183
3536
3509
1174
4689
4715
3605
4284
4099
3203
2395
409
143
4845
1086
3419
3089
1766
4168
2865
336
4772
4859
1453
25
1226
2591
3724
4093
3665
1234
3448
2160
3334
1898
3021
2235
2950
1306
3244
992
2254
1392
4796
1936
3554
2918
1081
2263
1668
2803
288
3872
4622
3997
721
3757
3819
3394
3070
1735
3720
529
962
4180
2566
3924
1104
2987
1732
1744
2702
2822
3626
392
1999
3380
4337
1403
1876
2668
3071
1535
2279
3705
41
4318
1673
1373
4838
1178
581
2249
51
4063
1043
2346
1019
2422
3174
2104
3816
78
193
2899
1937
324
642
531
4302
3078
3576
583
2145
4209
3498
3996
1048
995
2694
4552
3310
1376
2958
3185
136
921
76
601
1257
2094
975
501
3761
4048
4856
2158
1547
2441
1723
75
2231
1609
4053
1116
455
1751
673
3059
2532
290
1882
3534
1727
1631
4085
1726
2276
3547
4618
755
116
3708
2793
1096
4357
4537
1539
1825
1284
499
326
2722
2943
2620
4790
3999
3492
2806
4794
3131
3019
1196
2558
2391
3170
3288
3429
201
157
799
3936
3004
2919
3250
4411
3363
273
3900
2606
1719
3277
4273
1995
1974
3241
847
2386
4013
3929
4795
2205
2101
458
2147
3303
2267
3722
398
2204
4632
3081
1421
1267
820
231
3289
463
2962
514
3539
3273
1612
1740
4587
2999
2497
45
2401
4126
540
1933
870
2475
1266
1067
2119
3230
3934
1809
1030
2340
3712
4714
3799
2412
3490
107
1767
1025
2654
1229
2992
2541
1308
2659
3159
4749
2995
994
4075
2628
1426
282
1512
4049
3473
1441
1789
1570
84
2445
2960
2316
895
2
919
1829
4870
3907
4392
2804
4135
4121
1233
4299
2103
3352
2139
730
4408
1582
3659
1698
4594
3721
3644
4213
1955
3475
1701
2639
1850
4679
3765
291
4023
3741
811
3456
4733
258
4494
2217
2233
1419
3297
2955
298
1260
2455
414
3123
1566
4369
3428
3015
1647
3886
4619
496
3592
42
3739
1251
3124
4184
3845
2696
4583
3374
1396
542
2285
4555
3630
13
758
3348
3416
3103
2207
101
882
4779
2408
518
4235
914
4444
1752
3797
1228
2242
1242
4909
1878
2215
2792
4439
2016
4868
1590
2907
1173
4321
4261
59
2842
1179
3981
4570
2283
4635
1594
4243
1159
2168
102
3873
2264
2506
2689
177
445
2452
3624
2963
3386
1447
2366
2116
1897
3642
2845
4349
3162
437
1856
3954
3192
1440
183
1218
2866
4488
4624
4245
4190
2784
1298
3852
695
3931
4773
4789
1406
1968
113
2703
4705
3718
3922
4045
4308
1323
4051
1445
4421
3141
4316
1089
4451
892
3817
92
1475
3139
3253
586
153
1353
2608
3749
2170
627
1862
4294
722
1141
2800
2345
3494
3529
950
2357
2677
1467
3072
220
3470
447
3713
4422
4506
166
543
4770
1804
1557
4074
2883
500
2908
3113
2126
3674
4780
30
645
1990
2459
3838
4527
350
2268
4656
210
4829
4675
1199
4024
2556
4266
876
2968
4014
2522
3060
4222
1633
1249
4211
772
4385
2691
2750
2835
1415
2511
3523
4578
3084
1503
3281
1747
1039
243
3001
2229
3062
1676
702
4496
353
2970
3375
4149
748
192
613
1569
1101
3276
2933
781
2492
1919
3088
1024
3770
4118
4259
3783
875
2384
4807
3347
3629
1645
2028
1874
3878
1057
4475
3754
1802
432
4735
4471
3316
2161
4009
4786
1624
159
2559
2075
3952
2302
2048
4815
1038
4484
676
4433
2693
213
4559
3481
3769
1377
4088
1602
1713
1132
1725
358
411
3921
4498
1424
3369
1097
2442
2011
3622
2457
2070
3777
4614
4199
688
1595
2985
2073
3074
4616
2930
984
3096
1428
2407
292
4874
827
787
783
4885
2882
1439
1317
4460
4743
774
4459
2664
4650
311
2708
1311
1749
979
4268
3782
3975
1007
2406
4038
767
1394
517
552
1816
4663
3462
1015
4303
4269
2732
211
3831
619
1960
4828
3740
1967
2840
4586
138
1940
2743
804
2912
1156
1184
277
4722
4677
200
1193
2605
4625
2371
3661
2473
3436
1663
4641
3967
4584
2936
2898
2342
1356
3431
2107
1115
1711
4036
257
230
1731
1532
3842
3266
3371
4084
4556
2718
2068
567
2982
925
1504
1545
3120
1776
2906
759
2986
8
4905
2495
3206
2996
2314
1197
4682
4275
4156
294
850
2256
1787
2709
2543
405
2841
2533
4064
668
394
3593
2525
4279
111
1126
1425
1322
4848
1
4171
3205
696
4233
141
680
1979
2405
1553
3788
205
3485
3578
454
4070
1785
2790
828
4091
2588
2017
824
2820
1496
4403
2616
873
490
562
1704
4382
98
2832
856
1840
1483
1472
719
1045
1796
1669
4547
4901
2600
3491
1143
1431
4103
88
570
3407
1611
203
4015
867
3773
713
1764
890
4710
2219
3957
3335
4018
3795
1023
386
4404
149
1759
3397
456
4787
4893
669
3530
3339
3199
2503
4205
403
2801
1814
344
1238
119
3933
3468
3812
4311
1443
4521
2244
707
731
4201
4300
1287
4739
1520
1063
2975
1522
1044
3827
2396
2505
1886
1065
1105
2598
3477
816
4610
2029
1129
96
2486
2307
477
4592
1801
2612
1124
3105
1718
1623
50
3217
1877
1927
382
4853
3340
1575
2322
2281
2783
1977
3280
2058
964
2638
2746
328
1060
3446
1988
3057
2064
404
1791
1451
4428
912
7
4143
2227
4747
1027
1362
4649
1309
3232
3483
2381
851
1170
4818
2843
2271
2113
4355
4304
3662
2022
1846
3499
2944
4752
3945
4386
729
4782
3010
1150
4809
3584
3085
2187
4189
3342
2295
1397
1382
1372
550
3351
3645
624
444
3155
4250
937
2002
2631
2729
2090
4236
70
1122
3727
134
1305
3355
214
2489
4640
4410
4163
4691
3216
1422
2450
1050
489
1637
1830
3594
4050
3814
194
4777
2338
1236
1949
491
248
1915
3748
1606
2131
849
2537
94
2625
2629
4920
1083
2802
4545
2587
906
3707
791
130
1619
4310
266
699
1923
887
656
4730
2826
589
3865
2856
634
199
4858
1137
4660
4883
830
4505
840
938
2291
1770
949
1784
622
188
4399
2523
544
195
484
874
1128
2579
2719
3920
4106
970
2512
1885
1636
871
1654
4915
380
440
4454
2500
536
1018
959
1546
4430
2682
3299
4704
1781
1471
795
1509
743
686
3848
1705
3140
4558
1013
2454
1891
789
957
1135
4412
2252
1302
2210
3167
3531
1244
652
3463
1835
2292
6
3254
301
487
1056
4631
520
4292
1730
2035
3110
327
2402
1587
1514
2684
3858
1175
2555
4152
1444
1154
1022
1465
4816
726
2456
926
2695
1374
3810
3037
805
1943
1615
1527
4115
156
4160
978
1716
612
3176
1902
275
2601
2894
1118
905
4892
4035
289
3895
854
3265
1640
3586
433
3538
2714
3313
3559
3759
625
4124
4613
1289
3472
549
4603
3457
3226
728
2247
4319
3604
4330
4524
3643
3406
3767
2941
3000
2967
1108
3073
3404
2472
866
171
1360
3384
4367
3186
4844
3388
3668
3353
2869
594
3460
2619
3991
960
4477
1454
4388
693
3333
2825
165
3130
1387
3488
3208
2013
1585
1628
3401
4762
1904
3354
2363
3750
2763
1342
469
3283
4761
3834
880
4326
72
2362
229
2091
516
961
3648
4029
1412
3145
4055
1223
483
3287
10
1350
2136
400
4577
1384
889
3418
4669
3204
1682
4449
3467
1041
3453
3650
1390
236
666
3755
2716
3719
857
1021
2885
1142
2376
2651
494
4187
1131
3960
3965
2810
2191
4398
1793
169
3330
1393
3461
1212
1227
663
2979
2387
2032
3112
2246
4059
1794
3182
537
4906
2165
553
750
4609
2686
3383
1854
1662
340
2413
2137
2009
777
3688
893
3682
3294
1709
3138
3794
2062
1733
1147
14
2300
3243
2678
2808
2507
2193
4819
3903
4785
2236
2614
3956
2997
1703
4852
2871
864
4822
4464
90
1383
3402
4215
4078
1339
776
3709
3068
4572
2110
678
2261
2778
2517
3683
1649
3028
1895
1617
1329
1140
390
4276
1679
3191
1401
1336
4719
4281
4757
614
367
3829
1892
58
2483
4817
1743
4553
2791
428
1077
3857
860
1345
1220
2077
1369
3252
4774
3343
2645
1931
3832
1621
1592
659
3766
3723
2468
1277
3504
1884
2671
4748
1343
2733
34
305
4886
4060
1098
1691
2635
2142
1763
4882
1906
2510
1430
4548
4046
38
2251
3621
746
4692
4463
1016
841
1604
170
1736
1145
3890
1049
3677
1462
4512
4847
2640
4271
4277
4291
4202
1871
1831
2604
2863
1292
4252
3517
4287
3214
3200
2076
3452
9
2913
1488
256
158
2318
3850
872
2467
1549
1466
479
3887
797
4728
618
1578
1073
4778
2984
2697
332
922
2938
504
1477
3024
4597
20
3041
2911
2232
2621
506
2389
4401
1474
4523
3697
1790
4810
1600
3013
1551
4161
4476
4756
4644
5
3874
697
714
466
3148
1945
286
1501
4707
600
2833
1506
472
3917
1011
147
4900
1693
1114
1399
718
3614
2829
1327
4593
2761
1069
1235
2112
2037
2150
2277
3502
2892
555
3356
3735
3747
2683
528
1659
1111
1992
2811
4648
3338
2989
425
4128
2243
1349
677
2924
1818
3715
3414
2896
416
4703
1554
2138
4414
3616
2758
4132
112
4320
457
2006
3121
3855
3269
2813
3883
61
1054
1378
782
845
737
1952
1127
3270
3634
337
3510
1998
3806
4676
1295
1208
3399
2762
2146
2175
2881
3038
2169
2365
2326
3781
3106
3824
4425
3385
3973
360
1699
3237
3094
173
720
48
3789
4409
3014
410
4690
588
215
249
151
1833
3183
2627
3357
2707
4797
3625
2909
1368
4198
2007
2590
4678
3871
223
4837
2857
1328
1947
2201
4221
321
3075
1303
4226
1351
4173
4429
810
3520
2066
883
4057
4214
558
1834
4919
339
3521
3623
2309
4097
3801
4267
4591
4179
4861
4169
896
2706
2749
2100
375
62
2446
53
3417
95
1489
1581
2480
4668
3532
3424
3762
1247
238
2155
502
990
3889
694
3220
3002
3152
208
3235
2355
754
279
418
2585
246
1332
648
2785
4175
4375
63
4508
4039
135
3493
401
2529
4655
3979
894
4658
3064
910
2462
1337
3968
3785
3778
1119
4504
1408
1925
3527
987
476
4626
2597
1688
3744
2199
1852
395
4825
2584
2380
3916
2915
4095
2547
4879
2127
2061
1006
3489
3079
3636
2354
1774
89
377
3129
4562
2976
267
2951
3478
4576
4083
313
4581
2463
3692
2520
4446
2490
4052
2536
1914
4604
1775
3233
474
792
1912
423
4396
1720
1531
1985
2964
2596
1635
4851
4069
168
2056
2484
2780
1003
2580
4176
4289
649
918
4278
1436
4212
187
4871
595
4062
1169
1962
3378
4493
3425
2356
2589
3664
3231
4027
2539
4642
4688
342
1757
3786
4654
1486
4729
2304
4746
3080
1207
4305
4067
3549
3411
2643
3597
968
142
4887
2109
1259
4687
1728
546
131
4918
1188
3420
1900
1893
2481
4599
909
120
3360
2092
1028
554
4073
3497
4478
557
2050
1047
1964
184
2211
4443
2798
69
172
2034
1625
1299
4159
1380
2879
3308
4246
1268
361
4384
3118
3983
3673
823
180
691
533
4241
1696
3716
3228
2613
3222
1599
1388
3435
4880
819
262
1965
1758
2299
1917
179
4332
2574
420
2132
837
1959
3927
2772
71
4606
3264
1741
3885
389
2060
2698
1683
2162
3440
1375
4898
868
422
3011
2650
985
4903
3043
2102
2464
2341
3663
4133
4768
2771
3545
2417
1107
4535
4683
412
2649
3588
3327
2024
2917
771
2974
655
2888
3469
4487
1491
3324
3169
3998
460
3730
4032
780
2186
3606
4196
312
3389
3628
3977
115
2303
3610
1500
43
160
2942
2920
2296
664
1155
2152
4142
453
2411
4469
4554
2756
4065
3687
3566
1000
3042
1151
3382
2679
3012
399
1461
4283
2715
2586
3733
2814
1533
4033
4081
4731
4345
2461
1149
2509
1556
641
4636
1091
2327
2167
4257
952
2757
3466
4298
1359
902
1511
3731
442
4113
3811
461
1432
3128
1414
4514
2880
1634
3533
1795
2777
1386
3779
3556
2535
948
4360
3763
1762
2352
1941
3451
1279
1032
3840
1976
1807
3958
80
2280
1084
1863
1417
575
4835
4406
1253
732
4185
1618
1942
838
2544
1291
4150
836
3516
3328
4541
3853
3725
3164
911
1258
4759
4003
2753
835
2727
4191
4910
2466
2044
1685
261
40
1870
2212
4358
1564
4312
3137
4637
4468
3899
3036
2705
4373
307
4489
3760
602
1204
1278
4344
2991
2905
2347
2447
269
4223
3679
4568
3569
877
3234
903
3285
4590
1452
2890
608
1494
252
1656
2981
4457
2397
406
2767
1042
4324
4122
2788
898
1297
77
1961
2794
2315
2382
2351
1821
2289
3866
2431
4766
2080
4405
2020
24
2190
3734
2487
1956
4813
2567
4325
2149
3438
2197
3290
1890
1459
2742
1008
4117
2688
122
2847
351
370
4902
4072
3317
4366
1572
331
4247
951
4661
1901
2312
2712
3666
4123
2602
741
190
4908
4574
3925
2288
1010
1109
4000
427
1181
3180
4716
4340
4054
2774
295
1319
2444
2221
2860
1255
885
2851
2208
1717
1542
232
3372
956
341
3421
4061
2502
4030
793
4608
1811
2823
2647
4467
4146
3157
2008
2269
1191
3595
3745
3156
365
3825
513
768
3808
1324
1806
4605
318
3897
2245
974
616
4911
2141
1881
3894
4499
3964
325
4764
2932
1320
976
2548
3161
2821
640
4621
3837
4339
1074
397
3292
4480
4760
4288
1165
4483
1660
387
446
4700
3882
3459
3774
2118
191
2045
2095
4551
908
1243
3515
4639
4485
3946
2203
3097
1316
4753
4602
3442
263
3331
346
3892
878
1824
934
99
1264
2096
4044
2765
3800
1364
4164
4368
1456
2554
4872
1095
4383
2704
1254
1755
4076
1187
1370
1859
1034
4452
3209
3443
234
3135
2726
1138
1310
2581
2426
997
2053
4280
106
105
764
4162
4336
2416
4068
2284
37
3318
415
178
2819
2331
2868
498
3514
3572
4229
3408
2071
3590
3823
4125
2265
2471
2759
3751
110
3423
3787
1148
2001
2730
3298
4237
2916
1855
66
4148
3988
3627
271
3487
3854
4783
1282
4434
2198
4352
3543
2836
4664
4695
2364
385
2081
207
4589
563
2192
2937
