630
3700
1485
2947
3704
443
127
3236
4573
1381
1518
4051
1213
2878
2637
193
4315
411
4249
1298
13
182
1009
3717
2343
1808
1550
2441
2674
2457
2266
3647
2414
736
3676
3127
3032
3279
3344
774
2884
381
4066
116
962
1772
1419
2153
3769
3849
521
2673
552
1804
3207
2242
3253
1064
676
2361
4904
757
1767
2853
2845
3362
1905
4262
4550
3015
511
2415
1334
1296
1234
2822
4077
2948
787
300
3429
888
891
3392
3297
1725
251
4200
4776
517
927
1837
2070
372
3601
4702
2073
4913
4024
4089
1216
485
4234
1946
1849
60
143
3990
1996
1571
4689
2934
4617
2088
4555
749
3490
2994
4877
2123
3387
2702
4093
3066
1692
812
3322
2230
3622
2323
1365
1903
1080
3225
1697
3005
1756
3986
4349
2626
2594
945
2125
4864
2978
1953
3374
2699
2293
4793
4614
1706
2488
1626
3099
3445
1590
1421
1588
1348
3999
3655
3821
822
1856
4805
3822
3660
1569
3629
4630
4834
3409
219
3475
3993
4750
2398
1997
1196
3082
3900
3320
1694
1448
1132
1576
2298
4714
1437
282
2057
3642
4866
2030
2016
3083
1057
2
530
882
611
2010
1839
362
698
23
159
895
661
2085
4151
3955
1937
4874
1242
3523
348
3813
2418
742
1827
2722
56
4209
3447
1734
748
3008
2151
1110
3365
1978
2662
2977
3379
1248
3620
1265
2874
3859
1643
258
4675
1932
1457
356
2163
2215
2615
4170
3007
222
3023
3509
2988
1968
832
3546
3613
3177
3558
3116
4571
3796
419
1690
3839
2572
761
4665
1039
2708
1218
4830
1713
4338
3136
2249
3261
2270
3869
876
1099
11
3790
2465
1087
3063
1086
4422
4074
1981
2374
323
2420
4131
3970
1868
309
3936
3926
2390
3323
4894
591
1229
145
1294
42
3462
1719
2196
1812
4075
4804
1583
4780
4868
3074
542
2023
803
152
2541
2353
2693
4666
1596
4884
3562
4618
2120
3820
3197
4199
3580
3273
2930
3878
464
3471
4101
526
2551
3096
4583
4790
2184
32
226
4845
525
1090
1307
164
1848
1665
3567
725
1765
3560
4436
4812
4537
4417
1614
1983
270
2784
1535
4272
3913
4814
2392
1843
1605
4370
482
2804
3995
3658
3088
2039
1919
4025
2079
695
3410
4337
175
4559
52
700
3413
522
445
3019
723
2019
4840
1036
581
1721
1396
4561
3345
358
543
2648
1783
2895
769
4502
4510
4049
3718
296
4303
2148
2406
1538
1888
4371
139
3861
772
1510
1487
1221
1982
950
1125
930
2033
2051
345
2965
3524
3761
1037
4914
2766
4421
3326
571
4116
879
4263
1993
1698
3712
59
3644
1403
2440
3089
1347
2956
1040
2048
1352
336
2957
969
3103
4181
1157
2504
3060
685
74
3195
4085
4622
4437
545
4389
2278
439
4419
2858
4744
2564
220
3671
547
4724
833
2254
4798
4839
2532
4016
3818
4186
3596
3250
2603
2805
1435
3888
689
1847
1136
2540
438
3370
4684
2448
2993
3481
4897
259
1464
1850
2694
991
2831
3380
2384
4134
1740
4346
3393
1984
3875
2159
2751
3589
2117
2176
4269
475
3797
1467
4444
610
1285
2330
2214
2084
1624
2399
1515
1650
3632
560
1211
500
601
3058
701
4411
2630
1797
21
2828
359
2319
4563
239
3602
3381
3953
1067
2570
4715
293
4492
4037
192
2225
2933
1938
2385
2434
2952
118
3591
3929
1744
4240
1589
3656
939
2485
3931
1233
684
3618
1440
3496
784
113
1338
3072
1754
532
3518
1395
2458
1053
1272
897
3836
471
783
1789
221
3033
4474
3181
86
3768
2206
2866
1389
3963
2530
1376
3473
2701
465
4378
4849
3263
284
3210
1990
4058
2569
2583
4475
3729
3363
3439
3941
1133
1495
4299
613
3046
3174
1975
19
986
2372
2145
670
1121
2685
2748
1786
3742
2310
628
2764
455
3555
1883
4638
2549
2622
4220
3277
3651
1273
3985
4286
727
435
276
3090
1463
4705
3302
3275
104
132
2412
3039
2796
651
330
4899
297
2901
93
183
3201
4182
4435
3982
507
4786
2803
527
2723
2966
4635
2907
758
1070
4663
802
4770
396
4363
4461
4306
2432
447
1311
4699
379
3293
2036
2329
767
3422
247
2255
1648
3805
3215
3391
1174
1407
3004
3665
4323
1645
515
114
2893
2690
3675
831
1860
1602
2424
3319
3114
133
2185
4769
378
2054
2830
1492
255
1642
3659
3738
308
2867
2241
1353
4248
2460
3830
78
3223
2789
2128
538
4659
1385
4354
4530
4028
3680
3765
4859
1841
92
4526
2735
1872
2263
3592
3415
3434
3551
1708
1260
1723
904
529
2731
853
2101
4912
1684
1371
2653
1737
3229
4194
1171
144
4211
4329
2773
1897
3311
3678
1224
3257
981
2011
3997
1676
4195
4188
3587
441
1199
3018
1100
2900
1200
3950
1646
2524
0
2582
1802
1094
2340
1439
2563
1738
825
3053
3349
4190
3450
3912
1887
2099
778
153
722
3831
4671
2980
1970
3952
3972
4439
4651
3198
1029
2734
2377
3525
1102
1680
3168
310
592
492
83
3714
846
847
4827
4779
3194
673
593
1750
4833
4294
3881
3049
201
1523
45
3151
4048
572
3780
1782
1507
4224
4423
639
1058
2562
157
320
1104
2283
755
590
4646
1726
4308
1805
1182
101
4734
3770
3674
4380
4720
3006
1373
1844
916
2335
1416
3844
3144
4773
3652
4488
2835
1822
3479
4588
4529
3884
1323
3368
4137
2595
1894
3289
1493
2666
1766
3657
3193
3427
2078
738
4216
363
3126
4450
2970
2736
1677
3954
3669
4657
1896
4698
4706
1367
3153
1499
1458
4601
4667
25
2041
1966
2105
2494
3633
2513
3969
4129
980
3799
2388
1944
218
1358
2689
3724
1267
1101
4451
3754
2658
4377
2807
407
4228
3598
4114
1753
204
4459
1565
688
2049
1541
1681
1616
929
4826
4121
3258
1644
2103
1288
2677
1025
1284
1402
102
3699
2282
751
3009
1410
4321
1672
958
3924
4203
3708
2799
4166
2839
2394
2720
4155
1046
3369
3512
1314
2093
638
398
3681
3271
4534
3793
2168
1652
278
2606
3352
3544
775
495
826
430
1293
995
1558
781
4231
1948
599
107
4210
4515
3948
3705
2889
4518
4087
4040
1836
1651
2918
4243
4564
4167
225
2659
4600
2963
4482
4570
1560
2267
2350
3873
2422
1995
4098
1179
2610
1270
260
316
1780
470
2817
2575
2114
206
4743
3500
4104
4795
3862
730
518
2546
473
765
740
2386
306
1276
4139
4627
541
3534
900
3303
3847
2403
2231
4831
1280
2921
4009
1630
2696
4126
4481
2667
3646
2200
1405
87
3879
4232
4807
1035
2111
1562
2172
4472
2026
1974
633
2182
210
3856
4362
1424
4379
2218
1447
4118
2865
3332
1668
3951
3482
4012
578
574
3173
2144
3016
4842
1851
4392
2919
919
3984
2809
2887
2522
123
1933
4462
2337
1480
2475
2126
3158
3078
3359
109
3428
1955
1446
2195
1671
2591
2316
1503
2542
2133
1092
4295
3758
150
3247
3001
2943
672
4484
907
3412
1355
4799
292
577
3495
1798
1007
4721
1498
2430
1173
2950
4907
762
2676
4004
3358
4416
3942
1727
3535
1161
1331
287
2531
2290
162
4356
2899
861
1769
899
4693
1333
2926
1404
2883
1749
2262
2862
3737
3819
85
1252
4047
582
1552
708
4266
863
921
3783
2276
2526
785
463
140
371
999
4193
322
1326
3923
1096
4725
2248
4235
4418
4013
121
870
2482
3771
1214
3695
3906
3187
2233
1304
1198
1991
2359
2222
368
392
4082
4751
627
1321
794
1547
1954
3390
3278
4102
3782
1752
4771
3582
1269
3104
4017
1203
2842
4351
3185
1066
2122
3640
2553
3519
2681
3876
3694
27
1202
1251
429
892
2257
431
2721
1701
4865
4245
273
2216
2427
2470
3574
3403
3059
4794
1788
3364
2837
1460
2491
291
4056
4178
4832
1217
1078
1152
1240
809
3608
2004
4165
4365
901
424
3
4006
54
496
2497
4100
3240
3877
4318
1301
1014
1038
744
1620
2969
3245
4494
2082
3548
3109
2183
4369
3537
1186
4811
349
1473
452
1043
3976
2367
240
3071
4328
1864
2559
2358
1209
3637
4387
1521
4038
3256
632
2628
4258
1406
3753
57
211
3494
2859
4381
1591
125
4791
3091
2391
3022
716
2194
285
4909
4511
3667
4347
2672
1580
1141
4876
4836
3142
4127
3282
4219
1158
585
1898
2561
4685
29
3600
671
1823
1266
2074
3154
1415
2349
827
314
4486
1567
2306
2379
3134
508
3536
2046
3503
1160
2223
3722
2770
1876
2348
773
47
2728
1879
1033
4088
881
1882
3564
1832
1153
3455
3791
3721
3077
1528
4348
1907
2565
4727
1878
1194
657
1960
1980
2527
129
2571
3045
1536
3710
4208
3940
2229
514
2990
4099
3111
1106
3922
2838
1335
2268
1146
3241
501
3833
231
2015
556
4520
4309
3689
1228
3100
4270
2000
413
3904
216
1195
4828
1686
364
3133
1089
3316
3498
2568
4293
3909
2558
2116
2675
1761
2258
437
1845
2593
2864
4611
3244
4041
1768
4875
4711
1330
2157
2855
1470
820
2566
3050
1557
1394
1771
76
181
4222
3160
2985
3276
4616
343
2609
1409
1019
4491
2846
4376
30
972
4080
103
3124
2063
1779
2459
493
3281
2519
2929
1609
2438
1481
3052
196
3017
4624
4850
4513
108
3872
1441
244
709
3684
1967
548
2861
4020
253
146
3698
3098
2453
2725
2237
3375
977
2737
858
3125
2226
1800
4053
2436
4888
3611
4438
3230
4455
917
2492
2623
3159
540
1162
1874
237
2680
2844
4740
1529
4855
3947
4259
2180
1178
1828
4496
73
1670
1746
1120
2209
4838
811
1262
4433
3615
1739
376
2452
4014
2052
2156
2339
1192
3386
329
788
3003
245
1445
2395
1434
4503
4343
3405
4447
3061
1015
2181
2027
1559
2744
2140
1097
1024
12
4680
2204
658
3162
2408
3376
770
1420
2670
4192
3739
2302
224
3741
3300
4775
2321
3815
4327
1210
1363
2478
675
510
3547
721
1052
2793
499
3870
598
1577
503
4350
1986
3554
2158
644
4507
3552
3394
3416
2639
3573
1715
3203
3728
576
4516
2992
4361
2987
189
3150
4420
426
596
756
3838
647
3511
2154
3122
283
3843
979
4619
3736
1875
2234
1081
2812
3713
1657
1610
2094
1658
3474
3092
2188
4674
2852
660
1226
2815
4334
1607
2479
3893
2217
335
2854
2238
760
3749
4184
2607
1031
619
357
1539
1899
2577
4402
1113
1702
852
1346
2914
1164
2633
807
1866
384
2971
1722
1392
2908
2235
3508
1017
1076
434
636
3449
1340
1249
1271
1724
2031
3146
4781
1989
2556
4316
2264
2104
4718
2332
4385
388
2106
3262
3577
3432
2534
914
1163
1413
3131
2703
1379
4341
637
2995
920
1166
1239
801
4815
4916
1112
3962
3901
4322
3470
3378
332
1337
416
1796
1781
1490
1183
2870
4061
1180
337
2775
3166
248
2496
2733
650
4374
3128
4802
1302
3487
1397
1531
1264
1544
848
2053
1098
1861
559
1095
3467
3399
1564
4717
4695
302
3472
2827
3130
1360
4508
2981
4777
3858
4553
1762
3057
4161
2976
383
3971
1635
2945
4401
2982
3101
3744
2507
3572
3980
370
3013
4631
3438
3155
4615
3767
1069
480
4029
1289
3461
1934
1032
3407
1838
3625
2638
2199
1501
1459
344
655
1925
168
3860
1679
579
460
2396
4019
4399
1003
2709
3874
313
4062
4218
4233
1368
2697
2059
4091
1720
3807
909
4043
1540
652
4479
810
1041
3351
2402
2782
1398
2964
4898
2037
4567
1256
1506
3218
232
1185
3727
3925
3628
80
3756
3382
2605
680
3333
2924
454
3237
1497
4033
483
7
1608
3336
1197
295
4485
2281
1699
2198
4396
4817
4390
1784
3226
1008
305
2324
2523
2567
1049
4081
1142
1149
321
3466
1082
2227
1551
3183
890
4763
3725
1281
2481
3528
894
4021
3464
3330
4055
3025
3395
4590
3553
1581
3719
4039
3604
2584
4214
199
1776
1299
3356
3902
317
4119
156
2001
626
1556
4031
4405
2996
4760
2143
4305
4133
205
1219
3532
4360
565
2291
1542
573
1054
2847
4547
1500
3169
4729
1366
341
2192
2311
331
691
2389
2301
1383
3530
3666
179
2706
433
4640
4825
1833
3431
3085
2325
4229
2212
2787
563
3367
3361
2245
1319
1129
1310
98
1227
154
4592
625
1840
732
649
1345
2009
3748
3298
1718
1477
1994
743
442
2843
624
3047
476
1165
436
4136
3670
3145
10
2590
4452
4173
2080
4468
135
2727
2836
3760
63
3304
1207
3569
588
1138
4456
2299
2328
3232
668
1277
3338
2050
4205
3501
1921
161
4196
1785
2683
191
4430
393
2164
2501
1578
1743
4440
937
2300
1128
173
2130
3065
4597
263
3037
1886
3661
1511
1568
3080
4613
1292
3220
3477
2201
2939
1479
327
1764
2617
2129
903
2863
567
457
4844
4783
3327
3396
3889
3444
1170
1232
180
1465
1939
2219
1091
3110
3179
951
3493
2535
4746
35
1505
155
2678
4604
2906
4267
4076
374
618
2252
1634
1244
3411
4355
523
2544
1375
2973
2464
4160
3231
3693
2167
3182
1881
2060
1942
4366
3425
134
3246
1891
2295
238
2034
1060
4495
147
3069
1074
3855
2280
3798
2602
1873
3308
4241
989
1593
1205
3840
1432
2661
2272
4065
2370
2604
3804
3668
4115
242
2916
3504
2688
197
3414
1350
195
1700
4726
2115
3892
3808
2294
3252
2352
2454
354
489
3806
2096
387
3949
1356
2067
3814
4722
2879
176
2405
3463
2466
653
2220
733
3584
446
3648
385
3350
22
4535
3129
3152
805
3866
3890
4304
2890
2490
223
169
2791
1585
2469
96
4493
1728
4428
2134
355
4159
4368
1871
2146
3120
3157
1757
4095
142
1892
1736
2627
2058
3212
4278
4599
3597
1548
4106
1926
4691
43
821
3787
902
4386
4880
669
4579
294
2239
3732
4857
1972
2881
2783
3623
1902
2373
2810
14
4413
1072
1028
2487
3219
4174
1250
1021
1429
4291
1461
2152
2250
925
1351
3372
2341
2645
824
1603
484
1380
3118
2092
4499
2461
2338
4504
3138
3701
1943
1546
815
2173
2137
837
2169
4247
3585
1575
1494
2439
1855
367
1438
4140
3991
1148
1071
2210
4637
4918
4226
2197
3457
896
4319
1640
2486
2166
1618
4409
4647
3214
4332
4169
707
2573
2118
2730
3040
4250
3042
3682
715
360
1617
1717
1811
2132
4206
551
2473
2068
3848
1947
1212
3167
3014
4072
3295
4521
4476
3478
4189
2193
4862
3801
1254
1659
4352
2599
4752
252
3590
99
1431
2265
2456
568
843
595
1961
2489
53
2098
250
361
4893
3301
4083
2920
2022
4317
2663
3140
3945
4645
4096
2277
1935
4690
4372
2127
4813
2917
3235
1388
2790
1865
1237
966
4787
1817
3068
4311
2892
3786
3917
4237
2984
3882
940
2868
3795
1204
970
4340
1660
4774
3556
3418
4487
342
2186
3337
2885
4097
808
4664
3112
1119
2256
2937
614
869
1063
2898
2655
3341
2320
1950
3270
1910
3773
318
4073
1225
469
4084
4375
111
600
1884
264
2811
2695
3035
1741
3340
4060
943
2820
1279
3469
985
819
422
3086
1599
1369
4198
3451
4010
2774
2554
3927
557
2909
4035
3612
4490
401
340
4282
1364
793
2586
1649
1956
2848
2545
3610
604
777
2213
1758
1923
1818
4748
2601
3549
4621
3779
3755
713
289
1835
2463
3388
3234
2517
640
4283
2062
3823
267
389
1691
3384
3730
2411
1814
2746
365
2819
4853
2936
1188
2450
3599
1491
3789
2251
2641
1451
512
3287
3491
3507
1474
217
539
3960
4895
3898
664
2072
2091
1584
122
2543
351
3325
612
1709
2081
1763
3205
1656
2243
4277
4412
844
1065
2740
1444
1154
3497
2275
3895
1775
2303
2826
1187
4054
3401
4280
1959
1704
4069
4761
4358
1985
3209
792
1411
90
2426
1261
3460
262
2090
4681
4079
4883
4707
2289
1787
3517
656
106
4678
2580
280
948
2505
186
4443
2141
3527
1549
3641
1011
1139
3606
1151
1084
203
325
2961
1313
2382
3426
2932
1963
2529
2951
2714
4687
3002
2071
1135
4593
4236
3317
2758
513
4797
3957
4325
4410
2781
4661
2363
1399
1393
1914
1714
829
3609
1927
1079
3502
440
2113
4731
1336
4629
2922
3905
2246
3248
1917
2397
1824
3908
3933
1901
3865
2024
3446
4697
2387
395
4123
4483
735
3164
3143
1131
906
4202
1436
2537
2165
4142
4223
382
3355
2931
2142
2547
3156
605
1852
4125
4400
3803
959
4050
550
3643
1309
2056
4824
4152
2913
3616
1793
4290
1386
3191
3778
1854
4609
677
4477
2086
2649
1115
369
1259
1362
1683
453
4728
4191
4171
4643
2765
2841
3673
4070
4636
3506
4710
1977
506
554
2064
1013
1290
1412
1979
2514
2013
3899
1813
2187
505
4517
2652
641
2954
405
2763
2029
2476
1682
3476
4654
1408
4688
2873
444
3692
1253
1863
17
456
95
867
3408
2208
3868
3335
3958
1632
3217
1533
4239
3828
4143
339
1930
2292
2354
3627
1572
6
926
4739
659
1
2780
938
1527
851
266
4312
4677
654
2555
835
1083
2224
2729
2759
1172
200
4911
4353
2451
1791
3488
849
2304
3292
2724
602
2211
4871
3328
2006
502
4324
2236
4148
4531
2798
2503
878
105
1486
112
4612
4658
1343
3188
128
1703
1286
1489
1190
3664
1222
3759
2642
137
634
974
2362
2202
4454
866
425
1711
1042
3073
2911
2588
2336
2100
3663
4275
4449
3903
663
2355
3543
3079
1716
2177
4545
3272
1045
4605
4274
1357
2850
4851
4373
3832
2778
1215
608
1044
3595
686
2742
683
4154
519
346
2232
1107
4557
3919
3916
1372
4331
4225
720
3988
3880
3404
2860
1654
1012
2269
4204
2767
4257
1169
562
589
3894
1400
3785
2704
2038
1759
546
4425
4398
3251
1147
2717
3811
3762
1050
791
1951
149
1430
1324
2247
4326
3318
1958
4625
2313
3766
2998
2190
246
3887
1006
449
3752
1295
8
3723
1940
800
2752
423
228
3707
4767
3750
2271
3864
4467
3871
4917
1906
3918
4288
823
4281
2716
3148
2061
2915
856
1378
4057
3515
3944
333
3105
477
1241
1877
3423
1705
666
236
3763
2510
2905
949
1124
2772
4032
274
1010
2351
1059
4298
3172
4018
2191
1387
2509
3360
4719
3259
38
2786
1929
4745
2135
4207
4648
2587
797
48
377
3854
15
2083
4672
4708
1508
1073
1807
3343
229
729
4130
4757
2468
4906
299
5
862
4854
575
1688
3533
2095
2043
4215
4723
918
3961
1191
119
3354
4505
4287
2756
3827
34
2875
3097
4809
1496
1016
4572
587
1755
2823
2640
780
2871
4540
889
2632
1454
1047
2692
971
1893
3829
1745
3149
1344
3202
37
4821
3688
1885
3313
3775
2474
4470
2376
1685
3266
854
1636
3012
4589
3417
3135
4736
2579
4873
2711
4185
4569
3397
1118
3800
886
679
2318
2928
2471
3283
2880
1320
2715
4107
4920
3745
3735
2698
1109
3064
1374
3290
4551
1145
4778
941
4882
4285
1810
1469
4626
3286
2315
2997
2625
478
4900
2378
254
261
1155
864
3200
2671
2825
570
3094
3421
3835
1504
1000
537
2480
4124
883
1949
2777
3284
2417
272
3687
845
3255
616
1093
2400
2421
472
3751
2097
4887
2317
3897
2307
776
269
968
404
2581
674
1615
4156
4404
4819
4852
1519
908
2261
4541
1830
138
4176
2833
3294
3788
2944
3568
1964
4201
4212
4000
1111
726
697
705
1328
4603
2087
3810
2941
2515
256
403
2326
3199
4670
4003
745
504
2753
3435
2483
3121
4406
561
988
2244
420
4785
4642
836
3176
4816
2631
629
2065
2525
3483
2598
3989
4546
3171
1770
4078
3634
1733
2585
839
3514
928
1077
380
965
2536
2779
427
2495
4344
1258
887
2404
70
2500
4163
4300
490
4606
1108
1384
4310
2795
1085
2356
1390
3731
2314
3977
1417
2946
208
1611
4132
1674
4716
1243
714
2005
415
953
524
4052
2045
390
4463
3846
4179
2044
4175
4896
4523
3254
3243
993
4788
699
3315
1941
2802
3269
996
412
1236
4289
1425
4755
1471
1895
857
4649
717
4683
347
3406
1004
1669
2410
2342
944
1858
1247
747
3285
375
4059
2888
2991
1114
3459
1305
373
1223
1911
1476
4146
2613
215
1592
1282
2138
1312
4576
3593
1005
946
3734
2018
1300
2508
1834
678
304
3208
3522
690
696
1924
1483
2076
718
2851
982
1105
2979
4610
194
4252
1621
3781
4602
399
4801
2548
4730
3716
4820
307
2175
3184
3239
1246
795
3932
4568
1904
838
3242
4383
1235
406
2155
898
4808
2738
2131
4908
2066
1532
3538
4429
1303
3324
4108
4113
704
2614
50
3559
1027
911
2771
1370
910
4847
1731
1522
4120
1524
3028
3265
1443
2762
4446
1962
3747
1587
4464
771
3249
2035
2912
4164
4669
4512
494
4469
2726
544
120
3024
4747
4489
728
3520
631
4497
4022
983
2371
3385
1976
4336
4001
4554
3216
3521
2616
1516
1623
2712
3485
4915
594
4762
3979
1472
1707
516
131
491
4480
