931
183
1335
92
424
1104
4659
2460
2646
470
4114
2179
2803
237
3690
1602
3066
2970
692
2428
3162
4087
2176
772
973
827
576
451
1257
2332
45
3901
1780
2073
3820
2279
4437
1173
1392
1283
760
1879
2575
3851
1078
2216
3277
672
4709
3481
408
3867
1373
4856
3033
3552
2797
4138
2283
2669
3193
4245
2153
3210
113
2104
2333
1590
4088
283
166
1559
1756
2039
1978
3001
4686
2864
1099
3061
609
3560
4566
2206
1116
689
2654
3494
3387
774
1673
2010
3720
508
2395
4074
1723
3819
2708
4662
757
1418
2824
2522
2101
1993
1391
3189
3923
3931
639
1402
1534
1014
2429
1064
4537
1729
515
4093
2498
1376
2140
1112
2286
108
2270
2594
3049
879
4116
1882
787
2385
2816
541
2126
1860
1031
3739
162
2952
4526
3250
3508
2057
3570
1293
4234
4082
4841
3450
2345
636
1591
4674
1521
4529
3618
4149
1323
1594
4377
620
2004
1404
2789
145
1535
2732
2230
3084
3142
788
920
994
3256
4286
596
42
1966
163
1285
19
4860
3737
4744
1769
2258
4680
315
1630
919
2900
3652
1167
1786
1898
3413
3675
3314
1739
548
2384
3076
3181
4203
4798
1989
1168
3230
4663
4134
1633
627
1616
1037
1767
3939
4874
1740
429
29
3777
3347
4012
1727
4685
1317
2551
2493
3058
3197
288
3797
139
2872
3434
4732
1808
2626
463
3718
357
2527
1340
3005
3281
4484
986
1199
1970
164
4144
3982
47
4494
468
1641
2237
32
3358
2401
1986
1240
3639
3575
3884
3391
1798
127
4210
3456
2675
3821
1427
615
4864
1894
4779
1055
4270
4646
751
4259
1710
3547
3170
245
630
1788
1174
4583
1053
3102
779
1365
2665
1249
4265
3052
518
1052
3365
4842
2409
4
4800
3674
4381
4315
1201
2231
1097
103
583
4005
3995
645
3587
1424
1671
481
1837
4720
4230
1735
2041
4363
2930
2891
4913
4294
4620
4550
531
3534
721
3150
2658
2422
3146
1570
1512
4436
1513
2560
4565
1677
4866
3093
4217
2672
1997
3503
611
803
3685
526
1609
297
4178
1557
3524
3782
2662
2287
3364
2889
2807
2657
2209
1333
1321
4571
251
4806
2357
3432
182
822
2965
4561
2075
1982
3558
2618
3100
2919
4002
359
2744
1182
4740
599
1163
2731
2147
426
3815
2748
875
1667
4040
2339
4420
4516
3633
3223
4450
3273
3951
1087
1991
4627
2455
2195
1919
4582
1307
310
1458
2458
4228
2950
3090
1495
59
1944
2577
4533
1936
4702
4378
2985
4258
3077
917
3271
1856
3981
1726
572
2264
783
2701
1565
1864
736
4530
4303
4323
1421
597
3909
2028
1657
216
3185
4876
2817
3059
2615
667
1734
2323
4034
3649
2747
2988
4666
895
3872
2448
1779
3074
4316
2519
3839
212
3813
2572
1346
930
809
1850
4058
3567
210
4712
2030
2933
4667
4389
91
4322
3293
4085
4139
4502
4090
1848
157
4890
4840
222
4308
2423
1686
1478
577
3671
3518
3816
3929
3615
1638
3319
1410
2425
4843
3564
486
3799
1270
4418
4789
3165
4025
3274
4616
4833
2475
1719
2259
2968
174
4309
1211
3741
1076
118
2183
1177
933
3656
2120
3557
4170
4675
4416
462
1046
4507
1484
1969
1889
2160
1547
3555
1248
644
3173
1515
3754
3496
4715
1694
995
4795
3705
1742
3008
4334
538
3363
684
4698
1381
3362
323
4131
1980
2690
3952
2161
2419
3127
3415
3151
4598
1883
83
4619
1624
2226
4834
4193
3321
2884
593
4792
540
1797
2722
3045
4249
643
3482
4343
419
566
1202
121
1354
3765
3225
1752
1125
1395
3050
4503
3449
1607
3119
1815
4869
2207
293
1577
3359
3495
1057
999
1503
1153
3244
54
753
2751
3790
4889
193
4371
1330
3742
3168
865
2248
2699
1687
1665
2648
78
2046
2026
3954
2861
177
1652
4048
281
1896
3192
3591
2839
1610
525
863
3875
4812
4734
392
2263
3332
3544
3437
2971
3083
2116
2901
756
475
93
36
1385
2330
445
2725
2394
610
2805
1457
3611
4184
3689
2003
4827
2121
2990
4041
980
76
4765
244
2667
3303
1161
3579
2540
4815
3500
2562
1121
4656
2
2099
4350
730
882
2418
1341
4370
2504
1620
4770
4007
97
1981
2620
3229
4865
1453
1415
2054
4183
473
1276
3955
4394
1875
1233
1954
4743
1761
1058
852
2926
4727
2799
3092
2023
3072
4912
935
1823
3878
939
4706
2305
1460
847
225
2818
75
1648
3366
1269
2337
3793
716
1937
571
4870
4028
4180
311
4199
4488
3757
3809
2532
4141
3017
1678
1214
3344
1878
4596
2948
2014
4445
3928
3081
1722
2025
4455
4338
1946
1242
688
1228
1166
1987
3937
3637
2488
3227
4846
796
514
4238
638
4186
3624
1101
4349
1480
507
2497
2204
2710
4694
4491
4261
3062
2559
1141
198
1681
3845
1446
3009
2440
2084
68
749
3309
2606
1338
4013
3948
3700
2693
3473
846
2977
2674
1629
2999
3322
3831
1955
2963
1352
1198
1920
458
2452
4264
947
3966
1067
592
100
1744
1782
4023
4194
2306
858
3696
3764
2267
2172
2151
1502
3116
3004
308
3738
4781
3849
574
2391
3089
2268
1306
1541
2582
2031
958
3125
708
4742
2929
3974
979
497
833
2407
3843
3509
2238
1560
2027
1025
681
1206
4209
950
3448
3088
247
2242
3896
2398
396
4020
3071
2673
1331
1133
2993
4914
2541
3475
671
4244
102
133
778
3992
1876
3581
1829
2122
2215
378
1996
3943
915
4451
3405
3976
3122
1426
1468
1113
975
2513
1622
3996
2189
2583
492
3400
4830
763
1800
1194
3539
1231
1880
4585
3334
2290
221
4135
4711
2987
1518
1311
1760
4826
1737
4222
2214
2223
2278
1081
4754
4713
4376
434
2696
2033
794
3726
4348
3484
2524
4347
4651
3018
4272
3658
2796
657
2372
41
954
2882
1094
2815
4794
1499
3975
4884
1805
2623
3630
1464
3565
258
2340
748
84
1009
437
57
4231
493
765
1869
206
1908
192
4564
1379
1689
3535
4109
3537
2656
4838
4284
3021
107
1195
2793
923
2773
1416
3861
3154
2334
3046
4086
4721
899
3702
3253
3921
2792
1579
1267
3910
3626
2630
924
682
2392
4836
1820
3598
521
4617
4578
3913
2111
2607
2528
4657
2350
371
3519
4885
2566
2420
2254
2433
1845
2063
2194
3416
1676
3107
104
2737
1280
4188
3490
3060
2485
3067
3881
3669
2360
2249
4242
3962
2980
2449
1463
2867
1024
87
4909
542
811
499
3571
292
2094
4190
3836
1543
2887
28
1275
4009
1605
2159
2858
4496
3859
3006
3386
13
3051
4102
1272
1983
2853
4475
1361
1847
4346
2316
1377
1644
2019
26
1007
3302
4515
3617
2310
2217
2180
781
1849
3394
2842
2569
503
2021
3131
1647
4333
1035
4296
2556
3054
2570
1164
4790
3589
2390
3993
2883
2415
1229
239
1819
1839
181
1862
3548
3879
591
742
3934
2691
1938
4769
3196
4407
3307
3562
798
1423
3940
2609
2943
4126
233
1836
2687
2628
3985
4525
1200
3039
4776
1626
633
2670
259
767
1152
3103
4600
1573
2610
1475
4208
27
569
3613
1658
1867
2366
175
3323
685
4832
1298
2184
1528
1318
4380
3329
349
2205
3447
3886
3740
3805
891
3900
1363
4181
384
329
2399
4111
219
1039
3268
1643
485
495
3445
2859
1120
2257
2622
4724
4417
3601
1812
3862
314
4306
769
4624
3136
2741
1485
2082
3375
4501
3392
4814
3114
2375
2564
3935
2886
324
3376
601
2459
114
3082
1612
3095
4891
2321
2940
3029
3915
226
3153
1413
3523
4063
1019
1668
2844
870
3247
3016
4268
832
4037
4828
284
1284
535
3646
1690
4542
1234
335
3022
861
146
1070
3158
3753
285
117
853
1851
1768
992
3651
211
1680
2904
391
2653
3236
2262
3990
2052
1825
4227
825
2908
2694
1932
1448
2123
1062
4513
590
904
802
2343
3713
144
1661
4118
3876
450
3997
2168
4269
4006
967
3015
3877
4549
1566
3600
3694
2103
4461
1747
2070
338
3708
3369
2561
2088
12
1712
3907
3207
3603
2148
2346
1872
1103
1580
1595
4047
3698
2011
2157
1106
4105
4051
3441
56
4089
4273
1026
3672
509
744
3783
3536
775
3602
1096
3936
3262
2492
2750
465
1066
3938
2108
4411
4129
1394
706
4699
3474
1110
3203
826
2182
4737
3144
4518
2511
4295
530
3428
362
3390
2720
722
2282
4038
1732
4419
3139
3063
1221
278
2526
2918
441
409
2689
3190
243
2470
1239
1828
2457
1751
4632
388
2156
1117
2538
4594
1273
4799
4151
2379
3099
2639
3320
3930
4482
3373
4796
4877
2855
3470
4075
3922
1265
452
2051
4302
969
4155
761
4158
2235
2878
4563
3893
1529
2877
4689
1314
929
724
4337
1196
185
2723
701
4784
4520
2106
2233
4573
2800
2956
2576
1695
1038
1905
3592
4465
3296
914
2921
1589
73
1029
3044
3926
4392
1827
3117
3245
320
3113
4897
16
613
2595
1186
1445
1217
1440
2158
4042
3124
4733
1315
1409
4166
3680
2443
1888
3654
4859
2222
658
3924
1907
2218
4611
2603
3607
167
300
2225
2078
4804
4243
124
2700
255
3582
1467
3906
3462
527
431
4297
3111
1918
3659
74
3771
738
411
3629
3758
33
585
2611
2862
4506
1482
4195
1766
1868
196
2170
2895
4622
4749
1144
1772
1537
2229
2955
1874
3684
1260
4845
2042
1209
3380
1492
3574
1428
55
1583
1245
3686
3213
1645
1588
2809
2845
3706
3300
4444
2927
3198
2494
356
2768
4741
3174
1684
343
3608
1670
3276
4293
3550
4527
4385
432
543
1493
2163
1288
3032
814
1308
2285
4016
1750
4447
3640
3410
3947
725
4791
3736
3221
150
46
2276
4341
2144
2636
586
4421
1765
3660
3728
2530
1517
4534
1822
3724
2764
1536
4665
398
2770
2518
1650
1017
3263
2393
2085
235
3310
4172
2302
3194
3970
2935
2680
2128
2734
3712
1146
4335
2016
3622
4916
2531
4735
3486
152
4299
2196
3844
1498
282
1396
4121
290
4248
1960
2907
4216
4679
606
972
1442
1100
3288
3368
4017
3714
3379
4509
1567
4718
4472
4575
3439
4453
529
1294
1721
2846
1903
353
1086
2828
2260
3279
700
3986
1367
4056
1701
1304
2049
2549
1909
3454
1218
125
3678
2069
358
4904
642
1809
3546
4211
4829
4684
227
1539
2145
2273
1358
4053
1749
1405
1159
556
3525
4253
1136
4471
4772
455
3838
2806
3904
2804
855
651
2178
3393
2666
3177
81
3159
3911
687
1089
2542
3873
1271
3261
4066
270
2377
4379
1984
1355
4878
1799
296
2093
3241
1002
723
1030
345
1666
1968
4907
2298
3912
1487
582
218
807
352
3972
3031
4321
3258
1407
3104
1179
260
2414
2822
1441
1702
1203
2838
0
2634
2966
364
4755
4857
374
4567
3725
3502
911
3233
1124
4320
1857
4073
4645
3670
3254
2533
2155
1289
4382
4344
4523
2463
705
938
3506
4820
3673
2341
232
1962
7
2240
537
4603
843
478
4458
2304
2890
4710
2543
1359
944
4524
2047
4332
662
4844
959
2679
2964
1505
3832
1079
2729
3179
70
1544
4608
2795
2136
1297
3106
2714
4324
512
1926
2325
3388
3755
4835
95
1383
187
3750
3069
1858
1865
4281
361
4311
1717
3635
2265
80
922
1501
279
1925
2100
3080
4669
3991
3068
3727
842
2894
2876
580
4572
2782
2469
1181
2508
2605
2247
2780
4174
4457
4292
1241
472
806
2474
9
3476
4579
1222
1227
1344
1147
3002
4621
653
1374
2719
2495
427
2013
717
3735
4821
4366
1934
4574
3333
2483
971
4626
880
4033
2397
3339
2362
110
1762
4198
3121
1895
1477
3030
3610
390
1370
2269
2928
2640
112
38
2592
4175
2763
1634
978
838
4260
4397
3372
533
2537
1042
4777
1585
142
1372
1362
4761
3270
4640
1691
1956
2112
2625
752
354
3988
1047
2342
2198
3801
3612
3110
4558
2823
4782
1601
711
2354
877
2724
713
4426
2134
2336
1516
4057
2328
3545
3335
223
1759
2086
2272
1390
3041
2743
3623
3308
1238
1063
2998
3944
2320
3157
4759
230
2946
4097
1342
3549
3477
732
4595
4873
906
1683
2785
3621
2141
1258
562
4278
4282
3497
248
1111
1138
2311
866
1992
3804
3905
4300
228
2034
3324
1611
4152
1704
1533
841
3588
3457
3351
2539
249
1886
2005
1891
2612
2848
1568
252
65
3265
3864
3743
3186
2404
3850
4218
4641
3945
604
4148
918
4384
3264
4414
804
3460
1443
1916
2338
1774
4677
4456
3794
912
1943
448
4803
3687
1003
1349
2009
274
3883
264
4499
2307
1140
180
1328
2515
2098
2472
3516
1176
1718
4223
410
2706
477
4110
3668
1730
2740
2801
1914
4605
3140
2012
191
2421
449
3979
2775
4623
956
120
2813
3377
2271
2213
2411
584
2068
867
4031
454
1951
2975
874
835
4654
2745
3205
1755
544
2707
4375
2651
3971
3407
864
2301
208
3895
1459
4280
506
88
557
3208
2076
1964
3829
4310
652
4636
4901
2318
2695
4276
840
1302
3795
2986
649
3161
4892
894
1250
1350
111
3586
3301
433
3927
3707
4204
3779
4256
4788
3766
759
4508
1935
4557
480
1806
1787
10
1369
2897
4825
3384
4470
3417
2250
2446
302
4728
4817
2942
4905
777
3932
3751
3012
4837
2629
1553
2545
1049
2733
4044
2600
4672
3645
2567
1259
4068
1082
3786
2765
289
4095
836
4546
4187
3584
4164
295
3469
4162
1384
3826
4096
2912
327
4903
312
4399
4898
1188
2501
2376
1785
1527
2642
2029
3389
3438
2820
2382
2055
3854
3493
4872
1244
710
2203
1000
4847
3711
1286
4285
1906
4670
456
317
2597
563
3327
4778
257
2718
2917
686
1451
266
2922
3965
1791
4255
4221
421
2227
3650
1411
1474
1736
2464
1322
3440
4078
3137
1180
184
696
367
626
1861
4658
743
1013
3172
1253
4119
2819
190
2291
387
2396
4055
1818
4071
457
4810
3212
2682
1578
2212
2331
3075
3047
280
1246
1122
1281
1135
63
4858
2624
680
2220
549
2417
1540
1490
135
631
3444
2007
4169
3806
1524
2211
4853
2684
2186
2915
1154
3775
1859
4736
2236
1225
735
2834
3340
4290
1472
246
4541
1795
64
4700
3014
2295
3583
2645
3572
2715
2788
131
1091
964
4879
2059
4117
2937
4586
3507
3013
3834
3487
2313
3395
889
1972
2512
4122
4676
587
3396
404
1748
2431
2649
383
908
22
4120
731
2589
4908
3925
1300
69
1375
1606
1977
2727
2132
1277
3199
3499
3188
3129
1892
1422
3767
3798
2974
1165
3606
1952
2347
2596
3964
1985
2095
1941
848
35
3086
1572
1551
4061
151
1243
4664
4154
2164
1432
4536
490
1417
4495
2467
561
3760
3209
4628
3442
823
1366
1685
2500
418
4756
4802
4887
4512
4106
3217
1109
2224
4257
4861
4043
3036
3825
2781
4373
1669
3371
2324
792
1236
2173
1337
3135
4643
1957
3593
4305
4036
3616
909
1454
1401
3097
2655
1873
579
4629
4819
1945
2989
171
3085
2790
4019
1430
793
3143
4427
1575
3810
3298
1714
4688
2096
1649
94
2705
3452
1619
800
4886
2243
137
3404
2641
2827
4233
4205
1207
1600
4500
754
3411
1108
2502
3269
2739
789
1842
928
1853
1028
1675
1994
2850
1471
936
3956
3220
2022
3468
886
2909
516
265
3453
1098
1205
2997
460
3180
4590
4763
4115
1368
2373
4434
2413
4625
1674
3304
1455
4072
105
1814
1511
4490
4083
3035
4597
1466
3283
491
690
1639
498
3057
484
2590
277
1329
1077
3280
3949
479
3746
4001
3759
2246
2083
1149
3330
1877
1803
1387
2060
3260
4731
2473
3325
1208
640
4655
342
161
3299
4576
119
970
3112
3305
4202
1397
2983
1548
3433
4682
4639
4215
2080
2062
3855
768
4613
2087
4176
341
1084
2149
2001
3148
1963
2312
2832
2771
72
641
2916
4480
3406
3543
3515
1303
351
2090
4612
98
697
4497
2953
1664
2091
1581
4405
1400
3317
4580
1065
1821
305
2468
3800
271
2437
3723
3259
1998
14
2244
1973
2450
4092
2381
4476
2588
4745
2142
4637
172
4367
4196
3716
3789
2118
2869
2355
856
1921
1433
4125
1190
4035
3887
4403
3998
764
3595
1693
2742
2711
934
1884
3171
267
2496
1008
3802
1295
2509
2113
229
554
425
3367
3994
655
3436
3772
4505
650
674
2017
4283
965
3251
1628
461
3206
2253
1312
1479
4862
2996
925
2507
3527
4493
665
2002
3292
1237
1278
1988
664
3423
1625
2573
1414
2584
2578
3152
4519
1703
1287
2555
3424
1016
4644
1707
3176
624
3682
58
3978
1145
1332
1107
4032
2730
3130
377
943
1598
4060
4226
3903
1398
1901
3232
3661
2936
536
188
3693
4783
3781
3532
3501
2843
3919
3835
3968
4660
4895
20
4479
4893
2802
3025
1193
3318
1700
2774
2061
3341
559
1185
4569
3526
3957
2945
4312
4851
546
3211
3641
902
2857
4340
1012
635
3420
4704
1603
2746
3485
3643
4390
2881
1904
209
2363
747
2920
2416
39
4584
679
2032
4919
4267
1776
1023
808
4358
3064
1130
4808
2289
2402
2896
96
2621
2466
3214
3597
903
3748
3243
186
3812
1256
588
3312
4018
2868
1912
4304
2924
3520
3898
1325
1950
3885
720
4026
2275
949
573
1911
857
3842
3338
4146
2787
2798
3908
4489
2292
3762
393
294
1947
165
4690
1292
3169
2050
4150
3556
2906
24
1885
1461
1854
2365
2755
8
2772
1018
3489
3483
2201
1131
2169
2602
1654
1235
406
4467
2199
603
3569
3414
4463
2873
1531
4430
1636
4477
4722
3664
4683
2529
1483
2871
746
4577
4723
805
3889
2364
4352
3533
474
550
360
1279
4852
2510
2650
2038
3315
1444
1129
4757
4553
4396
1425
1310
898
737
141
3973
2880
691
2232
1290
1623
3521
275
4902
173
776
2351
2686
1863
3034
4540
2044
373
1429
1852
1320
2536
1105
1456
1835
2378
4485
600
2652
61
3222
401
3464
1608
4883
205
1095
2481
4239
534
1343
699
2131
1824
4547
3902
990
3101
2081
2954
733
3811
1514
4345
4517
77
4551
170
3691
872
2898
663
3120
2146
2210
570
1757
2761
2671
3402
2462
4336
3094
4250
4052
1462
3561
3899
1790
3467
4535
156
828
4140
3037
1137
3914
3585
2548
4425
3578
2557
3807
1393
1143
3218
3027
4383
4854
2644
3313
1357
2932
3255
3183
3897
4703
3343
197
2129
2821
1613
622
4801
394
1197
2309
2115
1183
3234
488
1758
347
1212
272
4015
67
3846
1902
2092
370
893
4021
1299
3827
3853
331
2503
2759
4543
3354
3858
3350
4687
2601
1004
4764
3020
677
860
1542
2811
3055
4388
4797
1599
1254
502
1247
2698
2135
1061
3478
1592
1189
3865
2317
4163
1679
369
618
693
1128
3042
715
3788
3946
656
4091
4123
2616
1662
3295
4156
4531
332
594
704
403
520
678
1291
1731
4813
4059
4274
389
2152
254
4313
1223
3166
1255
4483
2892
4691
2107
2913
2749
4404
1597
178
1959
3917
1438
380
1942
3167
405
589
1640
2841
4046
551
4920
3361
2219
3866
3609
4429
1617
868
269
2166
466
766
1621
1939
625
3204
399
3773
122
3882
344
3504
957
37
3752
4581
940
4752
66
4339
3679
3355
4275
4762
4171
4050
1632
910
741
4386
3709
668
3863
1709
1793
2552
3871
2387
1807
1532
1170
2825
951
2779
1813
3026
3138
2547
3823
1561
1319
3491
4468
1927
4207
3715
2704
2344
3634
106
4331
4201
4159
1545
3697
4528
2535
567
386
325
1637
1801
2632
2058
648
3252
3202
3874
2717
2018
3239
1215
1563
4000
307
34
2678
4748
2544
1282
3397
612
3182
2193
1006
2490
2836
4915
819
3662
1659
3787
3977
3803
2614
2580
948
3692
3466
2174
3336
3418
3663
236
3828
4067
4822
845
4767
2426
890
155
862
3747
4661
729
1931
4649
1220
1114
2767
602
885
2109
1965
469
1327
2982
1073
2754
4452
4478
2692
3868
3967
2756
2380
62
3156
2949
1378
241
4730
1148
4911
3356
707
2245
2124
3191
997
1716
3778
412
2939
242
4556
726
1794
4589
565
883
1833
3426
824
946
3638
2056
3383
3353
3184
1034
3731
1027
3792
1496
1316
1274
1930
2619
2352
487
3010
1313
4787
2190
1060
1085
3242
4206
3531
4307
2327
1923
1770
3538
519
2187
3763
2299
4212
718
4029
2638
4360
4604
2783
4003
3287
3105
966
1142
1915
2777
3382
1388
1044
2661
4631
1949
3128
53
3636
50
4355
3894
4314
4124
3011
4081
2447
4153
395
553
3357
790
2315
3200
1476
3430
2053
2931
3079
1119
3164
2885
605
786
1587
3920
3733
1345
4464
3024
1005
1711
4716
2726
1309
2643
2008
4214
4330
2288
2261
3145
4359
355
149
3857
2979
286
3892
4446
4103
2192
3745
821
1831
4062
1584
4554
4173
2778
3290
203
4768
48
328
2753
4372
2127
2786
3331
2162
1022
179
2137
4054
3625
2833
2300
524
2617
154
2130
2973
4719
2476
504
2604
3553
2066
728
3266
