446
3291
2887
1659
3764
3542
1692
1893
2347
2872
3563
3295
3042
3285
2675
3276
1582
1800
1511
2296
1971
153
3747
1749
2383
702
3443
2648
817
2329
3529
3466
1481
3757
2337
3072
746
753
516
2858
1880
1642
2615
428
200
1315
326
88
779
1434
3438
267
2370
1163
3301
990
1793
3012
3162
2959
1412
3446
1560
862
445
1392
3480
1723
2311
95
437
3734
3729
3210
701
1584
1896
2179
1079
1399
2002
1478
3018
1064
501
2139
1423
3279
3700
610
1612
543
1178
1988
848
509
3523
1285
2131
2449
3235
32
2247
2266
2398
373
307
2765
1563
2549
1718
3395
237
2544
1520
3547
1604
3674
207
417
1149
1340
1742
689
1359
3041
1797
3003
1193
2507
2810
1648
723
3211
1461
2209
192
3114
2355
1422
3084
1458
3200
3537
2793
2484
2647
3317
92
2905
3345
3004
632
1432
1840
1959
2837
1404
3034
335
15
27
54
1844
2397
1806
1629
2710
3098
3693
1118
3388
365
707
519
1348
3153
156
651
247
536
3634
116
2730
2328
2465
1164
2040
1663
657
330
984
2001
1657
2145
3136
272
2012
2010
1039
3639
1377
756
250
2080
1450
2634
1748
1371
1909
44
2594
2861
2511
3501
1969
918
2689
2572
1367
255
2359
3589
1596
955
936
3243
2118
1978
320
3601
2699
2155
3618
1109
2529
26
1739
981
3085
857
1940
1000
2203
468
2016
2909
75
2464
427
2304
1750
359
3138
1549
387
2918
2447
579
1946
1645
2489
542
3748
2196
700
1837
765
2867
883
560
3147
3369
1243
3206
3594
2173
302
1779
3316
1208
195
2845
1306
3220
340
907
1204
2491
1228
2018
1911
1636
42
2696
2079
2063
3334
1081
2984
3678
2333
336
1957
3257
2336
1778
1934
3244
444
1276
570
668
3728
466
299
416
1469
2102
2950
829
1043
2033
418
2014
2787
3246
478
1053
221
621
2480
1710
1789
2763
3643
1509
3212
2282
2607
2811
2935
1526
1937
423
671
1602
1576
286
1641
1288
666
1124
2392
814
183
2598
3249
3232
2880
2463
2500
3120
1752
1001
1394
3167
629
791
554
220
2331
457
2601
3680
366
3014
2110
89
2462
837
2486
301
1148
571
855
397
2813
3657
404
2471
1525
276
1910
1099
3028
203
2767
1003
2801
1441
121
1065
847
1751
87
1185
2175
2476
3412
924
449
1936
3029
1033
2479
81
1435
2654
450
1251
3374
1720
597
1737
1726
3644
1240
3292
2268
2450
2725
114
1981
1933
2578
646
2257
284
1408
360
369
186
864
853
548
661
2314
2744
421
572
2666
2241
3031
2026
2610
1386
1886
2008
877
2926
1595
2958
1183
2280
3083
2971
1665
1541
3572
1173
2108
2446
1247
2520
824
1268
1466
699
2038
3343
1705
3067
2177
1100
1464
1355
2323
2652
1222
808
3413
2098
3745
747
3332
3736
1943
1587
101
2452
2128
448
3324
1248
2067
271
2292
1416
3733
210
3053
861
1272
1221
1848
2056
3512
2702
1958
11
3216
3467
2419
1676
1418
2148
3596
1378
2701
2205
2558
368
3565
324
3348
561
3569
601
3441
1324
143
1686
222
1078
2961
2904
598
3620
887
364
2878
3651
344
1758
253
1597
812
2747
3545
1815
2455
1384
265
1217
2893
2635
750
663
1428
694
100
1870
181
263
698
3714
1975
537
3056
1707
2788
1144
48
2357
2737
3500
1675
590
1012
2494
2857
1282
2171
1013
589
119
856
2443
968
615
2619
242
1861
654
1395
2191
2341
1463
3251
966
3405
3580
574
3144
3435
3741
1409
2613
3742
1905
2190
1620
1123
1510
2691
2094
3358
1830
682
2943
1296
802
1518
2114
2742
2760
912
964
3576
562
2979
2812
1475
1431
3482
2554
1900
1491
1924
3694
3404
3551
1295
130
2085
2930
1035
3638
1077
2555
3263
1862
1942
1042
2454
234
1842
2216
2068
2851
2539
30
1300
3241
1403
1696
2663
2907
1305
3318
1415
93
1948
830
623
2915
1850
175
2184
2934
2488
3307
1902
1427
643
1813
2605
987
867
1114
2882
405
1098
3640
3406
3578
99
104
3261
1774
3166
288
2573
2470
1489
1953
334
2256
3716
413
2411
2113
1964
1497
1259
941
2478
1266
332
631
1421
2884
2772
246
199
3294
3444
3667
2380
383
1728
710
1085
1974
1385
2693
363
1540
2342
1009
3544
1851
1361
3760
426
1516
1258
202
188
986
329
1866
584
1417
2439
429
2824
47
1132
1794
600
1336
3335
3277
1820
2487
2293
1447
3001
2248
2808
2358
1757
2595
2509
1290
72
736
3311
1289
2628
235
2366
2407
2966
3744
1058
3718
2517
535
2104
3402
3289
2212
1147
2510
1919
2694
1638
3641
2972
2656
3195
923
1714
289
3664
1632
1960
652
790
1460
3240
1267
3743
744
946
564
951
1956
213
2473
3492
1444
2910
1730
3247
1745
98
1456
3604
233
2400
2766
313
2075
2898
190
2912
816
208
885
3199
1832
36
2543
409
1678
460
2873
372
420
1670
2981
1322
3073
2816
1945
3275
2229
1764
3533
2174
1470
1479
3266
374
3557
3727
1743
1605
3513
384
2970
1137
607
1610
211
2783
1087
2557
1181
3371
1740
2748
2709
3054
3264
1297
1652
2157
231
1462
2753
3283
204
2260
425
1521
3044
1120
2024
679
115
3290
1591
1016
2944
2416
1045
1483
724
766
2301
1424
3087
2349
3550
2204
2953
1855
1188
2004
704
3315
3490
2903
215
893
959
3436
2897
1115
1506
578
71
61
2055
1214
1451
3633
63
1656
3282
2671
627
3303
2609
886
315
2125
3281
1189
2923
2283
795
1682
3386
1687
3223
1337
3555
896
1273
3278
2732
1498
1059
3567
1252
3661
3452
2690
2992
960
3677
319
2277
1717
3309
2425
2138
3300
3666
3273
1168
1153
2936
2144
1341
3619
217
120
2892
1531
954
3094
1533
419
2724
2531
1664
317
3564
354
64
498
1585
441
3423
577
1654
505
241
2896
2078
2019
2372
1093
2062
415
2682
2876
3636
2516
2084
3462
703
3489
2183
2945
3046
1921
57
2559
1047
479
1950
1694
3231
976
2360
1839
757
357
3599
382
1179
2697
111
1719
3726
1071
1048
1449
3230
2902
184
2608
2764
3327
2969
300
3149
551
677
1084
3615
2158
198
1473
1484
3106
2309
1833
3429
422
3176
1548
768
1865
1338
758
138
2562
3137
2790
2534
3653
1908
80
3027
1994
588
2352
109
291
1619
530
2166
2495
727
499
1286
2279
780
3655
1565
1884
3207
882
1232
3738
1261
1996
1788
778
3520
843
1329
2335
306
2035
339
145
2841
226
252
1205
1086
771
113
732
474
2868
1634
1334
3066
2692
3586
331
930
3683
2315
2871
1760
2261
624
2606
889
3326
1646
914
3088
1674
772
264
2616
635
2585
3424
2233
3663
1310
2570
2817
993
2980
2937
685
1366
1333
1854
1615
2186
3631
3445
1704
1007
7
2828
105
3253
79
1140
642
2163
2963
1967
596
131
1028
205
305
2385
2761
1264
2322
3274
1105
1254
1630
2563
1913
1346
162
1770
3422
2117
3081
1690
729
2017
2303
2453
3265
2143
2854
3186
227
1500
124
3401
1553
915
432
2525
381
150
1767
212
3023
3761
3074
8
1554
2523
2013
1091
1501
3535
1637
2101
2548
1668
412
1724
1265
2458
1608
1725
1755
514
1569
2542
1465
3213
938
3339
1443
3581
1453
76
3724
3394
2638
406
3713
1782
3665
2481
274
892
511
1402
614
3527
1853
656
209
2574
3432
1250
1532
2207
1883
619
171
3659
312
1875
1277
2350
3270
149
2924
1809
794
1990
3642
1513
585
2786
822
2706
544
1323
1116
902
1802
476
997
1885
733
2057
1889
3119
273
1419
3286
1327
3518
2313
2344
1819
477
1983
1068
2389
1157
3685
2571
1871
911
1054
2641
686
2140
134
2996
761
148
2929
1882
2424
1156
2508
3193
1594
563
2240
2804
575
1973
593
3588
3393
944
1790
1952
2188
2288
2264
3692
3180
3487
580
65
3459
1878
1353
1891
3754
29
170
1344
681
3384
214
999
2782
1938
487
3341
2722
3288
762
3679
3732
1101
2995
2106
1368
224
1474
3078
3437
3165
2011
3709
456
20
3695
3017
2855
2658
599
1601
1488
2413
1356
1036
3055
1307
3531
1226
2023
475
754
3129
2363
318
970
2528
3507
920
2650
1293
3052
2711
2316
849
708
1535
3449
1364
1669
108
1997
1169
3660
1440
735
2169
3720
1573
2466
1577
3037
1907
3107
1112
1816
168
2429
2187
2074
2834
815
673
94
1822
3134
3398
2762
1209
96
3479
2232
3181
2393
58
2422
2377
748
3376
2199
3372
3365
3021
518
3333
9
39
3104
352
2799
1507
2124
644
322
1176
69
2833
833
1410
1829
1947
3689
1070
2883
2932
3142
2298
2768
834
3600
2667
2519
3140
539
933
1970
1365
361
680
1684
532
804
2754
3458
1122
1914
3494
1625
2680
2496
1194
3297
2244
2631
146
567
2082
172
1018
1088
1722
3602
2317
1487
3254
133
2684
684
3043
693
1505
1244
1633
3484
2218
3528
1860
2234
3308
292
356
1072
2373
2406
2844
3453
1965
1328
3730
851
3209
2792
2099
2300
799
1075
2956
1856
3035
2886
1887
2320
311
2739
1023
792
1734
2437
2727
85
749
3102
86
2862
846
1482
83
3284
2066
2866
2006
1706
2797
2975
1688
1542
159
2796
1872
3342
1805
1798
3573
469
380
835
3260
3123
845
1538
1370
2664
407
1972
3612
2649
1312
638
346
2285
3725
3514
2597
1236
2708
1787
2005
2295
103
3111
3352
3299
1063
2908
2757
1255
1011
3011
1280
630
783
1784
743
705
821
963
3597
3151
1731
3319
3574
2577
3337
932
3185
3366
2822
2198
3439
3076
991
2146
3033
2432
2189
2629
961
1713
1863
696
801
1210
261
2931
831
555
2029
3650
1651
455
1019
2142
2237
2546
3637
353
713
1551
1263
2750
1311
243
2031
2988
3238
3390
2009
1062
2482
917
2351
2434
1773
3125
983
1607
2687
3740
1159
161
1128
1405
3630
2704
2729
395
3591
2502
591
899
2420
3191
3022
2674
531
1231
2119
191
3654
228
1292
3172
3057
1104
2839
1814
690
2445
2575
1096
1426
1746
1223
1624
2368
1966
2362
321
3080
2325
1614
500
2058
545
2387
3258
3457
1781
2081
1874
2440
376
443
3558
2431
871
958
2105
18
3009
2318
897
1034
3511
97
2469
1930
259
2982
709
1808
1269
