818
817
832
2829
5
1511
515
2770
508
1582
3525
3276
2339
2154
800
3071
3542
3474
2426
3475
2675
1800
2347
400
473
3757
1562
2887
2872
3466
1749
1557
3747
2648
1382
153
1896
3162
2448
2274
2622
2899
370
862
3480
2881
1723
990
753
3446
2589
701
95
3301
501
2179
2370
326
141
3752
2999
428
88
1560
734
50
2959
2139
1642
1423
3729
1163
2615
437
1812
3571
3438
2858
2311
25
3440
3587
3018
2863
1880
267
1991
675
1340
3395
2376
1520
470
166
723
509
2133
1801
3674
1503
2319
1864
2135
1108
1631
1881
2536
3382
3548
3700
848
3003
512
1612
32
1359
3143
2131
1149
1917
2398
2449
1906
1530
2549
417
1742
1383
1448
3128
1285
1718
1988
1458
3268
3200
3114
2460
3040
880
3317
928
2209
2242
275
27
2710
1270
2647
1145
3537
335
394
2720
2541
3084
1461
2307
2503
2837
3345
3203
1404
2397
2567
632
1939
15
1629
3693
1118
403
1160
2356
3639
3227
2861
1406
1039
651
2511
707
3634
3153
1578
44
116
2345
3501
1909
984
272
2689
2080
2740
655
2001
3621
3338
2324
2572
2730
803
1050
546
2594
2952
1969
2340
1067
3065
2328
2020
2947
522
1496
255
688
2145
1716
2993
3138
2262
26
483
2304
1000
936
1206
3589
3048
1739
2359
2457
492
468
2733
1219
576
142
2332
1379
1645
2203
2464
1519
1946
844
969
451
3243
3618
3515
1109
2155
3173
981
1978
3568
3095
2909
387
1490
985
1727
560
2334
3219
42
3493
2253
883
3668
1330
529
340
1342
195
907
2079
1090
2621
3068
2870
1636
2505
1779
2173
3206
1306
3461
765
1204
176
2491
2984
3594
3147
2771
3369
3334
1242
1526
939
106
1211
299
1053
1043
2935
221
249
1778
3212
1957
602
416
1979
3244
1509
309
1238
3325
2480
2685
3426
2435
2282
2852
2811
466
444
185
1576
53
1288
2327
2033
1218
197
570
2731
2333
2787
336
147
691
865
478
2527
2054
89
220
404
2986
807
872
1752
1001
1910
3354
3749
3120
1099
837
2462
366
323
3070
411
2441
183
3355
1
1985
2028
3167
301
3463
1124
2500
3691
2657
2331
2601
730
1468
1032
486
2112
629
216
2475
1316
2880
2977
397
1441
2175
1033
3644
3170
284
586
186
1241
2479
864
1065
1240
2314
379
1726
2241
87
81
2744
3175
3412
1185
924
369
998
40
2654
1536
1933
3451
1408
1751
1121
1003
3029
1260
3374
3139
158
2257
3534
661
114
421
597
1301
2540
449
926
2089
112
3292
956
1251
3321
1705
873
3400
534
2026
2991
1268
2590
3521
3010
1466
2280
2127
824
3353
2925
2008
2520
2630
1247
1173
3403
1386
1355
1564
1903
603
1119
1665
2971
878
3572
3593
2640
626
3083
2297
2148
3053
2042
1416
521
2775
135
1958
3596
3736
3745
101
2220
725
3097
1418
2412
2452
513
3645
2419
662
2254
167
2512
491
747
210
3467
3332
271
2098
1146
2067
3236
1943
806
901
750
3546
364
1597
1384
793
2273
181
1074
781
2455
2893
324
3007
2921
812
2591
3508
3470
1627
3651
601
1686
2535
1870
2904
1586
3569
2165
3032
1815
143
100
1783
2271
3348
2747
2635
1758
598
1667
3420
344
3434
1640
2701
3056
269
3500
263
1975
3221
1786
242
1771
2788
2619
2857
182
856
1420
3559
119
716
537
1014
1852
3144
2737
2278
2171
2653
615
2341
1012
495
966
3435
1777
574
3739
2103
589
3622
1325
798
3753
698
3482
1358
130
1409
1522
2176
3598
1924
1499
1296
1703
2636
2147
796
1830
1932
2514
2456
2985
559
2190
1620
1155
3606
1233
23
3646
2022
3358
2726
3742
682
2749
1245
945
2613
912
562
2408
802
187
2214
1696
2068
1454
1427
296
2216
2071
830
37
2851
3478
2934
1935
1942
3117
1035
3189
1842
2663
2593
139
2688
1029
3686
30
606
1925
3039
93
1862
2472
3595
2488
2252
234
2180
2741
383
1680
842
3578
104
1085
941
1497
2470
1026
246
1545
3166
710
867
1259
1791
332
489
786
2547
199
2086
290
721
595
643
1728
2605
1489
1380
1134
334
1141
788
1331
1774
3406
405
99
413
3444
1114
2267
1813
68
1953
2049
2256
1167
1130
3346
46
3357
2439
2714
2832
3148
1961
3760
287
2595
2293
1076
1504
3544
628
2633
3277
1982
1851
47
1287
600
1866
2836
2065
72
2808
2668
1540
2628
1258
188
605
1289
1820
429
2251
674
636
3013
363
2951
1132
329
3320
1147
2403
717
2978
790
2497
652
1960
1058
751
179
2612
2900
2212
3664
2048
744
526
3710
1049
3743
2109
1267
1326
564
1066
535
946
1785
2517
3718
1919
787
1638
923
2366
2510
2661
91
3641
2414
2981
36
773
1322
1599
3541
3177
3275
925
1945
3199
98
3557
2150
1055
460
1743
524
1764
3408
2873
262
565
1456
3533
2766
409
885
66
1479
2912
208
3266
3410
3604
1745
1571
573
1616
3727
374
617
1685
3328
2185
152
3131
1444
3204
1652
385
752
3381
2946
607
648
3054
2709
1045
3513
1515
3264
766
1610
2515
497
3099
3044
115
2492
304
2922
1297
3283
2557
3371
281
3077
1821
414
1792
2998
285
3758
2783
204
1181
2151
2157
384
2983
1424
1083
645
2778
2604
886
71
613
1214
1089
903
2671
2903
2444
3087
1262
3184
959
2897
1278
3092
2651
61
464
3303
2004
3550
3259
1855
909
2107
1600
3633
627
1451
1506
2055
2609
63
2125
960
2686
3309
2283
3062
16
3755
3567
1732
3278
319
3750
1687
2569
3675
2923
1643
2895
3649
3715
1136
3555
1273
3356
2299
1442
3485
3159
482
177
2568
2992
1274
1308
3661
1533
1664
2485
3462
2269
3168
2531
362
1759
577
1589
2516
505
2046
1037
140
2084
419
507
64
2703
1654
2876
1093
3636
2830
498
1298
1963
3450
3417
3423
1962
1531
2596
1931
2000
954
3489
3370
1918
2718
382
3046
3721
1179
2821
2945
2806
976
1719
1449
472
1694
2438
742
1158
1839
3230
1921
3599
3208
2559
3615
2158
1047
198
12
3231
2217
2360
111
2965
2182
3149
3454
3506
118
3625
558
869
1230
3655
739
502
1888
1021
80
979
653
731
2562
3137
2660
1908
608
1484
2166
1833
499
3176
3425
768
189
3456
2790
2495
780
1849
2566
3429
3027
1865
758
3614
1619
2352
3106
2579
622
2258
1232
474
3520
113
339
624
2045
1895
327
1565
2890
1304
1547
2646
771
2335
3179
782
1329
3383
982
3088
3683
889
3586
732
1646
1831
1010
2868
1603
2853
1281
1666
3237
1446
2692
1261
252
1170
1318
1760
1004
1884
2769
3069
3005
1528
672
2208
1776
3424
1493
772
2980
2073
3389
884
635
2602
1854
131
568
2163
2616
891
640
2193
1546
3663
2338
596
2391
3605
1704
2498
1140
2585
264
2716
1310
1674
2233
1967
2076
2537
343
538
2013
2117
3703
3731
2303
2581
3409
1524
3023
3535
1091
150
737
922
3401
1690
611
2385
2854
1630
975
260
3116
1017
1105
3074
2955
2017
3761
1264
2563
227
2238
8
2964
3265
236
2322
256
3186
2364
123
2143
2453
174
1402
892
3229
1853
129
3671
1057
3339
2202
1735
3581
1465
938
3696
1069
1989
2069
3302
1569
412
2933
2090
3539
3624
393
1027
3262
1894
2091
1725
1443
3562
2968
67
2917
3497
614
1453
2423
2706
1809
1390
1192
1419
2556
2924
476
2206
1532
2736
3659
2564
171
3119
1673
2962
527
1277
2057
3163
2344
2901
733
1661
1875
1327
312
2919
2207
585
2134
149
3476
619
997
1517
3432
3428
1990
2306
1323
2506
1871
477
3556
692
2571
575
2641
686
154
1697
763
282
1952
3524
1512
2928
402
2192
2823
2195
1983
3298
3685
2869
1455
1054
1819
593
3610
2976
2188
911
1317
2399
634
876
1671
977
2864
2451
563
1313
2603
2382
3214
214
3437
3487
2371
2939
658
3341
659
580
3384
2843
3709
1061
1635
2106
1343
1986
2782
3706
2430
1166
3215
3460
3416
0
1352
2011
20
1127
2210
2995
641
1111
475
2650
78
3129
3017
1823
3055
2916
2711
3531
3695
1601
735
2379
1689
2466
1907
430
2363
676
3037
3336
278
1226
453
2169
168
1744
137
3052
240
1125
599
1997
201
1683
754
1702
1036
849
108
1321
270
1440
3449
1691
708
1112
2528
2410
3627
1092
2124
741
644
2187
1429
1438
2625
1507
2199
868
3164
51
673
461
389
350
3608
1951
850
1117
1038
1928
1082
96
552
3361
2224
2236
58
3181
760
1220
2377
2948
3376
748
3104
2074
1556
2483
59
3365
3333
2762
3021
2361
2496
567
1154
3628
2754
3202
1015
738
1020
3396
2170
1824
3458
3036
1741
132
539
1869
1044
3391
697
361
2883
3255
517
933
2780
2519
1892
2809
1070
804
3494
670
1722
465
2244
172
3759
3607
3035
2792
488
1328
2551
823
2300
1712
2167
2234
3481
943
1374
3043
2218
1006
2367
442
1856
3603
2099
1244
2228
386
193
3254
3314
1965
133
693
1860
2354
1580
3528
1765
435
2739
835
846
895
1734
38
3260
1626
311
2121
845
2886
2735
3573
3342
1817
3102
2526
1542
2728
3234
1197
17
2006
469
3751
90
314
2141
1110
1706
1995
2369
86
1992
1805
2415
1688
2727
1056
1872
2200
2664
1349
852
3151
3612
407
638
547
2005
3296
1731
3514
245
1471
494
1102
2223
1095
2611
3352
3020
3051
2835
650
3287
2708
1784
2285
2908
3111
1280
1459
3299
630
3293
1904
3242
3011
452
1841
3597
587
1863
180
2237
3366
3637
2894
2348
136
261
2189
2432
1775
2629
3238
932
1249
2940
953
2988
1311
2405
1655
2931
2162
243
3108
3439
1237
353
1174
894
3185
1551
1949
557
839
455
649
2436
2146
555
3006
3390
1486
328
1679
531
2178
1303
3516
591
1104
1607
2305
2839
2700
3115
3673
810
550
2729
1159
2502
3654
3373
2420
764
1537
1658
1898
3239
225
1292
228
1405
408
3191
3063
1041
3022
2434
395
3057
2351
1588
1133
3609
988
3050
1309
398
321
2318
3306
1269
21
871
1941
3008
18
298
1223
1213
3505
3126
2219
2105
2201
2032
1096
2081
1621
3511
2325
1746
3558
259
1977
2431
3080
3415
1614
2982
3626
1347
2387
2445
2368
2362
