3712
3072
817
1834
3285
2347
3295
1749
3466
293
818
2770
2887
515
2906
1557
279
2383
706
1481
3629
1511
446
508
342
316
800
1207
2154
473
3483
2296
840
3276
2588
485
675
3734
1478
785
2858
3158
370
501
3752
2448
428
753
1560
1642
1005
1079
70
3480
1793
862
1200
1514
734
746
95
3438
516
326
2002
3446
2139
127
3018
1315
2959
2036
1584
1423
3279
445
582
2370
2881
3210
50
906
1163
3729
1434
1550
1064
1723
3547
2544
3548
1503
2047
1193
373
1285
1864
1492
1149
848
2398
3575
3522
2536
543
2319
3523
3382
1612
1359
2449
3235
509
512
3197
417
1604
2676
307
4
3143
2376
1558
841
2549
1448
1801
3375
3700
3674
1881
1648
618
1629
3211
2720
403
3034
3098
3693
2793
192
3004
612
52
3040
881
92
2905
1002
1404
335
2710
3537
3200
1118
2242
394
1840
2355
2503
2837
1644
1583
2647
2484
1939
553
632
3268
1432
1844
2100
3338
657
2328
2356
1663
3498
156
522
651
688
3634
330
2040
2634
125
250
2987
2374
1348
1067
255
3501
536
2080
2719
2012
519
2572
2010
549
3719
272
1748
1367
2340
707
3621
1050
2020
1414
247
1578
480
2689
2594
2662
1701
3065
1750
857
2659
2262
3568
981
936
3699
1645
2016
2989
2227
2909
3243
2717
3601
3173
1762
2118
117
2359
1998
2196
451
3618
916
1727
2489
229
985
1796
1219
1109
1549
1490
969
2746
387
3748
3085
2721
2289
2529
3589
1768
2845
700
1818
3316
340
1779
3206
176
195
2984
1636
3472
3224
3110
3583
1208
1228
3086
1527
1393
1022
2459
3178
2290
3461
3668
1911
2334
2771
1342
3469
1330
439
2173
3493
185
1576
1789
2787
865
1920
668
336
2336
355
691
570
22
1218
1778
3643
2282
1957
3592
197
2950
1526
1053
2763
2102
1238
444
2333
1276
147
3676
2683
2480
3728
1934
2388
2493
466
221
418
2054
2935
3325
1291
3246
1043
2731
423
478
2435
1032
2110
1525
3120
1752
194
2353
2463
3167
3249
872
1099
837
1148
814
397
3028
791
89
457
486
1543
1316
2390
1040
1468
183
1299
2441
2462
855
666
3691
629
3680
2475
571
807
2888
1985
3014
3070
1
1592
1001
730
646
1726
186
2767
2779
2725
1408
369
572
1003
2089
2655
1172
1435
661
450
1552
114
1185
1611
3374
847
3170
2314
3735
2268
3029
1720
81
586
1301
625
924
2521
3292
112
597
40
3412
548
2257
3644
2578
1033
1981
449
1260
158
926
2744
2
2175
1737
1240
1234
3534
297
1386
1903
3670
433
775
1705
3717
1564
2127
2991
3403
438
2280
1999
1541
534
824
603
3613
3521
2446
1173
3400
2971
811
378
41
2925
873
2038
3083
1566
2640
1360
2108
333
2673
3183
3216
3364
819
2297
2128
1676
1319
2560
3332
2042
1418
521
2702
3687
1587
2254
1570
2677
458
1362
3016
1272
448
3596
1294
806
3645
2743
2452
1320
2775
167
11
1391
2056
271
665
3007
1783
3312
1378
2755
143
2957
781
1477
2545
2401
2904
663
2181
1186
2949
222
1008
3032
2961
1074
1217
2921
2535
1667
3100
1686
2286
265
812
1126
2558
324
3420
2404
3620
1916
3508
3419
1870
178
561
1078
253
3465
3559
2103
3580
263
242
1144
2850
2653
28
266
1786
3455
3477
2678
3056
2737
537
2225
716
1675
2798
590
1707
2494
1852
1187
3221
3351
1861
1771
3144
3500
1282
3130
798
2619
269
119
574
2365
1246
1975
2874
2742
1803
2312
860
1475
2613
2985
1123
3430
1932
2749
2147
562
1358
1703
1897
2094
3694
559
1296
1905
2518
1387
337
2114
3109
3482
1381
1733
3722
1357
2726
2943
1476
2259
1155
3690
3606
3540
3000
2522
1494
1842
1766
2665
2539
2071
1403
1942
669
1042
1225
1868
1902
3595
2488
2472
1925
827
2184
2934
2214
2454
139
813
2688
2122
3307
2593
1618
3519
3536
19
1862
3039
1948
3124
2907
2113
1195
842
1974
3444
1728
2882
334
3261
3294
2411
721
3578
1331
405
332
3406
68
2086
2380
199
2547
710
2772
3166
2049
2605
1141
1813
1649
786
2059
160
1497
1130
2267
1114
1026
2884
643
1545
788
99
3640
1774
941
1098
3716
1380
3698
1489
867
2358
1516
2836
1866
2582
1961
986
2293
1361
391
1369
628
2668
722
2633
3544
2644
910
1757
974
2007
636
1216
2439
965
72
3763
2487
1290
329
736
3320
600
33
2251
3311
3760
1417
2714
2532
202
1258
1287
2951
2509
751
371
1162
2978
3743
2403
564
744
2366
787
3744
1772
2104
2497
1215
923
3240
2326
2612
2661
2997
1326
235
1632
91
2034
1714
2694
2109
3174
526
3160
213
3718
2517
3289
951
790
2510
2287
165
409
233
3702
460
2766
2414
773
3247
3533
1764
3492
524
1229
1599
1721
3727
463
98
2816
2400
2912
2543
3177
3266
1745
3328
1479
3410
1678
1055
1495
3131
1202
3408
2898
816
372
1571
617
2981
925
2229
1457
2174
262
313
152
1685
2557
2250
3155
3099
3381
425
454
2983
385
2115
1792
2151
414
115
2846
569
2946
1915
1521
3758
1181
3204
2492
2626
497
1045
2284
2172
3283
2753
211
2734
3377
1652
2024
3371
2970
752
2998
2748
1087
3044
2713
1189
627
1150
1600
1083
886
223
893
2444
3184
2004
431
2125
712
2055
2427
1451
2778
613
2301
2061
315
60
1424
3259
3303
2349
2738
215
2609
959
870
3087
3187
1188
2856
2461
3447
71
1656
3223
890
583
2827
3567
3159
3062
718
3675
16
2302
1682
2425
1650
2632
1168
3661
3452
795
1498
3485
2499
2277
1843
3356
1136
1153
2027
2138
728
1442
3273
896
3652
1274
3168
3201
415
720
310
3417
1931
217
120
2724
218
1531
498
2830
3350
3392
441
238
1699
2000
2269
995
2596
1963
900
2046
140
1662
3636
2516
1533
2372
1037
1585
3564
1879
317
1298
927
2531
3450
2902
3506
3046
3149
755
471
118
976
1084
1921
913
3701
1449
107
2158
2182
357
2758
2849
1572
2945
3554
1719
2217
184
1179
2053
1950
472
3327
12
2969
2608
479
198
2438
1071
2718
2183
3231
1839
1994
2637
1849
653
1484
2239
768
727
3553
2235
1135
2534
3027
499
683
2279
989
1152
3137
502
1473
3456
588
3106
3269
3614
2838
3049
1888
1865
3360
2580
2495
1338
2352
739
291
331
2272
3738
732
1232
474
1646
226
3237
3152
1304
1788
1261
252
1004
3586
1895
1281
1329
1318
782
1968
1922
624
882
3088
2035
113
1565
2335
2914
2606
1666
3207
339
1010
1884
2043
1170
2093
327
1617
2769
778
2890
1603
3326
1333
884
305
3069
1493
1007
2570
2163
1366
1310
3005
2330
1546
1028
685
1198
2820
1177
640
2044
2716
3631
2233
3663
1674
2645
3605
3253
568
667
3445
7
520
1239
3112
2553
1704
2585
2193
205
3703
381
2385
6
1756
1553
1129
2795
2501
1346
35
150
2584
3274
2215
2761
947
343
2013
3401
2955
347
2523
3081
1024
2669
351
1264
236
611
3074
3422
162
2281
1690
1171
1105
3535
256
3761
2453
1630
3532
1017
745
3186
3499
2458
514
1465
2101
1637
1608
3696
3624
406
1668
1725
1569
3527
1695
1433
209
67
3562
2542
3229
1453
656
620
1027
2552
2090
3394
3713
1724
3671
2933
1069
797
1894
174
2574
2202
892
274
3339
639
1885
2564
273
2786
1828
1116
1883
1517
733
1875
2207
902
1192
3428
2826
3270
2706
3432
2306
1708
1889
2773
312
2313
3119
2134
157
1809
2924
149
1780
3464
3476
2350
2901
3156
10
375
527
1413
1419
3163
3685
3298
2192
1973
2424
911
3556
1983
977
3610
3524
692
575
2070
2288
2864
2571
593
3672
1590
1156
2188
2976
134
2140
3585
2928
1512
2195
128
1068
2264
1790
2996
634
3708
2451
3692
1747
2389
962
3182
1061
3078
1375
170
487
2681
2210
3288
3706
658
3165
3487
2011
937
3648
1111
2843
3215
1166
3460
1857
3552
540
3416
2722
1368
1635
214
2430
2106
2782
20
338
3437
1474
1343
2650
2528
1577
78
1907
475
2023
3336
2658
3660
695
3030
3695
3531
3052
1683
1702
770
2413
849
2410
1293
970
1601
1573
2164
2711
257
1744
3107
318
2363
1816
1689
2504
1112
3055
270
1364
2468
280
3756
2095
3449
874
453
1397
2030
240
708
3688
137
2236
760
3479
1729
3026
9
1438
2199
367
868
3372
94
3365
3398
934
2124
69
2393
3164
1822
1847
2429
2834
59
1660
1209
1410
126
2377
1176
3376
1082
3181
352
3096
461
3387
1257
493
2074
3331
51
833
2422
1038
3127
834
146
1044
2667
2082
697
3140
2754
1625
1845
465
767
1914
2381
1365
3628
172
3399
1869
3759
2631
3297
670
933
1684
2768
2883
2519
1018
1020
3602
3329
155
532
1088
1970
1722
3396
3600
1244
3496
292
2111
3682
1965
2551
1505
3314
943
1075
1332
2373
1072
193
1856
1103
3561
3603
1769
2234
1544
3308
386
1765
3579
2245
2050
2218
2913
3209
2844
1256
3380
2228
3453
442
3150
1805
3560
1688
1482
2735
2974
1706
1992
845
1817
2797
3584
2437
2226
3123
1400
3284
248
1626
1197
2639
523
1110
86
283
1872
90
1887
3684
533
3573
469
1056
2121
2477
2866
1023
3190
1561
2066
3299
2908
2835
169
2005
638
1807
2670
245
3319
3337
103
1867
1280
3725
705
2223
2611
1373
2649
1787
3226
3287
1471
1236
3574
3051
2092
346
3612
783
2708
1370
452
547
1568
1398
630
3242
3296
1784
2200
650
1639
2009
932
2162
2940
1311
713
3033
3108
1210
2750
1876
1655
1263
173
136
1174
2348
3218
1182
1249
1863
3313
649
1019
2346
594
3390
1237
3530
1363
2142
2029
961
328
3368
180
3238
243
2822
839
2198
2189
2990
1651
2052
2420
2305
3630
3740
550
2704
1303
3063
191
764
1128
1814
1231
3239
1593
591
1773
1658
1901
2003
1184
2674
2123
3516
390
899
1804
1679
1073
2434
531
2351
2384
2395
3125
2839
1041
3673
988
3737
1966
3415
2431
3258
2362
1698
888
1588
2318
3233
3050
2081
545
3626
3723
1613
21
443
259
97
376
3126
2784
2982
1621
3008
898
2032
3609
3080
341
3511
2160
62
1746
3538
2201
2575
3704
3457
1213
1426
2387
