1971
3563
706
2675
1692
2906
3443
400
3542
515
2770
3276
3475
800
1800
2885
2588
1557
473
2887
1659
1749
3483
2383
1382
3042
3291
1539
279
3071
3525
832
818
485
5
2829
990
2899
2396
2999
2622
3752
906
25
326
1315
1478
1584
445
3480
3301
2370
3210
1445
3571
467
2274
2321
267
516
3158
399
1200
2448
77
3018
779
1064
3012
3587
3734
1550
141
1896
3438
437
1793
1392
1434
200
1642
2036
753
1723
701
127
2959
2881
1797
3041
1285
2507
1492
2319
3700
1612
2810
166
1801
2449
543
2135
3547
863
2133
307
1503
1563
1448
417
1917
3575
1383
2620
689
2376
1906
2544
1149
32
1178
373
207
3523
841
1648
3674
3395
1430
1718
4
848
3128
2209
3040
3004
2484
3121
2503
2307
1810
1583
3211
3310
54
2051
192
632
1404
1046
43
3200
1959
1145
52
2905
952
1629
1738
394
2793
609
3203
1160
2100
3317
2647
553
3345
612
2397
1432
3388
2947
1050
3227
3621
2255
1578
522
3136
1496
688
803
1367
657
1701
3305
918
707
2012
2145
156
1164
2572
651
3639
549
2020
1371
536
116
255
2740
2987
2819
1401
1407
2040
3397
125
858
3338
3153
546
1067
1663
2324
2730
1414
2001
3173
579
3568
483
3367
320
359
1899
2304
2699
2262
2464
3091
1379
229
1946
3601
2332
2359
836
1739
2721
2659
387
1645
2118
2909
3095
117
1978
2136
142
980
985
2447
1000
75
1490
1219
2227
1762
26
2717
1284
560
2794
1393
1636
3594
3668
3220
1911
2459
2696
529
1827
2290
340
2984
2712
2173
3469
2781
2253
1779
3064
1235
3472
2867
1342
1243
1204
195
3068
2018
176
2126
2621
2491
2079
1920
1934
466
2683
1838
1288
1602
336
2763
1106
691
416
939
2607
3257
829
602
3157
1710
1509
2787
418
1606
2388
3592
2731
2811
3643
1937
444
3426
1778
1053
2333
106
3246
3212
2054
147
478
671
53
1979
668
2282
1211
1789
2102
185
286
837
1890
855
2441
1394
301
666
791
3691
3267
1
1113
730
1985
457
814
404
3120
1161
1525
216
3070
807
3249
2601
1468
2463
2977
276
366
2986
323
1316
1543
3749
2598
2331
411
2813
2475
1148
1752
3495
3232
3354
1592
87
3374
3292
2540
572
1240
3139
2476
421
2521
2241
1033
2
258
1611
2654
158
2257
121
1720
2268
284
1301
1260
1241
1185
2744
853
3534
81
1441
998
1552
114
379
586
1435
2314
2479
2725
1065
3170
1408
1234
3029
847
2655
2089
1251
3451
864
2767
112
2666
661
1981
1566
251
41
1183
3717
1464
711
3400
3613
1564
2323
3353
3670
3572
433
1355
626
1466
2280
1595
297
2971
2108
878
699
1541
1119
1665
2938
2127
824
1705
3031
1247
3403
904
3236
2791
931
2831
11
2042
2560
1222
135
819
491
458
3762
1987
808
2452
167
2419
1319
1676
3324
2775
905
1587
1320
1943
1485
2677
1362
2702
747
901
2220
725
2292
1221
513
2067
271
2401
2083
2271
1078
781
265
812
2550
3007
750
2679
1916
1126
368
2701
2205
364
3100
181
1783
3441
528
344
1324
3508
3434
3348
3032
2949
13
2591
3419
2545
1758
1378
2961
2535
1686
1008
2893
1186
2015
2878
2635
253
1217
2678
1014
921
537
3144
28
1777
3056
2191
590
2278
263
2443
950
3580
2365
798
266
1246
2088
1707
2171
3739
2159
3435
615
1144
2788
496
3221
1395
3714
3431
2341
1420
589
2941
3753
966
3559
968
1975
2749
2985
2874
1475
559
1905
3606
1358
2190
2636
1518
3482
2147
2613
2022
3404
23
2623
3690
3358
1522
151
1143
2514
2312
3646
1476
3060
3430
3109
802
2726
3540
1396
401
1900
2691
2094
2456
796
187
3124
3117
2071
2663
1696
296
1842
139
2068
3318
1494
3638
1403
1579
789
2472
2184
295
1948
828
813
2907
2934
1427
175
1225
1300
1681
93
1305
2665
3000
1559
3241
3189
3686
1415
1029
160
1953
2059
957
996
867
1385
2470
1167
1728
1421
2380
2884
1259
1497
1489
3578
1026
1195
2882
595
3444
1813
842
332
3406
3716
199
1141
1680
1649
3166
2113
2547
2411
710
1130
405
2772
2573
631
2049
489
1380
290
334
1266
383
3667
1098
987
3346
47
2714
2248
674
3311
2808
722
2644
1009
2342
986
3013
72
1866
391
2582
2509
1336
1447
1417
2293
1516
2836
2595
2246
2824
3001
1258
2532
1820
287
2007
2358
329
3347
1504
1794
3357
1289
2832
481
910
1361
2251
3277
3289
2966
1502
951
1632
1162
2497
219
744
2661
1058
2510
2612
2104
2759
2972
1279
3718
1638
2034
2418
526
1326
213
790
1049
1960
410
3664
751
2407
1147
235
1919
2326
179
946
717
3641
2109
460
1678
1743
1976
3131
2229
3177
2414
3410
3073
1495
2816
1470
1764
1980
2898
1622
2174
409
420
1055
1479
208
565
1202
1685
1229
3038
3247
617
152
1322
2275
1832
262
3604
165
2473
463
1599
3199
3408
2185
2400
885
1571
1456
3328
1444
3099
1515
1623
1137
3155
3
2115
2748
3381
3371
1740
2024
1087
2922
2172
2998
1821
384
1297
1462
3054
3264
239
425
1483
2284
1120
1199
454
2492
3377
3758
3513
1792
3204
204
2946
2983
2151
2970
2416
1652
2944
1150
2055
2204
2738
431
2604
3490
2427
919
315
1855
1275
1262
2004
63
805
870
903
2617
613
578
1283
3315
893
1083
1089
2349
2778
1424
60
1115
3436
645
2061
71
704
1656
1451
2803
959
319
3442
3062
3141
3273
177
3755
3652
2302
935
3567
2936
1650
3666
728
3309
2425
2827
16
3386
960
2499
3649
1693
3278
2568
3485
1337
3146
2243
2992
3750
1274
1498
1051
2513
241
2830
2592
362
3392
2222
120
3564
1589
317
2485
3619
2144
2000
3350
415
2599
1931
2269
3450
954
218
1699
64
577
2019
2372
900
703
1879
217
3423
441
1759
995
2892
2703
238
2682
3370
1921
1811
1047
3554
2053
1449
184
551
1372
784
471
913
357
107
198
3208
777
2211
118
472
2158
3599
479
3231
1581
2764
1179
1048
1719
111
2183
382
2945
2039
2806
3024
2386
2182
1230
2902
3250
1548
3106
1484
3614
1833
2239
2566
291
2064
1628
109
2637
979
3137
3176
727
3248
588
2235
499
780
80
2562
1994
2309
3025
739
1021
2580
653
2495
3456
2534
2579
530
2838
2790
331
930
3066
1996
2045
3152
1547
1617
2890
1831
2409
1788
843
1334
2853
2769
1634
1446
1922
3237
3378
3326
2335
2524
3504
252
1603
2692
982
1232
633
1895
1097
113
2841
3207
1968
1010
3088
2871
1004
1190
2606
3738
778
889
3179
568
1271
1310
1835
1799
3253
1854
2208
205
1859
1177
596
2980
1709
1198
1140
1967
2073
2233
2391
1333
3445
635
1239
3663
2645
884
2723
3631
3424
1528
2163
2338
993
105
1028
1704
2937
2963
672
150
2523
922
343
3401
2955
2964
347
3385
236
1553
2143
1254
8
2563
2501
256
2117
2385
1024
538
1091
729
2854
745
3746
162
3703
2525
2537
123
3362
1630
3274
260
737
1105
975
2453
2017
3499
3271
3116
1171
381
1524
611
1069
797
3229
3658
1755
820
2458
2263
2294
412
3713
2548
2917
1465
2101
129
2467
76
1608
1695
1453
1894
2552
3302
1735
2069
2481
303
2090
2891
67
1782
3497
3624
3562
3665
1433
1402
2423
637
312
2057
2134
2927
2919
1802
2506
2344
1165
2306
3156
1116
2901
3471
2786
1327
1875
875
476
1517
3448
619
1250
3518
3154
3418
1661
1708
2924
2350
3432
3286
1574
997
1809
2962
3642
1883
1885
3464
1277
3119
3270
2070
2424
3672
1157
3708
1697
3685
3298
3193
477
977
763
2929
2804
2508
3692
3610
3180
876
1512
2823
134
2451
1927
2192
2389
2928
2814
1736
2195
2399
1590
1747
1952
1317
2996
563
3588
3582
1983
1156
641
937
1474
2681
3709
56
1986
1353
2270
487
3416
2382
3215
1938
1344
1061
2430
1857
3214
2751
1825
1878
762
3552
2210
2939
170
2011
20
456
3288
3113
525
1101
2722
3384
224
3030
3129
2528
3052
770
874
108
2149
849
2030
2413
430
278
168
735
2164
1823
1436
1036
1293
1112
1092
1691
1226
1744
318
2023
3627
2466
137
1535
2041
1169
970
2650
1307
676
1577
708
270
2468
3688
920
1601
3756
1689
1669
240
3720
2316
1354
1997
2187
2807
3026
461
2074
1829
322
3479
1847
3134
741
2153
58
1951
1729
2422
673
2199
518
2994
1438
868
2948
1429
3488
3340
1660
350
2834
2224
1947
3372
815
552
2799
3104
3021
1822
3096
1410
2762
2393
39
493
1038
146
1018
1970
715
567
2361
1044
3075
1088
2519
3142
1015
1194
1625
3628
1892
1824
1365
933
1154
3458
680
3600
767
3391
532
697
3509
3399
465
948
2631
3255
3127
3359
3494
3036
2754
2667
1845
2245
3682
34
1072
1580
1374
2684
2300
3496
943
1544
3468
1712
3607
2815
1633
1965
3528
2373
1256
356
2792
2551
2865
823
3730
1389
2317
133
693
1765
3380
193
292
1006
3035
2111
3751
1538
1056
2866
2121
2974
83
846
2369
1798
3059
2886
2141
3560
380
2320
845
2526
1992
90
3342
3573
1734
2889
3284
469
3102
3647
504
159
3260
3245
3234
792
1351
2415
2796
3190
17
1995
533
2200
3612
1711
705
3725
3299
3111
494
783
638
2911
3337
2611
1370
1280
963
2757
1011
2417
1095
3226
852
3363
2092
650
346
3352
2597
3597
1787
821
1349
2908
3293
452
587
1972
3011
2087
245
2670
1807
1867
961
2405
3390
2990
2988
3222
2894
261
3313
581
2822
353
49
2629
2198
3006
2031
455
3185
1863
243
2348
3218
557
2142
2029
2546
649
801
3108
932
1486
3439
831
1713
1551
2009
1263
2237
1655
2346
3322
555
1210
1363
3115
1425
2700
2137
2351
1658
1292
1898
1376
1073
3057
1804
3673
3196
2395
3239
2642
1041
1128
3740
531
550
1104
3654
3591
2704
1814
228
1303
3623
3188
3132
191
1672
2421
1593
3022
1679
591
18
21
3050
3080
1977
1781
1096
709
1966
660
958
1347
1677
341
1698
443
3538
1223
1269
2105
988
2032
2318
3505
298
2160
2219
1309
940
1133
3511
1034
2368
2387
2440
1555
2362
3415
897
1941
3008
3009
2784
3609
2643
