1539
3225
1598
2877
1582
2154
244
2383
3443
1800
776
3072
1481
832
2339
1692
2675
2587
3475
1954
1382
3042
2588
153
316
515
818
2296
702
3295
971
342
3563
1511
3285
2337
399
2179
2858
2370
1478
1005
467
2863
1399
370
1392
3162
95
2615
1896
1991
2274
3752
779
785
437
1793
127
3279
428
906
1315
753
2622
990
1550
1812
2999
88
77
267
2448
70
746
675
516
1880
3440
2311
200
1723
2899
582
2959
1642
1445
3158
1383
32
2561
848
1472
1742
1718
3003
1563
4
723
1430
2676
1080
3575
3548
2266
1604
3235
3382
610
1193
1142
1492
1503
2549
2319
2047
512
2133
2620
1520
307
1149
3674
2131
1797
543
2765
1612
237
2449
3523
618
3197
3317
2800
14
3002
2541
1458
3211
3345
2503
1810
1461
54
2051
952
1959
1145
3537
2567
43
394
3310
1629
2905
294
3268
3098
1840
275
1422
929
2355
3203
52
2533
3004
3693
880
1993
1761
2647
125
1371
3227
1039
2324
756
2572
2356
3136
1748
2730
688
2465
156
2340
1191
3719
247
330
1716
549
519
2255
1367
1414
255
2040
3501
3634
2662
2947
2394
1496
657
1529
3617
655
522
272
2145
2819
250
2952
984
44
2020
858
2345
2457
3601
2227
3085
3748
980
2447
229
579
2529
26
3618
1978
2717
3367
2464
359
1219
427
2699
492
1940
542
2973
110
2155
1998
576
1206
1899
2304
3515
2203
3243
2016
3568
2196
916
2489
2025
844
2659
3699
3048
2126
1235
2079
3110
1204
1022
2253
3469
3472
2781
3171
1243
3668
3045
1342
3316
2984
3178
1877
1203
3594
1081
2505
1527
809
3427
2072
1768
2018
2870
3493
1837
529
2173
340
1911
1838
1053
1957
1710
1288
3244
829
2787
2935
1218
2852
2282
2493
1576
2607
1920
1508
299
2763
1789
197
1526
53
3676
2950
2811
22
671
147
2333
1211
2942
2731
355
621
185
3257
336
418
1238
3325
416
2327
3212
2480
1043
286
2033
3246
691
2463
1543
2657
1890
194
2390
3495
3232
397
666
2598
1032
730
2601
1592
1124
814
366
1099
1468
3267
2331
1394
2028
3657
2353
457
855
2475
1350
3014
89
3749
2888
3355
323
1040
3028
486
2110
3167
220
2785
2977
216
1161
3534
2257
998
625
3451
2314
3019
1981
3029
1720
1121
112
2450
40
548
3292
2654
864
2521
597
847
2578
421
360
2744
586
3644
2666
1172
284
1411
1936
956
924
1033
1726
1536
572
1260
1408
258
186
1611
2
2767
121
1933
1240
1751
2089
449
1435
2801
158
2476
114
3400
2323
1355
1464
1665
1247
433
534
3613
3593
1466
2520
3572
297
1566
2971
2630
1173
438
626
2280
1595
1999
904
1119
2926
2938
877
3517
2008
873
2446
2026
1903
378
251
808
2775
3216
901
3632
167
1570
861
931
1320
135
2677
1294
2583
2297
458
491
3762
101
1485
2560
3332
210
2194
3097
1222
271
3016
1391
1272
1676
3687
3053
2128
2098
2452
1418
1587
2743
2550
3434
972
1074
344
2776
528
598
561
2591
694
1783
1186
1586
2545
1597
3545
1916
3565
2181
3441
3007
1217
740
1667
750
3465
2401
1126
181
1627
887
3546
2679
2921
222
2558
364
3420
1384
2083
253
100
2286
3651
3620
2365
856
2941
1420
496
2357
2341
266
2678
1144
1771
2088
3477
1012
1014
2171
590
1013
1975
1786
2159
1325
3753
3739
968
269
2798
2737
921
182
3714
2850
447
3433
263
1675
537
574
3431
2857
3455
1463
337
1358
23
2874
151
130
3606
2613
1733
1499
2979
3358
3598
796
3694
2812
1475
2985
1510
484
3576
401
3060
3540
1905
3256
2408
2312
3404
2698
3646
562
1245
682
1295
3272
1476
2742
2514
949
93
2522
2472
1902
1300
144
2930
2539
1454
3241
1534
769
234
3686
3669
789
2214
1415
2184
2907
1766
828
623
1077
1559
1948
2130
3478
2688
2555
1696
3307
3039
2934
1305
3082
37
3089
1225
1649
3716
1026
1141
788
556
710
405
99
957
68
383
1385
2470
1331
2380
1167
1497
1791
199
334
1130
1680
290
1380
1134
2884
2573
631
941
2059
3578
2605
867
2478
160
1114
288
1974
3294
1813
1774
1195
1953
786
842
2049
3346
2772
2267
721
2256
1866
429
2808
2065
674
2007
287
1009
2951
481
3335
1982
986
1216
628
1540
2532
2248
363
605
329
636
2628
2714
1290
46
3544
3760
3763
2824
2509
3148
1873
1417
3357
391
974
1369
2582
47
1361
1504
584
2633
910
1162
3718
1785
102
652
2497
2104
3330
535
564
2366
2600
787
2612
1460
289
3240
2978
2048
91
2510
2759
3174
1147
2326
790
219
1049
526
371
3710
3402
1279
3289
235
1632
2287
2900
946
410
2075
2898
617
262
460
1616
2229
1470
3275
2414
3073
1575
440
1721
524
3408
36
1599
2816
1571
152
1322
165
1832
2543
1743
1457
3177
3131
2150
2473
1685
374
3541
773
1229
2400
190
1479
3328
1202
233
1980
1456
420
1745
1622
2912
1670
1335
2713
1652
3155
204
3054
414
1483
1821
425
2846
239
2265
1462
2970
2250
3
2416
304
3377
3264
454
648
231
1297
2783
1515
1181
2748
2734
281
3513
384
1199
2492
2922
3099
2515
115
1137
3381
2557
766
1984
2651
3259
1214
3304
2738
959
2204
645
3187
1275
1083
1150
2061
464
2107
61
315
2125
1283
3447
1189
2617
704
1188
3490
1262
2803
2856
3550
613
3411
63
2778
909
1855
71
215
223
893
2895
1337
3755
1653
3661
2686
718
2992
2442
1136
3309
3062
2568
1059
896
3675
1523
2283
2690
2632
3223
3677
1168
2624
2060
1153
1273
319
2732
2027
935
24
1442
177
3652
2896
505
3061
577
419
3192
2516
64
1963
3417
415
218
230
2596
1931
3450
1654
3636
2078
1918
1093
2592
1664
2876
1699
1533
3201
3094
2046
3392
1962
2724
2144
927
3414
954
2019
3462
866
2513
2222
459
2386
471
2902
2474
1230
3615
357
3024
1179
1449
1839
111
3721
2697
107
677
2758
2249
976
777
3149
1047
2718
184
3726
3250
12
2960
2821
3194
118
2608
2217
3230
2764
784
3046
3599
1048
1084
80
3106
2495
3429
1021
759
3553
138
979
908
731
3614
3049
82
727
530
1135
653
683
1286
1473
3027
1888
3176
838
422
1619
3025
2920
2566
1567
3137
780
2562
2580
1152
2534
1318
1261
339
930
1565
1760
3152
3520
2692
113
226
782
1086
2841
2035
1097
474
2043
2258
2868
331
3738
2606
1232
889
882
2769
2045
1304
982
1895
1884
2914
771
1446
1831
1547
1968
3383
3344
1334
3504
3683
1617
2335
2524
3586
596
1177
2073
2498
1835
3005
1528
2616
2585
993
3605
1854
2193
2716
642
2645
1140
2233
105
2820
1546
205
3135
1859
1967
2391
1776
2186
2570
685
672
7
3663
1709
2276
3389
667
1704
264
1239
124
3186
1017
1690
611
3761
2453
2523
1105
2364
1091
3074
2143
2501
2525
351
1171
3532
2584
922
2761
3385
2013
236
1524
1346
1024
347
2795
256
1554
2017
8
1553
3023
150
737
3081
2238
538
947
2669
1630
162
3409
3703
2385
938
1755
1695
3262
3486
3497
2552
1989
412
2481
1443
892
820
76
2090
1465
3581
3658
1724
406
1735
2069
3229
614
3527
209
3671
1057
797
1637
620
3577
67
637
3713
2933
3394
1433
3665
3302
1513
1250
2344
619
3659
2786
794
157
1116
3464
149
2924
1419
1574
2206
2306
1809
1780
3156
3154
434
2773
1661
1990
1673
3428
1277
2313
1708
2962
2826
2752
171
1467
1327
2919
10
1889
733
1413
3471
3642
1390
634
134
3524
761
1253
3582
911
2777
3662
3556
1952
477
3193
967
1157
2140
2451
2424
593
2192
268
3393
962
1973
2188
128
686
692
973
3549
2976
2508
1594
3298
2929
3585
2814
2804
2264
282
1455
2756
1313
3215
580
2106
999
214
2603
2210
3214
1986
2011
74
3487
1151
1343
0
3079
3288
3648
3460
3165
2430
65
456
1857
2132
1101
2939
3706
1344
3679
2382
540
170
3078
1353
278
3449
280
2030
1092
1683
2023
2658
3052
1226
1356
2379
2916
1488
2164
920
1364
2363
2410
708
1573
318
774
3107
970
599
1321
874
3507
1307
1036
3695
430
168
754
2468
1669
453
2504
1125
3688
1169
676
3037
2855
1354
78
3756
849
1997
3129
1577
2124
1928
2199
3340
2807
1176
350
2429
850
96
2224
352
9
1429
3096
1257
1847
2834
934
2393
1038
760
3608
1556
3398
2232
2422
3488
1729
1438
1753
644
461
1660
3387
3164
1829
1410
3026
322
3101
3372
1951
3181
3479
3759
1018
1914
2680
3075
2082
465
1625
3228
1722
933
2586
3391
2519
948
1015
2754
3399
172
3255
2381
670
715
1365
2021
738
3509
1031
146
532
3142
3297
697
1194
539
2809
1929
1763
1892
1970
2614
851
2789
2844
2317
2792
356
1332
1769
2111
193
3481
3380
2913
1856
292
2167
2354
503
3607
942
1244
488
1965
2847
1505
799
1633
1860
1544
2234
943
2245
823
684
1580
34
3102
2739
1561
792
1056
86
3684
2156
1995
1715
2889
380
1887
311
1647
3751
2375
3647
845
2526
1110
469
2975
2226
846
3560
2161
3284
2437
2415
1992
2862
504
3573
2796
2006
2320
2121
1542
2954
2735
3612
3514
3020
1095
1236
3352
1731
3242
3296
1787
3574
1784
1255
1280
1011
852
452
2285
3051
2223
3151
3697
1858
1370
345
3491
587
1711
3299
1063
2087
2005
346
1459
2295
1102
169
1060
783
3337
506
743
705
649
2029
3033
2546
180
3439
2009
3322
2198
2940
2346
3218
1212
894
261
136
1775
3313
557
1174
49
1639
991
1651
594
1182
3390
2031
2436
3076
2931
1249
2162
2348
555
1949
581
328
173
2750
2894
1311
3222
3185
2629
531
2305
2848
228
1773
161
2421
2674
690
3205
395
1679
591
1658
764
2420
1073
3740
2502
2729
859
3196
3022
2123
2482
2538
2384
2003
1184
3373
2137
1607
899
1041
2695
1814
3188
3172
3115
660
2325
298
1269
2982
62
1613
1930
341
1555
2387
2445
1677
940
2160
163
2058
2081
1213
1588
2368
1133
1347
3538
3457
1781
1698
3723
616
2362
500
3505
196
1621
3080
2575
898
2032
3415
1966
2784
97
443
3704
2440
