776
817
2329
2347
485
392
3483
971
515
342
3276
1582
2906
1539
2877
3443
832
3475
2675
1893
2588
3466
2296
2887
1557
2872
1481
446
3712
3629
3295
2291
3285
1971
1800
1954
95
726
2589
2274
1880
1079
1399
399
3018
326
3480
3438
1723
1392
77
50
127
1991
1412
141
1793
2370
1560
445
501
2448
675
1005
1514
3729
2311
3158
2899
2321
990
1434
2863
3734
862
734
3012
2999
2396
1445
3446
467
3587
2959
1064
2881
437
3571
207
3143
1530
2544
509
3041
3382
3700
1108
1801
2765
1604
543
2507
2620
1285
3003
2133
1472
373
4
1142
1906
863
2676
417
2131
1612
2536
1503
3575
3197
3128
1718
2810
3522
1797
610
2135
1359
1917
2398
1178
2319
237
2647
2837
3121
3345
2793
15
1810
1738
2242
3098
365
2100
2355
1145
1432
3537
1629
929
27
928
2567
1046
2533
3203
1002
612
275
609
1844
553
3004
2720
1806
881
3002
3211
294
3034
1270
1993
1371
707
2819
803
1406
3498
918
3153
3621
250
116
858
1663
546
522
1401
1164
247
3617
1067
2010
3719
1657
255
2040
3305
1050
2340
2020
3136
2947
1407
1496
549
1701
2987
2394
3227
2324
1969
3397
3639
480
3338
2328
2594
2465
657
2447
2227
320
1206
2464
2530
451
936
3568
110
2733
542
26
3095
2746
2262
1762
2332
1596
2717
2304
1978
2016
2699
2909
3243
844
2203
2659
2457
3091
387
981
3515
3138
1899
836
2025
1379
1109
2973
3699
1549
955
195
3493
1306
1636
1235
2173
1527
1022
1243
2771
1827
340
3068
2491
2845
3220
1204
3594
302
1107
3178
1227
3583
3086
3206
2672
907
2079
1437
3171
2984
3369
3110
2870
3316
3224
309
2102
355
249
299
3212
3676
478
2014
466
671
1789
2388
3643
2683
2811
286
939
1276
1778
3157
1576
668
416
2852
621
2333
2935
1641
2763
2282
3325
1508
423
1838
2787
3728
1979
1211
3244
106
2435
3426
1606
1242
602
22
1053
2685
865
2028
1543
2390
1001
3232
1394
220
1910
323
1161
730
1299
276
1890
629
3167
3680
2785
3120
1985
1032
2888
837
216
2475
2486
2462
194
2331
89
571
404
992
203
807
1
2500
3749
1592
2986
2657
366
3355
486
855
1124
1003
379
284
2314
1185
2241
625
2521
2654
3139
258
998
3292
1408
661
158
1411
1933
1260
369
572
112
424
40
3170
3029
2479
2
1751
87
449
2655
3019
3534
1936
1552
2744
450
2175
2767
956
2450
926
1301
847
2476
1720
2578
1234
1981
1435
3374
186
1536
924
1251
1705
378
3400
2127
1100
1564
3403
1386
534
904
3670
3593
2925
1886
1903
2520
2652
2640
1566
3010
3343
2008
2323
251
2610
3083
438
1355
1595
1119
1464
2038
603
2926
2446
873
3413
2042
3656
3596
725
3280
1272
662
2583
448
3183
210
901
1294
1987
1320
3216
808
3236
167
3687
3762
1222
135
2128
2791
2702
3097
2419
1146
1362
3324
2148
2056
2254
2673
1958
1319
1485
324
181
2545
3465
1870
2535
3349
1384
2961
1667
1627
2904
1428
1686
13
2404
887
100
1477
1783
3312
3508
1916
665
1597
2271
3620
2083
2165
3651
2747
1126
3470
2273
2635
1078
561
1640
73
740
3565
3348
253
1815
3434
694
3144
2788
3739
2365
3405
856
2494
3435
716
1013
950
590
2941
2278
1282
1395
2857
968
3559
798
2191
2879
1144
2088
2798
1777
1786
2357
3351
3714
537
654
242
1014
3433
266
3431
1420
1187
574
3407
1975
1431
1491
1396
1245
3060
337
2094
3606
2554
2760
2749
484
2312
2875
2691
3109
2514
3722
682
1703
2022
1409
2613
802
3358
3576
2627
2812
3540
1387
562
3694
151
2726
1499
2456
3256
2518
2190
1905
144
2688
1077
2071
1766
1454
669
828
1618
3263
2472
3638
3189
1948
3039
175
1042
3478
1534
1494
3082
1300
2522
1868
2077
3307
2068
1403
2915
1579
30
2555
3124
2663
2130
2184
295
1427
3595
3294
1266
1974
1649
3578
2049
2470
104
2547
68
1098
996
987
383
3716
867
643
842
3667
288
1259
1953
1195
3444
413
1141
556
3346
1421
2411
1964
2884
2772
631
246
3166
1813
3261
2113
1497
334
1728
1085
1545
199
2478
290
1380
710
1114
1791
1489
974
2582
3001
1289
363
664
3510
2595
1961
2644
426
2129
3590
1369
2248
2342
584
3544
2840
736
628
1216
965
329
2824
3357
1873
2836
72
2065
2532
3763
3013
2714
636
600
674
1336
1132
3347
2358
2633
1361
1516
2246
3641
235
2497
1147
2104
652
371
3743
1066
1326
2978
946
3664
2287
1279
564
3421
2403
2661
2407
3402
1956
3744
410
1058
2972
3289
2656
1049
1638
91
526
3174
3526
2212
2048
1460
102
45
213
66
2873
1685
1622
1571
262
1456
460
409
1444
1202
98
1055
2766
3557
573
165
3328
190
1479
2473
2275
3199
1832
1743
3038
2543
2898
925
2075
2414
1175
3131
3492
1944
3604
1616
463
2912
420
2185
773
3177
3247
3275
524
208
816
233
3044
1483
2492
2753
1016
1297
3
2998
115
766
2983
3377
2713
752
569
1915
414
1591
2846
1652
3198
1623
425
3283
2922
1821
2709
3077
385
3155
239
2265
2284
497
2944
1605
3264
2115
281
3099
2515
1792
3758
3087
1214
2349
3550
1600
3490
63
2738
60
903
870
1912
3633
2125
2856
712
2609
704
1189
714
2778
3122
1115
2004
315
3315
886
909
1451
2061
627
464
959
2204
3303
1278
223
2604
3304
2651
3666
2442
2624
1498
935
1136
2827
1923
3141
2302
1308
2923
2568
3675
3062
795
3146
718
2138
3649
1153
890
1643
3356
2060
1059
3223
1843
1523
3273
1732
2732
3677
482
2569
3462
3564
1879
2531
120
2019
419
1918
3094
1699
1037
218
2513
317
1531
2078
995
1759
498
2485
1093
230
703
1654
3619
217
64
241
505
900
415
1298
3636
1589
927
2084
2599
3489
362
2703
2896
84
1230
300
558
2697
3625
913
12
1084
2039
107
2764
784
206
1158
382
357
3615
2249
2182
184
2806
757
742
2902
976
3208
1811
1581
2360
118
3506
2849
2211
755
2183
3149
2960
677
2945
3721
3025
1833
2920
2352
759
979
1994
2838
2580
1484
189
1628
1619
1021
780
3553
3655
3252
1152
502
3653
1473
1338
3425
989
3614
1567
80
3176
1849
3137
530
291
109
3049
653
588
2258
2045
1831
1603
2409
778
1922
306
1004
3683
2261
3586
732
633
3066
474
624
2524
1329
2868
1281
122
1666
3237
771
1646
3383
2035
1788
339
2914
882
1996
2853
1232
1884
2606
2841
252
2871
1634
1334
2315
2769
2335
1617
2692
2498
2208
2616
1140
596
2044
1339
105
2186
3015
1007
3112
2602
3445
7
640
2963
2553
1546
1854
1674
642
2645
1704
2163
264
2338
1028
2716
2820
2073
79
1198
205
1493
568
1177
1967
3253
3631
1024
2013
3635
3422
745
3731
1171
124
1264
975
1500
347
2117
3362
2215
915
1913
1770
162
3385
35
2537
212
2964
3532
2563
2364
1524
351
2669
3116
227
1201
1091
2955
737
3265
1105
3274
947
3703
3746
538
2143
260
1756
2385
1735
1725
3527
1453
348
3539
129
406
1755
1695
3497
3713
938
2552
2542
3262
3577
2548
1433
1027
514
1782
174
2933
1057
1853
2467
67
1465
2917
3394
3665
1265
3624
3339
820
3562
2891
3581
2423
1452
2313
2057
3476
3471
1413
2344
2826
157
2786
1192
2773
312
3154
2506
822
2736
1661
3119
171
10
1513
3103
3286
149
2962
527
1250
1467
1885
3270
3156
2206
1327
3642
875
997
3163
3432
1673
1802
733
375
3610
1736
826
3393
3180
2188
1455
2823
593
2264
1671
1790
1512
2389
1882
2928
967
2424
761
2869
1157
1054
134
477
1819
128
1927
1594
3585
1068
358
1317
1697
148
2508
3298
3708
692
3145
2399
1156
2751
1061
1825
659
3079
3709
1353
1352
74
65
56
2681
224
3214
2371
1127
3648
762
1111
3215
1101
3681
20
2843
2382
3487
525
1344
3459
3437
2995
2011
3706
214
2430
999
641
2149
1816
2023
3660
2095
849
3129
2379
3017
1573
201
3030
475
1354
1036
318
2169
874
240
3055
1702
2711
108
2041
270
676
1092
1744
78
1823
1997
1321
695
2363
278
2466
2658
1601
1226
1691
2916
2410
1440
2504
1293
2316
708
970
1307
3107
453
1125
833
673
2422
3333
1753
552
2187
1507
1094
1176
1257
850
2377
1947
2074
2124
748
3104
3488
2834
3331
2762
3398
352
934
39
2199
3361
2232
1556
51
1209
2236
741
1410
1220
1729
3096
518
868
2625
3376
1822
2799
3365
2780
517
3161
1365
465
1314
1088
132
1020
3391
2680
1845
172
146
3602
3494
1926
3140
1892
1302
804
767
3399
1138
670
1914
1826
933
2519
1824
1122
567
3329
1031
532
1741
3142
539
2082
2381
1544
2245
2551
3682
1712
503
799
2847
1328
34
684
1075
1439
1103
2050
2865
2792
3603
2789
435
2367
1505
3035
1769
133
1580
2097
193
3308
2406
823
1389
1072
2815
942
1633
2099
2477
85
3245
1561
2862
2728
2727
380
846
2369
86
83
283
90
2006
3123
3342
1351
3284
1706
2954
2375
1715
3260
3560
1110
2141
994
2066
1626
469
533
2866
2974
1688
1798
2526
2639
17
38
1482
1063
3051
3337
2664
2285
3352
1011
1349
103
2597
2908
1095
245
1904
3296
3491
2670
2708
1373
1858
169
3226
3011
2577
1867
2611
879
1471
2087
3299
3363
3725
2005
852
2835
494
1568
547
1787
1807
2200
407
1459
1311
2198
3390
839
3366
2931
136
2237
2894
1651
1174
801
2189
261
3313
3368
2031
1182
455
1062
3006
2348
49
2988
2629
3108
1019
328
604
3238
243
649
1713
1363
2990
2805
953
1210
2750
1486
1237
1212
1863
3650
173
2642
3630
2839
3057
1104
531
3205
859
2003
3654
2096
1376
2421
2305
2704
3191
3740
687
2482
2178
1041
1773
3133
1607
810
1658
2502
1073
2729
3022
983
1901
3132
1804
395
2538
3373
2137
591
616
2105
2982
3050
3511
1223
376
3457
1677
1941
163
3737
3704
3058
2575
3126
1781
1034
1213
3570
1846
443
2387
3306
1133
3723
1613
2362
1426
398
2201
1977
2431
2469
2440
1966
2325
940
897
660
3609
321
592
97
2160
