434
433
21
22
428
1
12
16
432
10
27
11
19
429
3
425
6
17
427
25
15
5
23
430
9
2
7
26
24
435
45
31
440
44
441
37
39
42
34
436
36
51
43
438
35
445
53
47
29
447
33
444
32
55
46
49
84
70
69
59
450
65
67
79
58
72
459
82
448
455
454
66
83
456
75
60
458
449
463
71
453
80
76
64
68
168
489
505
89
134
100
482
166
117
140
121
118
497
92
113
142
170
471
97
145
485
111
126
153
131
163
156
141
504
90
87
105
160
465
172
473
115
487
112
479
150
467
146
491
158
154
137
472
133
125
492
103
130
135
498
88
502
114
490
480
171
108
119
147
139
136
477
501
164
106
161
488
167
93
162
101
122
495
476
98
466
91
159
478
116
165
127
496
551
201
403
599
566
298
422
189
345
203
275
282
360
376
392
195
361
310
406
369
204
579
293
317
364
216
248
207
423
314
588
348
379
273
175
605
568
581
384
402
532
552
274
268
228
540
251
387
232
510
524
394
219
318
329
350
180
569
307
401
370
519
305
523
604
341
295
303
241
518
418
593
547
190
213
567
385
296
589
577
358
261
262
351
397
214
281
412
300
311
598
194
537
560
289
546
536
324
603
249
174
284
528
177
250
533
319
306
336
340
236
276
573
565
587
389
229
321
517
417
178
290
208
576
559
574
247
421
225
514
594
561
534
176
240
366
278
181
292
312
595
254
520
386
583
531
327
508
331
264
246
184
367
343
339
549
521
602
575
288
352
197
245
231
349
186
572
380
419
591
601
548
244
346
509
371
377
513
215
217
202
542
337
265
522
272
212
238
381
375
416
372
239
328
526
196
269
313
322
330
388
335
580
413
233
325
398
564
299
199
179
220
539
211
267
302
582
516
183
316
408
357
280
294
326
415
256
399
527
259
258
230
362
260
347
182
279
378
596
590
558
285
365
263
545
227
544
553
395
585
206
