9
25
20
28
425
430
16
15
21
432
426
10
26
4
6
27
17
431
2
13
14
434
7
11
18
24
8
433
424
29
47
442
53
437
42
438
435
48
446
36
49
43
50
32
41
37
52
441
436
38
40
34
439
35
45
440
460
73
80
450
68
462
82
69
78
56
453
59
71
464
77
57
457
67
70
454
451
65
74
61
63
459
75
64
452
132
93
105
100
130
158
146
479
143
147
493
154
156
171
102
496
160
477
139
172
128
131
157
134
119
92
470
488
136
110
95
111
471
466
152
153
138
472
109
501
133
489
114
478
465
467
142
116
163
135
165
485
91
85
126
117
145
88
474
497
476
148
490
106
150
97
500
483
167
475
498
104
502
118
107
494
161
495
144
140
90
482
103
98
155
96
124
505
232
563
399
321
602
314
555
287
219
229
226
316
582
350
585
190
334
411
513
549
356
347
233
309
185
188
378
517
278
559
290
508
231
250
516
312
358
360
392
311
570
247
246
394
363
567
380
372
310
535
322
519
386
325
286
177
409
593
552
545
587
249
320
273
403
204
352
538
514
419
189
295
536
405
580
368
548
292
258
202
515
222
375
268
341
365
259
234
339
401
299
534
518
410
331
192
522
256
261
215
236
270
547
196
381
199
200
330
333
214
262
230
227
220
398
235
207
280
264
530
576
194
601
279
379
511
557
565
579
550
306
252
291
362
592
569
393
319
255
178
304
413
274
193
288
603
541
344
351
383
337
271
420
532
175
404
524
343
307
336
584
254
174
583
382
240
293
537
385
301
531
217
237
554
416
244
407
326
180
510
391
374
575
354
285
184
281
298
294
377
422
408
346
179
282
402
523
533
512
328
208
305
388
300
395
277
367
528
243
349
191
357
245
283
266
361
345
276
589
562
370
369
182
224
406
546
543
581
600
540
397
332
303
211
329
544
203
591
421
527
318
366
525
417
265
212
272
218
183
315
284
