28
434
4
15
26
20
426
7
16
11
19
428
12
18
433
13
10
22
427
25
17
431
424
14
2
24
27
6
430
31
30
43
443
435
442
440
446
29
54
437
55
46
49
34
439
37
441
33
44
45
48
50
444
447
436
39
61
80
448
463
75
460
58
81
457
67
68
456
454
72
76
453
464
57
74
84
82
449
459
63
77
79
64
66
56
473
91
153
481
490
130
166
172
167
163
133
102
96
124
474
478
491
154
493
169
144
95
494
168
145
140
118
85
157
488
484
496
152
115
156
127
504
501
98
99
477
465
143
150
141
170
116
498
86
103
151
105
128
485
129
93
148
487
132
94
467
486
131
139
106
497
476
138
472
119
483
502
135
120
142
155
111
97
500
89
134
162
466
503
147
469
164
123
408
229
398
281
406
292
238
262
284
532
344
410
522
421
354
549
553
199
181
253
386
309
217
416
526
319
243
514
347
204
355
240
293
331
337
226
239
322
356
326
332
297
312
412
330
598
548
203
528
523
349
364
328
231
384
550
575
591
583
259
336
184
544
227
254
395
300
568
508
571
413
519
279
360
241
559
588
338
353
540
595
369
289
524
263
396
351
176
180
556
247
318
339
529
178
382
321
506
397
573
389
422
603
585
352
245
316
304
311
565
187
250
391
589
536
604
383
224
192
287
381
232
272
248
596
348
376
190
198
343
205
188
393
367
225
530
572
290
509
404
597
285
407
545
191
179
415
177
236
213
295
230
401
592
350
268
220
237
601
228
561
564
271
235
516
320
533
306
276
419
525
543
251
534
399
599
574
602
307
362
576
365
361
327
215
387
218
329
315
402
520
301
333
594
296
555
341
587
273
409
275
420
305
510
246
518
411
282
173
400
600
202
219
507
563
261
302
186
274
357
324
265
584
385
581
562
210
288
174
368
593
234
249
286
579
208
569
567
258
206
193
277
375
517
317
379
197
278
513
342
535
