28
432
6
14
8
425
17
0
25
3
23
433
13
430
27
21
427
4
20
11
9
434
24
16
26
15
7
12
18
42
439
35
36
55
30
45
31
438
37
53
44
43
50
440
442
445
443
39
447
47
32
437
29
51
33
40
454
63
83
58
56
73
78
458
72
449
71
67
450
64
455
74
464
69
451
459
456
80
57
460
60
61
70
81
84
132
102
489
105
165
97
475
491
505
145
494
501
156
482
500
134
497
86
133
95
106
100
151
467
131
164
98
94
150
171
477
116
101
483
122
117
152
119
499
149
96
113
159
158
125
466
129
154
161
472
493
118
490
142
137
115
126
111
120
147
93
157
130
473
465
135
162
160
92
492
167
503
143
469
99
140
87
172
468
144
155
146
127
136
474
168
121
89
368
211
597
227
404
531
271
360
387
394
571
234
250
278
519
328
235
277
266
337
549
341
423
399
555
251
577
325
569
375
523
336
238
327
604
177
286
233
542
258
281
584
565
248
534
315
393
311
306
280
528
366
560
283
256
386
355
403
313
289
417
541
210
324
518
218
212
302
237
242
407
537
421
330
356
183
340
362
213
310
515
381
249
396
252
295
240
579
197
507
602
279
598
176
524
180
185
391
384
184
191
583
547
513
405
546
532
198
300
223
358
244
402
200
392
253
357
517
232
539
204
326
309
562
255
269
506
390
359
557
370
259
533
188
274
323
293
521
364
178
273
564
199
190
174
347
175
509
317
231
575
418
189
349
239
548
236
591
538
290
215
400
419
276
285
331
243
376
374
222
342
582
307
305
554
214
353
573
529
179
588
225
361
257
246
224
581
596
208
275
511
567
318
416
406
299
372
586
272
550
294
558
209
262
363
589
287
522
535
556
245
314
559
378
422
411
267
516
412
383
570
530
540
543
601
247
410
592
192
369
334
595
594
344
201
221
329
186
605
181
291
354
552
203
377
284
585
389
264
303
593
