2
27
430
425
14
13
7
24
426
12
5
6
3
21
20
429
1
18
11
432
23
16
19
4
22
427
10
433
434
444
55
50
32
54
439
35
49
31
441
447
48
33
34
41
37
29
30
445
442
43
46
440
36
443
45
446
463
83
63
448
61
459
60
64
69
58
458
462
454
460
456
57
66
453
80
82
73
449
455
75
70
457
450
76
72
168
102
149
159
116
499
108
142
138
136
141
474
139
135
140
143
164
491
504
481
111
145
165
488
101
97
120
95
121
494
483
146
99
172
85
478
91
100
109
492
485
104
495
134
500
475
86
129
144
103
130
148
161
154
487
131
496
119
127
490
105
132
114
90
489
169
150
87
477
155
468
153
137
479
88
117
502
92
94
124
469
89
482
126
98
493
471
166
415
237
186
559
395
217
314
226
571
529
282
386
341
315
377
316
406
204
367
182
225
603
422
564
200
327
304
241
401
195
560
197
548
265
605
218
519
257
566
366
541
574
342
273
542
300
390
313
206
587
348
396
551
310
242
346
553
384
597
558
547
376
557
249
298
220
527
205
521
191
194
215
577
216
326
180
238
323
515
408
245
387
227
576
344
179
535
336
275
563
554
414
296
402
278
588
528
364
289
370
394
510
174
538
595
389
534
246
251
288
580
212
368
567
177
509
283
268
213
556
189
540
334
325
324
600
349
581
589
280
294
403
363
550
592
514
533
250
345
404
264
354
267
291
410
261
407
309
562
269
287
525
393
330
585
271
583
339
516
256
416
340
295
361
319
276
539
517
365
232
383
176
233
537
307
337
413
219
312
292
545
359
184
582
544
201
302
526
234
183
254
578
353
590
388
604
223
352
207
281
230
379
417
240
235
507
569
284
208
187
369
418
244
333
181
596
199
263
586
357
508
272
355
412
198
584
555
373
306
523
243
512
391
222
290
356
532
253
568
188
247
270
228
299
572
549
382
229
332
210
239
