18
23
8
22
428
427
10
3
14
425
28
20
431
4
7
24
1
15
432
16
424
0
5
21
11
2
17
430
13
46
447
30
44
38
53
435
52
445
37
41
33
444
54
34
32
49
36
39
40
47
436
442
45
48
55
441
69
81
457
68
84
450
59
66
449
72
452
80
63
71
74
78
62
61
65
70
462
464
76
75
461
67
56
455
58
468
168
99
135
482
485
471
111
124
136
162
132
90
123
160
159
158
142
104
125
492
112
140
149
495
129
113
101
152
478
505
131
92
171
141
143
488
494
486
117
128
467
93
477
490
499
164
480
469
501
122
97
472
474
483
502
133
103
98
504
167
139
161
154
496
487
89
109
498
126
473
85
137
115
500
110
120
475
489
121
91
102
157
118
105
156
497
95
196
338
187
380
226
319
374
532
515
340
345
199
519
253
559
375
202
552
506
188
369
197
537
415
349
586
423
370
533
508
331
180
179
401
195
332
402
379
218
419
288
421
205
590
555
239
285
581
371
192
542
365
543
567
526
219
311
546
561
237
324
525
224
518
545
272
177
304
359
548
228
328
393
227
598
550
246
235
194
577
247
356
258
312
243
579
300
290
339
389
396
573
269
325
321
266
225
297
414
360
406
376
599
236
513
509
330
395
327
190
271
260
596
222
244
411
357
233
173
398
303
417
210
368
276
306
556
234
564
326
553
512
367
588
316
549
293
174
520
259
572
408
539
229
529
299
576
318
336
334
363
262
601
517
593
358
207
384
354
281
193
249
566
568
531
315
351
523
200
386
282
242
198
412
184
313
221
511
343
536
591
595
298
352
551
353
348
373
329
261
403
574
583
510
538
528
514
603
534
292
570
302
409
275
562
557
418
364
267
377
295
296
317
287
214
230
286
323
191
383
388
264
240
578
189
251
392
560
407
602
405
587
569
278
186
391
211
308
279
322
333
422
604
206
255
554
232
594
283
597
399
