2
426
3
21
27
424
22
434
19
26
427
17
425
431
428
28
4
14
10
430
23
24
429
20
18
25
6
13
7
439
51
55
34
437
436
30
440
444
43
39
52
442
31
47
435
29
44
38
48
445
45
49
41
40
443
446
77
464
455
450
460
65
61
70
72
452
60
463
74
83
462
448
454
67
68
58
78
76
62
82
56
59
69
73
57
86
481
122
124
163
491
483
490
499
496
152
157
147
160
172
89
142
468
492
111
154
478
119
153
123
126
135
489
143
93
168
115
136
116
103
137
493
104
466
465
118
129
120
96
114
85
131
158
484
88
477
467
113
101
502
130
162
149
148
132
500
134
112
161
125
164
121
170
485
94
487
470
144
165
91
128
476
99
110
106
141
146
140
488
169
138
504
107
356
603
334
584
566
371
598
265
565
286
198
573
562
374
173
567
370
592
220
578
307
604
196
519
353
222
186
193
238
571
297
380
214
372
195
558
534
397
321
360
218
320
258
190
593
289
395
373
510
293
408
284
228
387
239
202
248
405
570
346
308
365
299
568
539
551
523
516
328
383
552
531
176
532
182
591
546
332
276
561
599
345
257
368
369
400
263
242
213
181
292
586
363
211
416
514
352
418
207
240
212
507
206
338
390
556
597
235
197
544
272
280
204
281
528
233
302
509
548
178
232
335
406
325
247
354
362
188
234
305
557
249
391
541
564
241
291
177
582
250
333
192
572
560
290
585
251
229
230
259
215
533
327
602
306
376
183
583
518
324
409
309
524
594
550
414
330
189
180
382
223
540
275
225
580
420
319
398
270
366
301
512
350
537
283
205
559
581
595
273
315
269
179
522
184
605
410
526
231
322
199
343
359
392
521
401
274
545
277
396
596
600
191
341
515
294
517
314
303
201
245
529
253
219
421
513
266
386
175
254
506
208
423
547
415
288
589
317
536
209
569
312
279
255
377
417
394
419
282
261
358
