17
432
429
18
427
1
22
2
9
431
424
21
13
27
5
15
20
24
11
0
12
425
16
434
6
7
426
26
10
49
31
50
54
34
445
35
53
42
438
444
43
441
46
44
40
47
447
55
33
51
435
442
446
38
39
52
73
56
449
463
57
81
80
454
66
61
455
62
78
451
453
462
82
63
461
69
83
79
64
458
60
457
452
71
464
88
167
480
165
466
107
492
505
108
157
138
129
473
477
504
153
105
109
151
476
96
124
87
499
142
503
137
135
467
168
489
150
485
92
145
484
478
93
491
112
95
465
85
162
104
146
155
131
110
502
159
152
169
86
163
474
98
166
94
103
123
500
133
116
495
127
154
99
125
130
118
117
120
486
101
113
148
494
128
100
126
143
156
121
471
498
140
136
273
328
182
282
558
315
348
313
513
559
574
352
557
585
373
192
526
516
397
355
362
289
307
296
324
545
594
233
319
270
514
223
576
186
382
176
332
578
539
534
394
327
591
339
535
243
374
265
334
288
248
274
517
590
360
547
359
203
272
592
525
226
326
542
283
386
200
224
569
593
415
220
215
317
365
601
174
392
218
340
303
228
279
570
561
418
509
587
366
572
219
387
552
190
179
404
255
546
196
388
579
211
528
345
602
183
398
389
236
205
195
202
395
198
383
280
405
540
314
305
408
225
262
577
238
589
568
316
512
180
310
343
416
213
221
521
401
409
600
361
229
417
244
263
507
227
595
524
358
548
406
290
551
293
538
381
560
258
208
329
291
292
301
553
311
318
321
393
422
335
237
390
331
413
565
599
533
204
571
412
193
286
597
173
369
555
580
543
573
212
175
285
231
308
556
177
563
564
247
364
377
256
402
253
581
199
184
242
260
421
549
281
511
320
187
347
396
287
338
304
407
232
370
259
337
271
185
341
537
214
603
575
562
346
252
582
201
342
527
532
323
239
536
588
544
375
349
300
230
510
235
