20
431
16
4
15
2
23
7
17
13
25
19
429
21
8
426
9
6
5
11
3
432
18
12
26
425
10
24
430
440
51
436
443
49
437
446
55
40
38
32
52
46
50
54
35
43
445
44
47
36
442
441
41
42
31
30
66
60
449
462
59
459
64
82
69
73
76
80
61
454
62
58
65
463
71
84
460
75
81
72
453
77
456
450
68
505
165
138
122
471
129
126
90
157
501
472
123
167
494
477
102
124
89
148
131
139
116
160
162
483
163
117
91
112
144
88
150
105
487
470
149
502
100
135
484
108
480
486
147
97
495
133
156
482
94
500
151
115
145
154
111
467
106
98
478
142
485
161
107
490
503
113
140
132
110
137
164
136
504
96
99
498
119
473
114
168
95
153
152
158
496
491
468
310
181
540
228
601
331
377
421
339
347
552
593
178
342
557
271
390
212
231
233
375
523
383
260
238
250
227
189
561
334
582
326
213
576
575
558
312
338
245
190
588
305
279
538
262
410
323
203
223
360
524
343
357
270
534
303
175
282
210
205
235
603
318
173
414
221
530
564
572
551
232
314
392
285
280
321
229
362
407
220
264
367
176
554
225
183
308
267
243
194
289
511
275
539
236
177
354
219
556
297
553
409
211
401
261
179
384
200
363
319
214
296
580
595
531
216
520
526
240
406
263
301
408
287
602
388
396
332
420
206
311
278
358
307
570
533
246
403
266
327
378
591
328
209
191
590
510
550
207
268
284
333
188
542
596
565
512
218
196
604
368
394
230
545
244
316
514
320
348
513
350
201
254
299
365
253
248
569
412
547
400
385
522
197
237
366
416
224
592
295
387
381
391
581
566
202
516
204
288
536
340
373
600
535
294
509
346
543
256
587
506
272
515
364
274
215
411
369
507
186
393
578
525
292
337
599
563
242
555
423
345
349
404
322
398
199
247
302
222
382
257
353
273
529
300
298
351
255
239
276
532
