572
583
0
627
581
14
30
617
573
35
602
560
9
618
13
591
601
18
568
21
569
570
36
593
595
6
33
626
606
562
579
603
39
29
620
575
610
622
574
20
670
54
733
755
679
57
730
66
50
758
765
665
735
639
635
675
644
657
60
678
756
709
641
653
763
691
761
738
55
689
663
74
686
650
664
48
719
680
737
728
788
849
803
855
117
856
779
850
92
886
845
789
95
816
103
844
99
874
96
801
791
787
85
100
869
794
905
871
902
861
895
116
831
772
823
797
819
904
852
885
932
122
964
991
968
121
922
120
1004
1012
912
976
986
1036
947
998
128
124
995
929
982
147
992
989
920
126
962
133
127
997
150
1034
148
940
911
1023
1029
977
137
1018
1089
1115
1099
187
1107
189
1038
1140
1069
1133
1068
1116
162
1065
1132
1128
1046
1172
1119
166
177
1080
1094
1151
183
1137
1109
1090
1161
1163
1075
1111
1067
1104
1083
1148
1150
1103
1165
1057
234
1210
1318
1175
1234
1184
1297
1226
1305
1293
1203
1312
1289
214
1217
1194
1275
1196
1246
223
1205
1314
227
1316
1306
1280
206
1265
1179
1270
1195
1296
1309
1251
231
224
1276
1310
1308
1185
264
1415
262
1327
1355
1325
1375
1421
1322
1411
1323
1347
251
1321
1339
278
1328
255
1330
1373
254
275
1423
245
1401
1340
1364
249
271
1399
1395
1408
1394
1324
1345
277
1370
1404
1352
1344
1457
1542
1646
1639
301
1566
1430
1449
304
1454
1524
1653
1521
317
1462
1448
1579
1473
1610
1461
1613
1584
1501
1629
1619
1485
1433
1444
1554
1429
282
1498
1496
310
1509
1659
1447
1435
1532
1612
1716
1671
348
1759
351
1697
1744
1756
1688
1723
322
1673
1672
1693
1754
356
1702
352
1709
324
1695
1708
1737
1747
1719
335
1714
1722
1752
1674
328
1705
349
1732
1758
350
1668
355
1704
1729
1847
397
387
371
1843
1772
377
1790
375
1852
379
374
383
1822
373
1785
1823
361
1809
1827
1824
1848
386
1825
1798
1784
399
363
1789
1841
1815
1813
1796
1792
1774
1781
1768
1829
1832
1854
433
417
1857
428
424
436
422
415
438
409
432
423
400
425
408
402
426
418
412
401
427
431
406
1860
429
1861
421
434
437
407
439
404
419
1864
411
420
1859
405
403
416
461
1872
1930
1874
457
470
451
464
1899
1896
1881
1889
1916
1918
458
1873
1911
447
1902
462
455
1868
1906
1903
441
474
1928
449
1884
1885
452
1895
1865
1905
478
1909
448
1904
465
1894
1973
2113
1962
2065
2163
1945
2027
2106
2136
1934
2209
2093
1955
2039
2092
2207
513
1975
1972
2132
2087
1995
1951
1940
2022
1931
1998
2210
512
2090
1937
494
2020
2074
2145
2062
1933
2019
2183
2112
2220
537
558
527
2218
2248
532
528
2227
2225
2224
2244
2245
2222
2246
531
2242
526
525
539
2234
2221
530
550
551
559
534
2238
2243
523
542
2240
2241
548
2247
549
2228
556
547
2235
