15
576
620
563
564
577
12
23
562
587
575
39
14
604
621
592
570
612
9
27
31
599
29
579
585
573
588
580
601
630
4
607
20
3
33
584
616
583
600
589
719
732
649
655
749
761
675
769
743
49
703
730
751
663
75
43
682
678
727
666
47
74
53
671
52
692
646
633
746
70
644
51
757
684
638
654
747
728
63
760
900
801
828
863
902
864
807
891
795
879
853
778
106
789
113
865
831
820
87
834
840
844
858
808
109
846
794
811
841
883
80
107
83
101
800
797
848
869
88
788
922
120
157
126
1003
143
141
988
137
1006
1034
1031
970
131
1004
1008
971
144
910
966
997
924
949
1024
1001
942
151
1027
1005
977
124
917
1015
1019
958
1017
926
972
148
952
1129
1087
1165
181
1116
1115
1046
182
1062
1134
1105
1118
171
1120
1172
1168
1143
1130
1038
1095
1107
1072
1157
1161
1043
176
1086
1092
1094
180
1162
1169
1163
1081
1057
164
1146
161
1069
1170
1310
1275
1285
1207
1268
216
1187
213
1197
1186
1270
1198
1254
1202
1206
1300
1261
232
1260
1226
203
1236
1292
1203
1233
1227
229
1225
1307
1306
1245
1235
1258
233
220
1293
1248
1196
1256
200
1331
1387
1376
1411
1422
1351
1389
1403
1383
1416
268
1342
273
1391
1396
1425
263
1405
1356
1364
274
1345
1420
247
1382
1320
1349
251
1400
1330
1334
254
1363
1340
1419
1348
1329
279
277
1390
1517
1552
1589
310
1645
1435
1634
1536
1641
1653
1453
1568
298
1620
1492
1482
1515
1658
1561
1539
1605
1551
1559
1430
1647
1463
1508
1510
1642
288
1651
1491
1466
1613
313
1529
1540
1538
1450
1661
325
324
1690
341
1663
1737
1731
334
1746
333
354
328
1752
326
353
1759
355
1692
320
1738
1704
1724
1739
1721
329
1723
1666
1727
322
1678
1713
1687
1671
1686
346
1675
343
348
321
1758
1846
1834
1778
1841
1774
1822
1786
1788
1801
396
1840
1821
1842
1784
1781
1825
385
1843
1856
1800
1771
1779
381
365
369
399
1849
1814
1789
1820
1765
1770
376
1808
387
1812
374
363
1782
394
1857
430
428
400
403
408
412
1864
1861
429
1862
401
422
406
405
410
419
425
427
1860
421
413
424
1858
435
432
415
417
1863
411
439
407
420
414
431
433
423
434
437
404
1874
449
1899
1900
1880
448
1872
1895
1901
1923
465
1882
1877
1875
1912
1918
1920
462
1905
1907
455
1913
1866
447
473
469
445
441
450
456
440
1902
1909
1925
1910
1867
474
1926
1927
1883
500
2095
2030
2118
2186
2122
1936
516
2125
2074
1948
2004
518
2076
2054
2068
1941
513
2013
505
1962
1978
2103
2033
1940
2117
2053
2081
1977
2123
2017
2201
499
507
2077
2180
2111
2024
1968
2082
2245
524
554
535
2244
2224
2233
548
2248
538
520
541
2226
2238
2227
2235
532
2247
556
547
536
522
546
559
549
2223
544
2241
542
2237
539
2225
527
531
2232
2221
525
534
523
552
