610
7
38
573
572
623
2
15
590
568
34
584
611
29
571
601
621
567
574
596
18
562
23
628
594
20
626
8
569
620
6
24
564
560
598
39
618
35
589
602
756
654
686
45
769
53
61
732
671
78
734
65
737
703
695
731
752
637
721
696
740
63
666
744
738
689
765
713
658
662
648
644
652
73
719
690
636
692
60
51
895
900
89
848
884
856
823
838
803
898
112
833
802
819
808
806
788
100
116
889
865
896
105
785
85
883
780
795
779
94
110
858
81
790
777
818
822
113
771
855
997
983
142
914
961
990
950
1025
954
949
1021
121
959
1027
980
972
985
981
999
927
1011
147
930
910
960
913
143
926
958
1017
921
126
976
138
140
938
928
995
965
918
1038
176
1072
173
1098
1155
1134
1050
1171
1091
1059
1052
1106
179
1042
186
1126
171
180
164
1122
190
1096
1144
1087
1073
1151
1135
177
1056
1058
1138
1129
163
165
1066
1093
1094
1169
160
1213
1305
1187
211
1257
1194
1292
1181
1196
1268
210
1241
1314
1240
1182
1226
1303
1248
1290
1201
221
228
230
1211
1222
1282
1316
1225
233
1227
1178
1262
238
1270
1203
1269
1247
1224
237
1309
1392
1377
1355
1369
1373
1394
1335
1419
254
1384
1382
242
1325
240
259
1343
1359
1372
1331
243
1321
1397
256
1401
1361
1332
1371
1388
1402
1379
262
1385
247
1418
1378
1340
252
1426
1348
1427
300
1568
1447
1582
1645
312
318
1588
1528
317
1542
1430
1465
311
295
1627
1527
1605
1567
1660
1616
280
1530
1563
299
307
1594
1608
1482
281
283
1540
1597
1638
1607
1504
1622
288
1526
1574
1664
336
1710
356
1719
1715
1746
329
334
1684
326
331
1738
1663
341
323
1683
335
1739
1694
1759
1721
1729
1697
337
1695
1742
1757
1737
340
1711
1686
1707
1753
353
1682
1724
1734
330
1674
1833
1837
1816
1836
1803
394
1834
1835
1766
1788
399
1812
366
385
1780
1814
1848
371
1856
1832
1827
1785
1825
1807
1853
1844
1779
1767
1818
391
1822
1840
364
1765
1772
1815
1813
1783
1777
1817
1859
1861
427
401
400
1864
432
1863
416
411
420
404
438
409
1858
425
418
429
412
426
402
419
422
1862
435
417
410
1857
407
414
433
421
434
436
403
424
431
1860
439
406
1887
1903
455
1923
1907
1913
1900
1916
471
446
467
459
1888
1904
477
458
1885
453
463
1879
1924
1920
1926
1875
476
460
461
1927
1914
1911
445
1929
1930
1905
479
456
447
1892
1884
1898
2048
2169
2080
2123
2045
2214
2147
1967
2194
1939
504
2145
2086
2069
2128
2201
2057
2152
2015
500
2174
2106
2018
2166
2041
2050
2204
1941
2131
2173
2030
2024
2094
1940
1945
2122
2034
2200
506
2028
540
543
2219
556
550
532
530
2243
535
558
2221
2218
542
528
555
521
2237
544
536
2220
533
538
527
552
546
2245
2235
2228
534
526
2239
541
557
2234
525
2230
523
537
2246
2240
