590
16
0
621
20
34
614
23
581
39
575
573
578
566
584
32
612
567
574
564
610
27
38
30
580
576
616
14
17
29
603
587
571
565
623
613
18
594
630
13
698
707
673
724
749
753
765
754
708
713
721
685
57
661
59
703
732
50
745
644
684
723
70
635
55
47
686
662
711
709
40
67
736
642
48
46
645
44
740
71
900
105
881
852
868
841
771
849
781
827
861
850
823
854
104
889
87
110
901
832
93
116
788
92
871
834
904
882
818
870
80
862
815
842
883
845
770
108
886
859
123
916
1023
964
1019
996
986
124
968
149
1005
150
950
911
941
136
971
938
909
1036
1020
1014
1017
978
954
1016
973
122
979
910
1012
936
1000
1025
1027
151
931
967
990
923
175
1051
161
1170
1071
1147
1160
1164
1047
1089
1101
1143
1078
1067
1111
1132
1039
1129
193
177
1116
1090
1092
171
176
1127
194
1058
191
1153
1093
165
1165
1072
1138
1059
1087
1123
1155
168
1281
1303
1206
220
1232
1275
1238
1237
1299
1316
1268
1240
1202
1254
1312
222
230
1229
1221
1210
1230
234
232
1197
207
1234
1292
1204
209
1273
1265
1245
227
237
212
1189
1175
1199
223
1294
1397
1378
1362
241
1371
277
1377
1402
1374
240
259
1419
1399
255
1376
1344
273
1353
1336
1385
1321
1420
263
256
1361
242
1393
271
1389
1342
1335
1418
1364
1328
1392
265
1355
1394
1347
1380
1572
1615
1567
1650
1580
1439
1456
1471
304
1519
1646
1525
1539
1559
312
1455
1435
1444
1630
1578
1631
1594
1513
1561
1483
1509
1446
1612
1544
1569
293
1502
1550
1656
1620
1438
1480
1625
1500
292
1704
1746
349
1673
1757
1722
331
1688
1698
1706
1663
1674
1680
1720
1756
1759
1740
1683
344
1730
1734
1747
1692
1715
1731
1681
1723
1748
1708
1693
1750
1667
1697
1703
1737
1736
1709
1696
1729
322
1830
1768
1812
1832
1767
1854
1834
1826
1787
1763
390
1844
375
1792
1778
1829
1799
393
1815
1835
1820
1839
1789
1825
1836
366
1800
1803
1794
1842
372
1802
1779
1843
1806
1805
1773
367
1769
371
409
419
432
425
429
1857
412
402
414
420
436
417
431
403
404
1858
421
1859
408
411
422
434
401
1863
413
423
427
1862
438
1861
410
418
415
430
1860
424
437
406
426
416
1876
1928
471
1882
479
457
1883
1873
1926
454
1907
443
1880
477
1909
1881
478
1913
1906
1877
1897
470
455
474
1867
468
1888
1874
1886
1890
1887
1878
453
1915
1869
465
473
461
1892
1905
1934
2144
1981
2117
1980
2092
506
2172
2121
2032
509
2102
2090
2051
510
2118
511
1984
1943
2054
1956
2124
2203
494
2171
2009
2044
2116
2217
2100
2073
1950
1955
2184
1979
2187
2212
2023
2193
2206
557
2226
523
542
2246
2244
528
2238
2222
543
2233
546
552
532
2242
2237
540
539
2219
2223
2221
559
536
2236
537
2225
533
524
541
2224
555
549
2227
530
529
534
2241
538
520
535
