581
563
27
30
602
22
12
560
6
600
565
611
629
613
601
619
575
616
594
567
585
593
627
597
580
625
609
587
622
578
18
608
577
623
626
20
35
590
21
38
44
666
741
43
702
655
674
731
756
55
63
71
693
677
685
48
734
42
709
636
676
672
45
661
743
752
657
640
736
730
641
714
715
751
765
47
689
762
669
637
794
872
112
84
819
109
823
866
789
805
95
876
797
853
902
855
888
854
880
90
852
103
830
117
895
850
827
801
836
777
826
864
860
868
83
905
782
770
94
832
1032
958
1002
931
1009
127
934
133
915
993
947
909
1022
1035
121
120
913
920
1023
974
1019
912
140
923
925
970
995
971
1018
969
968
922
941
1028
906
955
914
997
1001
1029
169
1081
1087
170
1098
1074
1145
1106
192
1140
187
1042
1135
1154
1051
1086
1158
1092
1108
1110
1094
1121
191
1162
1124
1038
168
1105
1134
1044
1078
197
1055
1095
1146
1064
1099
1156
198
1131
1314
1209
1263
1281
1235
1299
1208
1312
221
1229
1206
206
1217
218
1240
225
1304
1303
1183
1267
1185
1238
1207
1289
1273
1178
1253
1296
239
1241
1308
1223
1279
1260
1272
1181
1218
1230
1180
1231
1366
1376
1365
1337
1413
1390
1420
1427
261
1412
1384
1329
1392
1410
258
1411
1396
1415
1363
1419
1331
1340
1322
269
242
1373
1388
1414
254
268
1378
1407
1350
1389
1324
1372
1379
1394
251
1334
1527
1621
1594
1605
1531
1480
1434
1499
1456
1543
313
1626
1453
1638
1559
1450
1553
1447
1606
1507
1634
1491
1552
1599
1622
1646
1624
1429
297
1568
1442
1506
1586
1629
1547
1459
1596
1585
1509
1577
350
1698
341
352
335
1701
1678
1745
1690
1665
348
1736
1674
1751
1720
1757
355
1755
322
354
1741
1669
1694
1691
1754
338
1717
357
320
347
1739
329
1713
353
1700
1709
1666
1692
1679
358
394
362
397
1763
1806
1813
364
1797
1839
1771
1802
1829
1846
398
1803
367
391
1847
377
1821
366
1851
1824
1838
1788
1786
399
1805
376
373
1811
1795
1799
1843
1823
1782
1815
396
382
1856
421
429
407
420
404
430
414
439
1860
409
1863
1864
1862
411
436
416
422
415
1858
433
400
435
1859
1857
428
437
423
406
418
410
434
424
438
432
1861
413
426
425
431
402
473
461
442
1905
1882
1875
1906
1866
1927
477
1922
1880
472
1870
469
1926
449
1916
445
460
463
1865
468
466
479
1914
1899
1869
1911
1910
1928
1891
440
462
448
454
1879
1917
441
1896
2036
2107
2087
516
2070
2160
2021
486
2017
1967
2034
1943
2152
2000
2097
1993
2058
2173
1972
2074
2112
2001
484
2191
2185
2141
2084
2199
511
2015
2113
2062
2003
502
2013
2198
2063
1960
2116
1963
548
2219
540
545
535
2226
557
2241
543
2242
553
550
524
526
522
552
2245
530
520
2230
556
2225
531
2220
2246
2221
2234
2248
529
525
2231
558
2224
551
2244
537
2223
521
527
547
