603
574
606
625
607
37
578
615
614
19
29
560
567
616
565
598
13
620
11
21
26
23
585
582
562
3
17
569
10
22
619
31
38
27
36
1
602
16
612
34
649
684
717
56
67
48
735
44
645
650
733
716
681
738
741
644
69
664
754
759
734
64
643
747
683
655
705
698
699
639
745
653
696
707
729
642
697
721
59
763
887
900
114
108
869
790
796
831
857
800
855
843
99
837
821
784
782
864
115
96
905
827
888
832
838
863
105
894
84
776
779
92
817
849
892
830
847
867
101
107
967
936
947
141
964
920
1002
156
996
123
981
1017
938
1012
912
1023
937
1026
931
1013
1011
954
120
989
970
953
995
946
994
1027
914
959
915
978
908
977
927
1015
135
949
1050
196
161
1082
1092
1140
1100
194
1108
172
187
1069
1139
1062
1168
1037
1096
195
1099
1107
198
1043
1131
1045
1158
1172
1111
160
1048
165
1155
1074
1044
1109
1087
1061
1076
1105
1065
189
1287
1227
1183
1256
1186
1262
1234
1312
209
1274
1284
1205
203
1249
1299
1192
1196
1213
1221
227
1283
1295
1222
206
1214
226
1276
1252
1289
1253
1191
1225
1200
1209
218
1231
205
225
1207
204
1390
1328
1425
1342
1371
253
277
1353
1350
1379
1404
248
1349
261
1321
1418
1334
1386
1411
1367
1363
1333
264
1383
1419
1391
272
266
244
1417
1341
258
1414
1322
1326
1402
251
1323
1346
1352
1598
1512
1482
1630
1521
1440
1555
1565
299
1642
1634
1616
291
1523
1647
1650
1455
1627
1500
1439
1603
1644
1495
1612
1493
289
1562
1652
317
1542
1430
1456
1567
1559
1518
1528
1575
1487
1449
304
1736
1726
1743
1759
1682
321
1690
1715
1709
1708
349
332
1728
1681
1734
329
1717
1697
1719
343
356
1707
350
1731
1750
1761
1683
1692
1670
1680
1688
347
1667
1669
1729
1739
1676
1686
345
1668
1830
1796
1822
1766
387
372
1834
383
1784
384
1778
1769
1797
1810
1816
1798
1764
1786
1844
1772
1842
1763
1789
1807
1777
1793
392
361
1831
1847
1838
1819
1826
1771
1812
1776
371
1785
379
380
424
435
430
411
405
1862
438
410
431
437
419
425
436
422
426
1864
400
1861
427
434
432
423
420
1863
421
433
404
409
415
414
429
402
416
428
406
408
403
1860
1859
413
1866
1927
1914
1872
449
1898
1875
1876
1904
1897
1892
467
1894
1873
1909
1902
1887
1865
452
468
450
1880
478
463
1916
1886
1878
1870
1899
1888
1900
1893
440
1868
460
461
442
1883
1901
443
2026
2008
1938
1992
2159
2032
2204
2152
2015
2138
2145
2009
2139
2018
495
2143
1954
2067
2122
2153
2132
2043
2001
2005
1959
1935
1994
2149
2029
2058
2053
2036
2073
1936
506
2006
491
1939
2166
509
556
537
2236
525
536
548
2231
2240
546
522
2246
552
2228
553
520
2237
529
539
540
2247
532
2245
2233
2234
2243
559
2225
524
549
2227
543
555
2244
2235
550
2218
2226
538
528
2223
