597
2
31
575
581
570
599
612
582
10
30
595
562
588
631
609
12
592
600
576
26
583
574
37
619
591
0
22
566
587
630
35
618
569
611
33
606
614
617
589
753
55
653
728
47
644
44
729
659
724
669
686
648
769
642
764
714
735
66
675
72
52
709
682
661
45
691
688
68
633
69
670
660
765
649
693
689
743
698
60
892
823
110
862
82
770
785
96
846
859
877
840
822
871
826
806
800
97
789
802
851
803
111
837
781
855
821
91
819
85
827
841
858
779
100
873
835
801
93
895
1009
932
1008
133
996
157
1011
151
921
141
134
948
1028
994
153
148
142
916
1018
158
985
935
136
1026
992
946
972
998
951
1006
957
146
917
944
933
970
929
1020
1001
947
1128
1135
1092
1102
166
1095
178
1125
1045
1066
1100
1063
1055
1093
1124
1133
1121
189
1143
1088
176
165
1163
1157
161
196
1094
1137
172
183
1134
1151
1165
1089
1051
1132
1142
1082
1044
1090
203
214
1232
1315
1178
1226
1306
1271
227
1233
1274
1285
1215
205
1204
1286
1267
1200
1246
224
1234
1225
1224
1243
1231
1240
1275
202
225
1300
1228
1209
1237
1180
1313
1316
1299
1266
1305
1318
1362
1352
1325
1419
1408
245
1322
1343
1378
1386
1369
252
1377
1339
1370
1404
1351
1355
1358
253
1356
1426
262
1420
1324
1364
1414
1405
1423
1417
250
276
273
1326
1382
1338
1379
1337
268
259
1449
1506
1529
1445
312
1608
1542
1621
1570
1575
1614
1616
283
1431
299
1589
282
1517
319
1583
1590
1460
1452
1649
304
1525
289
318
1639
1493
1622
1504
1571
295
1509
1523
288
1496
1647
1640
356
1687
1720
353
345
1760
1755
1749
1722
1737
1733
1668
1723
1759
350
1698
1710
1662
325
1705
324
1685
1745
1686
338
1748
332
1677
1709
1706
1680
1679
340
329
1714
342
1757
1682
1756
1663
1835
1824
1832
393
386
389
383
1813
378
1784
1800
374
1818
1841
1803
1785
1823
380
1763
385
1845
379
1820
381
1782
1847
1762
376
1768
1836
390
1855
1788
1822
1765
1767
372
1774
1819
1791
429
404
1864
410
417
428
407
411
1859
434
406
431
414
1860
430
403
413
409
1863
437
425
420
432
418
401
426
424
408
1861
416
419
421
402
439
438
1862
427
405
1857
433
476
1877
463
466
1917
1903
448
1878
1924
462
1902
1906
469
1911
1887
1867
1929
1930
441
1901
1909
455
1907
1866
444
457
473
468
478
1875
471
450
1865
1888
461
1894
1879
477
1899
1926
2139
493
2090
2025
2215
2067
2036
1997
1932
2106
2068
2123
503
2114
515
2201
2080
2098
2174
2032
2129
500
511
1966
2127
1984
1961
2010
2072
2168
2121
499
2214
2191
2213
1994
506
2054
2050
2212
537
2239
545
546
527
2246
2220
2249
2218
2248
525
520
522
557
553
2241
552
2233
540
2219
2225
533
559
558
526
2223
550
2232
544
2222
2224
542
2245
534
2226
524
2237
531
541
2236
