592
606
20
8
2
563
14
612
583
587
5
581
18
34
561
623
611
601
591
27
26
31
4
616
25
626
3
584
570
586
36
598
615
577
33
7
569
627
624
613
744
656
54
679
47
690
722
734
51
45
676
745
709
41
698
732
651
632
639
748
56
658
737
671
764
720
704
664
747
696
703
660
634
62
61
66
654
637
65
640
107
830
831
811
884
885
119
109
116
88
815
796
842
779
854
889
824
882
801
820
816
798
904
115
785
834
780
833
776
867
821
85
94
874
773
92
95
859
788
853
1014
974
1025
938
140
922
1007
1020
138
155
1029
972
1002
1015
956
1016
133
995
1023
993
941
909
919
1030
982
159
1004
949
971
996
924
976
936
156
939
980
1008
121
998
990
1061
171
1083
1050
1102
1132
1092
1170
1056
1071
1086
1138
1068
161
1054
1085
178
179
185
1158
1096
1065
1120
1089
1140
1127
1143
1094
1090
1066
1114
1038
1047
1084
1125
1053
1159
177
1067
1049
1301
238
1308
223
1233
1304
1283
224
1198
208
1218
1192
1213
239
1260
1309
1195
217
1177
228
1300
1252
1270
1275
1204
1311
1181
216
221
1314
1239
1267
1186
1264
1286
1207
1238
1196
1208
207
271
273
1330
252
278
1393
1371
1324
1401
243
1427
276
1399
1404
1333
1346
1336
1400
1364
1390
1383
1384
1332
275
263
1325
269
1321
245
1362
1366
1428
259
1388
1385
1379
1377
1370
1373
1420
315
1439
1511
1452
1622
310
1488
1657
1585
1596
289
1605
287
1550
1603
1464
1499
1469
1479
1434
1616
1524
1588
1449
1495
1485
290
1533
1444
1571
1445
1634
1638
1660
280
1494
1513
1457
1515
1467
1719
1739
1675
323
1718
1662
334
1717
1730
1704
339
333
1756
1671
347
1727
1670
1724
345
1674
1755
1723
343
1710
1761
1666
346
1684
348
1672
1750
331
324
1729
1728
1726
1676
1703
1673
335
398
1805
363
1827
375
366
1814
1765
1845
1764
1838
1819
1779
1781
393
1824
1836
379
1768
1792
1790
368
1772
1815
365
1803
362
1817
1806
1771
1853
1826
1802
364
1770
1775
372
1850
1816
1783
411
408
410
420
427
400
439
1858
415
1860
417
1861
434
424
426
413
406
416
409
402
431
432
430
419
418
404
421
435
423
433
1862
412
1859
1863
405
403
407
428
438
436
1924
1884
1909
1880
462
1876
465
1871
451
441
463
1885
1875
1919
1899
1882
1874
1903
453
461
1923
457
473
1911
1867
1918
1930
1913
460
1921
477
1892
442
1922
1906
1865
1908
1914
468
472
2167
1945
2037
1936
2137
2087
1951
485
1984
517
2189
2208
2039
2125
497
2091
2162
495
2096
2016
2213
2217
2020
2099
2133
2157
2124
2109
2202
1997
1979
490
2058
2032
1974
2206
2134
1940
1963
2071
522
558
2241
528
536
520
553
531
2243
555
2231
530
527
2227
538
2232
534
2240
2242
524
552
2247
523
551
2236
2225
2230
539
532
2221
545
2245
548
541
2246
2224
2222
2248
2228
549
