35
620
578
575
29
1
600
589
614
17
30
619
12
607
616
0
33
597
560
592
626
570
630
11
3
574
564
628
629
599
24
572
23
618
627
16
622
19
590
601
717
65
658
62
692
685
58
700
756
74
741
56
645
724
644
738
655
712
764
728
647
686
674
750
670
737
679
43
718
706
701
740
697
683
726
49
70
747
661
751
107
808
859
861
858
831
811
852
108
92
794
800
870
820
864
833
793
843
884
109
802
895
88
819
836
798
891
80
877
98
842
889
874
880
777
771
812
838
816
830
913
159
991
156
990
985
916
148
1013
997
933
143
145
939
959
978
150
146
149
126
989
955
1019
910
944
977
981
958
906
909
1008
945
973
912
1023
137
157
920
1017
984
1040
1154
172
1060
169
1153
178
1110
1113
1057
1147
197
1104
1127
1053
1160
1131
1168
1141
1088
1106
1123
1142
1068
194
184
1048
1049
190
1114
1075
1067
1082
1162
193
1078
1095
1097
186
1126
1252
216
1237
234
1290
1195
1238
1236
1298
213
1319
1243
232
1213
1260
1186
1204
1202
1316
1226
1314
1318
1190
1181
209
203
1261
207
1174
1273
1189
221
1201
1177
1315
205
1264
1310
227
238
247
1423
1334
1407
263
1335
1387
1342
1322
1420
255
249
1336
1408
1399
1367
1397
1341
1395
261
1324
1323
259
1394
1381
274
1361
271
1364
241
1426
1391
1382
1405
1409
1417
1346
265
268
1358
298
1635
1600
1465
1513
1647
1559
1602
1476
1558
1467
1473
1522
306
1566
1646
1554
1628
1553
1656
1504
1450
1649
1594
1501
1464
1482
1606
1534
1518
1562
1590
1526
1623
1437
1440
282
295
1539
1532
1746
1726
1737
1719
1757
1672
1720
1727
1675
322
1673
1681
1758
350
1688
329
1754
1738
1718
327
335
1724
320
1742
1689
1755
1751
1721
1745
332
355
1695
1669
1714
1683
359
330
1698
1705
1700
1779
394
1824
398
1839
361
1822
367
366
360
1766
368
1852
1768
1828
1823
1808
364
1786
1821
1801
1835
1762
369
1817
387
381
392
1770
1846
1783
1848
1843
1826
1818
1806
1797
386
1771
1849
1860
1857
404
401
426
430
411
432
405
1861
419
409
431
403
420
415
422
435
400
412
429
410
437
421
428
1858
1859
427
418
424
408
423
416
1862
414
434
425
433
406
1863
477
1885
1900
1917
444
1901
449
478
1921
464
1899
475
1866
442
446
459
1874
467
470
1888
1873
1871
443
457
1877
468
1898
1927
1876
441
1896
1886
1913
463
1889
1887
1910
1909
1915
448
1939
1976
2187
1958
2092
2140
2128
2152
2131
485
1933
1995
2015
1948
1993
2213
1966
1986
2109
2072
2117
1990
499
2083
1936
2081
2171
507
2130
500
2099
1937
2186
2113
1972
1982
2110
481
2005
2203
533
538
2236
2224
2227
2222
556
2245
2226
539
531
536
525
2243
552
2233
542
2229
2223
528
543
2220
532
2232
2228
2221
2219
547
2238
526
544
2234
554
522
2244
550
2249
535
2225
524
