328
300
137
197
199
89
246
206
9
68
12
193
304
325
125
136
266
245
321
254
262
326
305
269
79
85
27
323
196
319
182
205
184
180
318
322
263
11
70
21
316
260
147
251
18
8
315
5
308
130
149
78
88
265
307
20
138
250
312
181
209
123
207
128
66
187
259
267
77
146
249
243
134
148
244
60
6
121
302
22
72
204
185
73
10
0
268
142
320
242
351
33
110
103
41
178
349
104
339
32
176
46
231
107
162
359
155
98
51
223
344
165
235
299
274
158
285
157
334
214
215
273
42
282
91
177
295
95
352
50
288
99
277
34
160
48
291
119
341
38
169
101
37
53
343
97
56
283
331
39
153
229
228
163
172
281
358
222
272
45
347
35
167
280
218
238
357
226
156
173
30
159
286
31
330
345
284
57
271
49
