206
202
189
311
65
84
129
19
200
247
196
197
11
198
4
244
14
240
29
243
308
72
81
324
83
70
78
126
309
61
16
184
86
185
5
317
303
77
144
207
328
180
88
208
69
304
74
141
63
18
89
322
252
300
12
183
133
28
149
314
250
142
17
268
181
204
13
316
246
75
145
66
263
318
256
138
327
323
135
21
255
2
130
325
6
187
0
258
137
125
109
162
224
222
166
112
275
41
296
235
345
217
276
339
215
157
34
43
155
175
159
295
359
333
211
36
216
349
32
210
237
226
96
288
227
354
282
48
31
212
170
277
273
117
172
340
281
271
151
231
334
103
272
270
37
238
56
163
119
42
161
57
298
97
179
59
118
283
213
330
225
232
342
116
33
346
51
239
44
53
291
40
111
39
285
46
284
30
350
287
