193
77
25
305
314
137
129
318
121
315
192
300
138
26
11
321
81
191
202
141
258
16
14
181
79
78
149
0
5
304
132
199
323
61
139
242
124
2
19
320
60
319
87
84
29
302
256
264
206
143
144
1
261
201
17
198
329
88
207
83
325
9
189
244
89
268
260
313
310
22
15
20
183
246
182
67
70
126
13
245
148
204
194
328
80
73
327
82
68
66
289
179
38
119
178
224
294
299
276
162
151
215
55
157
282
54
97
273
169
357
111
359
160
49
104
47
343
330
358
174
235
45
352
164
106
102
345
217
44
173
288
290
161
154
271
33
216
155
210
103
108
220
92
349
37
100
46
59
107
172
98
150
331
284
285
332
114
171
228
236
166
233
274
167
234
34
96
297
117
342
338
36
293
118
278
333
218
99
225
170
