83
74
17
201
69
77
251
263
312
197
323
26
302
193
127
13
137
314
27
68
81
61
23
28
60
321
129
144
15
250
6
148
243
67
138
265
266
85
183
184
267
3
9
199
306
2
25
21
242
84
325
149
128
8
120
140
20
313
304
258
73
133
208
195
310
185
65
301
206
75
0
253
7
309
260
130
192
315
264
303
10
317
328
241
180
126
327
269
11
139
118
231
30
272
91
43
152
156
176
294
337
276
96
155
170
352
117
48
93
330
286
290
104
275
113
107
223
51
291
270
179
355
271
226
342
336
161
356
217
40
50
172
218
39
282
164
34
158
94
150
177
227
49
236
341
332
273
339
221
99
222
215
285
112
102
335
297
92
232
162
178
289
213
41
90
334
293
97
219
229
98
151
333
108
346
45
31
233
103
171
