25
3
142
327
306
252
6
146
130
88
143
64
68
191
4
205
23
137
147
15
318
131
311
77
240
188
321
72
70
263
242
149
81
133
132
192
124
256
328
76
17
71
61
303
5
314
182
323
324
12
14
24
190
127
8
202
83
27
138
198
264
73
248
87
312
22
301
265
199
123
241
253
304
75
65
125
80
208
317
19
313
195
128
136
245
10
144
11
250
148
353
43
219
97
284
91
351
93
224
335
234
45
173
235
347
330
226
54
152
170
294
231
164
58
279
108
32
151
46
222
273
356
116
163
225
57
331
341
113
49
38
227
171
237
104
115
174
276
156
216
114
172
50
31
111
178
274
357
285
280
40
344
332
176
47
53
270
236
232
153
345
352
119
110
98
348
281
271
35
165
44
107
106
221
287
169
90
354
283
334
