124
311
329
76
123
89
318
306
319
312
127
187
199
186
77
203
309
81
136
242
202
146
185
19
129
18
10
142
60
302
323
28
308
198
313
17
85
88
74
314
3
133
195
135
248
24
300
147
82
75
253
246
194
20
247
255
196
14
205
301
328
307
192
244
182
132
121
134
137
259
304
189
2
257
144
149
321
316
200
9
16
207
7
5
254
201
256
84
148
240
53
345
116
44
290
286
214
119
164
178
159
56
228
110
337
282
37
279
52
98
39
285
97
347
160
357
227
288
346
351
152
32
215
163
234
48
42
172
57
168
336
55
232
281
283
356
156
93
103
358
105
91
221
92
222
210
224
47
45
231
175
289
292
169
338
106
332
96
90
118
59
333
104
331
151
165
353
238
113
100
223
41
179
273
275
211
155
330
230
174
