324
322
23
201
137
191
149
305
7
205
190
250
10
74
72
241
196
63
15
193
128
76
251
195
311
301
307
180
182
184
12
258
200
18
261
62
19
17
318
209
249
81
183
313
323
247
21
186
260
8
329
124
257
265
60
129
68
144
140
14
138
147
130
316
61
27
84
75
185
194
197
268
86
85
139
321
123
256
69
245
320
126
192
9
309
29
325
204
300
3
32
173
155
162
165
169
42
290
109
57
286
342
37
281
172
163
97
51
274
272
227
282
359
46
38
299
157
93
159
347
357
230
226
297
111
221
334
333
41
214
225
211
49
212
351
284
48
335
59
171
344
114
110
166
216
210
151
43
336
45
275
356
217
118
222
106
270
340
95
294
220
108
94
168
39
231
331
90
33
30
287
152
161
170
158
338
113
358
239
296
