245
316
131
60
243
305
246
72
198
145
240
127
206
249
253
26
20
149
21
319
184
180
317
25
258
312
1
187
242
181
126
80
61
268
185
255
2
10
193
252
18
120
306
304
262
14
315
88
140
147
254
29
8
5
144
13
17
323
250
244
73
320
318
322
259
66
307
132
129
203
190
19
67
313
134
71
68
148
328
135
79
256
9
195
27
15
4
261
69
3
239
288
56
283
49
90
359
273
35
225
219
151
231
226
333
289
284
111
167
276
238
345
351
271
108
297
106
343
37
341
54
299
46
158
117
33
272
177
346
287
342
161
213
162
118
358
179
110
291
154
43
31
50
44
356
119
164
156
350
224
232
214
215
344
330
36
174
354
235
295
166
228
41
152
163
279
107
47
282
51
286
221
155
348
234
160
102
34
230
40
