137
304
135
141
189
21
124
319
82
145
205
241
251
200
127
306
255
310
123
79
316
121
268
129
138
149
327
24
83
80
322
188
84
133
243
18
13
207
209
191
125
14
308
300
77
244
311
89
203
81
197
65
248
15
136
242
130
190
315
139
303
0
314
186
257
240
202
126
9
27
180
258
66
86
309
76
122
78
326
60
16
320
325
63
134
148
259
68
87
73
340
150
151
179
224
341
334
104
51
161
298
223
48
152
95
280
32
290
289
220
44
337
36
352
212
288
171
278
39
239
213
113
345
353
343
49
109
93
174
170
118
94
271
99
155
236
116
232
106
295
43
351
50
227
272
230
157
270
52
222
274
231
40
281
342
229
163
31
56
58
47
349
287
358
101
110
103
42
102
164
338
279
347
228
55
218
162
332
354
169
