23
88
267
188
137
328
250
15
61
6
324
320
208
329
207
20
83
74
129
305
147
24
241
5
312
318
198
252
84
195
142
77
81
266
307
204
2
18
311
183
133
189
262
245
22
263
310
69
7
66
260
302
130
72
29
76
70
246
309
249
14
186
124
180
19
126
269
326
184
313
64
261
255
8
68
201
79
26
149
259
319
123
140
63
85
136
89
242
202
185
97
281
118
43
31
218
150
50
152
222
294
334
92
175
112
55
32
351
39
211
94
236
168
289
288
224
295
230
109
36
119
44
52
350
287
331
115
42
96
282
347
353
355
91
35
163
348
299
335
344
341
212
159
169
221
330
338
113
104
231
214
33
105
349
228
165
58
217
359
160
286
51
340
226
270
275
174
151
271
100
111
54
343
161
298
352
336
291
219
346
