143
255
268
75
193
182
7
188
148
301
258
313
246
252
201
23
1
5
21
245
11
14
184
124
77
12
138
183
122
70
8
123
72
300
15
325
319
6
121
141
71
69
146
17
16
196
307
85
303
137
126
180
316
198
68
61
264
63
240
29
314
242
24
80
19
185
317
259
262
265
145
191
306
329
26
132
324
10
76
66
322
60
203
131
310
311
82
202
78
251
337
278
271
31
294
51
112
289
270
215
50
340
99
211
330
172
232
49
176
226
339
168
229
296
100
150
169
299
45
351
348
274
291
228
155
352
231
288
174
175
336
290
39
110
345
179
42
342
272
57
103
346
332
210
285
227
102
30
159
224
353
233
55
32
156
355
212
287
118
292
230
286
101
359
46
333
157
105
117
284
171
273
164
59
177
108
221
277
165
37
