300
147
128
301
240
132
120
10
258
199
79
20
138
89
127
206
85
77
19
191
241
1
264
130
82
129
143
187
136
86
201
249
204
324
320
7
26
69
329
76
121
24
88
248
21
141
180
123
321
256
309
135
73
302
315
200
265
65
126
268
2
181
195
305
68
326
263
192
247
255
267
193
71
62
140
78
25
83
185
17
188
81
14
142
316
29
3
23
253
318
220
230
216
286
116
36
347
341
162
233
350
58
93
103
168
359
299
161
274
229
298
295
337
281
178
336
353
108
211
31
38
239
285
275
271
107
289
333
56
156
112
352
218
221
54
155
339
154
338
349
113
280
57
297
356
45
215
42
94
357
292
344
117
53
294
37
167
219
272
288
231
273
212
32
170
343
55
213
210
238
119
296
97
358
179
276
157
43
217
92
