125
254
208
24
70
301
4
18
0
318
134
181
12
180
206
147
63
69
86
17
300
187
120
25
88
78
245
75
261
122
184
60
85
121
3
123
329
202
263
311
141
200
323
316
269
255
304
71
79
193
247
6
9
303
74
321
73
148
312
205
182
87
131
322
186
307
61
185
67
249
2
198
76
199
246
84
259
250
325
80
209
207
241
23
136
262
146
248
260
5
216
177
41
280
50
276
115
46
343
291
223
341
334
150
119
286
279
226
218
354
107
227
45
151
58
36
294
48
277
292
106
90
49
332
178
97
161
229
43
42
55
221
38
211
111
92
40
30
164
175
152
169
59
56
355
112
53
31
101
230
295
357
212
39
222
224
351
32
47
95
284
270
287
235
340
157
342
105
96
299
173
100
102
231
273
335
336
345
331
110
