106
481
251
412
587
619
452
664
558
12
181
210
43
739
365
363
99
318
305
685
131
207
492
446
113
757
650
438
213
535
153
297
5
50
21
393
601
710
313
227
178
472
19
692
150
62
521
638
134
550
373
323
107
66
135
769
310
483
347
223
666
744
478
295
288
736
580
746
191
326
707
44
294
330
486
703
743
473
702
141
27
456
77
361
102
357
697
554
278
726
536
322
630
453
189
115
151
425
527
445
163
317
364
192
165
187
300
249
477
336
591
122
198
657
649
748
61
431
229
516
645
454
312
92
602
127
607
442
659
609
166
641
544
146
716
233
231
437
351
756
410
6
586
642
160
468
133
262
121
103
690
218
394
589
728
112
72
22
556
533
484
159
397
461
247
59
33
283
143
489
58
773
76
515
75
51
279
270
547
360
539
491
583
423
529
308
624
503
147
704
291
436
179
518
358
226
168
200
628
46
509
202
387
352
490
67
332
764
314
274
656
543
370
18
246
183
475
94
383
644
404
428
753
26
190
523
720
49
220
680
507
458
413
248
180
590
38
276
429
759
548
600
230
623
173
185
754
381
259
398
651
356
281
646
78
740
678
304
199
531
284
277
217
502
212
762
771
611
505
514
337
17
713
570
465
433
402
285
29
459
250
615
742
342
3
24
622
421
727
1
449
309
725
513
81
524
530
522
311
414
333
528
83
264
263
755
610
11
382
581
53
715
562
674
10
541
733
96
582
396
238
563
571
432
439
679
341
631
386
196
55
723
371
266
64
324
54
206
301
116
670
765
171
111
258
265
451
669
774
45
552
79
245
139
161
711
612
613
272
255
637
222
40
203
177
632
30
633
32
722
366
7
604
712
110
654
565
427
573
467
344
549
749
306
510
280
123
695
391
239
