5
289
739
297
213
109
305
587
365
327
650
9
253
363
558
106
694
129
710
601
635
158
741
619
664
119
131
481
154
12
243
181
532
50
438
219
43
685
520
580
496
313
661
62
331
736
401
215
567
550
478
66
555
316
135
191
223
540
107
472
777
663
373
167
347
769
521
288
227
630
527
175
23
278
102
44
697
322
450
422
730
554
326
303
425
189
473
74
660
156
357
35
546
236
726
584
667
772
707
77
445
729
163
221
634
300
645
649
233
71
544
144
454
519
127
146
378
442
748
336
431
494
166
390
362
192
312
105
516
25
231
477
13
738
569
750
591
228
103
351
468
72
770
400
307
374
36
69
184
551
204
506
6
682
262
589
668
728
420
500
595
718
63
208
455
279
234
628
57
696
436
724
559
59
358
226
270
168
269
443
58
434
489
39
457
75
583
147
578
491
624
737
302
143
547
241
776
20
186
246
376
680
404
46
387
764
377
202
476
164
183
706
383
18
687
523
90
720
180
352
698
416
683
124
543
220
98
653
56
428
375
26
325
413
490
174
766
495
754
38
686
590
429
276
277
705
212
224
502
464
48
173
343
672
548
199
762
126
398
740
259
651
82
356
775
639
505
421
24
732
433
320
148
142
593
727
648
355
448
337
771
430
52
622
130
449
611
597
1
87
514
287
557
524
616
482
522
65
447
755
717
125
382
372
252
392
538
614
525
145
581
333
263
733
257
715
688
254
264
380
395
711
439
451
497
196
95
341
161
45
613
132
70
258
54
670
14
386
238
432
723
64
301
368
526
114
138
266
612
329
292
731
55
111
603
235
85
171
267
760
604
427
467
752
176
722
366
460
693
367
565
40
695
104
415
763
32
30
47
255
549
170
123
560
256
110
388
272
203
239
