619
106
694
12
43
650
210
635
113
21
109
757
345
710
492
535
84
412
592
558
652
452
131
5
99
741
466
193
438
318
365
587
289
297
363
664
389
408
580
191
62
483
555
316
661
242
373
178
34
319
744
137
594
540
227
478
275
692
107
347
401
520
534
496
751
237
215
162
288
294
456
115
236
761
486
667
422
527
630
322
232
293
425
729
303
273
473
536
660
163
317
546
216
359
554
326
403
278
141
27
23
44
77
92
229
714
577
166
442
144
591
431
758
494
37
516
437
607
233
122
25
312
602
390
634
362
201
146
645
127
71
244
192
750
300
716
681
198
112
6
184
468
160
642
410
247
586
103
420
484
208
394
22
400
708
553
397
69
340
668
204
625
159
374
551
598
147
578
279
734
241
350
283
547
529
360
515
503
773
57
673
628
511
59
489
93
491
51
308
436
291
28
339
624
8
704
434
226
696
404
369
352
720
183
370
202
698
779
56
248
721
416
509
653
475
220
89
683
18
767
543
46
474
383
507
458
644
26
764
164
90
706
428
314
476
658
41
259
759
199
230
617
705
531
381
406
429
174
548
623
173
545
672
399
338
276
321
675
462
464
775
169
699
185
82
678
130
671
136
465
727
24
459
719
250
108
615
596
3
29
742
713
320
662
701
4
599
148
735
648
505
271
97
525
530
311
665
372
715
145
616
541
155
214
264
309
647
513
125
614
557
11
621
528
414
562
755
194
53
711
95
171
765
118
282
395
139
341
368
114
157
64
54
225
292
669
526
14
564
258
79
266
386
432
235
709
497
329
161
301
731
396
444
324
132
138
116
206
487
280
722
391
123
255
768
239
388
752
306
763
256
203
7
749
32
367
640
104
560
2
47
677
747
415
467
91
695
40
366
637
