694
481
685
42
119
9
43
757
99
253
213
741
446
592
739
12
480
652
158
305
601
172
219
408
619
345
5
131
363
535
466
297
365
109
21
243
664
129
736
19
66
663
227
534
746
555
191
313
574
496
107
347
34
62
316
580
550
661
463
472
540
331
135
483
666
744
520
567
769
141
504
702
236
743
536
361
189
102
326
115
450
232
729
44
425
364
330
772
660
156
353
322
175
453
584
527
761
546
730
486
707
726
403
312
544
645
336
494
166
182
244
61
192
591
634
299
748
659
442
378
437
221
516
233
122
187
716
602
681
738
198
71
519
657
86
228
25
300
770
204
500
506
642
441
605
676
374
112
595
745
218
247
420
424
551
160
36
455
262
159
708
461
625
208
566
147
93
226
39
76
443
128
773
491
241
308
724
358
33
270
704
168
291
673
57
59
360
51
269
143
457
88
547
628
493
283
58
179
776
18
428
164
377
332
246
720
706
370
67
509
98
383
543
274
698
49
404
779
753
644
656
384
687
220
458
195
476
124
94
507
680
387
653
89
413
495
548
78
277
338
381
636
31
199
356
281
212
464
686
658
740
399
48
185
284
126
678
672
600
617
173
230
766
651
41
260
568
100
354
499
348
537
402
593
727
52
719
24
250
597
662
626
433
735
449
337
130
136
286
29
3
717
81
414
508
97
309
482
755
524
372
715
627
610
576
214
194
562
145
10
155
557
582
411
254
528
257
60
287
54
368
774
564
111
196
138
225
380
395
235
552
265
709
324
396
612
206
301
85
613
132
114
731
371
451
14
161
711
70
670
563
497
95
292
631
139
79
432
0
328
752
695
573
256
487
306
654
778
222
170
30
391
749
418
768
267
239
203
604
460
510
91
415
110
426
712
80
655
47
255
