251
601
106
587
664
207
592
154
685
219
558
619
365
650
119
5
345
297
412
363
492
131
757
113
213
710
446
99
243
289
635
172
181
694
129
12
43
327
223
319
520
137
19
373
401
295
227
178
107
167
638
150
496
323
521
237
331
744
751
629
574
498
663
620
463
746
261
483
347
453
772
303
618
504
425
232
74
77
23
330
163
322
385
175
403
189
697
278
527
546
584
445
361
357
236
667
422
579
456
359
35
151
273
577
602
182
519
750
37
300
748
569
649
454
105
437
442
198
25
244
188
229
516
591
645
231
13
192
61
512
544
716
221
296
146
122
681
228
589
585
690
642
340
424
184
553
566
159
605
533
500
22
211
63
718
484
455
160
551
208
351
420
728
133
410
503
308
673
776
283
57
76
168
734
200
493
75
434
559
578
279
529
724
28
350
58
696
143
583
737
423
186
443
270
539
51
226
59
491
369
470
314
220
683
89
101
680
413
383
195
46
767
248
458
183
370
720
656
124
18
67
98
377
687
332
26
268
764
490
428
409
164
352
387
721
754
82
197
343
304
68
678
38
672
590
651
31
464
429
545
639
658
617
398
169
646
230
126
762
276
495
212
517
600
78
259
355
348
514
87
596
735
142
572
727
449
648
130
742
1
561
568
700
117
52
593
662
136
421
448
108
582
334
447
97
522
688
96
541
616
155
525
581
691
725
513
83
674
392
53
689
647
576
665
562
627
614
333
65
444
55
774
669
118
45
380
631
371
196
238
95
711
395
526
731
564
171
497
613
265
114
282
266
301
245
612
723
116
439
709
329
679
432
161
64
451
157
368
633
565
747
460
640
510
655
654
469
778
427
391
749
388
177
123
80
91
110
2
306
549
170
366
272
203
40
328
760
222
693
632
