345
210
305
119
50
207
741
757
446
154
739
535
251
21
492
389
9
685
153
694
243
664
129
113
106
289
109
587
213
635
327
84
558
12
363
181
158
592
319
191
663
310
555
373
62
746
483
629
666
580
520
162
401
323
744
620
73
751
638
275
540
178
34
472
135
574
521
463
150
74
660
303
326
359
730
473
240
216
743
77
772
361
189
729
584
667
536
445
115
232
293
703
761
579
364
322
726
554
504
486
141
630
702
738
750
71
569
390
249
431
105
244
182
641
336
681
201
716
657
25
494
362
607
649
233
86
37
221
659
13
602
188
544
714
300
290
192
748
668
397
728
208
63
36
471
103
718
15
642
400
22
756
205
533
351
770
379
410
500
553
218
133
690
455
643
76
88
339
308
234
559
773
28
57
241
628
269
776
734
503
270
128
291
598
489
724
51
417
302
515
578
75
8
529
673
93
168
20
283
543
779
246
474
190
49
767
377
46
721
195
202
404
644
369
101
56
476
352
413
124
720
475
387
26
656
409
416
314
428
370
706
687
67
764
18
31
315
406
636
639
41
646
284
281
495
686
658
343
381
766
678
705
224
38
398
230
517
672
762
197
419
82
699
399
338
173
713
568
250
459
514
732
149
505
348
449
593
148
52
771
87
671
465
285
4
735
499
622
354
606
355
525
614
257
530
582
271
334
254
562
125
60
309
411
214
263
414
616
194
528
508
382
541
392
674
733
287
252
97
282
386
711
324
132
368
612
54
396
114
371
451
765
206
14
439
171
603
111
552
571
670
138
679
709
292
669
157
774
341
497
380
55
118
245
266
225
335
196
573
306
654
768
104
760
655
633
177
346
120
549
388
80
152
40
749
778
693
176
510
712
256
222
460
565
467
677
267
427
367
255
