181
193
587
438
12
393
154
327
219
757
99
481
207
532
43
480
129
619
251
297
635
253
710
305
412
741
109
466
535
210
652
131
452
685
389
50
664
345
555
237
215
498
316
331
150
107
594
62
223
478
540
567
620
19
483
191
261
242
472
435
275
751
347
661
588
401
777
666
178
326
488
189
450
667
322
456
761
730
486
175
303
163
74
527
536
240
579
115
232
209
743
504
729
361
77
293
707
317
425
702
23
546
35
165
512
201
122
442
13
187
166
144
609
192
221
516
92
758
233
716
229
431
182
249
591
244
300
634
714
71
750
544
681
494
188
299
231
738
400
112
441
211
247
605
676
756
205
566
262
351
374
500
440
690
63
218
72
204
36
585
595
589
379
424
103
434
302
59
734
128
583
28
491
737
696
773
75
279
57
628
270
350
234
186
76
578
241
436
200
515
179
8
423
51
39
88
93
147
511
507
248
370
46
18
220
428
644
325
195
332
94
377
67
687
656
384
383
653
720
767
49
779
274
268
98
523
376
764
180
413
706
680
698
474
543
590
338
217
548
675
259
646
78
173
531
658
775
41
199
636
705
419
754
462
343
321
82
686
617
48
678
699
600
399
429
639
449
593
148
355
568
742
626
622
285
87
719
117
597
771
4
608
599
17
662
561
421
700
501
479
108
717
665
96
155
755
538
333
10
140
610
482
689
65
575
11
97
688
257
334
311
582
691
508
513
528
392
254
83
386
603
563
161
329
55
206
266
54
679
111
335
368
70
571
612
407
497
265
14
157
432
526
451
324
79
196
444
45
235
258
439
138
723
564
396
380
631
670
604
272
2
176
391
654
747
752
306
778
40
469
30
415
256
573
203
123
560
487
768
80
510
640
110
677
328
637
239
170
426
0
