438
213
327
558
412
207
685
109
297
664
21
481
452
480
587
635
592
158
363
219
243
50
318
12
181
389
289
345
42
349
5
251
43
131
492
741
446
694
692
435
347
478
316
162
323
588
288
310
73
261
574
555
594
62
472
638
237
331
66
134
223
34
620
520
666
275
483
736
629
232
236
44
293
702
488
450
660
163
385
536
317
74
326
453
546
761
456
527
353
697
667
445
322
618
486
240
357
726
303
189
27
330
403
512
71
442
229
127
290
166
645
758
516
544
714
748
657
716
165
233
431
105
659
738
92
37
519
362
750
231
336
188
61
146
454
591
577
607
455
643
351
69
394
589
708
160
556
605
15
461
745
103
551
72
553
595
585
566
22
500
770
218
6
471
440
308
75
360
673
734
529
168
291
628
704
542
773
58
234
241
279
28
143
226
57
434
489
186
696
624
511
518
436
302
547
423
417
8
598
332
384
98
89
49
428
268
413
190
767
523
474
509
220
543
183
314
377
720
683
476
409
490
274
687
246
352
369
26
124
202
370
680
764
376
721
398
343
169
197
775
304
399
754
315
68
548
41
623
531
429
284
617
276
502
651
686
462
281
38
705
636
212
31
174
199
740
108
596
348
142
501
742
17
727
354
342
337
250
732
570
100
148
3
626
433
402
29
117
561
719
597
392
717
647
97
684
627
755
575
524
616
725
688
264
81
155
447
60
271
83
541
482
715
689
610
287
194
522
576
95
386
225
679
324
444
161
64
774
631
265
395
723
54
613
612
432
238
45
14
70
451
116
111
79
206
603
55
157
132
266
669
329
258
571
341
526
282
439
633
222
7
573
346
255
120
0
654
203
272
176
604
280
415
712
677
487
460
768
469
123
80
418
152
760
239
170
695
40
467
565
