592
650
50
131
757
685
345
12
365
694
219
535
664
438
349
181
297
587
408
363
619
99
739
9
172
558
113
601
207
305
253
106
318
466
158
492
532
153
313
275
150
736
373
594
347
191
135
483
580
316
463
629
310
242
588
134
215
666
663
521
478
567
19
540
223
34
620
107
323
216
486
317
141
102
450
326
77
303
729
330
772
385
189
630
156
232
743
403
163
27
584
761
488
536
294
175
618
361
456
546
667
359
364
229
634
37
716
390
166
144
519
182
244
296
86
221
362
602
750
681
231
512
569
738
228
714
591
192
454
544
71
659
290
146
657
61
188
299
424
551
468
441
72
374
589
15
394
121
204
397
770
247
745
184
36
690
605
262
676
298
208
484
159
566
585
624
436
143
598
302
559
20
269
39
443
511
734
75
578
542
493
776
279
186
737
358
179
8
200
423
128
226
515
529
417
583
28
308
491
369
698
404
377
46
94
509
90
89
543
248
325
767
384
220
507
314
180
656
375
164
56
18
458
475
26
332
67
190
383
721
413
376
428
16
49
31
672
545
197
646
304
754
651
68
705
531
381
462
169
315
517
338
173
276
464
699
321
185
212
399
775
600
623
636
398
259
568
3
421
449
24
354
606
448
402
285
136
596
108
561
611
337
117
700
355
29
537
4
1
250
622
287
252
309
610
614
447
10
414
733
264
96
11
665
411
524
214
688
508
557
717
372
382
755
575
97
582
311
715
70
432
679
139
497
238
407
603
341
118
171
132
335
765
709
116
731
301
265
114
329
95
552
451
64
45
225
380
371
613
563
206
396
79
138
444
196
157
85
560
203
256
487
752
722
549
604
40
467
565
763
460
367
222
91
152
778
120
469
418
239
640
415
177
654
328
510
272
176
306
80
