154
21
345
408
219
9
389
119
710
243
664
365
327
492
113
757
481
305
438
213
50
592
452
694
5
619
363
739
652
635
193
318
210
601
289
650
158
446
242
288
319
323
496
405
594
73
237
347
373
478
540
629
178
295
567
401
580
483
435
135
555
534
191
34
162
663
666
19
66
453
743
163
141
364
232
730
278
761
584
317
425
353
546
77
27
330
697
23
536
486
151
303
527
450
702
240
361
385
504
667
326
488
322
494
519
659
750
437
244
716
300
290
516
61
714
641
378
312
37
105
390
609
299
165
233
144
127
758
296
477
71
336
146
649
634
166
591
249
586
204
500
506
676
589
394
208
682
745
205
484
397
103
585
262
642
420
605
410
374
556
400
69
247
643
690
773
491
628
8
423
776
443
93
578
515
539
493
186
704
59
350
547
143
518
529
734
168
279
358
200
33
234
503
179
226
39
302
51
436
370
698
274
687
383
352
164
543
458
404
377
375
94
124
764
183
220
180
26
67
16
721
683
202
49
490
779
90
428
523
474
195
387
509
332
18
276
502
78
675
169
260
686
197
381
636
315
224
617
217
31
651
464
548
82
646
590
419
277
398
68
230
212
338
600
766
705
354
24
735
597
355
130
561
593
501
599
320
700
148
606
285
87
250
626
29
448
4
117
433
671
108
691
528
725
194
684
287
717
97
616
614
513
674
715
733
311
333
508
557
334
263
576
83
562
411
392
11
525
447
679
723
451
138
439
225
292
670
368
282
265
324
497
774
114
157
613
603
371
45
563
552
571
395
161
407
711
709
432
132
731
245
341
116
95
396
335
380
444
633
91
2
573
222
391
427
749
640
632
655
280
677
510
170
693
487
255
460
722
418
344
120
712
104
328
267
47
123
272
560
763
