84
109
652
243
558
480
664
452
42
363
619
650
446
106
389
297
757
50
158
289
9
99
466
587
154
172
481
601
492
741
210
129
251
532
119
710
685
592
736
137
178
62
692
261
520
107
310
534
666
347
373
19
223
227
483
34
588
191
135
663
594
401
769
162
777
472
242
496
620
660
23
151
278
707
584
163
630
486
473
35
189
293
703
743
761
353
27
730
326
330
702
554
527
115
294
357
697
403
156
618
385
209
546
187
602
378
229
649
477
437
569
201
442
86
681
516
25
37
188
641
228
431
607
716
192
127
221
71
144
336
92
645
750
13
494
312
296
122
204
22
770
484
379
307
6
533
708
394
218
121
586
471
745
133
676
63
410
36
468
247
298
585
400
500
103
270
434
737
539
529
200
704
308
489
358
515
279
8
547
559
696
186
443
734
493
773
93
578
128
57
302
518
628
339
436
598
511
59
360
124
375
687
370
49
164
46
183
67
653
409
56
384
523
721
94
246
89
376
26
779
683
190
314
753
101
202
195
274
458
428
706
18
680
369
764
762
82
48
623
548
590
775
304
356
276
705
68
672
212
277
766
41
260
199
126
31
224
699
600
185
658
281
636
740
174
398
719
87
117
648
537
3
671
24
465
148
596
348
626
286
130
108
501
597
337
568
136
449
4
320
700
382
264
214
60
530
287
513
125
557
725
688
97
10
83
715
447
616
581
665
524
627
271
575
194
621
257
96
263
444
711
571
292
14
171
70
432
54
266
451
563
95
631
245
564
235
380
324
709
670
118
396
329
238
79
132
139
206
723
395
612
603
64
265
371
341
161
196
256
120
677
344
239
604
722
123
80
640
427
467
366
760
388
418
573
768
0
47
306
560
391
693
632
104
655
110
32
415
272
549
