158
635
305
213
12
446
9
84
181
694
210
243
289
219
297
131
327
741
21
113
207
601
5
129
318
106
251
558
408
153
412
652
480
345
253
685
154
452
261
521
485
638
666
580
135
769
319
137
134
483
178
310
288
275
150
744
555
594
191
550
167
478
746
574
223
661
498
66
237
729
273
189
453
546
527
35
141
163
236
450
488
726
504
445
707
456
278
579
293
77
554
536
102
294
584
330
385
772
216
703
361
326
240
336
221
71
577
569
300
519
591
378
645
494
122
92
290
758
233
390
244
431
299
657
609
442
165
607
61
681
641
634
127
477
738
437
86
750
605
586
133
208
351
112
551
63
379
461
204
553
728
625
770
566
420
718
668
22
682
394
400
585
506
374
218
291
269
443
673
518
51
542
696
598
147
200
529
59
226
358
234
360
489
8
503
704
423
559
20
773
75
88
417
33
457
547
734
93
186
680
656
352
124
764
195
376
509
404
476
94
409
474
721
164
523
375
325
369
470
644
458
683
101
49
67
314
274
698
428
384
46
268
18
753
653
548
31
639
699
495
321
276
406
398
658
502
169
545
646
705
230
260
38
343
617
464
672
623
224
754
126
284
259
212
675
399
4
713
561
87
732
499
572
286
52
142
3
700
250
465
1
662
130
501
421
671
606
354
596
136
320
674
257
627
140
524
530
125
715
513
414
688
392
252
647
382
684
582
581
333
525
155
528
755
60
557
621
97
311
711
282
368
731
85
324
612
55
563
386
301
631
116
341
161
292
225
380
451
526
139
497
70
670
613
265
258
45
444
371
157
245
709
114
774
669
266
396
171
152
40
637
695
763
0
267
752
30
170
768
426
640
328
388
391
760
467
693
239
367
306
203
722
677
32
222
418
47
560
549
344
