50
253
9
289
131
305
393
210
363
452
172
113
492
408
106
635
685
739
664
652
694
158
193
213
5
592
365
619
43
558
412
154
466
601
587
349
297
84
666
483
178
777
150
692
137
316
295
550
746
661
580
261
405
237
574
567
435
134
498
638
310
347
736
620
588
162
19
373
323
618
385
730
504
361
726
23
27
151
450
175
156
486
445
403
102
35
216
209
357
74
702
326
317
579
697
330
322
453
584
294
703
189
527
144
188
602
71
569
187
122
61
609
544
641
13
634
105
312
645
37
750
657
229
591
231
92
442
192
86
716
249
201
454
512
738
362
228
758
218
36
262
500
551
204
63
159
340
585
121
718
410
553
506
112
205
668
756
72
379
420
484
208
770
690
471
503
33
598
515
88
434
234
518
734
28
511
168
628
737
308
128
443
489
200
578
147
704
547
241
358
583
270
724
76
417
279
302
493
179
413
375
332
470
180
404
325
409
274
90
202
416
706
377
46
720
653
124
98
698
89
56
387
195
687
458
428
764
49
753
101
370
67
220
384
190
169
260
517
173
462
82
464
775
675
548
678
38
126
495
545
356
623
531
398
31
68
338
651
429
281
284
277
759
699
199
762
615
430
735
29
700
149
626
596
285
599
24
337
514
3
572
402
622
465
611
100
1
593
433
648
662
610
733
614
538
334
194
684
214
665
10
447
674
557
717
11
392
725
691
575
715
513
525
155
582
541
524
627
414
171
612
386
711
225
282
114
631
324
552
118
432
139
451
54
265
235
395
564
341
669
407
292
731
765
603
206
111
563
116
571
238
723
85
774
396
335
301
161
722
367
549
510
467
346
256
427
768
418
47
749
637
40
604
104
712
366
388
177
633
239
654
415
2
30
255
110
306
344
80
565
