393
50
84
365
305
318
12
438
213
408
131
327
757
243
158
43
153
532
652
492
558
193
21
207
42
99
452
587
480
251
466
741
349
635
129
154
106
181
137
550
73
66
319
744
567
162
191
313
107
629
736
150
401
498
777
316
275
594
540
435
288
472
331
373
496
534
295
310
178
707
660
445
359
175
189
77
216
504
536
357
488
772
163
209
579
364
761
667
330
353
473
74
44
630
151
453
326
726
361
697
702
35
322
25
649
641
437
201
519
494
86
609
233
516
442
577
544
146
192
454
71
748
569
645
312
182
378
122
681
336
92
290
714
61
758
221
188
512
728
556
6
745
471
484
63
420
410
400
184
133
605
668
585
112
262
121
506
441
218
205
15
566
708
468
625
624
302
8
179
583
128
529
776
20
559
673
423
518
308
434
269
350
186
539
491
511
360
704
28
734
291
773
51
33
628
283
58
279
598
314
543
190
26
98
416
67
377
46
720
332
202
375
507
195
248
706
474
458
490
180
101
16
268
413
721
18
779
383
428
644
274
183
653
370
476
686
199
338
495
406
759
224
68
651
304
623
82
277
126
531
41
617
31
678
658
636
174
281
762
545
173
740
212
639
464
429
611
285
593
100
3
286
505
402
29
479
742
499
465
662
1
568
596
727
597
354
448
87
449
108
626
392
264
252
96
145
447
482
97
538
689
581
53
616
214
60
372
271
715
125
522
81
562
691
334
582
575
311
528
335
116
631
552
395
723
114
139
774
14
612
266
118
526
324
138
341
282
368
603
731
563
679
451
380
765
55
235
396
444
161
258
386
95
79
432
45
245
407
752
280
747
469
460
415
467
120
391
693
654
573
328
632
110
203
487
549
104
695
778
722
40
272
763
565
768
2
560
30
637
367
