3062
2569
2106
1658
163
3751
4102
1134
4263
419
185
2337
2859
45
1897
285
4068
3752
3556
1164
1677
2151
1126
4364
2196
1851
885
3684
607
854
3172
4156
2483
2219
2758
3766
2766
2291
2978
3317
2852
2604
3353
4222
1233
3678
271
1693
3875
3349
3228
789
1401
2596
3789
367
1859
3135
1871
3627
2652
995
3053
3006
3738
1883
1705
892
2936
1965
1180
2338
3924
422
3542
3607
4390
37
268
474
236
878
377
1025
2307
825
739
922
2455
4025
2951
2302
142
1122
2820
644
718
3881
1470
792
2351
2762
1529
2271
1165
3595
1394
4147
998
720
1988
717
1858
3574
4062
4079
4152
1078
4299
3162
2580
989
2858
1611
2187
1760
2477
649
793
3758
1409
3230
1638
1694
2063
1277
2774
1884
2163
4326
70
1723
4146
1573
3484
174
146
2610
1022
3770
3869
128
480
1824
3235
4140
751
1302
2282
553
506
4250
634
2162
2578
3171
1266
997
1645
2502
679
3418
2345
1502
3594
150
3111
3873
1876
2272
1117
369
2415
4235
173
2764
2171
2484
873
760
2881
810
2631
839
3043
2678
3475
303
4306
4001
1295
598
2523
2221
2617
3640
3643
2679
1381
2857
2901
2396
876
332
4410
3610
2520
322
2909
3807
3287
438
3796
1849
2770
1686
551
3264
311
826
727
3743
1688
1382
263
3435
3134
2088
1637
3126
1598
2246
1075
4320
1770
722
1970
2848
745
3717
1583
3942
1189
841
3059
4095
1999
1624
3376
3950
920
1894
1307
2102
3036
1905
1378
3071
1018
4128
238
1512
1274
2059
994
2431
3150
887
4143
3168
1745
3333
1840
3328
1373
2729
3003
1732
4170
79
1498
3482
2193
645
3489
3862
1605
1391
3930
1797
548
1052
1444
3097
3403
162
2043
3459
2726
3411
3527
4099
1461
358
776
3681
3393
3334
214
629
2940
4314
891
3041
2532
2878
4149
2304
585
915
1668
1917
1856
2003
26
2948
3990
2614
2433
1695
4126
1620
1496
2142
1893
2347
848
2768
3005
689
3592
1316
3090
1031
4426
4309
680
3468
260
990
3313
2860
3167
2760
215
4231
1308
4372
3201
421
3189
2962
859
708
1998
90
2427
1098
119
2517
4209
341
1665
2769
2920
1795
2566
1716
1950
3387
564
381
2292
3092
1721
3254
1578
2425
316
711
747
2170
1096
3735
3996
730
1564
3338
126
1254
850
1294
3706
3822
4301
646
3207
1328
284
1805
94
1548
3444
1995
1700
4153
3932
240
4302
352
1412
63
2205
2079
2038
437
1182
1043
4211
1514
4290
1985
2140
3631
2172
4078
4047
948
3232
752
3622
2402
3213
2251
3982
470
34
3729
338
912
1681
3209
2725
2365
3269
1878
1551
1571
3127
1838
3602
3390
2057
2144
1067
4443
2811
2165
3493
4103
1676
861
3879
808
977
3500
1435
2872
3295
2237
1356
448
250
4122
3181
3840
2861
737
2206
651
2967
895
1853
2516
508
1410
4234
106
2229
3859
625
1050
1574
68
2767
2625
2507
3839
884
2242
1407
3448
2266
3641
4383
3197
1319
1153
1106
2096
4085
490
2022
3344
2714
495
4304
2839
4335
2518
4401
1433
1843
513
1506
695
2342
2047
2592
2240
1607
2941
2975
3620
2709
4439
1956
1771
199
3918
1987
555
1889
3220
1190
446
928
216
3386
1683
2204
3402
4219
2058
2114
2584
2993
601
1983
1200
1389
969
3106
1626
2124
3517
1957
1197
2966
141
17
3986
2150
2109
1576
2536
4457
1479
3998
1730
3852
1069
2126
1173
3397
365
219
1769
801
1231
4460
2603
504
213
762
2470
1234
3326
3898
4066
2828
1912
4004
581
0
3001
2590
2868
2434
1179
1289
168
1936
3466
471
3165
3818
4045
615
1923
1058
1978
364
3672
934
3702
21
2401
1828
1585
889
1938
1051
1416
265
305
3679
3487
4432
2145
702
3698
235
160
1285
131
3722
4109
3797
244
4425
2645
2720
35
2818
3567
2600
1527
125
29
4354
183
1699
4157
2803
803
4048
1713
3065
1152
2412
3695
3724
614
3902
3909
1097
683
4307
1675
2706
3408
2031
3552
2668
3204
1622
790
3414
279
259
2173
4442
2418
2888
1643
3503
4124
2650
52
3113
2905
4327
3430
1142
563
196
2695
953
2325
541
4374
4381
4037
2099
6
3663
3300
2703
2157
4405
67
3855
329
843
3908
588
374
2826
819
2717
1674
1588
298
3581
2134
337
2873
1868
2568
2949
3226
3997
4411
1541
993
31
273
3949
2539
968
811
868
3086
3479
426
3520
1692
2253
4036
3623
1045
2713
978
3032
2618
2543
4021
4223
2377
3180
2098
3590
23
2866
455
101
1288
738
2833
3035
2306
3219
3084
2212
1759
2028
2323
2087
2456
2363
2189
1846
2847
3549
1357
4373
3794
4191
3278
1253
2305
1973
3055
1469
1304
4394
1914
1559
1926
452
2315
1595
97
3137
533
1504
3831
532
1128
1237
2095
3589
2394
1035
1466
2039
3407
2310
2691
3416
224
1788
1367
3281
47
460
3518
2907
2158
2730
3256
3315
182
36
2224
528
2387
3431
3769
4344
4148
2851
3473
4422
1333
714
225
4214
2241
600
200
1209
1101
4430
3999
297
2701
2927
3153
4107
4289
4193
1076
3858
2410
