328
187
2284
3705
3317
3139
74
4266
3961
1290
4299
1529
2652
1877
307
2750
681
2834
1470
459
2153
2559
2596
3312
246
4459
2040
2616
4082
2259
4228
1774
2106
3828
3130
2815
494
404
1960
2804
2045
764
2844
1248
2504
825
3124
3864
998
45
10
1993
1394
2773
3789
3417
3423
2604
2318
3286
1122
663
3835
2684
673
3143
611
2475
748
4102
1979
3954
1126
2429
4390
3972
4202
2912
2550
1679
4158
1851
4445
1614
1030
3292
1726
809
3162
4079
1261
1526
3824
2731
684
4297
2510
2951
2880
3157
1897
1408
4007
422
1377
4189
2483
534
2048
1174
42
4152
4259
22
62
644
3275
16
2219
48
1243
4220
587
916
2779
3980
1338
972
2108
1525
2571
368
903
2502
873
3012
1849
2774
230
4097
1961
3484
2756
1815
2086
3425
110
3676
4365
4096
3010
402
1686
3050
3264
312
1824
2609
775
1738
2336
1150
2827
3110
1104
964
886
1694
3899
3285
3087
1305
2664
2904
1068
2565
3588
3299
3367
189
2654
1638
2981
826
3486
3145
3054
2500
4267
4399
84
2367
108
781
4287
2823
2484
4179
3795
2574
3710
3508
1155
1489
2549
2793
2639
2399
3956
155
751
3379
30
603
991
1117
2154
3522
2234
3260
1321
1424
1500
3147
2857
28
2578
3544
4348
1825
2575
1814
2490
2657
3993
3328
3841
3657
2314
2708
4388
2437
694
3003
1027
1770
2220
1873
3884
3393
3474
2431
3395
132
2246
3989
2671
1373
2794
2148
3489
1785
3242
3802
423
2812
2021
2225
946
3244
1904
3261
443
263
4216
548
1002
4143
2733
3677
776
3270
1516
2532
994
2059
3667
4333
2043
3725
2878
487
2736
1968
2606
3812
2128
4016
609
1178
3930
1894
3210
319
3978
814
871
4472
3205
3784
98
3531
1793
804
772
505
3983
1899
2294
1167
594
2304
3585
827
3404
1307
2948
4114
1113
26
3150
2352
4033
4319
3036
393
201
1672
2921
3189
1480
1020
1821
2621
1256
454
1364
2920
4153
1514
2598
2971
4438
113
2533
2854
4227
2634
3478
1186
1436
848
1997
4002
693
2945
3943
556
990
2107
1034
2079
4295
4276
1531
1870
2807
3140
2038
2069
3932
1455
2451
2205
221
4477
2760
3703
4384
381
4290
3846
3047
3033
3519
2425
1264
757
2356
3187
3979
589
1893
1026
721
3336
1349
405
3444
769
1412
3741
945
2264
1049
708
3309
4281
1707
1602
2676
646
1379
2619
901
641
4385
2208
3470
2930
1399
622
4467
2589
2222
4010
1579
2716
2593
1210
526
197
1718
561
549
888
4117
2144
1206
1756
948
690
1545
4401
3602
867
2408
3490
2707
884
816
1397
2273
234
758
2167
2242
2096
495
4383
3882
1320
4029
148
1140
4412
2022
3448
3859
2407
3231
408
1050
2165
2488
977
3865
1106
1683
1838
2781
2075
2402
2718
2240
199
78
2967
1351
4077
1853
768
95
3967
1676
2027
1067
135
578
1521
4292
1463
2749
457
2688
1205
71
3907
479
1771
4000
3464
555
4194
724
345
1681
333
292
2597
3094
2801
2980
3981
1267
4160
2068
3120
3800
620
1435
1857
4162
1380
3039
3232
2705
638
597
3641
1280
490
1888
308
2468
3918
1729
3247
3840
3015
3597
2301
1507
3109
1419
2840
266
539
40
1100
1987
3839
537
1976
778
2964
1527
3509
2277
1236
1263
1711
321
235
1499
2257
2546
3325
1945
4225
842
4440
29
759
3651
1698
488
1895
3976
1224
2283
530
77
3112
1146
824
1807
1938
364
3487
2720
1437
2892
3940
1398
1428
4311
1216
300
1875
2362
932
2269
4163
1069
4310
2033
1650
702
4230
4022
3951
1033
3754
2554
2782
168
2757
2828
1418
4043
4425
2124
4334
3898
4273
862
1221
863
2645
4389
1538
361
2644
762
719
4108
2594
1626
4049
1660
1218
527
1439
1860
2715
4012
3326
1406
2411
3466
4457
3132
1390
3818
3870
648
1459
2919
2024
1323
969
429
1585
2703
3072
1847
1606
1746
3408
507
2287
1476
2937
1048
3871
2180
1839
3776
2325
455
2067
2829
309
3226
1837
557
782
4437
4442
732
2568
869
2450
1152
3663
2630
2543
3564
2602
1417
3323
2223
953
4456
499
4307
3778
11
3997
2209
484
2216
618
1041
4035
2098
3855
3686
2072
75
573
3623
1622
1841
657
3692
2200
360
1019
1621
1709
3791
2826
2659
2910
3177
2198
2806
1540
1346
3759
1468
2486
3799
4405
3543
4053
3032
4428
4164
1440
2950
3547
270
2647
4032
25
608
2711
877
2066
2420
2866
4367
4127
3221
2130
1386
3908
3695
2700
1980
2280
4466
3294
3265
257
4107
676
286
1719
1639
3405
3576
1237
970
4155
2146
4125
3100
2117
2443
2256
2025
2730
780
370
1472
1566
532
2489
866
1466
2701
3398
2623
3256
2103
1550
464
2977
3866
1929
145
1291
1121
1415
3895
1057
2320
2833
3794
1850
3628
857
3701
3315
149
2028
2877
3697
3481
664
4100
47
4407
157
2158
1559
101
2281
3792
1094
1007
3281
1038
2453
3510
2458
523
2551
600
182
1914
1780
3358
3369
1193
2363
4371
2423
518
3318
277
2741
2326
2734
2778
691
3321
2915
860
4148
3055
1204
