3565
4220
2762
2550
3780
2844
205
4362
1879
442
3574
3115
998
1992
367
304
1208
3921
1162
2696
3282
2302
3275
984
2797
380
10
1858
3825
3738
1725
3995
459
673
1099
55
1404
3645
1180
883
4266
3458
3280
1603
2871
698
1877
3961
4222
2978
2455
4186
2092
3380
2262
2231
4416
800
825
245
3176
1165
2790
3246
1779
3525
2504
432
3726
1979
223
1851
3460
3007
2616
1921
2510
3409
2758
3824
3312
1529
3366
1172
1897
3941
22
474
989
2463
1484
37
3286
2972
4396
865
116
911
1276
1867
2040
2319
611
3162
3626
2750
2864
307
1112
1339
42
3828
1395
3973
4297
2836
86
4299
1658
4261
709
445
4455
1066
2573
2631
1816
795
2897
4237
779
4339
4423
2626
4145
1768
687
2843
559
603
3475
3418
736
395
189
2000
4399
1694
1766
1935
4096
1760
1636
836
1277
706
3299
1055
544
1727
3880
418
339
3196
1777
1403
972
1738
2796
3842
2171
2234
2168
2756
210
3099
705
1207
2421
3642
1109
3264
4464
4368
700
3017
2166
1931
2162
1599
2399
2484
997
3012
796
2968
303
1525
1686
311
1369
3526
973
3370
1125
2655
839
4105
4474
169
4192
2152
1977
903
3148
840
3807
1553
761
2721
3599
4239
3533
3396
751
570
1645
1651
3027
3486
920
2690
2093
1673
2352
1438
2101
3897
1473
3193
3578
2848
3183
79
4131
4323
1027
1187
3095
1461
3524
3836
613
2894
1917
4011
133
3747
2640
629
3913
728
1583
3244
1565
1881
3134
4133
1975
3270
1029
592
2186
1934
111
3717
1344
366
1748
509
1662
2430
3208
4217
2982
915
340
4060
2850
1491
1814
1012
3744
1739
2917
2064
2494
2490
2304
2482
1160
3376
376
1861
952
3496
1688
3978
1471
1485
1597
2314
727
3169
540
1562
3767
3419
3841
1690
591
2824
2193
1880
60
4421
3669
2800
449
2009
1663
2992
3862
1967
1899
619
1349
3313
3360
2547
3433
2260
4153
165
2589
2205
240
3846
4462
1034
3932
730
941
1008
872
769
3872
4123
1255
3128
1620
1552
3963
2760
3415
3308
3374
2515
117
4071
1586
2835
680
3164
1412
2920
2769
2853
1910
2105
3506
3092
1379
899
4209
468
4270
2208
4372
2172
3009
579
975
341
1043
2071
320
2621
126
4059
327
4467
3603
4477
4044
3662
3768
405
4302
1441
2958
3026
4023
1399
2361
2292
1964
1700
1717
1256
2854
1388
2899
2932
3241
4065
1578
203
1707
3142
3052
3338
1772
2562
1672
1821
4295
2466
2930
1328
567
4244
1885
221
4309
1891
408
773
3490
816
3044
3622
347
1181
3882
3181
2053
1989
1080
266
1137
637
954
2845
88
3894
4182
71
2237
3539
3045
4412
3175
1482
118
4450
4077
2016
40
2597
1103
193
3224
3808
3156
628
49
1513
2035
3094
2891
1334
2242
283
4349
1106
752
4446
3753
3982
2405
1463
539
861
2967
695
4401
3213
834
122
3290
4414
428
1100
3597
1067
642
4288
1681
3847
4030
2856
3307
3102
3209
3402
1039
199
1549
712
3832
2022
686
3591
3867
1086
4161
2555
2357
3737
1242
3893
3492
1320
1784
1267
508
2903
2215
1864
2780
3541
2309
3840
1775
652
3557
3008
1829
3865
3344
690
2342
2810
1492
4444
2883
2192
3853
1087
3247
4167
974
2553
1317
4457
4460
3112
3106
2473
2082
9
2269
1457
3257
4331
1483
2232
4054
1216
168
951
3818
1515
648
1406
1798
1585
4316
478
1389
1627
4138
1077
4150
1231
4322
1263
3535
3504
2600
674
2735
92
1225
3339
1430
862
3683
1324
3959
1822
3340
2536
35
3161
2761
2964
3951
2330
2728
2498
1923
824
3283
746
1279
801
1479
2641
2501
3797
2124
1511
1698
3679
1875
1197
365
3698
3644
1806
2715
2771
3362
577
3575
3289
2813
343
4213
2277
4092
3940
1592
1710
1747
2056
213
2746
2584
3722
3987
934
3378
2058
1418
1976
2285
4230
1213
632
3384
483
3365
4374
4127
726
1217
114
1326
785
2905
2514
2440
4014
2007
1045
2717
2450
3237
4392
3863
1556
2512
790
2173
450
226
4070
3503
3605
3632
2373
2602
1510
1358
981
85
2130
1346
2582
75
2711
3695
3922
1222
2755
791
3438
3699
3226
4028
2620
3742
414
3757
2662
264
3086
1646
2543
455
1476
1503
158
273
499
4312
3638
484
4106
2116
3513
2287
2908
372
3430
1594
811
3871
46
803
302
2495
2268
2198
4456
3689
927
170
2568
3520
3618
2970
1588
671
2583
3759
616
2227
1432
2633
280
2659
309
2745
1271
1306
3310
3229
1347
4224
1842
1819
4328
3067
4407
4214
716
39
1345
1639
554
2158
4419
3077
4193
710
3962
3315
3529
4107
143
4205
139
725
3576
3914
4274
2394
2887
4289
2651
1454
4115
3118
1415
4229
1095
4395
1869
486
211
4430
3935
3563
32
1928
1226
5
1689
1765
546
354
145
2355
4476
2256
1144
2525
1566
3358
1925
458
1193
2026
780
3985
2744
1560
2748
697
738
2915
2308
407
4378
1094
3136
4341
2727
1737
2522
2443
2359
2944
2906
1292
1704
2218
2389
1850
939
1559
4075
1260
3363
1335
799
277
1310
2137
844
2175
3573
