4390
3752
885
764
1141
1174
1654
806
1172
980
3007
2544
1276
1414
2018
3690
3973
3349
1470
1003
459
1866
607
2299
16
1965
3562
1629
2151
4158
3954
1725
3600
3751
3124
294
4152
3829
2338
1877
1494
403
3857
1907
1165
1927
2527
2808
419
2504
1325
667
3733
3645
1162
976
3011
3228
2429
3353
4445
3726
3341
87
392
1844
1275
1099
1981
3002
2766
442
445
1979
3417
3655
2548
204
3709
1133
3779
3380
835
3781
1536
2972
2370
2046
2864
3961
120
3762
971
1313
2045
48
856
2750
2591
2491
809
4222
2386
3680
3542
180
271
1677
1508
4228
1589
304
2465
3317
1059
692
2696
163
65
2758
3312
2605
2393
2399
3428
3030
2149
1825
1703
3148
1123
2415
3873
1102
918
3145
876
1185
2925
506
4455
4073
2446
150
4423
3877
4146
4375
4251
964
510
2981
2740
1977
4324
2076
2867
110
1727
3643
2611
2044
771
2678
1118
3054
4368
2664
383
2648
587
3798
584
3012
781
3343
2162
3171
3807
2796
2759
1678
2793
3816
839
4339
3771
4200
70
1696
1966
3710
317
1449
313
997
937
2542
2874
1068
796
2474
3392
477
4358
1818
2184
3266
2626
220
1919
3826
175
4356
3159
3212
4474
2578
2610
3110
3425
4369
2336
2913
1816
810
4305
2902
1384
544
1431
1516
908
1967
1161
4216
4336
4131
4060
1220
4011
3041
2213
3767
3376
786
3406
2431
2886
1471
1163
3814
827
2480
1151
1974
3793
1702
882
2193
963
1855
1343
3947
3579
2148
1904
2128
252
3454
3311
2246
1011
1029
1461
3297
1491
1968
3436
4388
463
3244
4033
4379
3206
3071
3088
2131
3978
3056
3675
3261
1438
349
3669
4318
239
1975
2437
804
1905
2119
3836
3812
2064
1505
4421
1512
423
3715
1840
430
4154
585
4436
619
1569
3862
330
306
2220
1873
2733
2294
3578
2570
3123
1863
4121
1189
1962
3901
1037
3095
2850
3942
7
2547
1707
3741
2572
3603
2958
1772
575
3357
2142
3790
2676
531
3718
1249
2619
3189
3916
1964
2404
3851
2768
1647
693
850
1985
1049
729
4340
3732
2270
888
1531
2882
1455
341
1184
2069
2347
3306
3064
4023
747
4301
215
436
1252
1496
327
2451
599
2140
176
1034
2376
1691
1026
898
1020
3467
2467
203
1913
2799
2680
1331
348
1442
1301
2208
740
730
1349
2499
3621
4303
1379
757
3647
1374
766
2332
3896
2135
3009
2918
2380
1602
4270
2260
3337
3571
1031
3052
2041
1773
3471
4366
817
124
2560
1096
556
3313
2172
818
466
4188
444
283
3539
4117
1190
1513
1558
4248
2555
2967
2810
138
3492
3625
1784
1407
2217
2638
3178
4085
4165
1465
4292
2027
2975
659
4046
1040
3197
2407
44
977
4144
1832
4280
3109
954
737
4187
1166
2192
3500
2143
3271
333
1351
992
3641
1987
2956
1242
1380
71
3445
3804
324
3693
1050
2694
805
216
3213
482
1370
583
3541
2144
2182
2801
2682
642
2725
1482
596
1549
2188
1838
3861
858
3307
3269
578
783
470
884
109
347
1761
2309
2
1223
4471
3192
4162
4284
4197
2141
2357
3295
3267
2057
3344
543
974
1900
191
2597
1448
1843
410
490
1157
2047
2239
1729
3175
3637
278
1149
3181
3907
3617
3224
3120
2408
651
2242
2468
41
875
1807
0
1176
1212
501
2728
1730
3998
2283
2923
4440
851
3476
3968
3257
183
707
2926
1875
1590
3426
4311
1427
889
2528
1215
2884
1430
759
4159
2674
258
4225
3487
842
2279
1390
1916
478
3624
2277
2895
4329
3575
4391
2535
2055
3551
3550
3844
1197
335
3797
265
1511
1062
934
1350
2635
3577
363
2594
3133
824
3116
3325
572
4022
3734
1457
511
3364
704
3870
2746
2476
577
4454
1028
4004
213
3165
2687
2641
4331
1272
1483
4310
4049
1698
4013
1317
2825
982
3651
4089
3567
630
3515
4012
300
2665
3722
3327
581
833
1225
3852
3373
2832
3323
3394
1944
337
4411
4300
1633
616
1326
1623
2268
1568
3700
2863
287
302
1799
2377
3686
3160
2628
3229
226
1817
1464
4021
3072
3611
2121
3513
993
3296
280
978
2582
4032
573
4048
1072
3547
114
1434
3272
3119
515
4381
1019
2937
2216
2784
3849
3479
1445
273
4190
2543
2412
2949
3629
2695
658
4370
3695
3558
503
3630
3714
2910
2236
4313
2953
3032
2012
3635
374
1708
3564
309
2435
1271
2838
4112
3708
1809
3908
1129
968
2313
3029
2660
2908
1130
1247
279
2031
2060
264
3742
1314
2134
2608
4086
3785
3184
1501
660
3581
2711
329
3757
636
91
4407
2646
4265
1335
4110
2833
4469
528
2934
3687
3202
297
2505
200
195
852
1265
3831
1925
860
211
763
2889
1288
2875
780
3416
4378
4403
2906
2952
2212
1928
3736
2090
2763
1057
1704
1304
3510
3615
336
224
460
668
2928
3473
3318
1119
2248
3377
2326
4075
2452
1570
1846
2310
2175
2702
582
529
3596
3057
799
2247
1144
3970
2328
2305
1121
1644
2410
647
815
1095
1259
1415
2915
787
3363
4115
3549
3483
2441
4476
1292
1630
3256
1719
3914
4419
2156
1780
1958
881
3163
3563
516
167
