409
429
287
335
348
466
218
2
351
422
140
402
265
202
359
347
414
137
186
391
912
1166
841
1142
1196
1192
1000
658
950
1141
875
672
1191
1144
1036
1061
1148
728
838
709
1602
1542
1584
1619
1323
1461
1387
1439
1296
1506
1497
1585
1525
1377
1227
1597
54
1217
1448
1449
2042
2142
2127
2092
2101
2138
2204
2113
2167
1663
2001
1933
2097
73
1853
1881
1680
1880
2196
2095
2477
2326
2213
2423
2383
2404
2313
2323
2367
2330
2380
2332
2306
2376
2252
2345
2232
2320
2285
2341
