171
399
313
501
412
531
332
507
192
114
404
350
215
420
374
418
194
235
284
125
918
646
623
1198
726
866
1041
958
29
1078
746
818
1036
775
992
829
673
801
1164
874
1236
1216
1583
1276
1477
1279
1246
1456
1506
1217
48
1270
1233
1215
1568
1348
1402
1264
1546
45
2098
1772
1913
1854
1851
1780
1836
1823
2107
1717
77
1776
2063
2022
2102
2010
2166
70
2124
1852
2233
2482
2355
2349
2301
2509
2450
82
2523
2216
2340
2272
2261
2496
2479
2436
2518
2213
2249
2221
