196
411
508
488
321
502
277
456
168
252
5
458
545
457
424
183
191
269
0
485
579
1093
1094
653
690
1014
681
980
702
1133
947
1151
1120
1101
1152
1166
976
592
778
847
1465
1567
1293
1626
1239
1378
1231
49
1450
1477
1249
1261
1216
1325
1308
40
1389
1250
1489
1423
2141
73
1709
1725
1823
1649
1710
2144
68
1905
2172
2163
2195
1870
1840
1966
2139
2107
2179
1981
2446
2311
2217
2415
2452
2464
2290
2223
2399
2486
2408
2307
2327
2309
2270
2369
2363
2492
2289
2395
