414
256
348
285
339
469
360
243
100
305
415
147
524
433
357
263
214
252
336
316
1085
1044
814
1163
847
815
979
37
675
770
874
626
996
913
1041
632
1145
1160
1033
728
1546
1424
1512
1362
1342
1570
1571
1557
1414
1544
1595
1516
1315
1286
1621
1465
1280
1468
1551
1381
2036
1733
1919
1847
2190
1659
1735
2201
2101
1966
1740
1739
1797
1972
1841
2169
61
2130
2126
1851
2503
2467
2213
81
2434
2270
2263
2357
2452
2385
2368
2517
2300
2212
2360
2492
2272
2370
2402
2282
