367
339
8
330
245
121
199
364
0
319
460
451
446
290
299
550
107
277
433
398
776
964
1195
1171
1078
793
29
1040
1051
884
649
619
639
998
1000
970
988
817
1122
1061
1478
1290
1351
1434
1556
1393
1495
1376
1350
1497
1330
1422
1590
1329
1473
1467
1362
1527
1403
1578
1880
1951
2185
1834
2105
1658
1986
1807
1784
1667
2148
2009
1873
2029
1836
2135
1850
1968
1875
1815
85
2415
2395
2472
98
2331
2326
81
2443
2512
2293
92
2211
2391
94
2379
2436
2240
2369
93
