150
109
406
177
175
524
187
449
365
414
448
529
283
368
450
370
241
234
213
428
868
992
1205
560
567
1061
979
20
1095
888
760
642
1105
781
598
637
610
667
1002
582
1415
1604
1347
1542
1271
1487
1295
1219
1572
1615
1396
1243
1438
1273
1556
1301
1464
1432
1401
1368
1844
2052
1919
1898
1664
2142
2188
2158
2108
1906
1916
1992
1634
1650
1739
1920
1947
1874
1633
1819
2282
2383
2219
2449
85
2518
2298
2406
2509
2388
2328
2368
2457
2443
2295
2301
2306
2504
2456
2305
