499
219
307
306
202
363
123
330
368
451
510
555
484
448
264
520
220
542
523
120
1017
1170
890
852
734
877
792
565
971
837
808
1136
1095
784
825
1075
1106
1163
698
1156
1282
1402
1335
1358
1243
1509
1300
1221
1604
1461
1434
1405
1616
1291
1401
1474
1281
1239
1511
1448
2053
1749
2135
1756
2174
1946
1828
66
79
2041
62
1861
1668
1910
1859
1919
1872
1734
2084
1883
2298
2468
2267
2295
2442
2465
2469
2314
2459
2410
2523
2259
2323
2290
2391
2491
2380
2376
2496
2364
