101
529
199
462
129
19
141
217
214
531
409
489
482
216
206
211
103
474
415
153
562
1206
857
1004
1045
583
868
819
730
668
833
1086
987
1168
597
576
586
842
1073
1098
1498
1557
1238
1261
1551
1612
1444
1459
1617
1587
1263
1301
1324
1403
1471
1472
1381
1275
1421
1369
1670
1917
1878
1852
2142
1674
1956
2056
1909
1971
1884
74
1890
1958
1768
2144
1652
1687
1653
1694
2266
2341
2465
2451
2369
2337
2452
2314
2441
2318
2313
2241
2364
2421
2346
2371
2350
2353
2381
2264
