454
478
475
354
363
161
344
351
285
304
280
350
146
499
382
201
510
116
546
135
636
1100
1188
1175
1139
964
588
808
1178
1049
1060
947
23
967
1127
1000
737
1135
693
643
1546
1242
1618
1493
1544
1489
1519
1471
1520
1605
1609
1449
1227
1623
1527
1398
1525
1579
1556
52
1978
1853
2045
1963
2015
1992
1829
2152
1782
2151
1847
1696
1904
2121
1647
1659
1855
1891
1985
1743
2436
2413
2261
2211
2446
2260
2331
2500
2213
2314
2350
2437
2400
2345
2420
2474
2364
2408
2409
2330
