331
356
127
146
438
11
160
18
507
209
417
144
204
243
333
286
549
186
293
349
636
908
798
859
871
1046
698
1207
797
856
910
784
895
998
1080
973
1151
1127
884
596
1411
1295
1315
1508
1497
1309
1529
1374
1238
1579
44
1577
1458
1361
1551
1299
1485
1540
1414
1593
1844
1967
1807
73
1883
2087
2155
2121
1944
2181
2127
1917
1645
1808
1720
2089
1785
1939
1752
1911
2335
2439
86
2352
2314
2226
2375
2506
2492
2331
2430
2303
2481
2266
2333
2441
2254
2498
2373
2240
