75
58
127
119
78
173
86
136
102
122
192
191
145
158
47
71
2
100
39
181
87
160
180
51
104
0
64
178
199
108
123
179
43
150
62
156
73
81
117
90
16
128
137
116
28
171
152
146
24
35
141
7
95
30
79
29
49
115
98
166
53
19
40
26
23
61
18
72
80
96
149
185
197
20
155
12
46
170
184
174
68
159
77
188
48
88
9
33
138
169
94
6
143
161
69
38
135
200
83
97
132
59
42
106
27
164
118
144
177
34
13
21
70
74
157
103
147
91
84
193
5
186
54
105
126
4
14
142
109
31
36
25
55
120
175
32
153
129
89
22
