183
199
160
192
86
112
136
0
124
180
78
65
2
158
191
189
122
173
119
178
47
39
181
145
45
71
87
3
75
85
53
56
141
98
132
125
137
62
11
95
9
61
48
52
96
35
38
184
179
115
156
188
97
196
28
197
150
108
171
116
7
140
93
6
195
59
154
43
107
26
46
99
69
19
117
161
139
8
88
68
23
149
81
194
72
162
123
83
130
174
80
110
134
30
169
29
143
185
24
155
176
12
57
166
41
177
121
54
34
142
193
120
84
31
164
22
151
36
4
14
60
21
187
157
182
70
113
147
89
5
1
37
55
25
118
50
103
190
186
105
