160
102
78
173
122
178
71
15
183
100
124
87
2
3
199
45
127
181
192
191
180
58
39
158
64
189
119
67
86
16
165
174
131
161
169
166
125
7
194
94
196
61
52
108
12
106
171
152
138
6
35
130
110
42
20
170
56
197
62
149
26
43
93
28
24
23
19
146
73
111
167
200
155
140
83
156
30
40
85
76
9
162
195
81
96
115
98
53
139
79
143
29
135
77
90
188
123
101
132
137
72
185
179
134
163
105
32
4
14
60
144
153
120
92
37
10
54
193
103
25
147
36
1
121
109
190
74
126
31
113
70
84
168
34
198
41
5
142
27
157
