445
26
75
49
396
21
403
463
38
434
424
392
31
395
7
58
64
30
390
410
65
391
429
69
452
40
435
34
77
78
6
407
443
411
72
52
20
41
28
42
438
440
54
68
427
433
4
409
460
417
401
23
35
16
0
8
25
457
10
70
33
450
462
27
412
18
12
421
404
423
55
66
420
431
19
454
56
436
32
79
520
547
159
535
152
521
109
528
541
113
481
511
491
107
503
148
482
86
487
526
560
164
498
532
510
537
125
500
501
119
153
127
84
144
539
513
546
477
506
98
552
128
514
100
95
518
170
135
126
155
136
530
505
525
89
479
111
507
172
171
502
138
92
553
106
116
99
519
163
485
156
471
509
166
160
169
536
561
488
93
476
82
120
103
517
486
489
474
473
158
531
529
146
592
569
228
212
253
255
244
614
232
235
668
179
174
238
256
640
233
188
225
199
215
196
276
205
567
573
249
565
641
187
602
193
189
213
200
598
611
216
263
616
631
260
277
622
224
211
571
250
252
632
600
268
610
278
220
240
639
642
609
180
607
595
572
237
182
227
576
214
665
619
201
264
234
239
583
621
177
210
241
206
564
221
594
262
624
580
597
226
222
247
194
617
181
254
270
654
586
628
259
661
669
615
274
644
217
591
353
365
289
364
757
296
743
715
746
372
712
354
304
739
385
328
695
363
323
299
300
366
379
698
677
744
330
748
374
689
377
750
370
764
384
313
676
382
738
761
351
728
294
758
735
337
282
387
297
741
780
696
723
388
371
320
700
756
369
734
325
307
694
333
727
752
335
751
314
755
286
329
731
344
768
280
321
701
699
770
339
719
350
343
356
281
714
355
747
317
721
367
765
373
766
672
295
772
774
332
773
740
319
381
707
716
691
316
753
362
730
