39
54
461
425
453
13
448
415
37
51
422
44
442
395
396
404
392
390
73
27
28
55
423
3
444
9
43
26
60
31
397
76
2
25
21
403
53
445
437
8
68
20
69
467
70
418
23
417
400
67
35
47
463
45
464
398
7
17
424
38
457
459
78
6
79
456
394
455
10
452
393
468
413
406
441
11
57
399
33
420
160
475
80
472
168
93
511
489
547
557
138
148
140
560
116
480
111
98
127
537
490
113
533
476
124
562
142
512
517
506
497
146
478
133
527
542
488
559
100
555
89
505
501
84
145
114
516
479
99
551
154
543
137
119
474
515
486
132
122
167
554
546
101
152
112
484
556
520
483
169
91
110
532
521
117
510
118
141
524
128
536
95
81
503
123
161
509
94
504
549
487
163
550
270
650
213
212
189
232
221
198
181
178
231
565
640
652
599
624
238
659
227
623
607
608
587
588
239
669
245
572
228
190
589
582
258
203
636
590
600
628
250
175
611
210
641
277
173
606
223
655
668
264
570
180
233
618
576
262
658
567
643
639
661
602
610
229
275
664
220
642
646
225
183
271
251
243
194
596
626
192
236
177
660
581
662
276
184
575
211
666
261
179
200
214
267
595
234
216
604
593
240
592
263
564
199
195
656
638
764
326
305
358
386
319
381
360
672
309
380
323
340
383
731
348
738
354
362
755
687
336
712
720
714
711
742
739
364
691
307
295
717
357
356
702
723
780
768
334
746
690
693
331
705
318
378
688
375
778
725
732
678
279
376
369
355
324
747
679
718
680
745
384
700
704
709
304
767
320
760
366
329
303
346
337
775
692
749
352
694
344
316
684
332
716
385
282
673
757
377
753
333
363
670
774
721
707
339
347
770
291
294
313
727
744
293
730
335
359
328
