36
429
419
413
440
445
65
38
468
441
400
27
40
48
398
452
456
390
49
9
58
18
422
11
436
446
443
47
394
21
20
63
415
465
453
12
70
78
425
411
402
77
427
55
434
59
76
399
416
397
417
438
407
466
30
6
426
449
420
22
401
458
435
450
74
43
10
0
460
45
54
69
447
439
418
464
421
457
396
13
557
91
101
127
121
472
100
547
111
83
534
149
163
527
92
481
84
489
98
159
505
555
152
88
145
556
503
166
87
157
167
550
492
89
499
501
539
504
106
139
171
82
478
521
103
474
526
147
498
119
562
483
95
495
85
532
143
117
155
124
96
150
162
488
168
148
545
497
81
515
510
475
107
549
90
108
102
129
531
512
151
523
528
141
128
480
507
513
560
125
154
116
559
661
222
571
645
610
594
664
574
224
268
668
239
592
253
628
622
650
617
621
652
587
614
581
177
204
250
575
658
254
588
623
273
595
212
246
604
662
269
597
585
180
263
607
267
635
271
188
584
272
194
248
659
274
606
630
196
593
202
221
641
656
261
260
247
608
243
654
665
653
605
203
564
225
186
582
266
198
657
277
185
573
176
256
601
210
598
206
205
578
624
647
567
197
183
270
632
629
231
600
190
262
651
234
590
619
637
759
304
705
687
326
372
325
736
353
333
688
334
324
346
344
765
743
374
313
720
320
386
702
279
731
337
725
310
328
307
384
730
365
380
350
335
762
760
303
768
774
734
315
300
362
712
680
342
777
351
780
756
339
695
387
727
289
761
674
368
671
676
703
321
752
732
735
716
733
364
772
336
779
707
318
319
672
737
701
377
361
771
673
332
728
356
744
757
751
345
724
312
366
749
690
378
700
748
747
357
694
684
329
285
354
348
382
349
753
383
717
