468
63
40
31
427
74
440
452
421
25
9
68
390
422
26
405
48
402
467
6
61
436
416
462
419
392
59
30
78
71
401
455
58
57
447
55
47
5
420
431
0
448
413
20
72
27
410
3
12
21
469
458
65
13
43
11
451
459
456
8
463
408
36
423
433
34
457
426
399
454
67
444
441
52
14
445
38
46
466
73
144
547
98
519
529
527
148
542
552
163
159
99
482
82
475
172
491
483
124
504
543
493
512
541
127
536
153
138
160
561
495
154
143
149
108
131
474
96
118
166
123
137
559
115
81
171
92
540
117
496
538
147
128
535
537
531
509
132
101
134
109
524
556
156
534
562
476
533
486
557
141
506
145
508
528
551
95
83
488
525
518
501
136
481
554
555
550
165
520
125
105
93
530
609
231
229
650
584
190
633
193
591
632
225
637
582
668
574
180
573
187
639
251
583
655
614
255
267
253
210
652
276
576
236
626
256
602
224
593
607
217
599
263
669
622
233
630
262
212
610
621
214
631
254
653
645
232
261
277
657
664
661
636
223
181
643
594
575
188
213
646
196
240
237
198
586
185
629
227
258
638
216
578
239
648
207
590
273
241
221
199
663
243
618
272
183
264
228
571
642
603
186
572
175
605
205
235
182
178
343
325
729
756
733
293
739
731
680
283
384
326
306
728
683
339
280
357
677
761
381
309
366
364
772
719
771
695
712
342
742
670
328
337
730
361
388
776
383
708
762
374
725
302
692
732
369
382
759
330
315
356
322
713
329
289
310
727
751
760
778
317
327
379
380
740
299
736
308
693
755
355
701
349
352
373
765
290
319
679
685
312
700
688
747
358
777
285
300
724
359
779
774
768
378
292
282
707
323
691
288
385
333
673
696
766
671
284
316
690
741
