414
398
40
392
409
79
77
435
66
425
24
466
13
458
438
78
45
11
469
28
70
464
51
32
421
440
394
390
37
65
408
60
46
49
430
444
460
424
455
22
454
26
405
52
41
36
5
400
459
17
423
411
432
441
451
395
443
457
8
63
74
62
404
29
3
39
467
448
54
43
418
48
417
59
15
53
20
14
396
76
474
97
528
152
541
131
495
166
154
534
137
490
532
526
140
497
556
83
105
544
99
103
557
502
108
535
478
496
110
146
512
491
118
480
509
80
562
546
479
169
481
160
95
553
170
153
117
82
86
94
119
529
516
537
554
151
145
507
161
559
525
475
485
522
164
515
555
506
109
150
513
508
486
168
550
101
167
98
503
476
100
135
517
84
92
540
133
136
102
159
501
524
106
607
203
637
200
583
610
598
648
243
573
228
565
588
632
653
576
220
192
176
655
270
616
599
621
250
603
234
226
267
248
197
174
224
188
251
612
660
581
223
614
249
567
668
255
620
630
601
272
179
182
191
577
196
262
564
667
600
268
206
586
186
591
584
273
236
205
276
202
198
619
592
225
238
178
666
180
654
650
628
194
213
221
590
274
217
665
568
240
219
596
229
244
189
647
263
211
181
215
227
597
646
649
574
195
658
615
739
676
706
765
751
285
692
754
749
745
363
701
772
357
735
361
294
381
776
292
307
336
758
291
297
384
332
298
377
688
359
321
736
371
720
338
685
322
731
724
680
328
750
710
367
699
340
317
712
732
686
313
280
727
753
351
293
687
288
715
315
684
347
310
373
312
704
766
290
673
702
743
738
299
721
287
388
697
723
374
740
746
722
773
769
385
314
339
329
729
696
689
683
705
716
737
362
345
302
760
672
730
733
714
284
698
304
681
682
703
353
