14
442
26
435
41
434
12
18
45
46
457
28
411
29
24
64
25
450
63
5
426
19
11
400
456
61
6
47
2
34
445
77
433
415
402
453
16
20
410
412
429
1
396
35
430
42
74
417
416
69
463
455
7
444
393
10
451
13
15
65
43
60
33
27
406
431
438
421
390
394
39
452
440
398
461
68
409
9
78
469
143
114
523
525
511
557
484
94
542
513
502
116
522
152
165
552
480
548
86
140
492
104
136
164
91
146
127
153
150
475
474
162
93
144
123
154
499
478
131
95
98
163
112
130
132
135
148
544
166
536
81
92
476
491
90
168
506
529
531
530
105
80
141
125
561
167
550
113
515
471
533
102
514
553
126
507
496
486
501
482
138
521
489
555
172
477
89
527
470
563
479
169
171
243
200
568
592
242
613
238
662
582
607
641
575
620
623
667
195
574
229
245
184
248
227
588
204
231
640
244
624
199
591
262
635
226
572
601
625
263
240
570
589
622
176
253
569
183
648
579
596
580
239
615
585
207
583
647
637
222
645
669
181
633
566
259
247
254
668
621
272
224
578
612
232
190
198
185
584
205
188
604
626
180
606
614
225
175
203
656
187
631
619
646
634
191
179
605
177
236
213
639
577
650
632
230
630
594
664
384
342
346
758
752
686
704
734
366
320
338
368
751
691
353
744
709
672
740
693
683
699
780
754
304
678
306
736
335
298
302
715
731
337
348
757
299
377
355
356
385
679
375
292
724
315
357
768
344
284
773
722
766
283
313
729
746
330
341
281
778
296
707
370
379
312
777
326
354
688
680
378
386
309
774
714
321
327
671
345
700
316
322
705
389
675
684
723
295
750
288
319
727
381
351
710
725
294
741
759
698
742
371
697
352
706
748
696
721
674
712
