441
458
396
42
30
433
403
69
461
395
9
429
434
410
448
425
41
15
11
54
404
22
26
2
445
58
468
52
464
440
73
56
51
446
432
449
452
431
12
436
16
0
63
456
412
29
428
451
426
453
36
61
394
49
398
6
66
60
460
21
35
393
46
459
77
62
443
20
65
57
465
28
4
31
462
39
408
416
407
423
151
494
538
94
557
553
512
90
517
148
524
518
501
552
490
153
121
133
529
546
145
477
533
473
532
541
117
519
493
112
100
96
99
556
129
478
545
92
549
523
481
530
510
483
118
163
108
162
563
140
141
559
91
542
98
170
132
86
154
119
114
144
167
101
502
560
152
168
514
156
525
88
547
150
82
470
508
479
554
172
105
480
509
486
130
544
165
111
507
102
142
120
149
643
223
249
652
576
222
666
618
243
195
626
611
268
254
224
214
578
656
609
665
627
201
252
628
669
636
621
251
629
253
594
625
206
649
216
270
657
269
648
603
228
651
262
647
174
596
209
234
215
238
205
199
605
175
653
587
630
227
242
229
246
565
568
602
619
277
266
642
610
606
261
230
226
589
635
200
191
584
212
631
225
213
220
597
217
219
218
188
196
655
634
263
257
239
582
173
607
650
197
644
255
622
248
182
646
567
735
363
757
323
717
283
383
352
674
351
752
371
342
683
326
347
296
284
738
327
723
369
330
365
685
375
334
694
321
730
315
729
727
711
304
313
325
706
329
359
775
680
381
370
346
306
741
780
378
303
366
767
297
774
332
382
279
731
753
755
368
338
719
702
705
728
725
765
339
362
682
688
282
708
778
345
672
385
691
678
358
700
354
704
722
293
771
724
384
355
736
746
298
718
379
693
322
763
761
340
377
710
290
324
294
307
287
692
703
698
751
