35
442
47
24
400
448
439
10
58
415
69
63
39
20
38
462
412
1
67
407
19
408
444
413
21
43
393
56
445
426
464
70
468
49
68
2
59
411
55
424
72
438
405
60
414
52
441
392
26
391
66
41
401
32
61
78
48
416
25
53
76
452
466
397
51
14
457
29
3
430
422
460
37
461
459
45
443
421
42
79
501
512
488
536
529
513
132
487
526
146
472
169
113
127
81
88
123
525
136
106
556
541
144
172
473
490
495
543
137
519
485
104
500
168
479
476
532
107
477
151
95
160
92
114
491
499
103
534
522
133
145
561
558
553
539
482
548
86
496
157
542
515
524
528
105
533
152
478
139
117
507
505
486
147
508
551
142
544
517
116
90
475
502
552
470
162
134
121
498
170
115
153
165
608
605
226
564
252
278
633
238
631
664
628
220
215
604
567
204
218
265
217
225
627
195
241
182
190
658
590
268
203
652
643
206
273
205
619
626
191
216
622
197
221
180
237
242
257
193
639
609
650
582
624
621
227
601
586
599
585
200
602
565
194
274
573
596
266
646
579
645
249
638
635
647
574
667
570
178
607
246
251
258
173
212
589
613
177
657
275
581
189
610
649
576
661
603
209
568
571
653
648
662
665
179
213
595
644
250
702
709
753
755
304
306
714
343
353
358
313
764
322
719
328
340
705
360
733
324
296
749
290
773
694
699
371
713
372
688
703
765
778
766
732
287
329
758
680
347
323
748
349
307
762
677
330
743
729
757
370
367
698
711
327
742
696
334
364
761
384
380
747
317
676
341
310
697
681
388
695
690
297
760
356
777
750
744
342
708
368
386
756
383
683
726
365
294
751
373
298
320
362
727
771
731
710
348
385
775
318
768
689
716
352
375
379
720
675
291
354
