437
24
35
61
409
416
459
395
49
70
456
449
467
65
446
447
408
14
398
452
406
78
425
392
453
69
73
15
64
445
410
417
79
66
50
0
411
67
54
9
51
21
402
422
36
27
56
52
59
77
442
455
53
451
75
18
435
391
421
13
63
46
62
76
48
466
30
16
460
465
33
423
431
38
57
444
37
40
400
19
543
145
86
151
540
499
529
89
562
115
164
168
119
114
519
516
559
487
480
153
147
521
82
142
126
484
551
542
113
140
554
506
93
100
129
477
171
520
497
561
527
172
90
163
159
555
550
141
81
530
494
106
94
108
133
97
522
486
471
154
470
161
121
130
123
92
122
545
479
525
169
105
160
152
513
531
87
475
489
563
155
549
541
111
127
492
146
95
148
515
500
80
120
190
572
628
606
643
639
221
250
573
645
654
656
584
261
231
270
204
228
564
238
186
188
177
233
632
185
580
278
232
605
591
644
258
173
661
256
213
622
597
189
657
623
626
607
609
668
247
667
249
246
602
618
599
260
575
241
192
197
215
219
669
234
665
226
615
199
200
612
230
227
220
655
235
207
616
273
209
634
251
262
663
196
631
259
598
252
610
210
581
268
214
641
594
255
178
635
650
193
629
269
194
248
604
571
596
601
721
308
342
691
285
700
768
385
353
760
383
732
386
350
293
678
755
281
279
687
327
288
306
746
737
692
320
302
763
705
341
381
769
357
309
295
720
375
284
336
317
772
378
689
371
749
671
688
684
697
723
776
347
361
388
735
380
736
673
753
286
698
740
738
734
382
745
742
345
677
699
690
316
329
683
679
359
356
728
315
695
337
303
307
340
322
696
349
701
708
339
351
754
333
300
280
752
759
703
778
324
674
372
707
770
762
712
726
682
714
693
