5
398
762
408
307
154
423
664
563
488
703
24
381
542
663
152
730
164
735
675
691
206
776
682
719
156
176
638
497
569
476
293
669
20
340
693
351
223
537
520
456
54
523
297
124
217
230
503
90
453
772
670
350
183
348
737
498
265
236
0
336
468
626
521
143
2
250
65
22
657
298
416
387
753
595
313
277
400
147
442
43
640
135
355
21
579
199
716
623
648
769
708
62
415
743
138
279
269
241
647
393
672
681
317
53
543
136
483
538
95
146
424
480
767
411
465
502
157
448
419
197
410
71
531
8
292
487
1
58
224
402
55
766
261
210
237
14
34
108
435
114
425
4
644
185
524
605
738
309
414
525
707
19
158
368
281
459
590
566
83
91
78
493
180
312
289
701
141
714
461
726
655
153
394
274
310
242
304
475
150
439
513
101
481
171
688
228
685
522
696
742
332
219
630
300
747
218
388
646
464
33
444
748
390
205
549
139
166
674
412
18
666
599
68
690
142
302
667
504
661
119
603
214
96
618
45
506
347
132
761
490
677
27
625
545
452
291
305
651
220
233
499
471
38
131
364
606
539
204
755
104
380
652
266
594
86
370
764
586
6
611
429
331
79
731
335
252
196
169
530
729
654
315
344
259
752
333
88
637
144
384
598
558
12
99
434
391
145
455
287
208
733
207
565
491
620
421
447
39
377
778
745
93
338
330
151
342
551
615
494
98
588
276
181
775
172
736
715
163
182
187
246
97
540
438
451
749
482
492
512
256
105
418
229
30
601
175
82
349
36
702
17
450
296
477
754
72
376
433
517
127
186
363
585
395
374
262
740
515
426
443
732
160
650
318
440
635
339
496
60
645
106
369
750
50
49
63
203
470
148
113
495
232
109
352
268
167
188
683
622
