730
638
721
77
156
24
100
777
122
381
307
776
619
668
762
46
636
712
206
423
675
216
345
575
682
505
5
176
693
0
54
670
236
500
709
523
217
293
550
476
90
348
11
20
297
569
520
669
396
453
503
340
124
457
680
699
497
537
737
468
587
211
115
508
659
199
757
554
357
147
65
313
75
416
191
743
22
400
358
327
769
640
135
346
298
143
432
623
521
765
579
753
472
708
716
383
250
258
410
543
672
411
502
157
184
324
44
197
613
647
371
767
689
480
424
478
241
531
317
94
190
746
617
700
756
212
53
538
766
114
414
425
566
366
529
643
237
78
525
741
168
180
309
343
435
102
14
368
185
91
694
401
532
158
459
751
474
9
83
13
55
644
428
261
228
179
274
101
174
475
209
744
522
300
337
726
394
76
310
723
242
322
705
141
153
407
120
304
219
481
178
630
701
528
316
150
18
506
139
390
301
218
690
674
323
57
593
96
412
603
244
667
42
464
770
711
612
629
430
666
214
509
200
549
119
69
562
646
490
539
73
305
353
379
580
6
204
370
308
220
471
625
597
652
386
38
198
311
104
611
606
553
556
131
255
761
594
37
280
724
454
462
107
287
413
272
445
329
530
729
88
722
79
208
558
671
641
335
733
384
259
144
145
239
84
25
717
333
598
704
570
391
745
40
361
422
80
213
421
778
491
330
736
662
610
583
137
126
574
98
7
103
565
592
360
163
507
172
31
207
66
151
181
182
36
433
774
557
123
256
186
286
438
451
294
534
362
725
389
460
585
271
376
92
601
175
127
758
436
492
17
229
749
82
702
541
28
283
732
645
514
232
466
282
607
773
173
148
49
354
697
392
760
262
188
167
515
440
469
89
369
109
404
649
81
622
63
203
162
573
