634
575
542
111
307
156
381
636
505
295
568
192
776
463
596
367
675
306
712
488
719
567
691
682
730
177
423
398
351
476
578
669
348
285
297
54
265
382
134
503
249
340
582
0
350
385
520
293
665
211
537
325
498
699
278
709
670
772
20
125
497
550
356
355
400
2
62
595
250
143
373
75
199
441
234
387
43
346
659
743
279
521
147
298
415
626
657
753
623
472
769
648
614
757
765
432
138
684
292
672
617
576
197
95
516
767
393
371
756
359
334
621
647
681
419
487
746
700
411
480
483
502
136
779
61
71
317
531
238
180
402
91
428
425
414
707
281
751
253
435
130
405
108
9
459
158
738
58
215
406
85
474
741
4
343
185
643
644
446
247
368
13
493
525
332
228
378
728
101
219
655
120
744
555
747
630
481
76
616
257
141
726
513
407
267
685
723
546
692
289
461
475
341
242
209
274
323
57
506
18
235
559
768
612
412
547
139
16
388
347
314
479
511
254
674
290
562
142
117
629
603
205
218
166
23
200
519
68
591
104
545
526
553
471
38
291
490
454
580
370
761
586
606
501
452
266
226
86
198
131
128
201
437
27
280
628
233
677
308
572
594
434
722
88
107
654
144
99
384
633
239
678
637
331
118
145
734
252
570
344
671
79
417
272
752
455
196
733
462
287
397
25
163
187
360
540
31
10
39
720
103
181
182
610
80
66
551
15
40
588
592
620
7
736
710
491
615
213
330
673
565
662
679
778
436
36
541
92
363
450
433
561
467
256
72
702
82
372
231
601
763
30
374
512
725
492
271
349
389
161
362
534
376
758
296
129
631
573
109
369
496
113
203
162
622
635
352
63
760
645
449
650
571
466
47
106
160
604
495
284
28
392
697
188
262
148
740
41
514
282
