664
691
638
46
653
675
299
375
634
596
563
575
776
542
381
719
663
70
463
345
154
712
275
505
735
206
703
682
90
348
669
670
385
236
569
453
351
581
260
223
56
497
578
550
523
693
737
183
211
20
587
265
264
116
350
503
0
665
217
249
11
680
121
22
298
623
387
648
521
240
415
769
115
416
138
626
43
327
165
313
355
400
2
472
624
258
640
441
595
147
484
357
191
554
659
757
62
189
8
317
478
483
324
245
61
672
71
67
656
739
767
531
248
53
689
197
149
326
95
190
424
465
480
502
621
746
700
94
643
694
185
238
9
414
365
446
529
247
78
741
590
58
532
91
458
566
194
309
707
401
459
425
644
83
102
168
261
158
525
237
55
108
493
210
219
310
178
153
332
439
528
427
602
546
174
378
251
744
101
209
747
242
228
267
616
726
728
141
76
522
74
705
26
742
274
513
119
254
479
646
166
244
666
430
473
18
629
243
33
214
59
42
390
16
57
388
603
711
506
69
45
562
674
547
690
96
301
770
27
386
131
353
677
606
527
321
266
38
226
545
452
86
454
64
280
204
572
611
580
651
761
625
553
594
319
380
291
308
471
320
437
729
489
434
287
272
140
598
558
88
678
32
637
633
344
145
12
641
331
329
259
671
335
654
144
570
589
25
734
118
717
462
7
673
137
39
736
93
778
276
759
31
10
551
577
447
97
80
52
207
246
163
610
151
574
98
126
288
592
15
627
715
187
431
754
389
512
221
127
271
774
372
87
296
557
363
758
561
123
256
477
706
175
433
451
642
82
763
36
374
541
517
492
749
585
105
750
113
635
683
760
571
622
392
167
426
203
268
773
173
106
148
449
697
740
283
318
650
160
649
133
81
188
339
63
262
41
533
573
282
