206
691
423
307
46
619
24
111
275
730
306
367
398
345
408
176
488
776
70
155
299
675
5
164
463
152
375
663
263
498
468
665
680
569
124
737
325
125
116
457
211
285
265
264
134
699
523
581
217
520
183
456
709
550
230
669
486
54
249
670
348
170
743
240
147
432
579
521
21
115
138
199
416
484
716
508
415
708
441
250
614
258
62
595
554
65
269
623
327
373
769
189
684
357
313
234
765
472
411
241
53
576
544
393
538
613
424
672
502
94
67
334
779
317
448
324
465
371
686
639
480
149
621
44
700
656
647
95
529
493
85
158
224
78
435
19
238
401
114
446
738
532
766
459
309
707
605
13
644
247
261
474
425
237
168
343
676
194
590
215
102
368
751
210
322
304
475
705
555
120
616
714
692
228
267
584
153
274
394
289
407
513
26
535
723
427
655
35
744
171
178
409
76
481
630
728
646
629
302
119
748
200
388
593
464
549
69
473
519
698
139
599
347
290
314
511
612
509
661
117
42
57
254
244
667
506
430
33
539
6
586
628
490
321
291
420
380
597
499
128
527
591
651
255
280
27
364
556
471
606
572
233
677
104
311
266
220
609
386
611
198
32
717
455
99
731
413
518
239
88
169
25
695
208
397
12
671
144
417
331
678
570
287
548
145
252
637
558
196
429
202
51
710
172
662
97
491
540
93
736
431
361
715
342
151
673
338
713
592
588
276
494
103
507
778
31
565
627
80
246
187
360
182
39
749
372
433
758
92
389
585
48
541
450
376
608
129
418
229
374
286
438
492
517
221
512
82
702
601
362
349
30
485
436
225
328
133
60
573
645
750
28
262
732
49
148
760
404
604
283
352
354
740
443
635
188
339
282
167
650
631
50
173
392
63
495
470
284
41
268
