777
295
192
345
632
367
176
730
423
596
510
634
668
776
735
762
660
719
664
70
619
306
721
542
152
110
505
122
523
278
687
170
587
718
265
336
125
124
709
665
550
737
11
520
457
183
569
230
263
211
468
297
350
351
54
456
669
772
497
537
486
582
121
313
165
346
234
579
277
269
373
400
716
356
387
279
521
757
21
189
416
484
472
355
298
143
191
75
65
358
258
554
623
595
199
383
357
240
478
576
136
359
516
700
465
292
656
334
483
190
538
487
197
613
756
241
771
448
193
767
71
222
317
157
480
44
184
393
458
4
590
253
168
210
694
238
414
130
9
158
102
459
14
566
435
19
194
85
446
751
605
237
368
108
366
309
83
34
532
474
707
493
405
425
630
267
251
705
409
555
747
153
219
744
528
257
74
535
439
141
322
513
616
522
692
178
688
341
602
407
685
316
726
101
701
174
612
506
464
390
511
711
302
690
519
430
444
42
661
618
301
243
559
139
59
593
666
646
629
119
235
603
323
768
200
770
214
23
86
677
437
305
556
255
364
580
420
386
526
539
628
652
311
64
594
280
104
490
220
545
724
597
73
321
320
131
266
198
38
454
204
429
455
434
227
733
252
403
734
678
462
695
196
548
518
445
704
315
51
12
270
560
752
287
329
633
598
417
558
144
208
99
276
565
673
338
720
80
679
181
187
7
103
610
246
10
31
507
491
775
574
577
182
126
431
52
172
66
15
137
552
620
151
627
706
123
585
186
763
541
433
482
231
534
725
399
363
328
512
271
702
438
389
451
349
374
221
286
92
129
48
175
467
517
608
376
369
443
604
495
112
622
339
440
133
188
352
47
514
148
426
50
607
697
63
268
683
203
109
318
392
60
496
262
41
28
469
232
466
160
