653
155
505
663
660
675
735
730
164
563
463
152
600
46
367
216
206
154
275
568
192
295
381
719
691
299
619
596
457
468
453
230
582
217
278
0
54
211
325
486
500
456
293
520
223
265
385
134
260
578
665
569
670
699
382
396
718
669
737
523
350
537
648
484
554
743
358
22
143
355
298
115
623
357
313
383
757
269
62
432
234
716
765
138
75
65
684
165
43
579
279
3
373
708
614
442
508
387
190
371
424
8
419
334
480
94
71
576
197
689
136
544
779
184
241
95
393
700
656
487
248
771
317
516
448
146
157
359
9
237
566
85
605
281
253
114
108
159
102
458
474
185
83
168
406
435
707
261
414
158
58
180
425
751
224
14
238
366
676
13
130
741
405
4
289
179
141
312
536
101
337
171
701
427
584
546
481
409
76
341
322
714
705
696
242
228
74
742
555
439
723
461
407
726
267
178
479
509
235
768
139
205
290
690
244
117
506
166
464
16
629
195
666
593
119
59
473
711
45
42
69
547
559
68
57
33
770
218
651
572
625
420
471
380
586
370
201
319
353
652
226
594
311
609
280
204
233
677
724
628
73
291
591
764
308
266
437
499
490
454
761
734
570
12
145
417
403
384
335
391
169
445
259
397
731
637
717
208
79
678
272
530
633
752
671
252
315
140
560
25
344
548
151
447
615
338
137
422
10
246
342
583
574
97
551
213
103
552
330
592
172
775
15
187
713
40
98
288
126
673
662
207
431
720
225
725
541
608
517
36
642
482
92
374
17
349
231
706
161
389
30
87
460
749
561
82
451
395
105
72
774
492
399
123
438
363
750
683
443
392
106
645
426
47
469
81
495
449
697
232
63
604
303
89
354
318
773
339
440
148
631
133
466
262
112
470
160
514
109
533
