307
110
216
24
658
367
122
176
636
664
675
638
423
542
70
345
5
682
619
600
730
719
381
375
295
164
408
776
336
693
20
350
0
278
497
382
260
223
537
476
498
718
124
520
236
249
11
523
587
293
581
453
699
351
183
457
264
230
125
569
486
217
346
579
657
138
3
121
432
757
115
753
400
614
357
313
189
521
143
356
472
21
358
383
191
624
147
684
75
441
199
743
135
373
716
769
765
327
8
686
61
324
222
67
617
516
756
190
543
317
647
689
672
576
681
241
197
95
656
767
465
544
1
248
245
621
94
149
224
19
238
707
525
402
168
368
435
215
405
85
247
425
78
9
91
13
741
401
55
159
4
751
281
102
14
524
114
261
34
676
180
493
738
108
150
219
744
120
427
312
481
267
141
705
174
475
688
728
409
723
300
178
242
209
251
555
316
513
655
461
289
310
322
74
332
439
646
301
243
690
244
302
666
473
770
166
768
142
674
698
117
45
96
16
119
18
559
593
314
711
506
504
388
235
430
667
205
511
572
501
591
132
311
86
201
764
556
471
539
220
606
104
38
437
128
233
580
280
652
266
6
545
380
651
527
586
305
204
499
594
526
548
434
252
722
329
462
429
570
25
270
333
598
208
287
633
403
637
752
331
259
417
196
560
733
671
169
734
678
729
12
84
213
494
431
778
679
540
552
187
736
507
491
93
775
588
207
10
592
181
7
551
447
710
745
713
80
40
574
276
610
627
31
715
186
231
36
161
517
492
601
87
564
72
389
436
749
561
758
725
362
271
399
127
229
541
17
286
175
467
349
534
642
256
328
92
392
622
318
514
773
573
533
148
81
495
604
339
162
284
645
47
60
106
760
273
112
50
282
262
354
740
443
369
283
113
470
631
440
203
