111
735
46
345
375
703
307
691
70
664
505
110
619
542
632
275
152
155
658
367
381
295
663
660
568
306
675
156
223
486
285
217
116
125
340
523
699
569
124
260
581
348
325
134
693
293
11
265
578
90
351
476
670
669
382
297
170
183
520
211
350
264
472
753
240
43
75
716
373
327
165
62
346
659
708
358
684
279
65
258
355
441
143
115
189
22
757
250
743
442
121
400
769
521
357
135
138
765
241
245
480
689
248
478
67
136
1
756
639
371
324
411
502
483
212
149
531
686
317
767
71
424
538
29
779
190
700
222
402
78
435
368
83
102
58
237
694
524
114
738
185
428
405
4
180
707
224
253
309
130
215
210
366
751
281
406
590
474
643
459
168
13
425
401
178
630
439
26
251
101
209
522
536
555
685
616
310
688
120
714
267
304
728
584
726
409
179
692
528
341
150
174
219
481
744
546
519
214
770
195
390
479
768
290
45
674
629
506
347
593
301
464
547
139
302
18
748
511
599
549
33
504
254
388
200
562
661
166
499
104
319
761
591
128
606
764
255
226
553
370
380
420
490
526
556
454
652
572
586
131
311
266
594
379
321
204
625
64
452
320
539
32
633
704
272
695
169
570
752
671
79
239
287
731
145
99
391
729
384
518
530
403
107
560
51
445
227
641
413
678
335
434
172
422
447
574
551
7
163
727
93
720
52
507
588
31
494
181
97
39
207
137
540
338
98
246
615
673
126
213
610
778
620
10
512
129
758
774
92
482
175
749
256
328
221
372
105
374
763
286
389
72
467
399
48
30
541
702
123
608
451
436
534
363
754
376
318
571
635
440
514
148
106
203
173
573
49
81
133
113
162
89
470
369
354
740
697
732
449
683
443
773
188
273
50
426
339
604
167
533
