776
77
730
345
510
653
675
122
216
192
295
712
567
307
408
206
423
619
176
668
164
634
70
632
154
658
762
488
230
54
170
293
236
340
550
211
581
217
670
297
587
772
569
124
260
699
90
134
223
520
687
486
264
737
350
582
396
0
523
20
351
680
769
147
62
554
765
716
143
2
614
684
189
623
432
442
579
313
373
624
484
115
415
659
327
240
358
234
135
75
356
743
355
346
400
43
138
199
359
326
779
544
419
393
146
61
656
222
483
184
410
516
538
576
686
324
292
531
756
136
746
193
317
334
190
689
480
71
309
168
13
529
237
766
493
368
261
643
83
414
343
215
114
238
102
402
365
224
738
194
694
459
91
247
281
130
405
9
159
428
185
435
590
751
310
723
461
219
141
655
584
409
744
267
726
747
602
714
289
274
150
528
304
337
171
316
300
692
701
728
35
120
705
522
178
475
547
711
666
166
96
593
45
200
768
16
117
69
68
473
667
504
214
603
599
464
42
674
314
254
57
323
618
562
290
18
430
444
132
499
606
594
609
37
86
454
321
651
539
364
755
233
6
386
452
204
370
38
471
625
131
724
764
490
27
226
64
308
652
420
266
259
530
654
637
434
671
384
704
678
391
633
169
315
84
196
145
335
548
329
252
202
717
272
734
397
731
333
118
589
270
417
330
494
137
574
615
583
97
276
246
431
360
720
40
98
778
577
551
775
207
172
187
151
713
338
93
31
679
592
288
715
610
507
585
763
399
774
492
395
438
758
564
725
286
221
123
231
477
175
294
389
363
433
256
749
450
36
72
601
436
512
482
186
557
161
318
683
63
232
470
188
203
268
697
106
50
113
650
41
469
282
89
495
109
369
49
133
740
112
571
635
649
533
28
515
631
392
283
160
