3553
3477
2862
2225
3265
3832
2163
2971
2229
206
4133
2263
3597
308
1471
415
4344
602
2148
1676
782
2756
32
3013
1066
1166
3952
3333
534
4315
3085
4245
2002
1582
4240
297
4269
1817
2320
3684
813
3895
88
1244
4224
732
2431
936
993
55
2015
112
3379
822
3992
629
504
2780
1339
211
2719
2854
2218
2590
1954
4290
108
1913
158
1729
4027
4091
3104
2683
2367
2346
3283
4077
1709
1085
2466
548
1321
3175
2471
1764
1580
848
28
254
4375
1286
951
2119
2262
2497
4118
4325
2426
1829
2005
2300
1027
2547
2134
2009
271
2430
4231
2511
1393
303
3643
4328
3053
3395
2644
767
2076
1408
3828
58
2001
1253
792
3457
749
2421
2531
4298
650
2160
2162
1079
340
3804
851
356
2381
2452
1292
2762
2957
4037
3127
2082
2208
1881
2694
2585
2151
2443
1969
2589
3966
3322
4210
3170
2709
4373
2760
633
1201
3299
1403
885
4324
86
1474
1531
1912
4304
2810
2364
4236
640
1674
3686
2227
1412
1263
2209
2058
313
2121
4197
3269
418
4339
2024
2617
1990
2628
3015
654
2515
1283
4166
911
2696
3351
4052
819
863
2317
3817
662
3120
2052
1214
1345
49
1868
929
3317
2173
4138
304
2811
4147
4022
3308
1438
2099
979
2178
1947
1102
4385
2215
3375
1469
2236
80
730
3180
4080
251
3304
3462
3709
3393
3715
2023
393
2104
977
3982
4096
2785
3067
518
1010
4134
811
2312
3196
1816
861
2165
376
3451
4170
1588
3293
3445
765
1578
1665
406
3094
2569
272
3444
99
4227
3531
2830
3981
434
3959
3926
249
3065
3777
4005
2934
3929
1635
3487
4002
3941
111
2774
2525
2504
3866
1953
2604
1397
3685
3749
3146
414
1431
513
2223
1977
1706
747
2401
621
1359
3307
1420
2361
826
79
1367
2653
1558
2533
2011
3596
1557
4357
2871
1485
1617
1772
3289
1209
1843
3673
628
4334
135
1111
2812
2256
1043
3314
1136
3965
1942
3508
2110
1716
455
46
2157
526
2605
3833
2876
4268
630
2347
4001
2391
4172
3077
3881
1833
1164
741
402
269
3693
4309
2845
4217
3234
2710
2448
2334
4064
514
1751
1468
3945
1869
2158
1920
3884
1573
129
3288
1553
1437
3497
3492
2750
2030
1981
2480
207
2251
1810
1792
4164
3148
4205
3426
2486
1753
570
1364
2130
3668
1221
2440
872
1640
580
613
678
1421
3017
3321
3337
3046
2473
3627
26
1326
2385
435
780
2580
2735
3409
2562
887
634
224
3026
1487
2185
4327
2523
3006
2451
1141
3621
2532
1039
2505
85
1378
2938
1897
962
3242
2866
1812
1395
3222
213
3429
4183
3606
3278
1276
3305
1406
2149
4252
2813
1966
3381
1191
4318
3279
1145
2235
3902
3938
3153
4213
862
3607
486
3341
1689
2398
1996
4095
234
3420
622
4310
1552
1103
804
3658
289
561
1789
692
222
771
4048
3555
583
3718
571
136
3166
1821
1905
3086
563
2868
1190
776
3131
1315
3108
3424
3114
1149
3753
1372
1026
940
865
3874
3624
2901
4117
3051
802
1113
1519
3048
3404
3830
394
1327
1734
1249
1108
3983
2963
1987
2090
3591
4120
2629
4084
143
3819
3439
4097
743
4000
2738
422
3779
3156
3993
13
2080
2069
2576
3836
2008
3913
4089
528
1822
4284
1602
4383
3455
3240
2072
3152
1691
1257
3702
2394
1087
4322
3835
1076
1157
2984
3226
712
2131
1492
3007
2674
4254
786
1941
3578
742
3933
2986
573
3545
1692
2638
2642
1038
1089
333
3584
3867
4209
320
1597
1918
4062
1606
1988
754
83
957
4051
3734
