1616
1472
1071
4158
1335
2504
57
3474
3098
2588
3808
1176
3938
4007
3259
1654
221
2526
494
109
3397
2224
2044
3813
1758
2720
18
1366
818
180
1894
1843
554
3992
1374
2715
1315
2850
1426
3433
4133
3203
1912
4031
1033
438
650
2317
3891
207
980
2119
1613
3970
4286
3239
1780
2661
4019
4043
1128
2114
3044
679
3863
582
4234
2999
216
3253
3876
2967
3825
3408
1893
1879
4323
748
2118
2943
3143
1406
1668
3543
1239
2708
4159
4070
2667
599
1189
321
2931
1276
2305
2613
3133
1242
2233
352
406
651
1708
1913
303
936
3821
872
2510
2002
1853
56
1633
2284
4185
2779
2592
2578
2542
3837
3901
2245
2799
4349
2585
124
3956
2772
1006
334
3186
463
1167
1888
3850
3924
504
638
4251
3444
1326
4143
913
641
3775
391
4028
4266
1638
404
2952
3430
2071
1343
2756
3687
3810
960
2179
3029
419
3661
511
2840
1934
4074
3973
585
3235
1292
2443
561
4140
2301
3961
185
1981
548
3064
2809
4166
1079
1851
1554
3789
4046
42
1415
4357
2532
2911
283
2650
3812
2055
4191
944
3549
3182
4027
1094
1964
251
2628
2098
3300
3048
2942
3739
272
1535
2027
4091
2212
2277
3746
3783
1543
839
740
3732
1501
3106
1968
4138
85
2626
625
3357
2513
1599
1014
2377
3023
1214
3496
1761
1678
3861
3057
1836
3142
901
2081
1056
319
2105
3965
2581
2794
499
2278
2988
3930
2522
1797
4077
2476
1341
2769
3201
3788
4294
192
785
4094
3946
4061
3729
1351
3875
77
3077
434
2286
981
2936
63
4025
458
1788
72
2211
3964
3979
2188
3331
330
4153
604
1908
1170
813
4327
1280
1567
3073
1844
1992
3823
3376
1497
787
1008
1148
2902
2702
170
1040
3518
3564
797
3404
3450
970
2040
2709
1165
357
1681
390
1379
488
2547
451
4337
1906
1353
1577
1712
3615
3122
1811
663
3955
3762
887
3124
4348
2120
955
4225
2767
4142
2252
2509
219
1047
1814
1828
619
4198
467
1323
1235
1312
395
1177
485
2530
3890
3714
2064
2033
2354
368
802
3689
1029
2258
2773
1658
1874
2764
1012
4150
3087
3848
1859
93
2372
1125
2001
27
1010
1324
3655
3816
2899
946
2288
574
3005
931
1136
4358
2460
1328
1925
773
4076
3456
2271
157
36
794
3268
3438
3602
1882
268
3605
2438
443
3806
2973
2669
2445
4282
3290
840
4056
3447
3083
501
1723
3523
1838
2956
612
389
1447
2494
4241
611
3172
3977
3202
4132
1512
2368
1375
1973
3292
1553
2890
1481
240
249
2697
1436
971
795
2860
3811
2495
2124
1212
2556
852
3265
745
3753
1741
862
2679
2344
3363
360
1053
2976
3632
1367
684
3705
3381
3475
1488
4332
1245
830
1203
3043
1573
2511
699
1636
7
2396
1007
1202
1019
1581
726
366
2880
590
1092
3767
2420
1878
763
2150
502
803
4029
3063
557
665
171
914
1316
2599
1372
3293
76
3132
3299
2639
627
168
812
1555
2248
3623
2336
3679
3102
3400
1448
1541
3856
966
2264
4252
1350
1416
4305
3101
4188
4366
1103
3468
1081
1909
1656
1504
2545
4157
3631
13
3245
1614
431
2636
3020
186
560
1240
2995
1943
436
2994
412
1093
3187
1598
1597
3579
720
3244
703
92
2944
199
4051
1901
3696
4369
3169
2447
2577
3704
3248
3012
1900
1251
2080
3984
680
3224
535
1215
1820
3585
1143
2199
1046
3185
1605
2290
2638
3584
2065
3907
1694
1301
3724
1595
2963
2737
1877
1808
4250
540
420
2145
1991
2507
1124
898
1086
2738
738
