311
1937
1106
2559
833
3103
3854
421
601
2200
2880
2928
1899
62
4039
3870
1478
465
1415
26
1797
892
4351
3316
325
2329
413
860
1550
4057
710
4088
4278
2128
1244
2717
1859
2125
529
269
3499
2776
4300
1005
1045
1963
1096
3697
1844
590
3396
2930
866
2046
3004
3977
1245
157
547
1428
3979
3116
3326
2966
3612
2958
1194
3831
3387
1444
425
4334
4091
941
3318
1795
526
1780
1626
1594
1059
3464
4344
1440
731
861
3313
2030
636
3865
1891
3403
2485
817
4208
2037
1430
4012
3524
3065
3082
878
1375
409
3884
2793
791
348
1813
953
3310
516
3678
3113
3807
3963
3762
2820
114
1184
3852
3939
1617
745
3013
2544
3561
1364
3849
2277
2047
1071
4282
1932
3477
969
2815
1353
3483
2721
915
2104
3086
1793
3183
2100
44
1457
4258
2396
904
38
1284
2333
1722
823
927
3821
602
2061
2582
1394
2276
1101
3104
1740
2862
4241
3110
4040
1903
689
2148
2652
1785
32
3365
106
2720
1867
258
2501
3028
3196
2812
470
4009
1373
1648
254
3548
4146
2398
4136
3290
1122
2650
1442
1047
3851
391
1320
2898
3209
2004
2258
3468
3710
1552
951
3844
477
240
2304
3413
463
2421
353
1395
1343
180
623
2883
4180
3625
67
4116
288
1249
2135
2830
3039
3953
975
2483
136
4248
792
255
1416
1680
755
380
2109
3941
3521
1185
2048
1040
3489
3062
1490
1933
996
3054
3991
4290
3138
3440
3607
398
736
262
527
995
3833
2404
1223
4118
1665
1763
3306
3032
993
2747
2797
1227
4276
1239
2981
4349
1717
1407
1578
3736
2260
1482
1659
3948
2762
3284
86
335
3827
3288
2294
3045
2527
2476
2780
1202
3929
3072
2487
597
1326
1149
270
4045
1947
43
2312
971
1582
1512
3513
4330
630
2808
1033
3530
572
1463
824
3484
4253
1658
3031
3219
239
3511
784
2599
2025
2914
3121
1379
228
887
4197
1885
2120
2334
3730
1935
2085
1386
1204
1723
2788
945
3441
1421
3379
1749
2878
3856
1888
332
1971
3323
1584
1253
1294
4235
676
293
1838
4159
0
3465
3769
2021
794
207
36
1526
2509
1974
1183
2058
512
545
967
4110
3791
3197
1170
2179
3507
1312
997
34
1628
2703
2841
2522
1893
2295
2423
1108
1892
1994
2699
37
455
3686
2765
3253
3655
2321
1368
509
3754
894
3528
749
1136
476
2445
2692
2305
3562
849
273
621
307
1175
2422
3179
770
3898
3717
4295
3163
2679
2835
3887
1410
2369
1681
1668
2513
3227
591
1732
345
352
339
2126
1380
1641
698
2563
554
3896
1125
3311
515
836
613
497
386
268
3768
3230
3461
3334
4377
2760
1313
2071
4004
812
327
308
1286
1330
2180
998
2255
2016
1013
2905
1176
1079
1435
171
2824
3888
3409
81
1491
3838
1339
1186
3145
3875
3814
1011
1998
4184
3044
950
3800
1862
2053
1029
1615
2129
1837
1630
3806
4273
1870
2658
2432
1764
3398
3043
1200
403
107
194
831
934
1437
152
911
4304
3393
2393
2755
1898
2713
511
3265
2303
2212
507
1710
169
1211
3915
1296
1233
2507
1140
1901
378
1144
3152
1611
4055
3576
1504
1160
644
149
521
673
1820
1684
2337
3580
3907
4259
3210
2941
243
3226
1989
126
2017
905
1950
2145
1083
4119
3912
961
593
2254
1308
1269
3574
4018
711
4112
1653
3654
3988
1224
422
4120
1076
2172
411
2408
1260
2632
2733
2995
23
2907
3985
4051
320
3016
3589
2729
21
555
1080
1569
2567
1289
2645
2091
3993
3584
312
1909
3218
