2791
942
3673
1340
875
995
2936
1205
2873
2152
2224
2472
533
744
955
3662
2288
1278
2421
3682
1806
1526
3289
2912
2866
1310
2499
1805
2511
534
3354
386
1285
464
3672
1768
1689
2940
480
2555
3029
1311
4201
302
4375
3708
4094
515
2958
793
1306
4362
3687
1646
3458
3456
1792
1514
325
3172
2142
2831
2625
1191
3807
119
4163
4318
4333
2180
4307
2107
158
966
625
4079
3810
2523
1565
1381
887
1404
1749
1073
3155
42
3801
190
403
2756
1739
2400
3281
1651
2808
4202
1519
660
775
1980
1969
524
221
777
1014
1680
3053
2976
483
495
2266
4210
3334
3031
2643
650
153
306
3543
1298
1316
4143
2846
3222
1976
316
5
840
4070
3429
1176
847
3034
2611
3671
48
1362
471
1974
225
2630
1282
2292
1804
3263
3369
1758
3307
4159
1802
710
2121
3837
2013
1561
3694
2707
2473
940
1494
137
3295
294
741
1429
271
4178
2998
2263
4301
1480
2456
3320
4200
2872
3174
2113
2533
2331
853
1193
2881
1622
2055
3601
4337
4043
3792
2670
2056
419
3898
3530
2412
141
640
2755
3716
4263
437
2758
3767
1860
1868
914
3284
2049
171
732
960
4273
255
1712
1109
2148
1977
328
113
3355
2971
3267
4035
1377
2934
1364
3749
161
3938
3651
4370
387
803
2905
876
2486
2765
3834
2129
1064
3896
249
3535
4092
4388
1189
3852
3460
2329
216
2863
3014
3853
1623
4253
2330
3493
2285
4349
2377
1002
900
1839
1763
3824
2768
3115
2975
1791
2294
767
2694
2046
1095
55
1358
1437
3548
2112
2478
1096
1128
3814
2033
4030
2806
2559
1379
1801
2781
4114
1724
3520
3046
1567
2229
1502
4034
4346
1843
2723
3878
286
1299
2818
2724
1530
3537
1775
214
3718
3534
842
3628
2702
3113
2898
401
2281
269
3833
2434
349
3622
1953
1268
3117
147
2306
1451
2096
3771
3639
1913
4265
28
250
836
2249
2925
39
2275
1834
1650
811
1345
2209
4050
4235
4110
3131
195
1531
2585
2363
3595
3430
31
929
557
1927
4074
1482
1386
4181
2251
1322
4185
408
2384
1454
4085
490
1110
1629
973
879
965
2718
2556
3135
3195
2282
2287
2779
2621
3461
3877
2977
261
3028
2942
656
1912
632
1409
518
3889
3830
1761
997
53
4248
4287
3442
2004
4015
3754
3921
3264
2929
1556
3149
2305
1648
2181
797
4345
766
2496
3722
1847
2613
3491
27
1445
2972
3609
813
284
861
4029
1000
915
1537
4189
3023
1441
1517
3363
3713
1500
1435
986
487
2508
809
1473
3977
1363
2240
3468
2395
2467
3078
1488
3188
2581
3618
621
1489
4145
1016
1478
1577
3508
2009
1112
1010
4332
3839
3517
1376
1468
4123
359
1013
1835
1337
1663
4372
1375
886
2139
2833
2920
1564
3079
1873
4128
3384
3860
791
834
3110
2133
2594
3590
3613
1100
3033
104
3778
514
2589
1578
3800
1125
1085
4153
854
3424
4330
1878
380
1841
1737
3127
3101
482
2840
1726
2646
2220
3329
3768
3049
164
3409
1213
2161
2273
2444
677
1461
810
4341
3955
160
3371
2073
209
3341
1970
3012
598
312
2080
3702
3260
4329
2944
2731
1260
1288
2387
103
292
2342
3909
1982
3206
4249
1872
1983
1915
714
673
643
3254
4010
83
378
1645
21
4331
3983
210
3647
4367
566
3205
296
1042
3569
3020
2337
472
3910
2351
2017
3616
905
2566
1083
3734
2676
3579
1950
1910
1300
1820
2065
1984
1877
1656
716
713
3934
1046
568
2632
2376
2204
3835
4053
3258
3724
3577
3578
4209
2380
3630
100
47
