1025
2055
476
2513
2575
2288
1724
3430
258
168
2260
4081
2848
2208
1629
931
4253
1759
1130
43
907
3095
1811
1744
3108
31
916
2116
804
2838
1760
3847
3308
1650
3743
379
2444
3682
2815
2266
1730
4300
1358
4092
237
1013
1428
4278
3795
3124
2968
3450
1577
1498
3371
462
1384
913
3753
4200
2830
1582
2445
3887
1767
1376
1065
2684
3136
1434
2858
371
1340
1450
4093
2653
4070
329
4306
1747
3904
2584
601
2527
3853
3454
867
1819
2257
2426
2660
2785
960
1788
2781
3608
2541
2971
1364
3643
2943
785
595
1114
3052
726
580
4099
3362
3756
1210
2841
2001
1643
3062
1515
3159
1646
1325
2988
270
3231
1249
2648
491
3330
3501
2691
1642
3088
2442
690
2016
3103
3004
2758
1929
2296
2831
2783
2475
3079
3338
3703
1266
1458
1379
2317
2817
1343
2312
3791
1963
457
985
2932
1245
1070
2196
2227
583
744
1284
3765
963
3918
4317
4303
1777
2523
3078
1311
3321
1470
4147
1573
843
3378
494
151
2161
765
7
1455
3881
275
3235
1395
118
3193
4215
1383
4065
307
1871
1758
4220
1332
9
1766
1690
172
3228
158
1676
4069
1783
627
1899
749
3774
3176
3091
1162
4269
281
3804
244
183
976
1263
2054
4009
3381
3633
1998
1882
4263
1276
1374
813
3601
3367
1729
96
1248
1048
2221
1085
2805
2164
257
2871
1246
3092
3370
4264
2319
1485
260
774
413
4225
4292
2596
3301
1641
2088
2918
2127
4172
2827
2917
252
4183
3980
207
3280
2083
3013
63
3448
2414
355
1474
4301
1178
3126
1236
3860
4025
3458
741
1437
892
2788
3312
4277
616
2134
4310
3122
115
1409
1886
1285
630
3153
822
3488
3060
2082
2985
1800
2626
129
1231
1462
1102
3799
125
1005
1047
3242
510
531
875
3434
2031
606
18
434
2459
4235
3901
2823
204
3921
4226
1999
2687
1536
993
4377
2929
635
500
3777
3842
4376
1707
1415
37
732
522
1972
3949
2616
4026
352
3851
631
496
2836
1149
4342
108
3687
2042
653
1097
925
2952
2494
2958
849
3090
156
3304
2143
3135
1396
2251
833
3560
1750
2170
1305
4364
3741
41
1155
1775
1581
2809
3532
3495
3527
3906
1670
3038
3425
4341
229
3023
1391
1468
282
1494
3818
137
3855
3999
111
3655
2191
483
3267
1120
3506
1981
4020
908
1398
2974
910
3278
3942
3605
1529
674
1286
1188
488
455
3264
1021
4198
56
1001
3198
4143
2748
1600
661
245
2294
3050
1158
396
2810
3489
1082
121
2562
22
3002
969
2087
2368
2504
1833
3336
4333
3599
942
2553
3486
2697
4227
2467
2292
4074
372
2232
2779
2334
2026
2276
1523
3292
128
2175
3989
1204
1813
2931
1111
591
4071
2029
2160
1457
3992
2573
1925
3394
2756
3277
3642
2546
3435
3567
394
3114
4133
4096
3919
3096
1639
3036
710
4075
232
1191
14
3120
4202
3048
3963
882
3845
58
3876
4297
3286
1482
3376
1175
1406
550
3493
2811
1419
4304
1976
1019
1023
3636
1904
2040
3543
1870
2862
4223
2872
2898
3028
3671
3928
3788
1844
427
1143
3988
1288
2567
751
2963
3407
1504
1649
1872
179
4089
246
2254
3282
2172
3260
3733
2373
378
100
3189
94
2726
148
243
2446
241
4053
2290
757
3576
3634
3559
2631
3913
1265
1699
2144
1157
2390
3654
2140
3696
1083
1153
2896
2413
1140
3140
713
2753
3738
711
2986
3469
2752
296
2439
1077
3247
3631
1089
3759
1982
1983
2074
263
2675
3734
1655
1691
1296
2638
3647
1289
3586
3578
3156
739
2234
