2930
1929
4191
1468
131
2205
1878
1050
669
3942
1925
2362
3899
1420
237
1884
3486
3748
1768
2186
2468
3336
1622
3137
662
3133
164
1366
2914
2905
2260
2472
1465
4190
875
2113
1506
3065
1501
1993
962
772
1040
173
3276
4105
2292
1636
3429
569
1454
4216
1625
2900
251
4181
676
2298
2347
429
613
2502
269
3159
3250
3477
3080
2414
1073
3752
660
1650
1192
1328
1874
2686
1550
3754
2191
474
4099
3073
1868
619
2616
2478
1524
3324
2923
2822
2639
1008
2708
3333
1473
1710
828
60
255
3005
3284
2377
1681
674
1679
4060
375
3805
1720
4338
1624
250
1939
891
1802
104
1149
2728
258
1927
1913
4204
1208
3495
3859
2853
3629
2526
377
4301
4170
2319
1158
920
1641
4264
2206
1997
2603
108
3179
178
2715
2323
4376
4123
174
1163
4350
3110
2751
2386
947
3316
788
3622
2948
3196
1871
1528
3817
1741
1440
491
3839
885
802
2344
2264
3382
3033
1359
689
3763
1514
2162
2307
3877
1320
3904
3474
3292
10
397
588
4305
3342
2164
3946
2784
3813
2727
1011
2085
1866
125
1427
3280
139
2620
1904
2678
2724
2195
3595
2086
603
565
1187
4066
973
1809
872
1066
661
440
1173
1525
4049
1593
3837
733
42
2936
3651
2703
3553
2067
798
3105
3435
2100
2768
2655
3868
3728
921
4197
911
2797
936
1481
2973
3582
2433
98
3991
3447
37
2346
158
612
3479
529
483
3192
2902
2532
4296
3366
768
3118
778
4354
1122
2999
1899
2835
448
1540
3124
890
3641
1690
3667
3415
4001
2611
949
2454
1294
481
1331
3677
3297
2693
745
1834
4219
1975
985
1382
1059
3335
2570
3195
534
4193
389
3339
3122
473
4268
470
1155
209
4221
3551
446
4218
326
1491
1358
1449
2139
1789
1962
3299
1772
1051
1347
2305
1784
229
2746
981
3303
3471
3145
1109
3107
3259
2613
4303
2361
350
2972
121
1323
3125
4036
1931
1166
4147
1515
4351
986
1349
46
559
1711
3889
1319
2049
4091
2214
2767
3184
2494
231
2094
3732
617
631
1800
3568
4274
1199
3848
3643
1777
1225
1623
3876
2458
2314
3783
4289
2166
2112
2585
3668
1589
856
2807
1615
1445
2189
3055
1716
1013
169
214
3804
3428
4253
3941
1969
4094
4159
3286
824
1250
3884
3126
3030
4200
311
2770
2210
3673
2987
1758
2890
3062
3083
344
3236
3204
1523
267
3121
1253
1101
1937
2259
3674
694
3426
3120
1836
2544
288
1776
3977
1519
1045
1749
1097
1821
3283
3979
1342
3251
2432
2384
1853
3157
1709
737
2103
4054
2182
871
2698
4128
391
1799
4238
2272
2990
4092
833
2287
3706
2764
393
316
3113
2966
1060
3053
1722
3141
112
3354
468
3697
3031
3265
2929
2926
3520
76
799
340
3278
3465
3064
4205
204
679
3269
5
3263
3414
460
2096
2612
111
3864
2801
1229
3901
175
3306
348
655
2221
1740
1022
2711
2780
924
3663
96
2105
1863
390
3139
2652
797
63
4172
236
477
1947
3360
1633
3669
159
3172
913
3597
480
3870
133
1443
3504
1838
3332
740
1617
4082
1983
2006
378
750
4383
3574
3538
1877
2761
1093
210
905
1076
2941
2543
2375
4112
243
2392
1134
24
4120
2571
3016
844
2138
2373
2631
1300
3246
1614
3726
1258
3576
4084
4156
646
3638
1901
2946
2540
2172
4329
1289
1098
2020
3934
3734
428
341
4259
1598
4288
292
1084
1982
4369
312
411
3586
681
2517
3261
1959
3915
642
13
15
3024
2237
47
4384
1656
711
2446
1308
2537
3724
2091
1596
