1453
2022
929
2117
3929
4258
1888
1681
1493
2609
1151
2689
637
1777
1623
2531
3467
4242
4076
3408
25
587
2236
3478
3853
3515
989
1075
907
1399
1067
1560
934
3731
2625
4321
4226
1502
4210
4087
958
3367
2524
22
835
226
2614
1992
3297
393
3948
2312
1115
78
2962
1348
493
3409
2366
1860
3041
1865
1357
1717
3055
1925
904
3317
811
3486
885
1635
4385
4017
3048
859
1178
3105
1354
3807
3858
2151
3182
546
832
3715
2563
2089
3399
2105
3938
815
3309
3857
136
3044
3466
3830
4356
2440
3742
3174
1034
3711
3230
3420
3117
1451
2841
1960
2749
2071
3596
1567
1402
1478
1253
2432
1676
1167
3460
864
1050
4330
207
1381
2595
1299
752
2955
834
4142
2851
2180
1005
954
620
2860
2487
1488
384
2621
3799
2448
2346
1418
106
2173
3475
122
3989
4304
2348
3567
2476
387
1592
3318
382
1
923
1180
4266
3083
3519
3491
3752
1741
2705
3406
2698
221
870
2565
4237
150
274
4175
3151
2196
890
2875
3470
3812
3594
570
1714
3098
260
3607
2421
1138
969
3575
857
1370
3694
2024
471
2764
4373
696
3305
52
1638
1228
1979
1473
1654
270
865
3311
3873
3542
1218
2462
1345
3763
4281
1871
630
974
3342
108
4072
2558
4299
3344
485
2701
2679
2671
2253
3529
3135
362
2029
569
3029
1131
1446
2552
2677
3419
3771
2580
4347
4012
1781
3991
3285
2463
4002
172
3657
3009
3937
3026
2822
1250
1853
2479
1007
2333
3821
2783
3237
1564
1640
3370
1347
2433
1162
4164
1120
1191
2878
2208
1159
2650
4235
3658
539
2865
61
4213
3110
1047
3299
3640
4277
2657
2916
2623
1847
2828
2978
475
4365
575
3570
3504
3990
118
2431
3352
1751
2111
3695
2114
3413
1668
3831
611
919
295
3025
1276
522
329
1239
1424
104
2101
683
4025
3765
2714
397
3850
909
1501
257
2821
4133
1695
3351
3920
4042
170
381
3490
1148
3251
3843
2148
2113
228
4195
3518
483
4023
4168
275
1636
764
1410
4189
3610
2417
4191
1565
3844
4027
38
12
1316
1523
1101
3068
401
4124
2227
3891
3546
3706
3849
1664
3005
1683
2229
3452
1509
2870
3162
4214
97
3437
351
67
53
2160
1376
1574
666
3855
2863
2100
1980
1458
2452
1563
3813
1024
3919
34
2054
1439
906
2185
2259
938
55
1696
1469
2133
3697
385
1365
1974
858
1852
3824
1003
3524
4289
3716
2716
400
395
516
3722
2142
338
2198
503
3683
3412
965
2265
1643
1627
276
2904
2162
3075
2798
144
4274
1886
2999
2908
3219
286
4094
1503
1723
2781
1328
4171
2264
3393
2497
1490
2014
3301
1927
1306
3789
156
273
3220
3955
2205
3798
4350
2294
429
2894
862
1403
1355
1060
3424
2269
658
213
1555
1734
442
36
4205
926
251
1903
2810
3191
3976
893
3180
867
1682
1185
1831
930
3238
1110
3952
254
3343
3325
4045
2928
160
1848
3345
3719
1995
2613
307
702
1362
3502
3791
2799
2805
3092
3346
1663
394
1360
1774
772
1027
2788
1703
3436
4035
1219
306
3081
2582
895
1083
3696
3933
2006
647
3704
3407
2736
13
420
704
610
2946
3212
2636
2567
1916
2411
2662
3206
4144
2065
3245
1169
3282
3907
364
1915
3986
1699
3256
4160
3819
3654
3726
1597
2352
1077
1909
3261
3577
3947
3647
1945
3217
210
312
2237
3910
1808
296
2008
3257
1260
1684
3585
1669
2953
754
2731
712
2375
671
1982
3533
540
2896
2201
756
961
2007
521
2340
2075
1240
2187
1688
721
715
4386
3702
