1737
1814
4074
668
20
3693
3097
630
455
139
3837
166
3667
2903
3904
3396
3183
594
3118
2166
4287
275
219
4169
4044
1336
2344
3193
1576
1523
552
4023
2276
2992
2310
404
3720
1392
883
2626
3622
2232
4100
1977
2858
147
3157
3619
3805
485
3339
3977
237
201
86
3627
2325
4029
615
419
1953
4273
107
1135
1217
2176
561
4245
1799
2923
544
2964
4008
3620
3544
38
903
2881
1061
3327
261
2024
2360
1960
321
4083
935
463
3741
964
3870
357
862
603
480
3196
301
3918
4015
1522
3711
2573
733
272
3266
2973
2379
2164
1564
3681
3178
1946
1247
3633
2102
3570
3378
2780
2590
3357
2583
1848
894
984
979
3937
2794
2706
3828
2704
1839
3110
58
492
2722
2492
617
1937
81
1185
1891
1659
1578
4241
1085
413
2283
1483
3365
2350
2149
1405
3834
2512
3999
3527
1299
3746
2669
2088
3401
3732
511
616
2239
27
1018
1505
1117
1747
2466
106
2271
4102
440
2536
340
2127
1695
562
2658
1489
3844
1895
994
1386
886
1368
1120
3557
515
3194
1727
3548
3292
4006
1670
848
501
3524
4176
4326
1800
3473
789
845
691
1045
3146
3027
1378
3151
3064
66
3177
2745
634
1622
1868
1350
3031
3677
1054
4035
2382
127
1773
3430
4271
3895
3703
3335
1734
2956
394
3351
2221
1184
2526
4061
2630
4303
857
3806
3941
2476
3417
3997
3971
1479
2142
684
3950
1623
635
2395
3202
990
1625
638
3051
3975
183
1581
345
736
2165
2857
3636
1008
1731
3543
3009
2259
3525
3887
3847
1775
4210
452
891
3497
3590
1619
104
2472
2672
3507
1553
180
274
4087
2519
1164
4170
2822
809
1674
2668
3968
1401
1764
491
2004
981
2407
1354
1593
1325
2747
829
4206
264
4108
2109
1601
2625
3386
3128
1817
3833
1433
2173
3931
3774
112
1337
2546
661
1520
3300
3754
3328
4135
1447
77
1338
326
1417
1884
1024
1056
1855
3122
349
3320
2786
1638
1063
2332
1019
4019
2498
1612
920
641
2477
4320
3155
744
2836
3605
729
832
2616
993
1130
1794
4048
1192
4353
1203
3162
2918
2677
207
3930
2701
2604
3330
3748
2011
2646
2721
3432
381
3333
414
3435
2174
432
2293
99
208
1332
3227
3736
3747
200
3511
2111
1792
2308
3792
1243
4339
3749
2925
520
3706
3319
3490
4038
3334
726
2280
4096
2203
2541
866
1163
4105
3722
2754
980
1563
2552
2353
1857
2888
1227
2613
2427
4346
1346
1803
1978
136
1787
3143
4043
2639
3315
1320
269
3119
976
3529
1430
4321
2043
2795
445
2615
2522
376
3719
171
1957
3793
3436
2285
486
1911
3951
3270
954
3286
3822
3055
3660
927
2317
61
2135
3415
3976
2619
2880
3739
1037
2778
304
1127
944
1356
156
2453
929
2086
3948
2958
819
3751
2372
1040
3479
250
4121
3644
2132
3787
67
1382
211
3349
4266
558
2744
2842
3025
3642
2612
4059
3900
1390
2357
355
4199
1208
1509
3368
3624
3888
2359
2409
796
375
4370
851
3058
4073
3563
563
1603
3426
3340
918
1470
3325
1048
426
1236
2335
2665
1275
3572
506
4082
1089
1988
2408
1271
3576
535
2733
2345
2879
1153
2946
3654
2018
3588
2080
4058
2069
1300
758
2534
2342
566
1081
3249
1914
1982
1684
1693
3536
3733
3358
2571
1765
2254
2738
422
4259
454
4144
2147
3862
2084
1273
3759
2540
149
2564
4319
1303
4098
1233
4260
1669
412
1649
3664
720
1956
884
2725
688
3819
3988
1301
1262
3
3589
431
1596
3455
3388
2131
4386
11
593
