1733
2934
4163
1791
1641
3894
169
967
2181
3315
2570
192
2314
116
3148
438
2846
667
2488
173
3603
381
3162
2303
2709
372
3390
543
2751
2940
515
3850
2040
3504
1867
3499
2185
3065
1498
1095
1757
1795
922
3570
4184
3070
1856
3420
2661
3115
175
2504
4047
3858
2935
118
3653
1483
1781
3052
3624
1715
1759
4229
1360
1559
2229
3924
774
3633
0
722
1948
3355
4298
2429
467
408
702
1787
2055
2422
3050
4344
3317
331
4385
3479
3153
3531
3443
3939
283
2560
1137
2546
72
1535
1378
1182
4052
1374
2123
698
3222
1732
1332
4306
1555
2550
1996
2218
1471
3266
1202
2434
4085
1473
97
2982
394
3977
3991
3015
57
2863
1531
1767
3845
2000
2646
1314
514
3561
1810
445
2612
2197
1809
267
4218
2967
2707
1812
775
1671
2399
3547
947
3318
979
4204
4381
28
3523
1281
3404
365
1264
871
2720
3903
2267
1550
2555
625
883
1028
3088
3601
651
1480
2509
151
3312
1783
157
3287
4125
2473
800
4290
2128
1927
3171
1235
863
325
1476
65
208
3960
3567
2468
130
2420
933
2522
3296
683
1917
993
3510
830
376
4277
2299
780
200
656
2607
4110
3454
1703
2348
3102
2296
1807
474
4326
1079
1975
2384
494
105
2706
201
1121
17
2865
4031
3231
1582
3493
2637
2561
1840
133
1908
1689
1960
3837
862
1521
2274
3093
2666
2243
677
455
761
595
3788
3134
1615
3334
1493
1942
1844
899
3829
1118
1305
4371
3971
685
2672
4143
344
1399
841
3739
2322
4289
297
3513
3682
887
3295
1541
2143
1163
3270
3002
1440
1248
3040
2381
4391
3856
696
3887
3472
2133
2116
724
2832
2295
2302
1151
4140
732
1396
4106
8
612
1502
1756
346
390
536
3306
1674
3755
2748
602
1246
1613
662
1418
1241
3360
1012
3906
777
2049
948
1367
926
3386
2670
2315
3177
3905
2407
4135
1336
4145
1066
2735
3452
850
2701
1174
3611
1829
2344
4295
3529
1998
4014
2396
1090
951
2558
2213
4026
2980
1858
206
4116
4305
1494
974
3486
2900
3701
2966
770
4380
270
1963
1798
1547
4337
3492
2089
2154
2819
2542
3551
2678
1133
1371
990
689
491
1067
2724
4330
1954
3816
2173
2999
2456
3660
2634
2698
1094
4241
177
2584
486
3219
3094
2349
3191
4054
2658
4296
3509
2400
435
4094
2957
1893
4225
3341
1912
2969
3628
3651
2830
3999
2955
269
1057
2875
1638
537
492
826
3517
258
3818
12
2621
1970
1334
137
657
3366
3557
287
2873
3330
538
1734
2647
811
4138
2626
2785
4202
4099
3596
793
1329
3718
3188
4061
2451
968
3303
3511
4232
1466
3794
2810
1796
3526
1549
1514
227
2149
3010
3945
983
2902
4032
2036
2467
1377
944
2259
2853
1017
2401
745
2915
2032
1540
2660
3722
2264
3346
4036
1676
1648
2937
513
2703
1887
4333
4238
3032
1023
2833
216
2208
3895
3921
1980
3319
3645
1309
271
1782
3525
1863
1997
570
790
2889
1673
399
2687
1735
640
4086
600
2653
1227
549
4226
2418
2609
3060
1629
1525
591
1456
2157
4275
4
2636
648
1291
3630
1224
2010
3156
1765
506
2729
1666
24
2537
263
1300
1959
1605
3915
1778
241
363
898
4288
83
3862
573
3140
1269
4082
1916
2507
3216
2676
3021
2738
3988
1915
2752
2726
1667
1295
2950
4329
1985
1124
1688
2564
2376
4144
2345
2995
1649
428
1611
2184
3169
1181
2313
92
3258
1652
3244
1987
246
715
3664
1694
292
844
1089
3291
2392
2187
2753
126
1595
4018
3647
3173
