3953
2231
1936
4350
3865
1373
3800
4179
219
1917
95
1406
1203
1634
1922
2486
3335
2252
3462
4033
3109
1035
18
773
1521
4227
3904
2744
3805
1710
3345
2119
3082
3543
2909
4118
979
993
1642
3196
362
2379
977
570
3238
4372
3817
495
3084
3243
1571
3419
3772
1445
3739
54
3318
2195
494
3123
2510
1023
636
200
473
1588
289
3613
3231
1051
4059
2773
1962
2930
2108
2649
2876
1953
3472
2587
2013
729
1041
3487
1029
4171
2369
1122
304
2663
2262
2902
2812
239
3816
1151
3815
2639
405
2715
4251
2868
4022
376
82
2690
2361
1433
191
1890
465
3705
2816
2079
1528
3317
3450
802
1448
45
4169
3554
1851
1993
1873
603
4206
3278
3875
3458
4032
3494
1538
2011
2179
689
1358
2298
2519
3085
1453
547
3447
966
133
2474
4045
4038
3351
1282
2758
3473
3565
3812
1896
2120
2655
3387
3743
4178
2197
2468
2416
2225
2277
3517
2311
3748
1447
1429
295
408
1960
3065
3567
4009
1482
1826
2263
878
2610
3672
1920
989
1189
830
942
554
4101
254
3444
953
189
1217
1664
1371
855
288
470
3459
835
2817
2751
268
3700
3490
4040
3525
3553
3997
2490
3678
1060
1340
4286
3160
123
920
1201
2417
3774
572
111
2722
894
618
3663
511
3207
2288
3823
4020
2767
864
2558
960
869
2834
2539
634
3417
3633
4343
616
1803
1353
1767
2971
211
2985
902
1367
3619
4036
2584
2406
839
3033
592
3448
543
4345
3398
1188
2976
2541
383
2088
1001
513
3376
3350
3051
455
1205
3962
1594
3427
1243
3753
581
1361
2901
1796
2570
3824
4309
3104
337
2350
328
2025
3437
1422
2993
2652
3680
334
1600
159
4361
2845
3500
2043
780
2111
797
3324
3869
2451
820
866
4387
1506
4353
2470
3918
2279
4246
1517
3204
1290
2232
4125
2624
515
2035
272
4066
406
366
4376
1119
3029
1027
3094
1739
3464
4293
1427
485
3046
1384
1370
1616
3348
3194
3785
2824
796
4334
3763
761
3235
845
2210
3153
1553
3754
2009
726
4377
2910
1183
497
2089
4129
2501
1905
4196
1207
1056
2121
1518
2774
2720
1696
2306
630
4017
3017
2384
3814
344
1015
260
567
3675
1867
2316
3120
2107
137
2047
1942
970
380
1675
2775
1708
1152
3930
3377
3199
4180
2317
2142
2766
776
2958
2862
1545
168
3548
3527
1976
238
1581
2452
4213
1825
1159
3497
3023
297
1184
4168
1906
3293
2829
3041
1375
3116
1009
2339
1471
99
2550
387
2724
2597
3452
3146
3009
2689
3587
1398
3144
2630
2194
3766
2955
792
1895
2818
3389
2820
3807
3839
588
3006
3270
1864
2409
1641
1548
2581
2967
294
350
1807
3036
2353
3492
627
1519
3075
2196
1635
3392
3134
2159
1980
4278
3793
3735
3949
2170
4380
1424
2855
764
2095
2275
2328
3975
3942
305
259
564
1314
269
2191
4297
1459
3079
4216
799
4060
3274
1365
3884
500
3829
847
959
182
1329
4102
1213
1921
2521
3655
1994
3271
2175
1395
1574
2045
1401
987
2606
439
442
4075
2343
2880
3530
1762
3789
2
2077
727
3536
2568
2753
2879
3584
3225
1950
2995
4386
2731
3256
3915
4285
3255
3580
2449
243
1982
1295
807
3702
673
2950
3759
2070
3935
1265
1611
3836
4144
646
3217
1084
3216
708
2893
3994
3211
735
1916
2237
3247
1602
2629
566
378
4000
3916
3630
3726
3617
3248
1196
1153
454
1877
4222
4097
2020
682
1579
2250
2538
2352
1693
2374
2342
2290
2887
961
2941
2075
2953
2335
1909
1595
1140
3302
2010
1288
2733
