744
1679
1879
3977
494
2605
1693
3525
709
314
3312
3595
1276
3423
1099
3000
1655
367
3562
3574
4236
4435
4296
4283
1337
442
3007
1201
1414
4169
1162
1851
1047
1394
2271
180
2914
1202
4079
4233
611
2151
1743
1614
2636
3331
3627
3680
1774
1174
1908
2951
878
3674
1408
3752
2773
2122
800
1298
3903
3684
48
3228
3131
2338
3889
474
3458
2429
1866
3738
1726
2386
2836
2550
980
1133
3082
2337
1871
4445
3124
2129
2527
1453
1060
2302
753
2307
1371
1859
3553
45
2591
2859
2936
3341
3115
2491
3143
2465
1993
701
16
717
3626
2978
1401
1561
1972
4186
545
3809
4332
1290
2263
685
3139
3434
847
856
174
2317
4251
2091
2667
4359
3173
2044
2901
2704
2484
3152
3880
100
1524
2390
2913
150
2520
979
368
1502
1849
918
2756
4326
2764
2968
2381
1638
2609
544
3616
3264
706
28
3428
2874
3588
2954
2973
2654
551
229
2000
2998
649
1185
3696
3526
760
904
3087
2639
2174
2939
3171
1947
3425
1651
4347
1796
3319
4237
1696
2179
2272
1762
2770
3484
3085
568
4353
603
1906
3945
3643
1937
3461
3991
435
3027
2502
2345
2487
1449
1022
2500
456
332
3279
210
3284
146
3533
3099
3745
3475
1068
2710
4249
3322
3050
3216
2909
1931
1004
3017
2115
2246
2992
535
3411
3376
2413
1029
340
3328
4217
1598
1485
3983
509
3200
3302
1797
366
542
1687
3717
629
2576
132
1880
2278
3496
2640
772
2736
3546
472
349
2886
252
3993
2482
609
1663
1904
777
4149
2848
3335
330
420
263
4076
3960
1970
3606
3901
2199
3527
994
3455
500
1881
2494
1163
2969
4090
3404
1690
3884
1161
2444
920
3886
2922
1830
871
4056
1776
3446
3802
3938
3059
3925
2708
3755
3521
591
874
3097
3244
959
4320
1804
722
2982
1661
1002
3123
4088
301
3168
776
3242
814
2733
1975
390
2349
3345
1542
1821
1716
1412
4
3915
2071
260
3647
2332
757
549
3415
1964
2920
2509
2347
1721
2698
4462
2380
1458
766
2438
342
3142
1090
2361
1995
1514
2404
1254
909
1691
599
1026
3070
729
2296
348
3979
622
1135
2676
4059
2930
818
2466
3308
1374
3164
2506
4211
1312
2376
646
4209
1707
4180
1031
1455
2853
201
1388
2208
1036
2385
2170
2292
1539
1552
755
1441
848
1827
3074
2614
1308
3727
1396
2503
4227
4063
4023
1399
985
3185
161
4467
823
2589
589
1124
3128
3471
2556
910
3051
3917
1361
2760
2069
1557
323
1255
1518
4071
421
1186
2517
2068
1659
3013
3267
1319
1810
3127
13
2342
4117
773
237
2143
1067
148
3025
2840
3191
3307
1882
2488
4178
858
765
768
1783
3753
659
3231
3220
3209
3402
250
712
4161
34
637
2251
1956
1356
2513
1521
3224
2047
1574
4443
4226
3967
2975
1100
2507
2460
1380
974
2941
69
1676
425
2144
3839
2405
1832
2714
1166
1105
3801
625
3120
2783
2709
2742
3893
624
1653
890
2845
3045
1545
1740
724
1334
1771
752
1456
4247
3249
2402
2243
2357
451
3386
2694
275
2252
1775
1050
2266
2127
884
3109
797
3390
1843
3820
1951
2883
3490
1671
2057
1955
4412
2217
2801
2204
1493
3500
4047
4187
4349
2540
983
2961
194
4129
642
3020
333
1710
1231
1750
1225
913
1058
2933
27
2257
3550
2670
4089
2893
4208
315
4322
1457
1234
703
1028
615
4159
1398
1279
3614
1537
630
3934
3561
4334
917
3236
577
3019
2073
862
17
851
1854
2055
2424
3912
1428
3504
4460
595
4138
2289
3987
1340
2885
2959
3535
1285
2316
364
1483
4013
121
1418
321
4055
3788
4104
467
2813
982
465
4230
3028
4022
969
3401
2334
1486
3818
3702
1146
2687
206
2926
184
1430
3764
3165
4271
1051
89
833
429
704
1978
4017
2372
3384
4092
2006
3327
1481
3537
2923
2653
4150
560
1467
9
1318
2191
3410
1627
3509
178
2293
1130
3759
1941
2211
270
196
4032
1623
569
4307
1114
1271
1510
683
4053
1434
2965
1742
2335
3217
930
3821
3581
1048
75
3430
4124
1596
1440
248
3177
3329
2784
3296
3799
309
2745
2089
4367
31
4381
3564
3692
1386
3113
434
3154
378
962
1839
3664
933
2863
3863
3320
3119
3086
299
877
1032
515
4127
614
3180
2699
3670
2236
4374
67
4223
2235
588
1045
198
3300
894
2950
4456
1222
1152
2062
379
1278
1192
612
2717
4185
2908
1194
3629
660
538
1902
1786
3479
1478
1452
1896
3630
2066
4312
1556
4106
1580
4437
2620
3199
2011
2313
3323
2310
1360
714
3965
233
4407
2489
1765
647
4361
2776
881
1342
940
3495
2265
970
1852
2344
2453
2942
2095
929
4218
524
4075
2730
1211
1846
274
2456
562
2137
4151
1195
4373
1595
143
4246
2743
3305
3439
1204
3481
2138
1291
3792
1731
4198
91
2986
627
439
1869
2320
2927
3573
1074
1604
2025
3422
2212
2702
1454
580
2983
1144
3405
519
1253
2656
3068
2741
2752
3701
2355
1007
3407
697
3347
2410
4093
3858
407
1101
486
3093
2795
1329
3831
3077
2248
3055
4449
780
4461
4111
2877
1071
1704
