204
2219
3595
2527
3809
2383
2544
4233
3472
3380
2673
3825
3331
294
3762
392
2820
800
2040
1122
995
1979
1460
1851
2821
3286
4024
391
2607
1047
2689
3854
2397
3511
4091
1127
743
1337
445
2762
3924
4152
825
4332
4018
3973
3995
3857
1141
65
4435
3781
1907
1534
2262
667
3607
1589
3130
1462
3739
2684
389
2106
3709
3824
48
404
1159
2864
911
3733
2370
1429
2475
3751
971
3409
3000
3944
1693
3011
385
2429
4183
1079
4264
3562
1664
2074
2379
2912
2319
3961
2151
2271
1658
2449
3627
3972
534
1494
2604
2122
3273
2595
3275
2696
3674
1877
3341
3135
856
3423
2538
4240
2491
576
1921
905
1201
3434
1686
2520
1874
1383
4192
4473
943
100
2000
3054
4282
4455
1782
2396
2654
1947
2981
2759
2190
4200
2152
2655
3110
3873
4326
3016
1834
210
3152
3475
81
4235
944
1489
1384
4146
3745
3379
1909
634
2086
59
3771
435
2777
4034
873
4423
4348
3372
28
2756
2432
1787
2147
2197
587
251
19
30
3418
1738
3461
1066
1500
2484
311
2442
2609
931
3756
706
1768
303
2704
736
972
568
3279
332
128
649
705
510
4369
1055
1696
1884
3456
570
598
4306
4221
3484
3599
2740
590
3765
1971
155
3601
662
3299
2831
4118
2477
2843
3343
3559
2009
731
2043
4011
1793
3743
1661
3436
4170
156
1012
3104
2606
3474
3446
4116
1608
2979
1315
2378
2708
3411
1052
4217
3901
2922
4436
1598
1991
1617
4397
2537
3755
1803
3404
2733
3923
4026
3950
3200
3767
3585
3931
3333
2824
3960
3747
3579
3480
3578
3536
2794
3332
4379
2050
776
3399
882
4388
4319
1962
770
2917
1485
2480
1554
1970
3206
2494
1512
3038
3836
3938
670
1755
728
1934
136
1366
2692
619
214
412
1880
3440
946
924
3449
443
1220
4099
2894
1863
2575
440
4207
289
3395
4314
1569
1814
1999
772
2588
3376
2558
1963
3975
996
1620
8
2958
2208
2270
124
3703
975
2260
1423
4302
4061
154
3255
3074
3387
1388
3324
1361
421
3433
1821
654
197
3313
165
1199
2566
1308
1718
3361
3545
1441
1531
3338
413
3190
3916
1996
2347
54
3031
2172
2503
2331
4130
622
549
3026
1717
850
1480
3138
3005
2427
1436
3355
2930
747
4477
2438
730
3462
3896
4039
112
1286
3457
3723
2008
2619
641
1198
3009
1135
907
468
4447
2384
1458
2376
296
1297
1885
680
3603
2454
3822
2854
2890
348
3917
531
1124
3478
4384
3735
564
2837
51
2311
640
2395
817
999
4044
2845
2638
688
308
453
1681
696
1040
2472
2597
2513
134
3013
2488
2402
774
199
1181
3541
2518
2342
1380
4219
1761
2206
2693
1370
3178
2468
2242
3505
2682
3907
324
1676
2047
2016
3808
4029
1829
642
1749
1497
3982
2035
3861
4335
34
4247
345
2967
768
3307
4446
406
3646
4085
4226
425
1419
2215
3214
283
2980
1781
1214
4450
2252
1521
1320
1601
250
3891
3044
2876
1697
1671
1878
1375
3386
3955
1105
2718
3641
1532
1729
3500
1577
1100
1410
3209
4280
1685
2625
2309
3586
3249
428
4047
858
147
1157
543
1900
3247
1635
957
861
628
1050
1632
1513
1242
3613
1334
4160
4380
912
1351
1190
2004
3114
1987
496
1267
2447
1838
4108
483
3517
1062
1336
2687
2584
141
1923
4052
1978
3788
4081
2747
467
2257
3966
1845
842
1028
4043
3453
4159
0
2554
3485
1173
295
1942
4083
4022
3870
982
35
3987
431
9
1479
4066
335
3683
3874
1822
1179
1324
1860
3106
1311
3382
3577
1428
674
3388
2411
4425
396
4004
179
130
83
1895
3959
3364
2553
2029
3551
2531
3504
4080
2334
4316
572
2828
2327
1024
3550
2073
2966
1735
1108
723
2341
1945
2006
849
77
3198
4055
1592
1922
2424
3233
2746
595
3912
3968
2892
2275
1862
833
1626
2635
3920
1854
4012
678
1350
1806
2330
1515
4013
273
337
1363
3204
1800
2450
2236
309
2173
2711
2227
1596
1593
4053
1902
2435
2130
2988
669
4119
4313
2931
1622
2960
3686
610
3663
3547
414
3664
80
2203
1476
2602
3356
791
2011
4038
4070
2745
2829
2668
2703
3673
3320
1623
3029
1580
819
3316
2209
4325
3632
2581
4343
4466
3160
2200
3630
4437
3488
151
2249
4134
962
4367
3215
2620
3618
1546
605
1746
3689
3949
1540
4223
2873
1194
2950
503
159
802
3708
2863
1670
4272
811
484
967
158
3909
2802
3291
1393
1130
379
1152
3700
4210
2412
1478
2017
1812
563
4424
372
2888
843
2293
1713
2012
1346
1158
2019
691
2103
699
4403
1918
1639
4181
3633
1753
2321
2830
4075
4373
2423
2247
3084
1119
3431
1144
4291
4148
1581
218
1550
3473
4031
56
1005
24
3831
1121
528
104
4198
580
20
2567
2195
2927
1657
4110
2646
277
1265
2010
2651
2928
1929
91
2485
2297
2744
2189
286
1846
3769
1145
1287
370
710
2323
2862
1304
407
139
4265
2525
4238
1353
2305
2906
2889
2443
3866
4449
664
2669
1850
3970
2344
3281
1335
820
469
3288
3391
4115
3794
1559
4205
4415
1074
3153
447
523
1095
1367
1570
