3827
545
4025
1725
911
3412
3973
3752
1949
1526
1172
62
692
1654
3789
2880
995
2527
2151
1030
1060
3542
806
4018
2379
2652
2871
445
2046
2790
2263
4298
2916
522
22
3292
1677
3409
2596
2859
3748
1494
743
1743
1666
2271
1298
4169
4068
53
3726
2262
635
2113
3941
442
4459
3653
1112
1165
1201
3995
2766
1877
3124
3890
2386
181
2018
865
3239
3607
798
1202
3275
2912
1395
3262
1589
4236
1859
74
1726
3280
3857
87
2538
1162
2978
433
4147
2591
3921
1394
4183
2914
1248
885
1487
367
441
3705
4297
403
3648
3312
3286
1139
432
3460
1572
2559
1414
2475
2048
474
4416
3738
3565
3779
1339
1536
317
2166
793
2579
1969
1102
1931
574
506
3050
2796
2552
570
2721
2704
3815
2162
761
2340
3771
128
771
3166
4448
2520
675
2639
1599
3418
4040
2574
2396
1125
1636
2609
3012
906
3284
2585
2061
456
1277
1258
3522
2474
3945
1384
943
2611
2484
4105
2184
313
1295
4206
3372
1207
2477
826
395
3170
3230
107
3425
972
3075
1696
4356
1022
1909
2881
4455
3842
559
1961
4072
3428
918
1935
3196
2631
3030
3953
1228
1920
3105
1651
369
1156
2174
2857
904
3616
311
1093
3694
2573
2578
4277
2086
4369
175
2487
4192
4375
3043
1369
2968
4314
1583
3489
2979
1565
1189
3393
1598
301
591
1831
1968
1662
2824
2214
3071
874
3411
3669
1617
776
722
1797
2987
366
289
1011
1262
3823
239
3429
79
376
3812
2878
1029
2733
1605
1131
1637
1873
3598
4308
731
535
2120
2042
4143
3928
2729
2050
1307
2606
1191
4318
3786
3455
3657
3134
487
3413
2622
2346
1905
473
4216
1748
3311
2570
1505
1178
3685
1366
2922
3
2794
1624
4116
2101
3784
3183
3088
4121
1863
3950
1835
263
2637
430
4336
1163
2430
2532
4087
4149
2093
2708
2663
449
3836
3449
3049
1932
1167
2119
2083
33
4203
4063
3441
1602
2989
859
119
2395
2680
2561
2467
54
1724
1085
1184
1124
3306
3665
3654
1049
4071
3254
567
1496
1764
755
2178
3070
3187
2222
2760
740
4123
316
945
2071
2769
1026
437
207
2384
3052
575
2994
2142
2911
1316
3033
2183
2990
221
352
272
348
1186
2375
1893
2945
2356
90
3727
2533
2613
1656
1490
1910
1096
3167
3471
2135
1619
1997
2208
3843
4372
4094
1254
1552
1252
2105
1557
2185
399
2503
1286
4027
197
4295
436
4078
4
2331
3732
561
975
1399
1364
1249
2556
3996
227
2807
8
898
2385
1823
1950
729
341
1170
4280
1507
2365
1190
2027
479
138
1775
4161
1783
491
3557
977
4187
1435
4444
338
4268
109
1756
1050
1267
250
373
3905
408
1166
3295
3586
3127
555
682
4363
2516
890
331
1239
1530
2742
2439
774
4029
1784
712
4248
3865
2047
3181
597
4401
2707
49
2840
3892
3044
1810
1168
1477
457
1039
3861
2811
147
3290
1407
2714
4284
1067
631
3894
4400
1319
2237
2036
4226
1492
118
1149
724
2555
2357
194
4182
68
1607
1857
537
896
2343
1551
3882
3641
4165
1205
3505
4129
88
3982
3039
1549
2903
3448
2301
3213
4074
543
1521
3493
2876
4383
1214
95
3344
2545
2035
4168
1889
4288
3808
2883
34
734
4443
216
3492
208
3535
2498
1798
2553
2959
2564
1747
467
2590
1711
1650
141
1317
4245
3575
262
3818
4005
1389
3116
3870
2058
4213
4083
1912
2586
184
2330
1289
2892
2464
2024
1221
1652
2232
1806
1486
1544
3401
3787
2735
3382
1994
3569
1744
1081
3453
1390
1750
2257
343
3844
2898
3570
3550
3998
29
1936
4230
615
3940
3326
3019
131
875
3096
3760
219
4055
1862
1483
1845
3014
478
3927
4271
2528
77
678
1701
3912
1272
2100
1983
206
4329
127
3959
431
1216
3936
511
917
3340
1250
1922
4294
2123
1942
265
1069
2926
363
2644
3509
3788
2006
4163
2885
1499
1875
52
2200
1107
3663
1245
2287
4037
3635
3294
4028
993
2445
178
2905
1944
3997
3389
2099
608
2700
3277
1417
3837
270
732
476
2235
2089
962
2965
3141
1142
846
3414
3438
2937
259
3065
3430
4387
1757
1363
4127
958
1580
726
794
3704
3750
4312
3329
660
669
1503
3359
2970
4374
3204
1152
3029
2023
3488
337
1588
2784
198
1314
2582
2633
1799
1501
3160
4164
978
1042
671
2703
2618
3630
450
105
2428
3291
515
614
1434
4119
4392
190
3356
4036
2755
1346
2713
264
3700
2803
329
503
3692
3503
1488
3032
894
657
1713
4035
2524
1326
3699
2943
3180
3137
254
4214
346
1628
2250
469
3633
1616
2505
2080
1304
1288
3563
1009
2701
3721
2666
1848
741
1788
2265
1657
2394
2456
1472
1550
3858
3576
2651
3035
3970
2095
4101
1869
3451
668
749
3136
97
2522
1984
2934
2267
1704
3957
3628
3398
1753
2138
4265
1990
3609
949
2887
2656
1731
3179
2297
1566
2085
3866
464
2315
532
1914
3174
3736
1094
1689
2724
3447
3529
447
1639
844
2366
939
2389
4430
1926
3391
2308
2907
182
857
3321
1801
1808
2952
3250
1719
4115
3125
1333
3363
4317
2681
4111
3067
