1269
1879
739
3450
3766
3432
4296
2766
1165
22
3627
2836
2696
2529
2797
656
2302
3062
2151
1180
3961
1655
2307
809
1981
1866
4202
217
522
4018
2544
2386
403
1654
2815
385
3286
389
3472
1907
4201
3705
2496
3172
2607
4152
2449
3292
1025
748
1402
2750
3312
1677
3131
2844
3568
66
3809
885
1115
1779
1276
4102
1141
4266
984
163
3458
2129
2429
58
3124
231
1851
3556
2153
181
1408
692
391
442
2652
2219
4189
1908
3258
1139
3273
4175
294
2859
1047
1508
2299
3889
743
3282
3864
359
1099
404
534
2074
3417
698
271
1949
3000
3648
3143
1743
3680
4445
3903
1404
152
3053
3890
854
2548
4332
384
3010
1524
3166
2610
461
4221
2081
2163
997
1523
3696
795
822
4237
3212
1738
3145
510
4358
964
2190
3945
1768
4360
4348
2177
3230
3816
477
793
4455
903
3815
1422
2154
4192
1426
3608
1305
2221
81
1055
1006
3379
2300
2827
2091
4399
3370
2609
303
2816
3235
3152
3392
1555
3956
3216
2336
921
3599
2999
2904
2168
1383
3016
2197
836
1196
3058
904
2779
153
779
3616
2390
4423
3516
3770
1599
175
3287
2520
3911
3147
4072
255
3756
1909
1638
1125
3694
1919
3798
2968
2552
634
598
3030
1424
3418
3873
332
3953
1302
2573
3758
340
3018
2431
1569
3218
1617
3928
1770
2922
1974
3242
1600
1485
2350
2003
4069
1246
2148
591
4406
1257
4015
3862
807
2462
3887
4216
4308
1688
4217
728
318
3527
1512
288
952
3345
1002
487
1189
4409
2869
4116
330
594
1608
301
3263
2637
1739
4319
375
98
1160
1023
3823
1755
4095
1378
1662
1391
4149
1863
2213
1687
2398
2576
3186
3298
2622
1343
1565
3906
3960
542
2225
3
473
4472
1491
3524
3248
643
276
915
1366
2220
2261
2246
93
393
3675
2094
3393
4131
1303
423
500
3126
1894
1070
2088
4011
3555
3559
1752
898
3190
436
1312
2140
2136
996
310
1496
3916
1963
4275
3975
323
386
3735
63
3665
3138
126
2079
51
1008
769
2107
1575
1297
4467
267
4355
352
823
4067
371
1892
4065
3883
4257
1656
4302
1328
3990
4153
1665
3506
3545
2311
1913
2990
2560
1301
2945
2008
3052
2911
387
3457
4203
3090
1641
3128
2760
1332
3383
2384
4417
567
344
2255
341
711
3571
1795
3467
2347
4462
589
2593
1964
3070
2041
2331
1124
4027
8
405
3512
437
4071
677
3731
708
4227
2178
2274
3241
4366
1619
901
2356
975
2799
256
227
1552
3155
117
3952
3732
1950
3127
4178
13
712
2192
631
193
448
208
3214
2672
2725
3094
1987
1375
2342
1493
3227
3156
4280
3646
2237
2204
1601
502
2709
550
4077
1618
4350
2460
2468
3602
1761
2577
1435
1955
3801
3175
109
1223
2540
3464
457
3894
2718
1749
3882
69
2022
688
583
3222
957
123
177
2513
3232
1181
148
928
4380
2682
2872
508
1882
2167
3860
1410
3224
686
3847
4030
3625
3269
2789
2169
3891
3613
3220
1574
3144
1756
1067
4288
1810
890
3865
4349
1497
858
1230
651
2215
1676
3656
3213
637
4400
1280
4414
2488
1448
1545
4450
1697
1853
172
1205
3249
2783
4074
1465
2545
4234
3730
4161
3641
884
3191
4047
1530
1153
2493
2388
2141
1551
560
1976
4012
2728
3498
4052
630
759
2097
4136
2687
703
3672
3760
1862
483
969
253
956
3132
478
3117
1028
1483
1236
3106
2893
1062
485
1317
1108
4163
4109
4049
213
3426
1281
3567
595
778
1585
3580
4045
3934
1652
3364
2723
3509
1427
3514
2202
2885
4157
43
2761
343
258
986
3870
2868
2100
1273
754
300
1232
1854
2145
2993
2895
1428
1077
4080
3810
1063
1820
4458
1903
4315
2073
4055
29
3289
1544
3624
1912
141
1272
2553
4138
401
1650
987
2358
3233
1398
1634
527
2403
566
1081
932
1350
3236
295
3968
3874
3683
0
1459
27
1231
1741
2445
4032
2409
4008
1247
80
1452
3359
4325
1440
1540
2512
2426
1177
2287
1596
299
2583
462
3215
610
2650
4124
1194
3389
838
2031
3276
2991
3552
3704
2373
2209
3408
3618
2313
2198
1107
4300
657
4070
660
1720
2717
1354
507
450
3658
4210
1393
434
2098
3310
1365
1245
3558
3488
3081
3724
3229
1580
2276
2706
2062
4387
3048
4086
414
4313
1114
2908
2007
3226
1278
2910
3323
1789
3217
416
196
1670
2703
1041
270
4053
25
927
1229
1802
23
2011
159
75
2428
2072
2950
379
1902
3314
1948
2335
374
372
588
3300
4112
2524
3635
1742
605
2633
1946
4238
411
2744
4173
4394
1111
2194
2207
970
518
2226
469
2927
3035
2847
4110
3573
2862
2080
3077
3794
820
2795
149
2928
940
2522
39
458
3163
4258
1933
3004
1581
1680
516
1110
225
2646
4352
738
4274
1035
1001
407
4181
1625
47
3416
788
4132
3510
460
2763
1472
1754
388
3596
923
4193
3528
97
3518
2110
1265
2785
1984
2366
2175
1211
519
2321
1353
4434
3100
3101
4075
3483
286
1570
20
56
2791
4403
2085
464
3422
4461
3068
2452
1226
3965
815
4100
3304
3121
2117
2952
2748
