942
69
928
105
91
26
49
34
41
30
962
80
965
21
31
935
923
58
85
943
7
925
114
100
82
54
10
920
81
6
8
108
72
93
107
964
42
40
38
95
940
948
68
969
86
20
966
28
954
78
115
117
65
75
70
934
4
52
25
73
926
64
23
35
16
0
77
33
99
27
97
18
112
12
110
102
922
55
66
967
961
19
949
56
963
32
79
59
96
9
24
955
63
94
44
929
67
111
103
936
13
29
101
53
46
958
39
76
113
15
927
970
71
921
51
947
87
941
37
978
139
152
985
983
987
123
981
124
128
125
131
159
146
149
138
174
166
972
142
988
973
175
172
120
170
135
121
164
155
143
119
989
990
991
130
133
167
148
134
974
993
132
150
144
162
992
153
129
165
163
140
137
986
169
980
151
979
230
329
1098
395
228
1070
261
298
288
1024
211
1086
1038
215
1045
458
1120
240
339
1023
265
1090
299
1095
269
192
184
200
1111
1031
323
384
1053
414
264
451
216
369
253
1004
248
1026
1036
290
295
460
360
315
183
319
340
394
1056
1074
344
998
437
337
232
254
185
1080
1075
423
282
443
270
241
1110
1021
1103
347
1011
1093
224
1118
365
1019
302
256
1010
439
1029
425
1117
229
278
297
1094
1008
362
310
226
334
1030
433
219
453
388
1058
403
1039
1048
1012
284
1092
244
326
321
289
413
210
429
209
400
1072
203
368
178
1067
1034
286
391
1109
343
266
1084
415
1076
1063
1097
357
1020
327
311
242
367
1082
283
335
294
1014
1083
1116
1081
448
186
277
424
1043
204
352
1079
250
272
237
1054
1002
205
342
336
441
324
274
447
249
1085
1112
312
330
401
392
1040
1028
1035
371
373
1105
366
450
238
1065
281
318
317
181
396
214
280
245
338
1051
440
404
225
1062
382
385
449
428
1013
438
1064
198
292
313
258
285
455
1104
1050
207
1055
305
377
1027
1100
273
1091
271
398
276
223
419
322
1022
189
275
300
411
194
196
418
1009
1073
430
222
1006
296
246
408
350
417
379
1077
351
361
997
304
1037
247
307
999
190
390
1102
427
180
435
1007
1041
354
456
1015
436
1033
406
201
402
199
177
1025
409
1107
359
358
325
212
262
213
320
1003
1005
1000
1060
356
462
617
600
640
538
1129
469
530
1147
1151
609
468
622
503
1178
534
525
480
638
1157
1196
499
1155
1163
637
1192
644
1146
498
485
486
556
561
606
1131
580
1183
1184
489
513
598
629
572
570
478
614
612
504
1161
523
488
545
625
514
1137
501
645
587
1148
474
481
1176
502
1188
594
1133
473
560
1162
465
1124
615
505
611
1170
542
1191
1125
1121
1152
633
1128
482
467
1126
559
636
603
1173
541
584
1172
605
1158
1185
631
1145
639
1127
634
624
581
1150
526
550
549
1160
563
1159
508
527
583
620
571
470
619
1140
564
512
632
641
613
1134
515
522
1122
562
582
1195
1175
589
573
1194
540
1130
566
1169
500
1180
1166
610
1198
602
628
1193
579
643
484
552
618
539
1135
586
495
576
553
483
1139
554
646
567
1153
543
547
544
1149
475
477
548
497
1199
507
1168
599
536
607
1189
590
1181
487
491
596
592
608
1229
1208
715
1257
695
1255
711
720
679
1210
659
666
1221
1236
706
1216
1235
1240
1241
672
662
764
778
1214
1252
1217
654
663
718
1239
776
745
683
1234
786
728
751
713
727
700
769
1258
697
703
1204
709
1206
1220
688
742
1201
693
749
661
704
1223
773
669
772
779
691
719
732
678
741
694
705
761
1212
674
716
760
746
667
770
754
1205
1225
765
1203
685
737
684
650
1211
702
1230
1242
676
767
763
777
744
671
1254
730
670
731
1222
664
701
665
1232
1245
739
1228
668
734
1249
1256
655
1202
758
1209
686
724
784
721
1260
743
649
782
698
747
707
748
681
723
1219
1238
1251
726
1233
717
733
750
762
673
1207
781
1270
1268
807
790
864
1271
873
843
819
828
868
1294
1280
878
813
1286
811
871
1291
899
839
1306
837
821
800
1277
852
1278
831
867
1262
845
1310
1295
823
787
856
846
1305
803
832
865
814
816
1283
884
826
1265
801
817
1269
1290
1285
853
1276
869
900
1274
861
857
863
1279
1264
879
792
1299
833
1273
1293
859
849
902
898
822
838
1284
809
805
893
890
866
1297
854
1300
881
855
794
796
1298
848
897
804
887
791
797
1307
1272
1263
793
844
1267
820
829
830
1302
882
875
841
896
1282
886
806
808
874
885
812
918
912
916
907
1313
904
1316
905
914
911
1311
1314
1315
908
919
1318
1312
