929
59
947
930
65
925
964
114
77
27
948
97
103
105
82
967
38
961
940
943
936
968
950
11
922
21
952
921
63
40
89
9
18
8
5
106
935
48
76
58
20
94
923
91
115
36
955
12
926
70
49
87
55
107
90
960
47
958
938
970
116
88
78
933
102
74
941
963
30
6
951
920
22
42
945
86
43
10
0
962
111
45
54
69
949
92
927
966
117
80
959
101
13
932
84
35
969
946
44
954
57
46
26
14
67
110
109
931
41
944
1
75
112
953
957
108
50
34
61
163
150
978
134
126
124
168
979
985
983
994
976
157
169
160
995
123
176
142
129
975
173
145
135
973
141
127
122
164
972
133
161
991
980
121
981
993
986
125
136
156
147
982
140
977
167
158
128
151
143
175
146
984
996
131
149
155
137
313
1048
1101
1089
367
1092
304
1055
297
1061
1120
1118
998
280
405
398
421
266
217
373
1033
452
244
208
1053
1086
354
359
1046
269
380
249
339
449
184
242
218
248
254
1005
273
309
1030
306
1100
352
1017
344
379
351
378
999
437
290
356
190
1115
385
224
390
270
1077
446
236
997
1006
1036
1091
1029
212
326
432
1007
1081
1028
404
1099
1019
272
430
225
253
1016
252
1084
369
281
358
1075
285
343
1098
1040
420
214
362
334
1066
1023
187
1026
1049
1094
294
414
459
396
1105
200
403
395
229
1078
201
302
1114
192
263
181
429
216
1111
1015
1065
416
442
316
312
1000
1076
382
1020
295
301
360
345
195
191
257
361
448
341
185
241
455
346
1110
189
275
221
391
239
198
1116
1004
1051
307
406
1058
383
276
260
331
388
308
1082
456
311
206
1090
183
243
1009
314
1087
1003
454
292
1071
1109
1112
296
251
261
204
264
277
409
265
401
400
1018
422
377
1014
1108
428
323
445
327
207
271
1113
357
457
423
1041
412
202
384
1068
293
424
317
436
180
283
220
348
342
188
338
393
337
347
1107
179
1052
274
453
399
1043
411
329
289
1085
447
387
1079
235
1021
287
1072
394
1050
238
381
1025
397
246
230
300
1034
193
215
372
370
1080
182
439
1093
458
319
1038
368
376
462
363
418
213
444
1059
419
417
324
1062
321
1013
1001
1070
318
232
1097
1044
178
262
1039
489
1129
543
516
1140
577
1126
1147
474
1146
599
563
1168
510
608
548
1195
585
535
573
1158
526
1167
602
491
1172
545
1185
519
631
485
541
1177
502
481
1145
643
558
550
1148
1199
637
607
623
464
534
598
472
606
1124
554
576
531
498
1196
1193
547
473
518
630
1122
511
1192
641
581
465
596
1165
616
496
1173
1133
552
561
628
579
483
601
1162
1139
495
610
501
506
1197
584
568
1153
1174
1180
524
1186
522
520
1188
1166
559
527
497
487
619
569
1149
1150
467
600
1194
638
611
529
484
644
494
572
492
1151
505
1156
1163
562
632
617
556
525
591
1159
1131
592
609
1142
480
587
509
1179
1184
646
540
544
1144
530
636
613
566
542
633
1135
488
635
614
1121
508
604
1169
1178
1137
1160
528
627
1171
551
553
1175
629
597
477
621
618
639
533
469
1141
521
1136
590
595
466
574
512
555
645
1155
560
620
1215
1244
1205
737
1240
776
1216
661
781
665
697
696
1247
753
689
764
668
768
739
1213
742
658
699
730
1212
676
743
1221
1226
738
760
783
1222
1208
751
720
773
705
774
648
701
691
745
779
707
1243
1248
650
752
649
651
741
713
681
1236
757
660
727
655
756
659
1225
1254
694
1223
717
763
1210
724
1237
1249
1258
732
1203
1242
762
654
690
1257
703
772
1206
1217
736
1250
729
749
1229
775
782
683
771
693
726
712
747
731
1256
755
719
667
721
734
1260
758
715
1228
709
702
1233
710
1255
695
653
722
688
1227
778
728
766
1211
744
664
692
1239
725
1230
1238
680
672
1246
1241
1259
1209
746
706
780
684
765
1245
821
862
1304
1293
1308
1266
1262
1298
806
791
837
804
1278
788
890
1271
902
883
864
829
823
858
888
834
850
857
1290
865
1302
1286
898
879
892
891
861
1295
859
1268
1276
797
1303
896
1297
848
1270
1263
851
1284
867
831
844
801
810
827
814
893
798
817
856
854
813
855
894
796
1300
852
882
1281
1269
809
1265
880
803
1280
1296
1279
1277
843
872
889
900
1294
828
846
1289
830
1301
836
899
800
815
1306
794
835
895
1287
876
1275
819
869
863
1264
789
787
897
877
839
816
805
842
824
1291
1283
860
1285
886
919
913
1316
906
907
912
905
916
1314
1317
908
917
909
1318
914
910
1313
