103
971
7
42
21
951
936
95
39
45
41
113
938
5
11
81
14
950
921
86
77
78
23
8
72
961
970
12
1
962
15
967
40
6
47
960
966
63
16
923
106
945
111
108
62
83
64
957
38
31
932
33
101
116
98
61
24
50
19
85
66
944
88
17
926
925
939
93
954
26
10
46
36
964
30
94
71
953
955
52
90
48
92
2
28
943
928
9
114
965
937
941
948
940
949
57
87
67
80
958
37
0
959
963
952
102
34
91
968
18
112
32
43
51
69
105
29
20
97
133
171
139
996
164
168
988
984
979
175
122
982
144
130
163
135
150
981
987
169
128
161
167
159
119
126
147
137
154
993
991
986
995
166
978
162
125
143
983
140
994
136
158
173
138
977
152
972
992
157
141
974
131
121
146
151
172
148
199
1057
191
249
236
455
1052
1087
311
1033
1020
290
188
1042
351
463
400
344
233
1089
235
350
338
388
1070
1058
1096
393
279
287
1117
255
341
204
1090
219
306
278
385
408
1030
433
352
365
457
324
197
421
437
1048
242
332
1082
434
395
375
1095
372
406
248
187
374
180
274
1078
431
192
394
428
454
315
214
447
256
299
430
275
1107
360
458
294
1065
459
1120
387
212
238
1031
1109
423
460
328
363
405
322
246
384
1106
221
323
1035
1002
260
289
1080
414
346
1010
1077
293
409
1074
1060
234
317
1018
1076
1099
1040
427
1014
1113
1036
281
307
193
296
207
1011
1053
371
1068
1029
456
216
435
263
425
272
380
251
403
401
288
245
412
422
327
292
345
462
1118
451
1071
177
378
1108
1004
1012
439
1044
333
183
349
280
1059
432
244
1019
291
1047
398
381
222
370
1050
1084
237
391
382
1064
1088
364
1073
390
444
452
282
277
182
416
196
262
415
330
1017
445
348
313
461
227
999
268
1075
392
1051
1102
210
285
206
1103
1028
184
213
264
1110
286
396
1027
181
1111
194
186
1086
254
446
1008
997
1021
202
265
1026
257
1006
1066
218
1063
453
316
258
399
178
1001
312
1003
1094
217
1037
404
223
1104
229
1114
320
243
190
215
419
418
1085
402
189
359
325
295
198
1039
1054
303
225
326
377
355
367
266
413
1083
309
271
449
273
407
417
1067
1056
329
1115
622
573
467
1183
1185
607
1160
1129
560
1159
537
511
533
1146
1164
1128
566
540
525
618
464
489
548
534
507
483
1148
497
1186
553
488
572
542
1127
590
477
646
1141
612
1155
611
606
621
1125
514
519
605
613
1184
522
636
1196
600
609
563
543
630
465
580
595
596
1179
1154
471
632
510
538
1169
487
603
1171
482
555
508
521
1191
1144
1153
640
485
617
598
629
608
1192
480
1145
493
593
1197
502
639
597
1122
1131
602
641
586
558
579
565
1135
588
1198
556
582
1132
583
1123
513
1157
1158
1133
518
576
1172
546
634
1147
539
625
1176
501
569
470
635
577
1142
1188
500
512
562
492
504
599
1193
571
626
628
568
498
1149
616
526
549
575
564
594
610
1195
1190
551
547
601
474
494
631
476
1137
574
567
527
1126
585
589
528
644
584
1163
1167
469
1180
1175
505
627
1143
529
1165
1156
541
620
468
615
1236
776
1218
1203
739
1219
652
1216
715
1234
779
689
1224
701
777
769
692
1258
774
1222
771
1257
698
694
1202
1211
737
683
1246
665
688
1213
723
677
744
1256
714
782
661
690
648
667
1232
1238
654
695
1201
750
754
664
691
781
1215
651
740
1250
1208
685
1235
727
708
778
1229
674
763
663
1227
1204
734
760
671
724
761
700
742
716
717
680
770
657
655
660
756
659
758
675
1251
709
1231
1220
681
678
767
1252
753
1242
1240
738
741
765
736
1255
672
666
749
732
745
1206
650
718
1225
1207
752
786
1210
707
1241
728
658
784
1243
720
647
719
649
762
751
772
1254
702
766
755
1209
684
1230
676
687
682
1260
1214
855
1275
850
1274
1285
1284
1287
887
871
819
829
878
1277
899
813
1305
807
885
877
1276
869
1297
1282
1288
794
898
837
880
821
1307
820
843
831
867
876
882
873
842
799
854
868
1273
1266
870
1309
881
847
848
826
895
856
862
811
1270
838
853
865
798
879
1286
884
833
861
800
827
902
832
803
1265
1271
888
1289
806
809
860
1310
805
844
866
801
822
1301
883
787
852
1299
1283
823
897
864
901
1291
1292
797
1263
793
839
1264
815
849
836
1295
875
900
851
872
817
790
1303
859
1304
846
1261
1279
840
893
918
1317
905
1315
1312
903
917
1311
909
910
913
1316
915
911
906
912
1313
