78
21
943
58
964
9
86
927
92
55
948
89
968
930
30
112
116
47
74
921
950
26
940
95
970
48
933
117
12
25
967
935
6
958
963
36
31
952
71
932
59
113
955
928
101
80
947
11
3
5
40
966
13
100
0
49
111
65
91
57
20
931
103
68
27
72
953
63
61
43
959
8
60
946
923
34
922
94
951
954
67
109
971
945
52
82
14
97
38
46
938
924
73
64
54
69
937
35
84
28
936
70
32
106
77
16
107
90
18
87
98
93
961
962
51
81
42
115
108
171
175
994
992
996
154
134
166
985
988
120
123
174
129
144
987
137
977
978
160
150
981
983
126
159
975
146
157
167
995
990
140
138
149
147
173
980
136
170
142
989
161
169
139
155
156
135
974
972
158
993
148
143
132
122
133
176
163
261
1000
255
1072
313
389
1056
1012
1050
221
217
321
443
367
178
414
368
446
453
218
1033
289
231
1031
1069
197
1010
451
1097
1091
297
269
452
303
1035
230
1085
312
1116
1068
1108
209
415
365
258
229
1081
460
373
240
1049
441
310
1071
1042
1057
324
338
405
998
302
445
1051
360
401
1060
1086
281
267
352
211
1105
1030
458
235
435
1106
437
383
1009
265
1096
320
298
228
371
225
381
391
428
291
1120
1088
462
292
1015
377
260
259
280
375
214
1063
1008
196
359
356
431
215
194
1067
243
191
1079
294
349
1019
1044
301
406
1041
1021
1032
326
1024
203
1029
392
1070
1093
1087
447
232
318
239
372
1006
440
439
346
329
1083
1100
457
395
245
187
410
1113
186
185
362
266
1013
335
357
1090
305
200
244
241
253
202
1074
300
388
444
220
248
1014
438
1111
333
416
1094
247
398
250
1027
1082
207
1022
190
179
1017
337
1092
182
411
454
195
408
1046
188
1055
1084
275
242
287
1104
210
348
198
1077
205
204
442
1020
387
376
351
263
319
461
380
999
234
272
282
1098
1078
393
254
251
279
1089
317
1001
325
199
417
1026
345
418
424
384
334
449
224
1062
1034
270
212
219
1052
361
369
336
288
396
427
193
249
344
1048
1040
307
1038
340
1066
264
1036
181
274
308
213
1005
400
378
350
1011
1114
399
283
1023
285
1028
1007
284
311
386
420
1119
397
1080
1059
1075
631
464
493
491
626
476
515
1164
533
518
605
643
592
525
513
466
532
559
594
590
510
632
1122
489
549
1134
472
526
1156
480
541
620
1158
501
1181
641
1173
615
1121
553
586
1150
508
628
478
1163
543
546
497
578
561
637
642
611
609
506
1178
1147
531
505
624
558
479
622
564
494
1176
1128
522
542
1129
519
1180
551
1146
634
596
552
492
486
1168
1143
1152
1141
555
467
572
1192
593
524
557
581
550
601
585
565
1196
580
474
1151
1123
560
1153
584
606
602
589
567
638
507
1132
530
1188
488
639
481
604
540
496
471
1149
600
517
573
1133
502
1182
576
511
468
630
1124
1197
568
1127
554
1126
597
528
1189
1142
623
633
1159
465
608
1167
1185
619
598
1190
1166
1148
527
635
612
1130
640
579
1139
569
1171
562
523
1144
1138
613
490
545
1170
607
487
570
1135
644
536
475
1136
500
571
1174
514
1184
1245
1248
1252
711
671
767
1210
769
649
762
1220
1219
770
1254
654
775
685
747
1247
690
1205
761
1224
661
677
732
700
740
709
684
1212
667
1230
784
1250
1218
1249
653
760
764
741
650
1207
1214
647
1213
665
780
695
1253
1223
753
745
754
672
698
674
1200
694
699
686
746
1232
742
718
656
773
1256
730
682
782
1215
696
692
728
1221
687
749
1206
1201
727
1257
712
1246
737
720
1244
714
705
670
785
689
1229
658
1242
779
766
786
1258
652
657
1255
678
662
755
772
778
673
702
735
651
660
783
721
669
1231
733
771
744
739
758
763
726
748
1217
750
1236
1228
1237
751
719
1208
706
731
707
704
697
725
1211
668
801
900
824
834
1281
1290
1273
895
875
1265
803
858
815
864
840
880
1268
869
1262
1271
797
1298
1261
848
806
793
795
1263
804
1284
876
818
1283
894
855
788
1295
850
898
1300
879
1276
1307
1270
791
1269
1299
844
868
821
1306
1272
1279
1305
1309
1293
871
1308
812
798
847
1264
811
878
899
814
860
877
820
884
859
817
808
805
873
831
861
841
887
897
882
1296
789
854
867
1286
807
866
1274
870
827
1288
881
794
1304
1297
890
891
836
800
842
901
787
1287
886
790
796
853
888
1302
1278
843
810
857
830
809
908
1316
906
916
1313
1312
915
918
914
910
1317
911
1314
907
909
903
904
