115
54
932
952
931
117
26
21
114
23
25
46
53
84
56
81
936
1
17
72
42
74
57
98
954
921
79
61
48
40
101
960
948
50
934
927
12
87
39
83
88
971
937
920
928
950
6
923
15
96
10
941
71
949
36
51
924
4
968
63
28
43
66
19
962
970
77
942
97
95
49
20
35
70
116
60
69
52
22
92
75
37
93
967
64
953
955
965
943
82
104
929
102
958
76
32
925
13
24
59
45
34
946
111
47
935
9
951
90
14
94
16
963
85
89
33
29
939
78
131
979
132
972
977
973
175
151
152
123
995
984
146
129
135
174
128
167
143
162
978
985
163
157
994
166
126
134
990
125
986
141
121
975
991
996
122
161
987
130
169
976
160
974
124
164
150
981
133
127
147
992
168
980
136
156
173
144
209
363
281
1035
1060
356
295
430
389
344
222
200
276
402
376
396
1009
367
259
1048
1072
254
433
317
998
1054
185
311
221
1095
217
1047
1114
1029
1100
413
261
1117
212
444
340
431
309
190
319
346
460
229
371
1018
1092
285
1012
332
300
454
358
205
1010
428
249
1069
1080
191
385
411
393
198
440
1022
421
243
1110
330
459
1083
230
349
320
1087
1028
1040
204
397
199
438
1065
401
321
227
1049
298
429
325
425
264
219
353
373
297
1045
342
1113
1033
366
379
1005
437
306
308
197
1088
328
1026
1020
324
245
184
1077
1085
1036
1108
999
458
394
315
450
214
1109
263
1004
284
1093
1053
1105
462
1089
179
228
252
435
1068
277
280
240
1084
189
1058
181
1094
1039
288
456
427
382
348
213
1061
1063
239
387
312
233
412
1006
370
1016
442
211
1041
347
301
1037
262
1059
399
207
1001
1098
293
364
355
1107
234
1071
178
1030
1038
180
1000
1099
302
242
997
463
1090
1021
283
1112
318
424
248
419
268
1086
1096
410
1079
326
1007
224
334
1081
210
292
206
380
323
1066
303
395
1002
246
372
267
339
1013
409
231
1078
452
294
279
193
432
447
333
1003
405
220
343
1073
422
1052
289
1119
1057
218
407
374
226
266
1104
337
1019
322
255
375
434
1031
1074
1015
275
1076
383
1051
208
313
1056
316
304
247
1106
241
1027
378
461
365
377
305
352
299
186
1120
341
451
287
502
477
1146
1135
594
595
554
1185
612
529
536
534
629
491
1159
1173
1121
1175
634
498
1187
466
492
1124
485
631
545
543
604
567
1144
549
473
541
553
527
585
577
539
547
1150
640
614
601
590
524
1125
1197
632
552
476
637
475
1157
578
630
532
1132
519
525
608
484
528
513
546
616
523
597
1136
600
1177
576
1166
575
610
1158
1188
570
561
514
1156
1176
488
1140
515
510
1164
487
469
533
526
1186
1161
512
1191
645
1192
1130
542
641
626
494
624
521
565
511
1163
618
569
503
508
1122
1137
620
562
465
1194
1142
602
1131
474
1199
499
580
517
495
481
1180
1143
540
1198
633
564
635
1168
1145
1171
581
1165
584
483
557
489
1193
566
468
1139
535
520
507
592
501
609
615
1170
548
625
464
1153
1147
1126
1129
605
1123
1181
1178
586
478
558
1196
479
642
606
579
591
1141
627
522
482
1127
611
571
551
1254
776
782
1225
668
770
763
658
772
1258
673
684
1252
1250
762
1200
786
703
1214
1240
709
657
701
683
672
1255
675
674
765
713
656
1248
764
1235
1226
1201
1227
1242
745
719
676
652
700
697
1257
1249
750
774
654
1230
649
1215
1246
705
748
724
715
679
648
650
779
695
739
777
1236
686
682
740
661
761
1219
728
678
681
749
730
766
711
1220
687
662
721
727
706
780
775
1256
1234
1224
712
717
1218
696
1209
1244
1213
716
1216
720
666
754
722
725
743
771
781
1251
751
1231
1211
1232
746
665
753
734
704
653
694
718
691
1229
1207
744
1221
707
1259
1253
757
768
1202
741
685
1223
1222
680
692
693
738
773
698
844
800
827
889
828
1305
882
897
791
878
831
811
802
1263
1271
1281
810
832
861
1304
826
883
817
874
877
902
787
869
862
848
814
860
1306
792
850
1291
830
804
851
809
1275
1262
835
901
890
795
813
853
790
896
863
1292
839
796
1299
833
1303
855
806
891
885
849
1280
1287
793
1295
876
894
888
873
799
1307
807
798
895
838
1283
875
1282
845
899
818
893
1269
812
881
871
801
1288
1261
892
816
819
1284
865
821
898
884
870
836
1297
803
886
864
1310
858
1293
857
1301
859
879
794
1265
820
1286
1276
1316
919
914
903
913
918
1314
910
1315
1318
1311
1317
909
906
908
905
1312
