23
26
113
971
966
27
1
959
76
945
17
4
948
52
103
946
80
50
951
3
62
30
49
114
25
96
931
90
67
57
112
924
77
958
74
79
40
922
960
967
116
56
0
44
29
35
929
65
12
22
964
933
34
8
69
953
942
118
920
33
923
110
88
41
97
968
70
43
58
87
935
101
950
963
928
100
11
75
927
106
5
957
99
24
930
111
55
78
16
94
965
943
19
42
939
921
73
32
961
6
46
39
932
54
117
82
941
936
37
68
969
940
962
89
36
925
955
38
2
126
122
174
167
144
121
154
168
171
145
149
985
172
129
156
123
173
991
164
162
132
175
995
977
161
979
150
128
130
983
989
142
153
135
993
160
157
134
984
137
975
133
987
974
996
124
139
973
119
141
136
127
155
976
151
982
980
176
1078
344
298
293
437
1036
1037
1062
456
340
218
1111
1023
427
255
339
394
410
205
319
1012
1019
1116
369
342
195
1013
227
183
1103
1000
409
460
326
202
359
1064
441
288
207
373
1059
289
1063
308
241
303
329
389
243
438
266
295
216
302
417
1014
459
1118
269
328
325
257
350
413
1020
286
1086
411
358
451
1004
445
1009
352
1056
396
285
463
177
400
321
322
1097
307
251
196
1018
235
336
390
239
228
1090
204
283
199
1110
313
346
1028
253
440
395
371
258
193
363
361
240
362
429
1119
219
1091
1065
225
1089
377
372
238
233
209
334
254
284
1068
1108
384
418
182
324
1021
423
186
1016
189
185
1061
261
430
449
1074
1058
351
335
1017
447
365
1038
462
1087
1051
381
450
419
263
299
305
1044
1055
260
268
458
1095
414
1053
290
1048
1008
453
406
317
1101
385
1052
1083
1050
294
215
433
422
316
1076
382
1025
1007
280
442
1041
1032
323
296
461
212
387
1093
421
367
393
1002
353
1057
1070
405
1010
412
248
273
999
1080
1005
224
187
401
997
1015
1098
457
403
1030
230
1003
1114
380
180
338
425
1082
311
192
245
250
221
210
1109
357
448
274
208
444
232
320
1079
1034
304
360
236
1046
383
1106
454
407
297
1105
1117
181
1031
277
404
214
249
1042
1099
220
306
331
349
310
198
428
415
431
347
443
376
272
1084
300
244
455
1069
278
330
188
1102
416
567
592
504
1152
520
499
590
564
555
1122
1148
466
616
528
1169
512
545
1139
1150
572
584
635
562
639
509
1153
1184
609
475
615
581
541
603
495
478
549
1163
623
580
479
497
628
618
472
1187
570
492
554
622
607
1174
1127
473
542
1136
1129
632
524
535
604
588
482
596
575
498
597
561
505
508
587
1155
595
610
490
484
534
578
629
605
1178
601
507
576
569
1131
516
637
531
593
1164
565
577
598
1167
574
1176
1128
518
552
563
476
501
513
1183
612
523
544
1156
1195
1123
515
568
619
494
487
1172
522
529
611
488
1185
585
1138
491
1181
643
1126
1157
1182
1137
589
573
586
532
538
470
1168
527
530
503
1180
1170
1191
594
1158
536
1171
591
1160
548
514
606
634
468
537
480
546
1124
465
645
571
526
1121
1162
633
1142
1141
614
1144
533
1145
1159
467
579
600
636
496
1192
638
547
640
553
1146
675
660
1250
689
715
740
756
778
1257
770
774
738
1237
681
1212
765
701
1206
1226
703
750
677
656
709
682
762
649
768
785
1247
764
713
663
698
1213
1227
733
670
704
672
742
1209
691
737
732
748
653
662
735
652
1218
734
1200
751
695
1252
705
749
780
685
772
684
755
686
1221
1230
669
1232
728
664
707
719
1204
1255
741
1225
1258
1222
1242
724
1256
687
679
1229
1215
671
754
694
784
655
1233
1217
710
752
720
721
722
1239
776
665
1207
711
1254
666
779
1248
769
767
744
1245
716
676
1220
760
1260
763
773
1238
668
782
1201
654
706
1236
1234
736
783
683
650
727
1235
648
746
688
714
718
1246
700
1202
680
816
899
1268
823
848
790
1302
868
813
799
1271
859
1262
1284
880
851
1267
1278
888
801
802
838
1263
1280
860
800
829
836
891
824
834
872
898
818
878
1306
833
897
1292
1270
822
1305
895
882
840
876
853
831
814
1291
1276
884
1294
837
828
874
1288
862
850
901
1283
842
847
902
861
865
857
900
890
867
843
819
858
1293
892
1298
808
893
1296
856
1308
871
789
807
1303
1273
852
1287
795
827
1282
1304
796
869
826
886
1307
1295
855
791
889
1281
863
810
805
1309
1274
1286
854
835
817
896
1290
844
809
887
1318
916
911
1311
903
1315
908
912
913
918
1314
909
905
1317
1316
915
917
