945
958
26
45
93
14
965
77
61
90
971
113
48
922
960
6
97
110
952
33
29
12
65
966
926
19
2
86
18
24
69
92
5
25
943
925
11
28
936
957
931
34
76
921
47
74
84
41
116
80
83
16
20
924
929
944
1
101
35
102
946
89
970
42
46
64
81
955
88
63
7
10
953
13
15
43
60
27
118
933
949
67
947
928
99
39
100
941
105
62
68
920
9
78
17
40
31
108
954
959
4
948
96
942
54
111
72
37
8
51
107
59
91
36
79
962
85
112
939
996
978
131
152
170
143
125
144
165
151
141
136
974
122
994
977
130
972
995
992
158
146
975
990
128
129
989
126
157
982
124
119
988
973
155
135
979
149
164
991
168
123
166
160
132
161
133
983
159
175
985
980
167
981
150
174
138
120
1023
1068
249
1113
301
462
1117
355
1003
354
439
348
1100
210
380
1037
442
235
233
1026
1066
360
1001
1027
243
414
281
323
242
401
297
288
423
1083
207
251
1035
1107
1017
356
387
1110
325
334
1111
330
438
260
230
266
326
236
1109
1038
253
203
1029
247
343
400
267
1057
366
293
290
313
437
221
244
402
336
455
393
346
389
185
371
285
1071
444
1102
399
1040
208
304
379
1103
257
296
258
316
1069
397
1042
347
188
1060
445
411
1112
458
359
415
403
341
190
263
428
340
1101
196
1090
410
252
430
231
1094
320
269
283
448
1034
452
194
1032
435
450
1072
245
1075
999
1004
315
308
1030
1061
1021
352
180
184
405
391
1080
182
332
1005
453
432
406
361
357
342
191
254
353
1011
364
386
228
390
291
441
276
322
202
1053
408
209
192
1119
451
1099
426
358
321
229
1031
335
1105
294
1047
413
459
265
454
289
1116
1048
195
183
436
181
240
217
1084
299
234
456
417
404
272
224
241
1046
1097
232
1104
425
275
351
239
1000
1108
324
1013
310
280
373
201
416
1020
255
1077
1036
214
1114
1091
286
311
1028
440
1055
368
424
365
369
420
331
219
447
222
333
385
319
1118
1019
305
337
431
300
1009
388
345
1096
277
395
463
279
282
309
250
412
1016
998
177
1063
1115
206
223
1085
1067
306
446
278
328
1093
1087
429
292
178
372
1106
238
419
1089
212
1073
556
476
563
1135
568
580
501
522
562
484
544
536
511
472
528
523
1147
592
488
574
504
1166
594
578
524
1177
521
607
636
1197
587
1130
540
1126
1125
573
598
633
534
583
509
635
624
494
1157
466
527
1155
582
1170
487
614
616
552
1168
1160
1196
1127
468
508
618
1153
1184
483
499
597
1169
1171
555
612
467
503
1165
609
567
519
579
538
1131
1161
559
1140
638
531
1143
1179
620
530
621
1150
1149
630
1148
1163
491
495
628
604
505
557
1151
1122
520
627
529
617
611
525
1181
1189
510
1123
564
571
473
602
1172
1188
581
543
643
486
1199
550
566
1173
1185
1144
514
1195
480
619
541
646
489
1154
1142
1156
1190
626
482
1176
591
518
605
606
475
533
464
576
615
493
642
625
1194
1198
641
500
532
471
588
470
1124
634
1145
1174
513
631
548
526
537
1183
1134
640
558
542
477
1133
1164
561
469
1187
1129
757
1258
653
675
717
677
683
705
699
758
652
1205
723
685
1215
1235
722
1227
736
785
733
1250
663
766
657
707
662
1252
742
737
753
1208
1203
667
726
764
702
1218
756
1210
711
772
783
1247
1200
729
1225
688
1244
713
786
1222
749
1224
745
1223
1243
730
718
1242
734
776
681
1221
739
1214
684
1251
694
1201
763
698
659
712
778
674
708
1220
1240
654
760
748
1248
710
735
727
678
700
773
747
774
650
647
679
1241
716
780
731
691
1229
1260
1246
767
658
682
1202
732
1228
695
709
777
656
670
660
671
686
661
1233
750
664
704
759
768
721
1257
1231
1212
1211
1209
680
762
649
1219
755
752
706
1217
719
738
779
1297
828
859
854
851
847
855
1271
1285
892
1275
1289
824
869
1287
894
827
1278
889
1292
837
809
1262
865
1261
1277
878
1280
1273
867
792
868
901
875
886
870
1294
1302
1268
1293
840
885
816
841
843
1300
797
874
890
787
883
1269
1309
846
864
1265
791
812
1267
857
897
799
834
1299
793
880
830
856
1296
862
1288
900
1310
833
895
1286
879
888
844
845
1279
819
858
826
806
873
1298
1276
863
831
818
1274
1283
852
1266
1282
832
796
848
1284
820
850
1281
898
817
821
876
800
1301
896
803
1304
1307
814
802
1291
917
1318
906
914
915
904
912
1316
910
1311
919
911
913
903
1315
909
918
