106
88
962
98
74
64
939
933
94
79
114
63
931
109
929
51
113
117
108
959
950
13
36
963
971
80
966
24
930
946
116
32
111
102
11
45
921
942
935
934
923
37
28
115
66
90
925
5
17
954
85
65
49
95
46
961
62
40
953
82
947
22
60
956
26
968
41
52
7
951
105
70
945
84
8
78
96
99
29
3
39
107
77
86
54
941
43
920
48
958
59
15
53
20
14
104
76
9
948
12
16
47
58
955
926
21
18
50
940
2
31
81
960
73
101
57
30
33
922
154
141
982
131
976
149
121
159
143
981
125
123
139
157
988
164
980
136
156
122
142
989
138
990
974
986
166
985
145
169
975
979
991
148
172
160
973
151
130
135
140
124
995
992
165
175
176
158
993
119
134
168
126
977
996
173
170
163
196
1058
381
462
449
370
409
353
401
366
1113
421
1050
385
319
275
325
255
234
394
260
1083
1072
1041
1079
238
1029
1049
320
1099
455
1048
1007
386
1119
1010
309
443
1087
287
1026
216
419
185
362
1080
1082
1006
1091
186
247
368
1111
428
286
356
330
189
206
359
1046
398
304
387
230
432
276
323
390
199
292
1000
450
454
305
458
336
446
1025
1078
251
1008
1059
363
448
1103
1075
1090
223
463
317
1088
396
1074
1015
402
425
352
311
379
1101
410
459
232
1035
190
1110
277
237
439
285
314
1039
1022
332
999
345
315
180
344
272
278
252
413
318
400
1044
229
194
461
227
307
426
1023
373
1001
1033
283
207
369
1076
1057
293
1056
204
302
228
1100
1093
1070
1004
224
219
998
235
429
201
178
274
222
300
269
416
200
1055
1102
377
331
1105
408
1095
1018
1051
179
405
183
259
438
328
456
412
215
338
436
254
187
240
209
417
1096
1094
1054
202
1081
422
284
1118
1066
1068
378
1045
266
242
253
1086
406
1028
184
1034
241
364
1104
299
217
225
447
1061
349
1016
399
392
244
1030
1108
233
434
248
321
322
267
343
1024
347
231
282
1043
1084
243
1107
433
997
294
188
297
1062
420
397
264
391
365
1089
350
407
262
212
346
333
295
296
1073
1038
1053
1014
1109
339
291
335
327
457
226
208
1097
197
290
1120
177
460
1042
435
289
411
312
1085
181
1017
257
203
607
505
1178
1130
1199
517
605
615
1144
500
551
580
524
1158
467
558
516
557
527
519
556
510
1163
1181
626
549
640
531
1188
566
1187
617
622
628
581
598
1190
590
488
539
493
1149
1143
490
554
470
573
1167
1151
643
592
614
645
540
571
634
475
1147
1184
1180
1145
562
477
1138
483
1156
599
547
1122
465
1157
520
618
521
1140
1166
1173
616
1193
587
525
572
604
637
478
601
550
609
589
1121
612
526
1179
492
610
1191
498
534
595
635
632
1175
1148
563
1153
621
523
600
471
1170
487
582
1195
574
513
502
536
522
1133
1198
555
620
506
1197
1132
481
1194
1131
1134
642
1159
624
568
512
538
623
1139
546
1128
1152
1136
1146
501
561
1160
1182
1172
591
511
1127
533
544
564
508
639
532
1154
494
1155
593
1174
1162
1142
629
586
503
496
552
1168
553
644
570
479
1123
485
509
476
464
636
482
611
507
579
701
647
1230
734
785
747
769
737
1216
746
760
1247
706
774
1237
764
758
765
775
768
1231
739
738
753
1248
1238
693
648
762
652
702
691
1225
711
1242
684
1250
786
1229
1212
723
700
656
1234
729
1217
772
776
654
1259
674
736
681
1226
1258
740
1202
1246
755
763
1206
715
1232
659
679
1201
770
682
658
748
1209
677
759
766
665
761
735
756
720
728
780
673
1252
670
731
1208
744
1219
771
657
680
699
695
1256
1203
1236
1222
666
686
743
719
717
716
1218
690
1207
687
1223
1220
784
663
1257
1210
1211
1240
1244
714
689
703
750
1204
783
1205
767
709
685
697
675
653
727
661
779
660
669
1200
655
694
713
1253
667
844
1291
1264
804
819
841
807
799
828
815
837
829
821
1305
872
823
1301
1300
859
1272
878
1289
1280
1302
1294
898
800
798
1296
882
1274
1263
887
901
897
1307
842
822
896
809
876
850
1292
838
1281
818
795
808
830
891
1273
895
806
810
874
1283
797
1285
1279
869
1262
1277
1303
1265
881
1267
853
855
789
860
831
1284
805
861
858
1286
1297
900
894
790
890
885
1306
886
814
813
816
1276
852
877
1288
1287
1290
1308
811
862
833
1282
839
1271
889
794
892
865
824
793
791
871
854
873
863
843
867
803
826
1278
919
915
916
918
917
1316
907
914
908
904
903
1317
905
910
912
906
1315
