969
944
109
104
932
965
13
73
46
55
66
106
964
962
41
90
25
30
935
31
50
39
943
956
43
938
99
10
59
95
54
921
2
98
955
971
1
112
22
923
920
925
94
101
957
35
963
97
936
75
942
20
118
36
12
26
967
42
927
37
951
960
74
110
72
77
16
114
64
68
4
86
959
15
56
40
76
33
71
51
63
18
952
49
87
0
69
929
57
91
92
70
5
62
949
24
958
61
924
78
88
85
80
926
89
939
32
28
970
79
6
67
107
82
96
953
11
968
115
985
993
171
148
169
134
972
145
125
150
991
162
123
154
120
165
175
133
138
980
978
983
155
126
153
124
147
977
986
131
988
151
174
152
168
144
143
981
160
992
121
139
996
119
176
975
149
141
146
136
976
172
142
158
994
989
982
979
392
307
208
1049
1072
370
304
1014
205
254
429
436
199
454
1036
1050
198
1084
193
382
240
302
1103
1057
1081
1020
426
356
354
335
317
456
311
232
236
1027
310
255
279
1090
1069
343
207
352
1105
461
1042
374
1117
266
309
381
330
277
285
184
1086
462
1113
398
1119
419
1056
1059
340
315
412
297
211
1095
1008
300
376
364
1071
220
1028
347
178
179
252
224
416
355
417
314
323
1083
432
1047
274
187
999
223
425
264
265
403
421
1111
1060
247
331
288
278
333
444
405
1043
245
435
1107
1030
1001
344
1099
194
349
217
455
1093
1022
1092
286
322
388
321
353
1114
1032
218
272
1108
1076
328
1051
442
1102
375
1010
1033
299
362
226
253
441
1064
389
181
1000
446
1061
390
1018
1082
280
318
1011
293
325
1055
233
439
182
294
212
430
1004
251
1079
229
407
1016
1024
1073
371
180
244
1037
380
282
1062
345
185
296
316
427
258
1023
450
1044
1067
379
365
449
406
384
268
250
188
431
401
395
448
445
214
385
998
366
292
1091
201
249
235
438
190
1046
1080
1087
373
1078
1038
1006
1109
222
1058
248
350
1012
1021
440
1098
1085
237
1015
219
221
391
206
351
341
269
383
1112
276
216
242
1106
368
453
267
334
243
332
1029
396
423
393
200
402
273
410
1070
326
1039
339
1096
1048
329
459
303
203
183
215
271
306
443
320
997
361
284
298
369
260
263
262
234
1131
1176
1144
469
1160
576
500
633
602
518
1164
620
629
1153
615
520
547
614
546
626
1161
1130
604
548
465
637
1194
594
562
598
470
1138
1137
581
1123
522
567
1179
467
623
1152
1145
611
564
587
1189
630
561
1155
506
596
605
557
1192
482
610
510
512
1190
493
487
1171
523
1141
1198
1181
476
588
644
530
511
1142
612
553
1150
1147
536
573
1187
574
1191
600
528
589
545
1175
579
560
632
1135
613
1149
549
480
495
1151
533
1162
571
1133
572
535
1154
640
1173
606
516
1188
1163
542
508
1185
541
1183
591
599
569
622
592
539
1180
1186
1122
1170
490
1165
643
483
502
1159
1124
475
531
559
513
509
642
486
619
515
1126
641
1136
1128
551
521
543
601
527
479
1129
1199
519
1148
532
471
556
1139
474
1193
1127
496
639
607
1140
1157
517
544
507
1158
590
477
550
617
1174
575
1134
514
504
494
609
1125
583
1231
747
680
695
729
740
713
659
1230
762
652
743
660
784
685
1236
755
751
666
661
677
1233
737
777
719
1213
749
710
1223
757
674
668
764
732
1238
1215
649
715
1205
656
1259
1228
1201
663
735
772
773
725
671
756
1242
698
704
679
1252
688
658
708
744
767
1225
781
693
1248
653
684
1239
727
1211
778
694
1237
654
1227
1253
1208
712
650
761
1246
697
714
783
662
701
696
738
769
733
1260
760
1255
665
1243
765
759
775
682
722
741
730
669
1218
707
1210
770
739
1247
1216
717
1219
774
1249
766
716
1224
1245
1212
678
785
690
782
1254
776
672
780
700
752
786
651
771
681
1229
1202
1217
742
1258
692
699
664
806
808
863
876
1294
1299
816
1302
840
842
829
1264
1279
810
824
1309
854
1287
1269
860
815
828
869
893
831
1300
825
1265
1290
1295
1263
1288
830
881
867
1277
827
885
1276
844
865
793
845
896
841
857
814
826
837
799
804
891
894
1284
1297
899
887
1289
847
807
900
882
873
817
819
835
820
858
796
1308
823
875
895
855
888
803
878
1267
800
833
787
853
1275
902
1261
1266
794
892
834
1268
859
852
788
822
898
1270
1305
1278
862
879
797
1293
1274
850
1307
897
798
1304
1271
1291
1280
1298
811
821
813
1303
912
918
913
1311
1316
906
911
1315
1314
917
1313
916
905
908
910
909
915
