921
91
49
95
951
30
6
947
89
101
4
924
59
2
19
64
71
61
53
72
0
38
87
930
113
52
100
957
84
5
927
88
948
971
940
936
922
112
97
83
37
116
54
946
23
51
32
18
107
92
45
12
99
16
39
13
98
955
81
96
93
90
115
27
17
102
44
94
46
55
968
34
967
937
941
103
20
58
74
935
60
938
950
108
3
923
14
29
969
959
104
964
945
942
956
65
73
961
949
117
118
9
953
932
21
47
69
952
111
958
76
33
56
962
36
7
929
42
48
138
134
975
153
978
989
136
176
982
123
122
973
154
988
127
162
129
976
137
977
132
167
152
995
981
125
147
142
159
994
991
126
972
124
139
984
171
143
150
155
148
170
128
980
161
157
141
130
990
158
174
140
172
121
146
119
169
160
220
1038
1108
383
423
419
408
365
297
179
372
206
1025
1027
1010
311
393
385
270
380
266
997
461
283
185
1098
1052
384
341
265
1005
409
1114
342
1028
1066
272
292
1072
1082
289
388
402
1048
299
450
356
1086
414
1002
268
403
1044
1016
435
397
222
389
1088
256
194
284
1021
217
399
177
214
1009
318
189
324
280
278
1111
459
373
355
454
228
233
192
315
279
420
184
1057
281
1076
1087
441
1069
187
1014
1020
328
199
1012
330
1070
294
1042
1075
1074
1120
1099
396
347
445
254
275
434
1024
201
213
209
406
1050
378
1083
1068
381
1033
458
298
443
359
236
241
442
1065
264
346
295
364
339
1054
1007
291
457
1067
1041
230
204
376
422
462
1097
225
190
334
257
1017
1100
1077
1006
426
1105
362
304
394
309
245
1095
260
449
1051
1035
210
370
343
223
1030
439
205
296
218
1104
415
288
312
300
188
1073
1107
1106
1064
253
424
1089
195
1055
317
333
308
1053
416
1000
367
186
244
447
456
446
1103
437
202
248
400
305
323
301
306
1011
331
1096
425
1113
335
418
417
338
1109
428
207
1085
243
208
405
267
198
1008
1119
431
1060
314
1046
320
326
998
357
246
269
358
1061
250
1102
1115
259
1093
235
1036
221
321
337
316
350
286
1059
463
274
285
319
436
1091
262
430
197
1032
239
238
382
232
263
377
1116
410
398
390
193
1001
293
271
1094
313
249
1058
1019
1195
468
544
1124
594
531
643
569
1134
646
518
486
481
633
529
573
521
495
514
543
636
557
1194
583
470
1170
617
642
582
608
1142
1184
497
523
572
1146
550
638
1168
480
534
1159
644
604
488
1152
571
490
620
498
1136
506
1132
525
1135
526
479
1148
1177
1127
630
588
464
476
603
635
491
624
554
467
1178
609
625
561
565
629
1180
577
1183
610
522
475
628
1144
1151
1153
587
465
520
1171
1157
1133
580
566
1196
623
1123
564
510
549
553
1188
1192
551
472
613
615
1149
1143
597
1169
539
576
500
1181
538
533
591
606
469
466
1161
584
1198
1176
542
1166
560
1191
532
607
1128
1197
558
527
1167
552
1174
528
555
1190
575
1156
1141
612
1186
602
478
494
545
634
516
546
1129
508
524
590
548
517
503
513
1130
477
1147
601
492
559
1164
568
556
1182
596
619
622
496
1122
499
487
621
471
483
574
473
691
1248
748
769
702
1259
1230
767
718
781
683
773
737
736
708
667
761
647
732
727
1209
658
715
1228
706
704
1235
1251
668
1241
784
1252
772
1245
666
723
689
681
699
768
774
659
764
746
652
649
686
1243
1201
1202
752
744
669
1249
1234
782
776
743
740
696
1205
714
771
1220
1253
671
651
1242
693
673
783
1208
1225
712
735
765
711
1256
1233
730
670
757
762
700
1212
1206
751
703
722
650
777
656
1223
698
1255
731
775
756
709
1221
1218
742
770
1210
1238
661
684
1222
719
729
692
679
1258
1244
766
755
733
738
760
747
677
1226
654
1240
675
1231
728
720
713
725
674
716
1239
672
1246
694
758
685
1200
695
838
868
866
847
1271
836
1297
1266
1263
1264
840
1282
895
845
794
798
837
1280
858
852
820
1273
1265
1304
878
821
871
863
894
1283
849
1275
862
841
827
830
1288
1293
1262
1306
1296
893
1307
859
888
1289
875
890
870
1269
801
902
853
799
1285
834
1286
883
1292
1276
803
795
1299
810
1302
802
860
812
797
788
885
824
901
807
808
891
850
872
880
867
869
823
790
1303
881
825
1270
809
1284
789
796
800
831
900
813
1308
1309
818
864
1305
884
833
896
1295
1290
828
1267
844
787
1274
851
846
814
882
879
1300
1314
913
914
911
910
907
903
917
1316
1311
1317
905
919
1312
904
1313
909
