61
72
968
939
20
49
55
111
10
95
19
114
97
938
101
117
952
1
935
112
91
964
109
70
39
47
116
26
98
106
108
962
56
929
24
69
963
21
66
87
102
932
99
43
945
966
934
35
58
78
2
67
930
38
52
59
944
82
937
81
76
60
63
68
955
943
41
32
83
48
25
53
941
951
51
14
965
29
3
23
925
960
37
961
959
45
103
90
42
79
936
950
12
920
22
85
6
948
104
931
970
34
947
50
105
110
922
4
5
44
921
96
84
949
28
75
7
46
17
154
147
175
148
174
170
144
172
978
157
982
150
141
160
173
991
142
993
131
122
127
176
983
987
140
168
129
995
152
973
980
994
136
130
135
985
139
145
155
981
975
990
133
123
166
119
992
974
125
134
158
143
126
156
138
146
977
989
327
440
1095
436
1077
1037
334
308
434
216
1055
1042
1032
1117
209
1036
405
1082
340
204
383
279
212
1119
1103
222
234
189
229
220
1064
1013
1118
411
1099
437
304
221
320
413
453
241
1102
184
338
1091
368
1107
432
1029
1094
420
300
255
360
415
1019
267
395
1115
219
210
1088
388
1073
190
357
230
457
1084
454
1044
329
186
414
373
348
1059
439
208
371
199
1010
1026
441
250
1006
1120
1096
322
269
319
363
314
1061
1101
1047
201
1056
409
242
358
400
253
349
1106
1093
193
183
1016
1015
352
448
370
1110
246
228
1078
274
419
1000
1065
1004
417
245
195
302
379
1008
406
1083
1002
211
224
369
378
287
198
1081
398
1039
408
1053
309
261
282
450
249
1022
231
1034
412
1017
277
1085
407
390
1072
1105
381
394
1070
350
1113
1027
1114
353
1100
346
1109
292
1080
317
178
310
399
1024
286
293
1054
1074
344
367
328
181
374
272
217
422
410
447
330
233
1014
438
1068
284
416
298
247
451
455
459
429
311
345
1112
1005
254
318
356
237
1009
268
449
271
397
1033
295
257
331
265
377
380
294
1063
313
393
227
273
291
1040
259
418
1092
275
421
1052
1057
343
372
430
248
260
392
303
431
365
299
1003
238
323
280
1060
1048
1046
426
236
180
1021
1076
341
223
316
296
1067
387
188
424
443
1066
205
306
187
258
456
355
285
1045
462
244
239
461
1097
288
191
391
1122
629
1160
464
1137
590
1136
1132
1144
612
635
1142
481
618
486
621
596
491
597
644
569
553
570
619
640
593
490
1166
551
1129
489
535
613
475
1156
632
585
1176
628
645
542
1195
1153
1159
555
576
525
1196
504
1151
1145
534
577
550
572
575
484
573
642
1190
1134
1193
562
1157
514
630
509
617
465
622
571
1194
515
1141
611
626
516
620
539
639
507
557
477
1165
614
532
589
1140
592
1178
480
643
609
598
1181
474
599
487
518
508
595
602
526
556
637
605
1185
517
584
538
531
1150
528
586
1155
511
492
1148
615
568
1146
1121
466
600
546
552
510
636
1138
1199
594
523
1188
1124
1170
470
646
1172
603
1158
578
1186
1163
469
641
493
601
549
498
588
473
545
540
478
1126
1177
506
1133
495
520
485
567
541
579
472
1143
1191
561
524
582
1131
1149
512
1147
513
574
1179
476
1127
1169
633
496
500
786
744
764
1245
1213
774
666
675
707
721
693
756
669
658
1235
1241
1256
1204
1249
1257
651
664
1217
690
785
1223
661
743
1216
745
708
719
1234
710
654
732
695
733
649
1236
728
717
734
775
657
1224
676
748
771
709
1209
1202
1222
1207
741
665
696
712
714
746
742
1260
759
1231
689
1215
724
683
650
715
700
648
1205
716
727
711
694
718
706
701
1221
1242
749
1258
697
1210
1255
1228
725
762
1239
778
1227
699
687
730
739
674
772
663
761
1240
1253
757
766
652
779
1225
1247
682
686
1244
662
776
777
736
1208
780
750
1233
1250
692
703
768
1203
781
702
1212
698
773
755
647
784
659
685
760
673
713
723
763
877
868
893
866
880
860
889
807
1283
829
876
843
854
849
882
1298
1281
1274
1278
872
839
1262
874
1264
864
794
1310
832
883
811
867
892
1261
825
891
806
1269
1305
830
792
817
1289
896
798
1277
805
1280
835
1270
901
845
804
1302
873
808
1308
809
1279
1294
1268
821
818
819
898
1306
890
888
871
900
844
1309
840
1265
1301
810
1297
848
822
823
837
1295
869
842
787
1293
791
879
1286
881
1304
1263
789
826
799
865
902
1273
831
820
861
1291
1287
846
796
859
894
1275
875
1288
788
897
793
795
1285
858
1296
1314
903
911
904
1313
917
912
1316
910
913
1312
907
915
914
1311
1315
1317
