775
250
112
38
196
581
142
692
702
279
505
276
12
454
463
51
629
636
469
397
474
772
156
345
460
260
665
564
575
148
333
131
327
661
234
48
282
283
25
558
121
23
211
550
624
651
182
511
284
249
628
139
94
648
215
490
241
144
15
570
195
258
76
190
458
383
89
310
432
577
32
515
298
356
743
750
132
309
379
609
687
764
224
105
642
647
179
591
376
231
256
106
780
177
608
449
110
610
246
318
92
524
67
729
531
157
667
149
455
316
429
71
44
124
332
163
445
604
86
461
207
459
166
264
442
306
708
130
739
175
519
133
401
191
75
218
547
214
542
709
344
468
91
64
441
119
93
619
373
653
107
520
394
535
669
378
390
60
223
666
125
114
153
53
346
14
210
45
254
367
183
759
451
102
740
323
403
732
292
165
450
457
374
239
639
553
736
496
538
100
369
659
755
672
84
232
50
247
713
192
427
620
422
65
335
603
287
6
465
565
503
147
612
178
0
372
476
117
357
261
199
31
506
29
28
255
466
98
128
526
600
453
135
598
674
194
493
170
368
396
39
400
351
380
286
200
66
389
158
549
56
691
513
248
446
311
20
222
681
188
685
122
354
11
407
717
70
592
540
123
278
664
676
137
113
265
352
315
52
706
186
741
626
329
773
518
126
285
1
37
388
561
271
176
62
501
257
495
353
202
748
49
574
637
382
303
201
614
109
679
259
342
299
57
675
355
752
58
707
349
343
81
479
385
613
491
61
419
635
745
96
331
221
678
118
308
404
55
42
212
579
536
297
99
146
714
375
262
532
386
291
381
522
392
414
141
673
688
541
359
325
240
623
559
138
508
301
295
621
557
545
749
760
228
16
290
24
597
779
462
443
160
583
615
512
771
362
225
426
697
