272
348
270
586
757
196
363
112
505
38
692
12
581
463
416
74
230
4
733
772
629
454
40
162
665
701
573
564
121
283
95
25
716
234
48
282
575
327
333
751
26
661
420
778
624
159
241
715
182
144
471
433
490
648
220
215
94
46
436
630
690
89
190
195
383
428
655
76
305
743
432
577
356
304
687
515
32
611
609
298
293
13
376
694
322
83
632
764
184
742
106
473
410
256
177
610
318
780
475
246
683
725
455
606
593
483
67
47
316
524
429
431
618
711
27
124
434
86
163
430
71
459
461
708
350
543
705
306
130
399
440
214
175
519
191
75
547
709
542
314
119
238
244
344
107
520
527
3
93
441
497
767
266
209
390
263
646
663
546
394
669
439
607
14
759
602
346
183
153
210
53
451
494
5
406
165
227
292
450
482
762
208
330
672
364
321
496
544
189
369
340
530
100
639
736
84
620
54
437
427
576
487
770
50
192
612
412
2
9
504
198
503
147
31
261
506
372
502
686
252
605
0
652
28
63
245
466
313
654
526
98
371
380
170
598
368
351
493
127
400
456
396
181
39
590
116
194
484
584
446
513
572
17
311
248
660
389
402
188
222
470
592
122
354
11
319
540
685
289
137
288
676
706
168
315
352
265
186
741
554
664
447
561
77
176
1
285
746
518
626
773
37
169
329
388
49
730
257
281
640
637
748
417
501
398
382
273
151
342
355
358
614
259
299
679
675
303
385
613
707
479
395
485
80
134
444
404
61
331
338
118
143
324
296
418
96
221
745
108
594
297
375
532
645
99
233
727
101
536
714
262
291
141
359
500
104
78
560
414
522
582
623
621
226
589
777
229
557
559
301
545
569
779
529
228
749
237
391
443
24
597
115
771
409
129
615
697
769
43
583
