142
270
272
250
692
586
112
196
279
334
757
348
581
677
469
4
733
164
74
140
120
636
51
509
481
517
460
563
95
751
234
121
148
23
282
25
283
251
48
327
661
333
467
761
516
275
241
139
144
471
284
220
46
754
182
511
94
249
190
195
458
383
570
747
89
428
436
15
687
379
577
515
693
32
300
432
750
588
293
203
689
756
523
376
13
632
694
224
322
703
473
19
318
256
106
449
683
88
780
92
87
157
531
172
593
524
606
149
67
455
47
44
421
71
618
163
332
459
464
312
180
124
644
543
705
721
130
161
556
519
709
399
236
719
413
440
75
218
214
191
767
653
119
619
344
497
91
520
365
3
441
468
114
646
60
394
125
666
209
155
266
535
494
210
346
602
97
680
698
183
451
14
607
740
5
732
227
566
72
320
528
292
84
496
755
553
672
340
100
321
538
544
268
510
374
639
427
205
50
154
335
533
65
422
437
2
603
198
712
465
525
565
492
117
103
393
372
357
178
728
252
652
658
63
526
600
638
28
710
245
98
29
598
590
170
171
400
674
380
368
181
127
286
194
200
116
456
188
402
722
691
521
248
484
158
56
670
446
222
584
499
11
753
737
122
540
70
407
595
352
79
288
554
664
168
627
447
113
278
676
336
52
77
488
746
216
37
626
62
169
126
329
405
773
1
640
202
10
257
718
353
281
768
267
585
643
151
614
307
201
259
675
273
398
57
355
358
349
385
491
411
134
707
479
58
343
331
324
404
108
308
418
419
55
641
61
221
118
143
386
262
594
360
99
297
532
146
233
375
579
101
727
673
35
104
217
758
500
522
582
359
337
559
82
240
557
425
68
580
545
508
391
587
779
534
290
529
489
597
115
443
462
426
129
615
537
362
634
225
769
