702
272
250
270
276
112
586
581
196
348
363
38
757
230
40
397
567
156
463
164
677
235
772
573
415
460
260
571
48
283
333
95
477
575
26
148
661
234
282
716
23
327
159
696
467
617
387
139
284
241
249
215
30
94
144
511
220
471
428
684
190
89
152
310
383
436
76
195
274
298
150
132
734
379
611
515
432
609
32
687
588
642
647
184
224
322
591
742
632
523
744
256
246
19
410
106
177
92
683
326
610
18
172
243
67
149
524
157
280
606
455
434
421
461
656
430
464
459
207
44
166
180
711
721
705
695
739
633
130
542
709
133
111
719
547
236
75
191
399
314
497
204
344
373
767
91
653
520
107
93
365
244
341
394
266
666
125
378
663
263
390
546
14
539
294
607
494
680
153
45
346
53
698
227
102
72
323
762
292
740
482
423
330
538
639
544
84
553
755
321
193
736
374
704
268
369
192
770
427
448
724
576
335
713
247
612
34
287
565
173
465
492
603
478
0
686
605
117
502
658
506
31
652
128
98
466
453
616
700
245
313
625
493
674
171
400
135
368
66
380
194
181
116
351
286
170
590
248
328
681
776
402
222
33
384
662
660
572
446
722
11
122
470
185
737
540
145
289
253
123
352
265
627
113
447
336
278
676
79
664
288
52
773
176
37
329
746
388
216
561
73
126
271
77
285
637
10
267
202
49
417
257
495
353
201
299
358
307
109
151
303
614
259
398
585
355
752
385
349
707
444
411
491
197
395
58
404
55
331
338
42
61
745
635
118
418
143
641
678
381
212
645
262
375
291
360
594
714
146
101
727
99
735
500
541
688
104
59
582
35
673
226
545
557
366
559
623
138
229
508
295
569
115
16
228
237
347
682
290
69
587
534
206
361
426
129
555
771
769
537
