276
757
363
581
348
279
250
586
272
702
112
196
12
164
416
677
140
649
40
120
230
235
463
509
162
415
517
277
148
26
95
661
477
327
23
282
716
48
25
283
251
751
696
467
631
761
648
715
139
241
94
215
433
30
490
46
284
182
655
570
89
630
15
258
152
690
428
458
293
743
693
203
32
588
305
689
577
300
304
356
309
703
322
642
105
632
184
742
764
647
110
473
744
256
106
88
246
683
177
610
318
172
667
531
429
149
729
524
8
157
725
166
207
213
44
434
163
430
711
431
124
461
445
452
264
442
705
695
562
314
75
133
21
175
413
440
719
399
218
191
238
373
653
119
441
520
767
435
64
344
468
91
60
535
394
439
669
546
341
266
223
663
254
294
602
14
680
53
759
451
183
97
367
423
403
740
208
227
72
528
102
5
736
544
374
510
330
268
100
269
530
704
232
321
340
369
770
533
247
724
576
448
487
174
65
9
504
603
412
6
525
712
565
476
372
31
199
686
506
117
605
658
261
128
625
28
638
63
596
526
98
710
317
400
598
493
135
286
200
171
763
674
66
456
39
170
380
484
549
584
20
402
572
513
311
446
722
56
670
521
289
472
122
592
11
737
540
717
753
137
741
52
288
278
664
447
352
554
186
265
336
123
176
488
561
77
37
1
271
388
626
169
773
285
62
281
267
257
480
417
640
49
718
202
675
643
355
57
358
259
151
299
752
679
585
109
201
134
707
395
349
343
385
766
491
411
331
419
143
118
324
308
96
745
55
296
108
338
42
579
375
101
212
536
146
262
36
532
386
645
727
381
414
735
35
78
758
104
141
582
673
777
623
621
425
337
226
557
559
508
545
529
16
115
587
7
443
290
462
85
228
779
129
426
769
548
409
41
225
206
