272
334
775
505
250
702
757
348
270
581
38
112
363
629
567
474
164
120
40
733
230
416
74
665
564
260
599
162
121
283
95
661
751
48
131
333
327
477
716
282
234
25
696
550
624
486
628
648
144
490
182
511
241
220
433
387
139
715
747
89
428
630
15
690
258
657
655
310
734
611
379
356
300
609
743
687
293
577
298
689
432
231
376
742
184
703
523
83
731
13
19
410
88
318
246
256
475
473
780
106
608
606
280
531
172
483
67
593
316
47
243
604
421
86
207
71
618
332
163
622
459
27
166
562
708
161
339
721
350
413
21
314
111
542
133
401
236
440
214
218
373
653
91
238
520
767
441
107
64
365
344
93
669
341
60
155
663
394
209
535
666
390
602
539
254
294
759
698
494
153
346
367
97
323
227
528
732
5
165
699
406
320
755
639
659
553
84
321
189
268
239
496
510
538
374
100
533
765
770
576
65
54
154
247
205
9
147
498
198
6
492
465
603
393
728
658
652
372
199
502
178
686
357
371
255
28
596
638
313
466
700
654
598
194
39
763
181
380
674
66
317
135
116
286
590
456
368
56
549
248
662
328
584
17
158
311
33
389
660
20
289
122
145
717
70
319
11
470
753
113
123
447
265
52
79
278
137
676
186
352
741
627
62
561
1
37
271
388
216
285
126
176
405
329
77
267
353
718
136
281
730
10
370
637
585
675
259
151
752
643
614
57
109
303
201
307
679
395
411
668
80
58
444
408
485
302
118
635
404
221
296
308
108
324
55
331
96
42
641
714
594
375
579
212
386
233
381
536
36
146
360
645
59
377
217
582
414
688
325
359
500
777
366
425
301
295
226
68
623
557
138
16
69
160
462
347
115
779
85
569
290
682
361
583
769
41
129
634
167
771
