775
586
142
279
196
112
334
692
505
38
270
702
581
74
164
120
469
772
235
649
733
230
567
460
573
564
162
509
283
23
251
95
131
558
716
121
148
333
575
282
48
661
187
651
551
601
433
490
387
648
220
241
94
46
215
284
30
471
630
458
15
690
657
219
383
76
190
747
32
150
515
379
743
298
611
577
689
734
750
609
693
703
742
13
224
632
694
647
83
105
608
449
744
610
87
92
88
19
110
106
318
243
729
531
667
316
429
593
67
524
606
434
604
44
312
618
461
213
71
622
166
459
124
705
161
562
339
671
633
21
236
519
709
399
413
218
111
440
191
401
244
767
3
204
527
365
435
441
93
64
497
520
263
60
223
378
774
390
341
266
546
646
346
53
759
294
494
45
552
367
698
451
14
406
208
403
528
320
699
566
762
292
496
530
544
84
321
330
269
193
369
189
672
268
538
100
765
154
724
174
247
422
713
437
65
6
603
612
9
503
565
492
504
506
0
178
372
605
357
478
261
31
652
700
453
255
654
596
616
371
28
625
181
351
317
598
674
493
39
200
400
135
171
590
66
194
368
513
670
328
222
17
56
662
248
33
521
484
20
722
319
472
354
70
592
145
185
470
540
336
447
288
79
741
123
627
186
676
168
52
265
554
329
405
77
746
169
488
388
626
37
561
271
62
518
640
136
281
370
10
730
718
49
202
307
259
303
675
109
151
382
201
398
585
57
643
299
385
444
197
491
668
58
613
707
766
678
745
118
308
221
143
296
42
635
96
331
641
418
360
212
297
579
386
146
381
532
233
291
714
375
645
325
377
141
688
217
582
392
673
78
226
545
623
621
240
229
425
138
82
557
489
85
682
760
160
16
534
587
115
462
749
362
537
615
634
583
43
129
225
