775
505
279
272
581
692
334
276
250
196
38
757
12
140
772
235
649
469
474
397
567
677
416
563
260
571
481
460
121
477
234
23
25
251
283
148
661
558
95
575
751
327
631
723
778
187
648
284
30
490
94
715
387
511
144
46
433
241
383
195
428
630
684
436
15
89
310
570
203
309
305
693
750
515
300
304
150
588
293
298
611
694
647
105
632
376
224
184
764
13
246
19
473
610
326
106
744
88
683
177
87
606
172
524
667
8
429
149
243
18
483
431
44
207
86
213
332
166
421
430
711
656
445
633
705
339
720
306
562
191
519
413
314
218
401
90
111
133
547
399
91
119
3
497
107
365
468
344
373
653
435
204
646
263
663
209
341
60
669
125
378
266
210
680
607
254
183
451
698
53
602
153
294
72
227
292
450
699
732
568
165
740
704
374
736
538
530
369
755
639
496
193
330
321
232
269
154
54
437
427
192
174
65
620
576
498
712
525
287
147
34
198
6
506
372
357
605
261
476
478
199
31
728
616
638
466
29
453
710
128
625
255
317
456
286
763
351
200
590
66
170
181
194
39
400
380
674
384
17
549
248
20
572
188
56
328
438
222
446
662
11
122
540
717
319
289
470
185
70
278
676
336
627
79
741
168
123
315
52
186
447
352
216
126
746
285
37
561
773
518
488
271
77
169
1
10
136
281
730
49
370
768
495
718
398
259
151
355
273
57
585
752
299
614
201
382
303
485
668
766
197
58
613
479
385
411
61
221
331
419
404
296
418
635
143
108
55
118
324
291
36
360
714
381
594
375
101
99
146
536
262
727
541
500
688
104
392
735
359
560
758
589
623
621
508
138
337
777
229
557
580
16
569
424
443
682
228
237
534
290
587
391
555
697
583
129
426
634
512
615
