348
334
775
505
196
581
112
270
279
276
757
586
692
235
677
474
733
416
74
629
567
40
164
481
563
599
415
507
575
477
23
121
131
25
716
661
148
751
333
558
48
327
550
516
159
467
144
754
30
139
387
490
628
46
215
433
511
648
383
258
310
219
428
655
747
690
152
458
689
687
750
304
356
577
379
515
611
734
203
132
32
642
376
13
764
523
703
591
179
647
475
256
410
744
110
106
88
246
610
177
19
243
531
606
18
429
593
149
280
729
455
207
618
180
431
44
86
622
711
604
445
656
312
543
695
264
339
161
720
542
75
399
191
90
413
218
401
236
719
440
619
64
468
365
441
373
344
204
520
93
435
91
114
439
155
535
390
669
125
209
663
394
680
294
153
97
539
552
53
14
602
494
367
568
528
762
482
403
740
566
450
102
659
189
232
340
193
84
755
496
374
268
510
530
538
672
335
770
192
50
205
174
487
448
422
6
525
9
492
726
565
503
287
658
0
506
728
652
261
393
31
199
502
616
638
255
63
625
29
466
710
600
200
763
170
286
135
396
368
456
598
400
590
66
380
116
351
438
20
670
222
662
248
328
446
691
158
56
17
549
354
185
595
11
717
499
540
472
470
137
52
315
676
79
664
168
706
554
741
123
352
447
388
329
285
488
176
37
518
626
216
561
169
405
1
281
49
640
501
730
637
267
202
353
342
752
109
307
201
585
303
273
643
679
151
299
675
444
491
668
349
58
613
80
408
385
745
324
296
641
221
143
61
108
55
418
331
96
404
714
536
146
360
297
36
233
381
594
532
645
727
291
758
78
359
104
673
59
500
35
325
138
557
240
425
295
623
508
621
777
589
160
290
237
529
69
462
489
443
682
391
7
206
41
129
548
537
512
771
426
