272
334
250
270
142
757
505
112
581
276
702
692
775
397
733
649
164
4
474
51
629
636
677
517
260
564
277
460
48
661
282
251
25
477
148
95
23
283
121
751
131
575
696
486
631
420
241
182
139
628
144
220
387
215
94
433
249
471
190
310
258
76
570
428
690
747
655
458
150
298
577
734
203
274
743
432
515
300
309
379
611
703
105
224
376
731
179
13
231
591
449
473
246
410
608
19
610
256
110
106
92
316
429
280
593
531
149
172
729
243
725
644
459
434
180
163
44
71
86
27
207
461
656
442
720
556
671
739
339
547
175
214
401
440
709
75
413
90
191
719
497
91
653
344
373
619
64
107
238
119
468
520
209
341
114
546
774
223
439
394
60
378
153
210
602
254
346
45
680
759
97
539
552
740
227
699
323
165
320
102
732
528
553
84
321
704
269
268
530
340
330
736
189
755
100
672
174
422
448
154
576
533
437
620
487
498
612
504
9
6
565
173
603
372
0
178
117
652
357
103
199
478
658
710
29
596
526
453
371
616
654
600
181
200
368
127
66
116
135
380
590
286
351
396
317
170
171
20
328
722
56
681
584
389
17
484
670
158
33
438
122
685
717
472
354
145
595
499
253
554
315
741
336
137
278
113
288
676
123
664
186
352
126
518
405
62
626
169
1
73
746
329
37
176
388
480
257
281
495
718
417
501
49
640
643
679
358
382
398
307
299
57
675
585
752
273
201
197
485
395
408
668
58
707
411
349
221
678
419
55
42
324
96
331
143
404
745
296
308
532
645
594
714
381
146
360
297
727
579
233
386
262
359
217
500
673
582
141
35
104
522
68
425
366
337
777
580
138
557
240
589
290
69
24
682
587
462
534
16
443
489
160
512
361
537
634
43
206
615
697
