505
348
112
334
270
757
692
12
142
272
38
250
581
74
469
230
140
164
733
649
51
416
156
738
564
571
599
481
251
575
25
333
23
131
95
26
661
282
283
121
48
234
516
550
551
624
387
215
94
754
182
648
715
144
511
433
220
628
690
428
310
570
436
630
383
219
89
76
743
203
687
750
693
734
689
588
293
356
577
305
150
83
694
322
742
179
13
756
376
731
326
19
473
449
256
88
110
744
683
475
92
172
606
8
18
593
524
157
667
149
729
711
213
163
332
124
459
166
207
421
618
430
604
705
578
264
130
442
739
133
542
314
401
413
399
547
75
218
111
214
64
373
244
527
619
107
365
204
93
238
441
3
666
394
546
774
155
266
341
663
263
535
210
53
759
14
602
294
254
494
607
539
698
732
102
699
406
762
403
5
457
482
268
496
755
736
340
84
369
659
193
672
704
510
269
321
192
247
65
448
437
533
620
427
54
565
465
198
726
603
412
712
2
506
117
31
476
658
605
478
728
261
0
700
313
453
600
29
128
466
710
371
200
598
674
493
66
171
181
400
39
396
763
127
170
351
317
660
584
17
691
521
384
188
446
242
56
20
681
513
737
540
685
499
470
472
592
319
407
79
447
265
168
186
706
278
123
52
741
627
336
352
388
1
561
77
126
73
626
488
746
62
176
271
329
637
501
136
267
370
480
353
281
417
151
342
303
643
614
675
273
382
752
585
307
201
259
408
197
395
668
349
444
613
479
385
55
108
635
419
641
338
143
678
61
308
404
324
418
297
212
594
375
645
291
233
579
101
714
262
386
146
78
141
59
217
104
377
414
541
688
366
589
301
623
557
559
425
621
138
68
85
569
489
69
534
462
237
391
587
749
347
129
537
41
426
615
225
583
43
