272
586
12
348
702
142
270
196
581
363
334
112
38
156
120
235
474
772
397
463
469
677
4
517
599
277
573
460
661
234
283
23
327
333
26
95
558
148
121
131
716
282
651
187
761
631
387
220
433
182
249
490
241
628
284
144
46
471
310
89
630
76
657
428
458
570
436
195
309
687
609
150
577
432
734
743
274
293
750
298
515
742
376
224
756
322
764
13
83
523
19
610
326
410
473
780
177
683
110
106
87
67
47
524
18
606
172
157
429
243
729
86
434
312
430
445
207
27
644
332
180
656
461
442
578
452
264
720
161
111
314
440
401
133
519
218
709
191
214
21
93
244
204
107
238
344
373
527
91
767
520
497
394
546
663
155
209
535
646
669
439
378
294
53
153
539
494
210
602
14
97
607
451
406
423
762
568
102
323
740
403
227
268
193
100
232
364
704
553
84
659
189
496
530
639
330
247
620
437
154
427
335
205
422
65
525
712
287
147
412
173
492
726
31
476
357
372
686
728
506
252
117
605
63
625
600
654
710
313
700
128
453
317
200
351
135
171
170
127
456
194
181
396
590
763
66
39
384
670
584
311
513
33
662
56
20
242
484
521
248
540
470
185
685
737
472
354
253
499
336
278
706
288
676
52
265
186
168
315
627
554
352
329
126
285
77
271
488
37
626
773
388
73
216
1
768
10
49
267
257
730
417
136
495
201
303
109
307
675
355
259
585
382
342
643
398
614
707
134
385
485
491
80
81
668
479
296
61
308
404
221
108
635
143
418
118
745
96
338
101
291
360
375
262
99
594
212
297
714
579
36
645
104
414
78
541
59
217
582
758
560
621
580
589
425
240
777
508
557
138
82
424
115
16
85
160
347
443
587
290
529
24
361
583
41
615
225
771
634
43
