334
36
307
301
46
328
343
14
11
309
311
38
21
340
8
25
313
9
344
347
349
3
20
305
6
331
346
30
13
16
320
319
18
308
43
337
339
314
316
33
302
48
348
342
326
329
45
317
24
304
99
65
62
51
370
90
80
396
92
357
364
372
383
79
358
76
59
384
64
68
373
86
392
96
350
72
353
365
369
71
391
73
351
371
66
52
386
88
393
390
97
54
382
74
89
378
355
75
366
57
431
138
141
146
415
430
422
112
115
103
429
128
118
101
418
140
131
144
110
121
413
410
448
113
125
402
109
441
400
442
407
104
416
426
445
130
127
404
114
425
102
446
120
421
142
107
147
434
419
124
169
456
489
177
180
170
167
152
163
464
178
154
497
482
486
171
462
492
174
476
490
190
189
496
472
454
182
191
465
175
168
491
166
471
484
183
494
483
451
158
156
475
155
468
194
185
164
184
459
196
515
217
208
223
230
536
534
513
509
249
244
206
545
248
541
518
205
512
525
226
549
209
505
232
233
532
502
501
542
510
500
516
508
221
228
227
537
503
207
520
214
211
539
225
538
241
243
517
533
213
274
292
599
277
558
585
584
268
270
575
582
596
570
251
253
288
286
563
587
294
269
263
592
256
267
257
594
264
291
550
573
551
266
583
272
557
577
559
555
552
287
261
589
255
597
586
561
282
279
556
