316
32
46
28
324
23
10
20
17
35
347
37
320
40
310
34
42
307
12
319
344
306
22
39
24
13
313
321
305
337
6
338
314
26
48
300
322
304
21
25
33
29
302
14
335
329
345
3
43
11
75
56
395
66
80
84
364
389
61
53
354
376
78
89
380
355
97
76
71
67
98
399
356
350
392
88
95
366
381
373
74
83
393
351
92
87
73
51
77
90
365
359
374
94
93
387
398
96
368
371
412
147
426
445
408
100
122
444
430
124
416
406
136
413
113
134
427
443
112
116
133
400
144
449
447
441
120
442
434
149
148
409
111
421
411
115
420
437
132
143
110
121
142
104
402
417
438
139
428
125
467
486
482
450
499
177
470
178
471
474
191
468
199
159
462
494
460
497
175
157
193
166
463
453
472
479
165
184
173
185
197
172
152
171
489
452
483
179
487
488
477
465
451
186
461
150
466
187
485
464
240
521
536
212
512
223
524
518
224
204
246
202
529
505
501
222
244
530
547
519
237
235
525
248
225
214
200
210
213
532
207
236
227
219
215
511
534
537
239
242
538
533
229
230
539
218
506
206
205
546
253
271
596
264
586
598
550
263
592
266
571
585
555
278
285
597
290
279
296
572
277
565
583
258
291
295
294
259
261
282
580
595
298
560
553
554
273
280
577
569
568
584
581
260
251
272
594
270
552
590
