343
317
6
314
346
333
348
42
25
15
327
9
321
347
34
325
332
23
309
45
323
12
8
4
329
336
17
315
47
300
30
5
13
31
338
11
308
335
32
40
16
27
35
36
342
340
328
326
318
46
84
75
64
385
79
387
388
375
62
53
87
56
386
98
60
391
378
88
50
390
392
374
54
354
389
399
99
356
90
61
351
65
97
71
83
96
73
359
364
394
382
361
379
80
373
383
369
366
370
358
437
412
111
108
116
110
125
146
429
401
120
445
420
423
148
424
101
438
127
138
418
403
117
105
102
133
131
434
147
413
427
422
446
447
448
416
113
430
432
106
128
410
408
415
431
428
137
103
411
417
178
166
152
477
474
172
457
497
483
195
493
163
498
193
194
191
187
454
159
482
455
461
165
190
471
485
452
468
185
174
469
456
170
182
478
198
496
495
150
183
181
491
476
156
488
189
466
458
473
472
539
535
237
510
500
540
217
227
504
247
210
203
239
526
532
524
234
537
238
548
201
506
520
530
523
511
529
248
546
241
518
205
549
200
509
502
206
542
513
236
545
246
211
547
512
204
538
514
505
507
577
273
597
564
299
296
565
281
268
260
552
586
574
561
291
569
591
558
571
585
264
287
276
282
554
285
267
256
297
573
284
272
275
298
588
568
289
589
596
553
567
254
295
555
556
288
286
578
253
292
