20
10
346
16
313
24
303
347
41
47
43
2
345
26
13
37
14
29
35
304
330
4
331
326
335
310
5
320
321
19
315
312
27
325
311
328
18
338
7
39
6
327
11
309
22
344
23
12
342
25
83
388
396
71
356
97
90
350
362
84
376
377
95
51
380
394
88
387
56
64
373
68
358
382
366
58
54
399
392
355
94
381
383
76
368
398
354
353
395
62
361
72
378
66
69
52
86
98
79
74
441
110
118
132
134
135
146
113
445
410
409
106
100
447
121
143
124
133
400
414
126
417
418
145
114
413
138
438
136
401
430
122
435
109
408
433
425
421
125
127
442
440
411
101
423
419
112
402
103
117
474
451
165
476
461
468
161
197
455
167
155
183
190
481
452
176
180
164
492
484
154
479
485
473
174
466
482
478
189
497
464
163
493
480
470
496
175
179
182
475
170
196
450
199
152
471
499
157
467
158
210
220
203
500
511
217
508
243
520
536
502
512
207
211
235
247
202
513
248
230
533
215
545
507
225
535
208
233
504
526
516
517
212
539
231
529
525
503
236
501
540
218
219
509
205
505
528
224
249
515
591
288
556
574
259
285
585
565
553
561
554
566
284
281
568
597
580
564
599
588
277
567
581
586
290
587
555
286
283
589
268
276
295
275
578
576
279
584
596
272
261
294
278
292
570
280
267
293
291
287
