17
34
0
45
310
336
20
47
44
331
311
320
30
39
32
23
309
343
37
333
324
29
317
13
347
304
48
16
9
341
315
27
302
308
340
38
348
12
335
301
36
7
303
306
24
46
41
22
35
18
61
71
75
386
60
54
56
390
379
353
352
392
69
375
97
364
86
63
62
367
365
88
383
374
80
358
394
59
74
366
362
384
68
354
50
79
70
64
380
52
381
99
395
66
360
372
371
373
361
356
144
145
119
431
117
125
143
446
415
432
127
402
417
448
407
130
101
420
110
135
137
443
410
100
423
115
107
400
403
418
444
449
132
123
401
108
106
146
104
427
131
103
430
406
437
140
433
424
438
118
188
475
158
493
162
179
453
163
464
181
180
196
456
190
174
153
467
171
459
175
451
178
182
198
151
161
496
476
480
474
470
495
473
167
183
184
487
164
195
193
462
159
457
499
461
160
150
154
491
497
516
529
217
530
543
206
237
238
521
222
210
528
223
219
227
546
532
531
548
243
536
212
207
225
200
241
509
542
239
537
213
236
502
501
233
224
230
517
231
240
510
500
513
526
514
235
533
507
215
221
552
560
559
297
275
293
294
582
289
566
584
550
272
295
593
580
555
251
556
591
265
588
554
287
266
551
274
592
581
271
260
579
562
569
270
598
597
273
578
564
567
587
276
258
590
284
565
572
262
553
