8
319
334
41
25
5
313
345
33
320
31
336
18
344
4
26
316
20
3
49
34
2
36
7
43
304
328
308
300
321
324
330
331
11
322
35
1
9
307
13
37
24
348
10
22
317
311
46
323
39
368
74
399
84
92
75
382
383
72
359
392
95
85
57
376
353
80
350
355
386
71
98
397
77
395
50
384
364
61
385
97
65
51
351
76
70
96
94
53
55
82
377
367
59
90
381
360
64
371
81
401
105
107
420
422
111
113
102
440
442
138
147
417
114
137
418
142
438
119
432
145
427
415
101
109
436
423
106
445
104
116
414
110
409
124
425
132
448
446
122
121
126
148
140
412
125
429
411
135
439
490
464
467
178
456
499
155
484
199
457
165
162
474
450
179
491
493
154
458
175
451
177
498
180
483
159
460
471
472
176
461
186
185
183
172
192
166
158
465
496
195
489
181
152
466
150
193
481
171
169
546
522
542
235
243
539
236
218
209
249
213
533
232
246
226
208
230
528
206
531
545
512
547
210
239
502
227
504
543
248
530
244
225
229
508
501
516
540
200
205
214
234
506
519
212
517
215
505
521
216
581
571
285
254
569
292
582
584
570
259
286
587
553
255
263
593
278
288
281
566
577
573
295
251
559
579
282
554
250
583
283
268
266
556
261
289
262
572
296
578
269
595
562
260
252
264
271
594
575
590
