23
331
335
34
312
46
42
31
343
11
22
327
316
13
10
318
27
36
336
40
19
1
3
16
17
29
49
45
308
37
21
339
348
340
14
317
342
315
47
24
305
39
8
321
7
2
319
302
325
301
71
59
92
376
374
56
70
95
370
77
379
58
90
399
83
350
67
63
378
99
363
54
362
367
357
371
52
364
69
61
98
72
354
358
55
372
351
352
391
366
392
64
97
384
65
81
76
68
377
369
402
129
449
116
420
108
144
104
127
403
114
446
425
430
405
147
124
411
409
408
102
421
143
415
141
149
437
429
135
407
438
148
123
112
136
444
445
119
434
410
106
443
109
401
400
137
435
100
140
142
451
183
474
472
163
499
494
159
457
465
193
466
486
471
489
180
492
190
485
187
178
166
482
452
177
460
153
171
461
169
480
454
184
478
476
197
455
170
490
165
191
189
173
185
491
155
450
196
161
473
511
505
530
535
238
526
200
518
220
520
547
214
216
544
542
232
227
228
517
219
522
548
244
502
201
516
506
208
509
249
507
217
233
515
242
231
533
218
521
538
504
503
510
207
223
539
211
237
543
230
552
598
581
284
550
262
596
289
555
288
269
583
568
587
254
270
572
595
589
597
250
276
271
563
266
251
573
570
578
580
258
564
571
263
286
296
569
268
256
554
261
252
566
577
257
591
584
588
562
582
