323
8
10
7
19
321
342
25
38
12
307
302
327
5
41
348
320
33
334
305
313
340
344
306
9
30
311
322
331
310
318
330
312
324
21
332
338
45
341
301
326
347
42
37
343
48
16
303
49
4
98
70
54
94
93
396
364
58
95
356
84
77
362
384
390
59
87
366
83
82
381
360
382
363
90
350
385
353
61
367
378
75
383
387
52
361
86
73
51
79
78
389
375
371
76
74
57
72
399
374
435
129
102
100
114
415
407
403
110
138
145
424
432
127
109
136
429
133
427
141
406
104
421
428
437
446
119
423
419
140
146
442
107
430
149
137
116
115
410
147
436
139
445
438
101
441
417
111
134
402
159
179
492
485
184
484
476
177
182
482
457
498
190
169
470
170
466
188
197
471
153
464
168
181
163
198
483
494
463
468
175
183
192
452
187
167
174
178
487
479
186
150
164
469
162
180
481
176
453
191
537
548
211
510
547
248
203
527
214
539
246
513
204
219
532
520
544
229
517
525
538
519
235
514
234
202
242
213
207
543
200
542
244
511
518
533
237
508
241
523
233
228
522
516
531
521
217
515
226
549
575
256
563
269
553
573
295
259
257
568
296
290
592
268
264
254
557
276
550
597
552
266
582
564
567
583
572
561
260
299
579
263
594
261
587
280
569
586
255
277
596
590
576
251
574
566
571
284
556
297
