317
14
0
336
13
18
30
36
302
345
39
323
33
40
324
35
322
29
6
21
42
329
300
46
312
325
327
340
9
316
331
20
342
48
326
305
49
11
19
344
304
315
303
41
335
348
31
332
27
38
99
379
57
60
395
97
391
71
359
388
392
365
372
353
386
74
361
350
70
79
373
399
354
75
385
370
351
95
50
84
69
76
363
91
81
65
375
393
72
62
376
358
355
378
55
369
68
63
56
61
447
101
429
440
434
114
109
134
437
408
120
110
112
117
438
113
146
139
412
144
436
106
449
435
430
431
448
119
424
418
443
103
147
126
411
102
115
406
143
100
140
416
402
403
108
122
422
131
410
444
461
452
476
454
171
181
496
485
199
165
481
459
166
468
154
196
484
464
197
175
153
198
170
477
152
156
195
460
495
473
168
470
186
160
471
191
494
466
180
177
179
185
488
164
493
453
188
479
194
456
219
224
549
515
212
543
520
505
223
240
222
530
210
213
230
536
246
239
522
512
215
226
231
249
247
547
542
248
516
233
241
242
511
236
220
229
537
221
533
527
544
218
507
519
237
546
234
538
216
501
290
284
577
276
277
557
585
251
568
260
592
558
553
562
556
566
262
265
598
575
554
263
559
267
574
278
258
252
270
584
272
283
255
261
275
253
579
589
586
570
571
560
289
576
565
587
282
268
256
295
