335
322
16
18
2
38
340
30
333
311
8
44
341
13
37
46
28
308
48
326
309
14
47
331
339
320
345
33
315
6
313
312
347
43
328
1
7
24
344
314
3
21
26
42
23
337
318
349
327
41
376
393
391
96
70
390
384
97
357
387
51
392
60
386
67
84
65
99
388
81
71
63
59
66
350
94
82
379
369
87
362
61
78
372
358
367
364
396
90
83
394
80
91
76
85
58
360
377
371
352
105
418
416
421
108
419
112
411
127
139
447
444
149
436
148
123
126
401
146
143
130
110
135
443
124
101
433
102
420
136
106
117
442
407
448
408
425
129
137
119
141
427
113
138
446
422
438
414
445
131
450
172
489
488
463
491
199
181
480
164
160
466
487
477
155
482
191
473
176
483
177
197
459
469
189
486
470
471
157
187
499
196
461
159
188
174
190
182
484
456
497
166
185
156
186
175
498
154
179
458
501
246
539
221
230
536
249
241
531
512
245
214
213
229
234
210
223
548
239
540
240
519
206
204
236
248
520
242
525
546
510
224
521
203
514
247
212
500
535
530
522
502
244
538
542
200
517
207
235
532
554
259
270
271
254
551
274
583
570
592
263
297
587
252
564
261
269
292
556
572
296
283
288
550
287
569
256
553
596
565
295
584
251
272
575
566
291
598
294
561
555
563
577
573
582
250
284
557
286
599
