321
28
9
4
323
34
344
342
47
37
343
326
40
320
14
16
18
330
33
328
337
310
48
332
317
331
11
25
325
303
21
345
338
316
312
35
309
29
341
36
302
305
20
12
0
308
24
319
333
46
374
372
394
351
380
363
77
95
389
83
354
54
376
67
50
66
81
87
94
61
399
90
62
371
63
397
377
80
362
96
99
375
368
86
393
360
369
350
52
59
69
390
98
53
388
384
387
383
391
382
415
425
117
408
423
445
104
411
113
436
118
111
102
406
133
409
433
414
430
403
432
428
412
144
402
444
426
438
434
410
404
122
125
128
424
429
105
416
141
107
137
440
132
422
139
114
439
130
421
437
483
472
464
191
156
194
185
451
475
499
176
170
497
494
482
455
190
199
480
192
159
473
492
166
188
193
189
487
490
481
463
469
466
488
175
181
164
491
165
474
470
168
196
489
452
476
155
158
468
197
214
225
219
208
228
240
212
249
548
503
545
218
511
239
221
539
207
531
528
512
510
226
217
223
222
504
535
211
245
243
529
542
506
232
229
520
227
533
210
543
206
237
519
515
505
235
241
248
508
204
554
560
568
595
263
287
279
276
259
257
270
576
597
264
292
261
290
590
563
298
555
297
579
250
558
587
283
571
294
569
277
278
596
282
553
581
256
272
262
580
267
599
592
556
254
561
570
253
251
255
