46
49
22
308
41
348
312
29
30
301
339
328
333
329
16
38
304
6
39
343
21
36
20
311
310
346
2
11
28
9
318
302
316
347
42
319
18
335
26
349
19
315
336
47
334
327
322
8
3
309
88
81
386
72
86
66
368
352
50
52
75
379
58
353
354
385
90
390
83
384
396
70
53
79
388
64
380
76
359
356
363
389
383
51
68
96
91
361
393
61
97
355
371
370
92
77
95
377
373
63
112
140
409
410
414
445
132
432
107
402
137
418
421
108
431
434
102
403
426
404
412
119
142
114
149
125
430
111
106
118
127
427
139
417
147
117
433
406
419
400
448
104
134
435
144
438
115
424
422
447
153
151
198
466
159
474
454
463
173
186
496
490
481
164
467
163
471
185
165
469
150
189
160
468
478
170
175
499
483
155
177
158
157
472
487
190
459
476
196
457
450
188
451
187
455
191
171
460
479
473
502
201
535
544
240
537
510
518
224
241
523
217
503
526
500
242
215
507
225
529
543
222
513
506
218
227
505
211
209
532
231
549
515
246
519
236
229
540
531
520
239
243
527
235
223
221
214
517
509
514
550
272
289
276
274
278
299
256
589
288
577
268
251
296
250
295
285
587
283
595
294
567
270
584
564
271
255
561
572
562
592
569
275
259
291
575
298
560
576
266
253
262
580
265
290
264
563
267
254
551
