333
30
306
24
16
23
2
27
28
13
349
342
326
14
0
21
3
29
311
329
35
11
334
44
323
5
25
327
324
312
315
1
18
48
36
328
6
339
341
10
12
303
337
304
345
32
19
26
310
305
73
80
376
88
60
361
385
355
75
374
54
63
391
360
353
369
56
62
396
68
79
356
357
52
365
53
392
83
377
94
64
352
398
85
399
95
368
59
367
364
384
98
69
390
387
92
354
84
81
87
441
438
434
130
428
147
135
107
146
113
410
417
402
400
142
140
445
411
422
433
144
137
449
115
415
129
447
408
406
103
105
424
110
442
100
109
125
117
131
446
426
149
148
425
405
427
116
127
418
141
182
476
165
452
469
151
495
462
186
183
198
470
497
170
188
168
480
181
466
158
487
484
461
463
489
450
162
453
488
472
195
492
194
152
175
189
471
455
479
174
451
475
157
196
496
159
166
178
460
173
543
534
237
506
214
213
219
244
549
532
504
525
229
505
545
517
528
519
502
203
507
541
230
200
249
546
511
234
523
508
247
233
208
501
544
235
539
217
201
202
240
512
535
218
242
530
228
221
503
518
583
559
563
285
587
250
270
557
586
296
598
287
251
556
578
265
584
292
567
275
299
297
277
254
593
276
582
289
294
554
592
577
555
579
271
272
575
570
574
553
568
258
573
572
261
282
560
268
585
599
