565
151
230
277
436
229
633
245
51
445
92
119
362
319
609
442
541
413
220
296
472
47
501
392
268
180
468
599
198
423
261
265
380
5
403
660
439
400
342
324
668
70
631
91
517
185
86
470
7
580
165
571
450
586
27
283
518
594
302
646
650
89
312
420
547
504
564
204
354
45
244
625
570
492
343
144
399
494
624
291
124
421
601
577
156
481
645
347
582
8
573
14
549
129
444
167
363
595
426
81
512
107
608
346
448
142
310
254
574
253
639
467
511
29
61
527
225
62
203
390
657
404
666
355
109
69
195
189
130
520
110
410
649
610
428
507
308
150
371
391
513
563
485
133
170
36
21
85
406
60
486
572
603
238
137
263
498
476
588
598
531
357
179
111
618
311
43
123
522
101
453
242
223
95
297
126
665
331
510
174
329
372
82
168
15
566
544
322
672
393
218
530
262
614
340
643
289
604
466
286
122
431
183
173
246
427
267
24
539
632
172
193
157
74
160
11
30
26
475
0
473
148
378
640
647
405
575
96
616
344
384
59
208
401
615
227
235
335
288
264
583
634
201
374
579
626
469
644
63
222
548
379
434
459
661
443
247
555
483
318
381
316
140
636
76
314
628
669
214
348
219
377
65
161
430
294
152
239
108
635
118
10
48
138
589
554
309
44
397
497
78
638
526
602
71
557
478
50
56
87
418
326
658
66
417
249
305
515
407
33
345
425
279
192
37
260
287
187
412
164
295
611
581
449
321
301
79
622
578
495
493
256
136
162
385
166
509
241
584
77
248
447
271
278
177
402
237
408
143
257
537
419
585
83
320
255
251
22
499
159
233
561
654
28
491
90
13
480
569
194
304
19
514
558
127
474
612
55
446
562
38
452
221
202
303
394
360
576
250
210
215
532
462
212
236
188
592
525
620
282
94
590
315
17
34
411
206
228
460
416
337
67
125
358
361
6
116
98
128
41
440
3
52
49
153
629
290
441
667
536
630
328
534
559
231
31
375
317
240
276
54
149
591
395
529
171
502
42
307
496
154
422
299
356
176
115
546
451
524
336
53
484
651
396
437
269
471
607
339
500
623
