165
293
345
14
88
606
597
146
503
332
308
322
364
565
370
150
417
504
78
232
389
10
93
168
380
415
244
39
399
287
334
638
486
86
608
557
547
193
672
29
372
186
406
533
295
294
70
87
632
195
129
239
260
96
575
8
123
285
225
430
100
91
551
254
423
516
144
66
264
24
187
109
454
267
313
140
426
653
494
355
366
152
553
610
552
603
318
173
378
581
198
270
374
645
312
348
85
515
218
410
377
634
567
50
342
573
466
428
517
659
296
214
172
554
414
265
272
181
37
104
111
628
663
211
21
352
443
501
373
213
300
598
436
351
331
227
118
222
281
51
363
658
354
447
387
574
616
563
660
64
63
464
412
113
148
292
196
305
578
203
392
531
297
134
1
636
344
665
247
539
487
84
15
284
542
472
316
473
481
635
268
180
535
245
59
549
584
527
465
130
611
522
425
434
122
442
160
594
650
288
485
69
512
655
147
498
182
615
435
262
138
306
621
371
511
493
340
161
479
488
156
192
26
468
413
649
393
126
459
457
666
220
89
548
142
564
497
286
60
589
518
27
544
97
235
32
383
397
463
204
200
418
618
385
241
495
624
617
449
95
310
445
444
433
369
258
625
261
381
185
400
249
478
626
513
30
71
580
600
523
164
477
327
643
543
343
647
157
633
509
58
166
384
324
36
357
124
44
56
599
602
469
252
110
80
570
169
40
335
467
5
420
105
595
390
189
302
505
642
541
216
346
391
614
314
476
2
57
45
7
404
388
48
163
217
489
475
613
648
102
359
409
199
62
667
440
576
117
339
422
132
441
98
651
290
251
365
52
524
456
23
458
299
416
317
17
141
233
177
395
250
106
128
402
587
125
320
474
99
460
231
623
188
591
127
114
394
605
408
224
652
240
620
255
323
159
562
202
662
210
411
226
561
592
269
116
212
49
556
367
607
514
215
361
19
484
304
502
360
153
234
558
590
190
538
206
452
356
325
22
656
375
149
112
171
303
568
154
115
28
228
276
280
446
282
560
34
275
532
534
31
349
382
612
158
53
506
499
221
145
135
670
38
307
194
585
243
54
654
68
437
