71
642
527
608
594
387
256
392
520
407
263
187
371
97
214
660
507
76
24
618
151
505
501
624
264
428
596
138
372
668
155
293
96
476
457
477
566
604
335
220
77
292
487
81
523
110
245
45
580
463
583
131
267
185
589
286
599
294
239
418
313
56
182
635
209
459
655
528
248
136
551
472
354
380
601
63
309
400
436
200
254
73
547
75
308
21
359
398
170
414
603
634
133
348
584
352
11
32
74
93
509
161
283
169
636
266
573
485
488
111
555
310
39
109
633
516
511
447
198
378
26
300
148
410
265
513
449
298
493
503
646
663
173
191
44
613
108
235
88
442
186
366
297
160
672
467
519
4
426
120
552
104
208
5
611
616
259
86
497
550
152
638
285
353
444
570
413
14
647
142
593
322
548
454
482
223
329
30
475
195
432
470
658
430
650
406
557
544
627
373
614
296
574
85
189
445
174
490
129
404
193
338
393
423
289
162
242
8
453
347
363
244
89
314
665
281
312
327
648
58
391
207
481
543
25
101
50
166
213
504
140
217
571
632
344
277
397
59
279
478
230
144
465
118
450
164
107
216
219
564
192
69
664
468
357
258
448
36
70
122
291
530
273
204
0
180
305
626
403
539
205
545
609
581
405
196
167
350
508
661
473
369
278
606
95
238
246
130
229
342
381
137
602
659
105
541
464
51
247
362
301
172
165
211
103
565
287
35
492
666
368
332
469
577
119
121
598
415
302
175
494
113
321
179
146
80
92
542
1
479
657
498
631
389
203
489
518
483
134
412
319
241
29
124
525
114
117
31
561
153
336
502
576
240
491
280
367
141
339
671
612
441
190
440
20
234
394
90
446
620
158
365
559
560
395
587
320
506
484
210
221
356
243
282
654
524
68
585
233
106
171
607
411
591
13
55
514
641
159
556
6
236
132
275
500
38
499
251
202
304
323
237
67
98
569
49
23
496
188
546
460
630
184
212
145
416
458
667
274
651
139
41
474
670
257
382
402
529
303
337
451
99
276
455
52
375
42
422
299
112
419
349
226
290
16
307
480
317
3
408
652
456
269
521
662
538
215
250
116
135
537
