596
432
216
661
571
60
611
457
439
598
84
245
541
302
306
355
191
165
76
195
279
319
80
564
122
192
264
330
497
388
113
326
619
161
610
597
513
389
588
300
472
200
423
26
508
203
372
573
543
608
189
286
96
308
443
586
180
540
401
544
488
429
453
577
522
5
550
301
40
297
344
181
657
65
32
489
427
85
50
478
121
147
655
254
163
504
483
333
318
338
385
9
383
273
512
663
33
24
374
79
364
247
551
653
468
353
294
436
241
102
47
636
420
621
403
638
283
295
293
519
405
626
169
617
647
347
260
625
659
479
285
213
669
142
77
78
583
62
265
199
322
225
467
553
463
72
173
668
14
230
316
246
208
332
15
435
433
144
219
266
239
628
44
505
150
482
392
627
253
111
425
75
187
182
377
137
634
431
575
552
284
175
391
148
418
359
11
146
281
535
105
371
10
289
2
555
549
278
305
357
277
39
380
272
616
545
73
593
119
220
229
618
35
86
602
138
95
517
262
258
665
331
384
409
287
133
209
407
481
501
45
398
473
660
622
434
649
632
164
599
120
589
370
566
531
172
69
4
160
259
348
327
46
214
613
131
406
386
74
57
136
378
21
227
81
87
324
399
516
637
369
400
107
66
218
37
424
354
570
469
567
477
426
170
91
271
249
288
179
466
410
449
0
313
609
600
346
152
270
7
362
604
548
594
82
70
415
444
168
393
343
615
232
428
498
292
475
309
412
296
520
476
442
63
527
581
554
104
528
606
101
547
486
578
485
211
48
25
151
650
204
352
579
56
275
587
623
446
524
360
394
556
356
652
585
317
215
514
94
337
667
13
358
336
590
558
662
53
304
98
135
576
536
128
460
19
90
42
52
212
452
178
20
641
654
500
562
290
106
559
441
532
18
419
68
49
474
396
127
303
255
367
237
416
3
591
315
234
458
6
607
117
328
437
202
177
365
143
34
491
158
440
612
228
114
671
224
176
139
361
670
250
395
55
323
499
67
656
17
341
471
339
376
320
651
23
402
116
451
257
480
280
16
630
269
132
276
375
41
226
221
496
282
569
236
568
525
299
325
462
115
