509
150
621
444
109
374
124
581
2
387
517
429
270
73
352
203
170
391
220
272
232
604
310
148
464
70
5
640
379
29
390
513
324
78
371
300
552
133
614
110
404
595
353
601
185
273
398
668
472
48
84
359
418
438
27
271
399
208
207
80
579
322
247
580
384
25
531
295
372
540
541
318
281
137
173
637
631
666
528
327
289
643
660
504
122
155
36
340
105
355
235
635
47
60
100
51
589
216
123
294
478
244
138
230
354
642
63
593
567
193
21
321
488
57
97
627
95
195
256
618
329
306
33
343
136
268
102
393
301
261
653
519
179
413
466
505
146
65
254
93
634
104
664
76
357
490
156
609
386
39
246
86
8
77
565
377
205
414
32
672
11
415
131
470
613
350
225
535
449
583
425
142
619
134
465
539
624
481
405
457
222
495
264
503
403
368
164
227
483
431
46
373
40
58
96
59
265
553
172
389
512
199
527
330
242
533
369
74
9
557
126
113
658
436
412
201
406
335
217
435
253
515
211
209
107
383
302
196
473
252
423
129
545
346
626
183
277
316
397
426
147
665
615
633
279
140
572
424
494
603
597
186
166
566
563
187
549
443
507
7
433
163
439
103
463
432
617
288
101
10
309
66
364
43
4
26
584
62
548
378
650
447
108
229
657
442
461
259
249
130
238
283
111
219
119
267
213
214
182
453
427
12
120
56
296
44
636
417
648
151
278
661
388
469
45
14
198
544
669
493
487
92
644
410
430
649
577
366
420
30
459
169
510
191
467
284
118
498
161
628
64
555
475
663
159
534
94
90
460
257
538
224
250
237
651
139
623
576
31
320
375
499
188
587
215
458
323
484
670
630
419
525
236
529
452
54
290
416
49
243
176
116
282
395
20
18
17
394
115
149
141
641
13
437
41
620
274
451
153
561
22
275
471
16
336
190
127
408
269
202
68
365
23
568
132
441
317
83
231
358
325
360
315
506
99
367
67
228
337
607
28
480
145
532
514
556
194
177
502
53
6
128
592
52
240
112
307
349
304
117
440
667
114
411
154
178
356
537
396
474
591
210
536
299
233
135
629
341
462
382
456
