271
192
200
223
609
324
273
286
266
58
179
262
144
229
373
146
253
151
216
283
398
80
270
543
43
292
363
637
213
369
329
164
564
447
110
160
195
544
426
457
421
550
316
185
581
617
473
277
261
578
353
182
401
175
109
476
26
24
61
232
74
101
547
64
311
332
173
498
664
91
344
616
293
247
604
557
25
142
187
631
493
92
121
531
438
415
501
583
391
584
519
412
593
483
220
418
467
606
541
659
614
528
635
436
113
563
470
85
619
466
582
318
82
267
148
12
78
613
397
79
505
218
285
122
481
297
37
157
162
540
47
575
191
469
417
254
571
503
665
249
180
627
172
450
374
334
137
644
400
265
600
497
203
241
477
405
566
314
362
610
152
338
594
377
444
111
345
76
387
118
647
655
407
649
639
102
621
552
513
430
36
319
214
302
385
668
73
59
388
264
650
7
103
198
70
69
96
666
108
46
14
379
640
352
163
39
272
372
89
638
66
333
657
542
312
632
646
93
348
105
485
601
389
626
81
174
63
5
169
238
196
386
88
442
155
378
166
287
420
660
516
8
488
370
29
478
330
359
393
340
410
33
595
4
364
294
170
107
533
209
486
227
454
520
435
199
459
539
279
62
535
449
321
342
510
448
526
366
45
331
347
225
207
511
507
131
663
308
119
263
123
433
51
301
100
306
414
508
628
15
278
296
596
326
570
472
527
134
429
409
87
309
133
21
27
489
343
523
289
124
423
445
487
60
120
256
465
201
219
549
672
658
551
281
403
97
515
565
490
530
642
625
608
186
255
652
375
125
282
231
23
171
304
662
641
128
184
154
18
590
416
376
337
145
591
506
210
361
500
299
315
280
16
532
356
411
31
562
139
538
496
349
28
53
269
90
556
115
441
237
257
13
274
94
623
116
323
226
159
367
568
534
455
396
236
339
132
250
656
402
317
19
290
194
98
394
328
471
651
143
127
275
188
456
83
325
408
521
537
670
67
6
451
395
462
654
38
546
536
158
446
422
360
153
460
41
202
52
341
221
605
671
215
176
560
212
251
3
68
320
234
228
559
502
458
34
243
382
620
303
17
