603
368
96
397
84
271
457
599
85
573
439
164
30
362
373
443
664
45
179
146
338
119
264
259
518
101
160
543
50
309
461
412
424
400
198
363
273
180
256
327
391
346
310
639
156
501
312
15
653
492
544
218
150
48
197
58
217
609
57
211
62
404
547
466
70
111
121
663
137
181
555
268
410
284
429
610
12
248
79
342
170
142
388
574
507
254
359
463
450
47
302
596
192
44
59
155
579
448
354
40
425
606
512
136
140
134
76
63
313
528
378
39
504
123
193
481
88
43
283
611
353
643
238
539
659
35
470
640
583
289
428
377
372
232
272
165
87
498
285
107
636
46
77
432
488
175
369
423
230
644
357
247
442
261
293
126
305
120
186
393
152
265
1
340
69
267
564
189
497
427
2
545
637
124
167
453
490
567
33
36
475
541
409
477
648
335
503
618
563
566
570
66
527
405
588
61
519
540
56
473
278
604
343
550
173
433
168
379
548
658
465
108
627
495
103
649
239
60
187
669
595
413
666
577
201
444
383
100
582
549
403
266
489
191
162
615
418
8
485
7
244
345
10
222
531
601
668
414
314
219
445
109
593
586
298
665
252
486
387
390
571
650
621
510
385
614
258
110
478
467
660
435
523
632
454
148
281
64
645
161
138
72
535
526
366
73
584
86
554
245
130
24
213
157
223
9
71
401
196
624
195
74
515
371
104
384
80
516
608
102
642
308
661
321
332
509
333
279
297
447
351
204
370
227
434
81
166
552
464
594
344
199
617
122
494
406
277
113
200
93
262
311
174
301
18
99
68
446
240
607
514
670
396
143
53
269
282
480
243
667
375
19
358
411
236
315
365
623
521
299
178
177
605
620
98
54
228
341
462
114
568
251
176
28
402
41
408
190
502
233
188
158
592
31
221
317
376
234
394
23
652
276
250
458
22
559
139
55
499
3
612
591
226
422
529
367
360
275
38
395
662
538
20
546
13
128
34
17
49
440
307
153
127
212
471
590
106
280
141
184
416
562
525
255
524
336
651
154
671
149
257
159
112
337
6
135
441
237
556
536
328
83
629
231
320
339
587
437
202
206
460
