294
227
1
201
417
330
172
214
198
314
70
192
309
146
523
497
420
352
249
248
589
136
324
481
253
390
45
640
175
39
297
199
348
311
469
259
472
148
427
265
59
318
169
448
577
554
46
535
8
604
383
10
541
516
102
74
378
126
333
372
418
187
664
518
0
331
137
570
302
603
232
12
648
511
50
40
344
584
95
602
624
278
60
649
393
580
430
327
412
450
636
284
637
380
363
310
610
29
75
329
73
222
131
464
388
312
64
550
322
454
2
197
483
566
121
163
4
256
61
305
479
426
306
582
244
26
332
205
86
230
362
606
155
11
301
586
428
239
583
30
467
72
645
672
260
204
387
359
264
296
80
345
425
319
300
655
544
551
431
273
488
196
63
619
429
15
406
191
289
134
180
179
477
421
218
432
65
407
209
370
62
599
465
377
476
573
668
379
486
659
27
626
519
564
399
270
501
343
79
170
443
92
66
245
57
404
553
369
334
238
241
350
409
547
308
295
220
503
609
647
557
509
371
453
634
340
77
533
436
658
235
51
292
96
261
133
354
183
597
515
316
338
643
512
223
166
5
567
283
413
81
87
286
164
473
463
161
207
277
513
364
165
520
572
279
9
89
271
298
628
152
400
71
517
254
415
552
594
661
268
457
47
189
37
482
293
522
470
487
611
272
663
644
435
174
213
351
608
625
438
185
84
504
110
44
122
97
111
156
565
447
526
357
627
167
85
78
219
119
160
35
113
527
593
555
124
490
475
414
225
355
281
615
581
434
588
498
632
508
33
433
242
208
109
53
546
233
561
3
323
651
303
525
290
641
13
145
226
670
560
536
55
365
361
532
20
128
250
529
269
474
184
19
49
224
6
153
538
54
568
416
17
537
177
112
620
251
117
188
440
419
367
521
34
115
231
240
154
654
149
662
139
176
376
38
237
280
206
228
591
395
90
178
67
652
375
534
630
558
358
299
491
629
68
587
202
462
16
22
460
275
590
514
480
585
336
106
484
41
458
243
441
524
452
141
135
18
114
408
190
471
496
257
656
569
307
98
592
304
94
23
127
194
502
320
276
455
437
446
210
255
