535
29
150
175
186
443
279
306
185
410
368
192
553
540
598
218
645
312
597
398
343
335
353
584
370
666
207
354
603
152
545
241
296
286
401
247
198
217
432
383
428
1
298
504
392
273
486
530
520
113
426
459
295
245
88
229
476
46
374
204
627
14
180
475
418
265
40
253
505
555
628
371
469
490
539
528
77
104
148
625
59
439
479
615
246
191
542
146
96
76
0
80
311
69
309
643
424
56
160
355
121
565
181
622
581
11
466
136
189
326
579
350
74
118
642
78
507
431
610
122
387
399
433
344
489
573
267
400
124
481
196
516
346
97
297
549
319
578
626
293
473
522
492
533
82
386
566
618
503
45
300
444
543
334
379
423
366
511
340
48
284
487
144
649
39
613
544
588
4
129
518
15
445
377
9
7
457
482
601
32
567
108
2
161
174
30
417
281
227
389
342
305
515
575
301
583
333
635
347
632
103
478
593
271
238
541
608
485
599
79
665
235
64
81
406
351
187
563
330
50
420
214
638
552
557
71
256
134
594
21
359
435
470
291
197
266
388
252
531
33
195
75
105
12
92
322
663
510
244
107
602
213
220
414
551
604
659
393
436
216
352
308
633
61
327
85
27
636
209
60
57
577
465
289
614
381
101
369
163
133
639
93
637
259
138
44
223
100
517
166
448
461
292
248
302
260
66
527
363
449
447
26
580
624
70
157
294
119
554
165
137
283
51
147
464
640
8
572
493
65
211
262
263
264
647
596
672
589
373
258
47
450
285
425
357
63
570
84
200
664
655
232
131
168
365
538
456
282
458
491
228
17
49
274
176
559
23
251
158
337
257
670
226
236
325
303
349
671
68
592
117
290
360
375
474
202
662
206
135
480
90
304
339
591
19
154
361
394
212
462
145
576
382
367
41
139
656
315
149
83
556
506
38
529
98
629
224
358
6
499
280
534
42
395
307
275
652
20
114
106
561
341
54
502
623
416
215
159
569
125
210
115
18
250
34
13
441
269
194
221
641
233
451
22
446
440
16
460
55
558
396
127
190
471
243
402
408
171
605
320
525
67
184
560
188
234
437
52
651
484
99
