242
410
509
268
21
478
403
380
284
552
454
392
12
510
467
345
479
227
272
285
108
420
589
15
291
249
574
513
481
258
295
628
482
645
289
196
450
193
464
46
97
638
611
487
393
526
354
565
495
82
192
259
342
310
252
346
44
76
472
133
279
319
665
364
520
293
301
48
488
449
344
2
65
197
287
281
155
398
164
540
225
85
265
264
359
603
549
512
390
453
369
95
583
130
639
412
625
26
292
71
632
572
338
180
100
187
214
545
253
124
170
79
309
517
219
217
436
516
91
69
501
27
232
322
366
409
622
577
5
508
318
160
362
163
634
199
405
350
588
427
165
515
599
351
668
428
550
327
239
490
604
381
205
597
432
30
146
413
161
308
77
110
586
519
137
642
466
659
332
216
340
473
633
298
334
118
423
43
616
72
426
596
602
294
140
527
89
247
661
203
113
73
35
566
148
235
229
579
102
418
191
186
373
643
470
571
601
321
664
657
631
486
504
389
14
7
646
431
518
311
353
238
555
333
211
547
107
246
0
208
401
189
379
528
166
75
183
134
263
36
672
530
256
10
8
33
273
548
220
254
92
387
533
582
425
384
522
195
397
438
306
383
81
59
312
430
606
619
477
626
609
624
433
51
475
424
581
523
267
352
544
557
241
120
371
647
88
444
335
131
24
70
372
621
313
594
378
570
39
658
152
563
669
230
245
260
123
511
404
147
465
343
222
122
297
136
29
653
266
144
650
45
567
32
374
357
330
56
200
66
121
386
485
138
610
363
476
483
448
447
74
539
399
175
149
654
16
243
159
31
49
671
451
13
456
112
83
282
17
500
396
474
336
402
320
240
250
382
22
231
269
114
620
317
667
525
560
651
328
194
339
422
458
177
411
480
233
576
455
94
502
190
559
521
325
115
585
206
670
605
154
529
514
276
52
394
558
141
153
3
132
257
532
34
556
367
361
275
460
612
408
538
178
202
42
524
365
98
20
376
375
656
416
304
303
28
590
662
561
68
145
568
499
440
536
358
562
184
6
237
652
224
274
356
484
139
90
128
116
67
255
569
546
215
395
641
337
452
55
226
212
