368
270
668
277
330
103
12
265
294
15
246
544
615
619
181
566
535
59
466
168
85
217
313
95
169
58
192
616
113
435
134
137
261
165
574
191
550
465
88
97
383
357
490
43
287
256
37
557
352
547
400
40
445
565
104
663
82
152
146
507
291
386
108
636
481
286
638
353
91
310
187
363
578
322
227
552
89
223
459
528
327
350
200
266
414
364
62
201
284
72
8
9
598
84
658
118
479
646
603
335
504
470
208
292
27
198
248
347
260
494
644
433
57
123
86
438
263
389
571
628
407
186
432
515
218
2
522
478
216
567
637
249
477
193
621
664
530
71
21
354
10
473
46
157
457
126
182
611
36
279
596
1
196
199
309
203
599
495
627
397
609
511
410
617
293
133
242
222
555
647
666
262
253
120
77
527
498
589
281
124
326
268
436
25
580
650
64
387
331
142
300
430
398
625
632
230
399
204
545
519
166
409
533
197
129
167
403
548
311
582
583
205
297
312
39
613
244
252
355
289
50
606
32
172
207
503
61
33
385
513
70
189
423
475
351
161
501
373
180
584
476
378
570
415
185
374
238
26
79
195
510
254
640
553
288
121
434
539
107
516
102
564
648
493
448
305
518
426
332
413
380
508
390
549
247
659
14
66
345
47
645
51
219
655
463
472
80
526
404
163
214
393
453
541
56
245
100
81
427
301
73
442
624
111
366
653
93
63
586
24
672
155
594
333
183
431
643
96
110
241
661
229
635
482
392
4
147
209
296
512
211
593
0
487
148
608
405
631
329
573
669
319
29
164
446
98
532
22
654
671
458
210
452
19
607
656
143
367
117
145
375
499
376
55
360
38
17
158
317
460
529
190
325
178
524
194
623
612
3
67
358
411
221
54
275
215
496
282
652
561
188
408
365
23
280
315
356
382
361
255
68
304
605
303
536
251
670
620
153
135
18
6
224
534
231
127
154
455
569
394
546
83
585
307
243
440
451
562
537
125
128
206
629
474
250
141
538
396
202
234
52
592
337
94
336
299
257
42
240
233
274
480
41
568
437
556
462
49
667
662
320
176
323
339
116
236
99
212
491
560
591
