173
276
257
176
323
435
51
73
391
364
92
132
250
249
347
123
195
415
136
377
188
296
237
162
216
277
87
189
197
172
394
235
379
186
354
144
238
233
245
343
265
387
135
187
34
278
399
252
178
383
365
338
207
2
14
179
332
333
304
366
212
438
203
285
239
205
406
5
65
185
262
258
4
223
247
134
334
234
218
437
45
305
161
336
12
232
47
418
164
83
356
109
140
416
411
150
146
57
409
329
421
97
61
66
143
129
168
101
419
317
427
79
38
70
384
149
49
269
242
157
106
17
267
425
263
62
88
81
355
369
112
274
118
441
357
350
138
103
54
417
8
251
75
440
59
91
182
18
36
72
230
359
44
426
193
295
9
116
289
131
117
256
310
222
381
360
287
33
90
280
322
32
1
200
318
167
184
403
314
410
128
434
27
428
152
206
221
363
58
342
202
110
194
89
0
169
281
375
121
177
