126
19
372
24
46
237
123
119
337
172
277
320
102
210
136
323
51
376
173
435
346
67
288
276
216
113
28
189
10
73
257
195
188
132
15
191
68
39
284
324
332
352
231
294
343
48
429
6
148
224
16
227
154
217
383
94
304
178
365
11
212
387
398
134
262
52
404
300
305
400
349
218
114
141
98
140
161
334
420
4
285
418
308
105
232
374
407
125
196
258
411
264
336
109
223
115
311
97
253
355
38
17
263
282
149
157
59
274
36
328
79
427
339
54
80
111
419
88
108
283
402
30
242
309
29
91
168
183
18
408
425
228
81
147
329
61
120
129
146
441
384
430
386
251
138
145
106
417
103
72
410
220
174
314
318
434
312
44
166
321
222
241
27
131
35
428
358
256
424
280
1
20
127
335
381
371
295
40
32
9
33
370
142
90
200
211
286
177
240
155
151
412
388
181
202
221
281
204
122
0
