323
19
37
132
376
296
415
291
119
172
51
414
197
347
24
249
173
237
46
136
250
270
63
69
158
346
379
73
162
123
377
216
261
391
290
95
354
48
292
233
15
429
332
55
178
393
395
154
209
153
387
366
306
207
244
231
201
248
268
246
39
11
438
406
65
150
258
401
115
134
4
411
407
416
420
139
185
133
247
85
404
334
356
378
50
348
232
7
400
105
349
125
325
199
12
56
101
80
143
59
111
129
402
64
106
78
103
350
118
242
36
38
145
104
182
8
369
283
319
345
157
21
385
79
427
97
430
267
54
263
30
23
409
81
75
168
253
70
282
441
112
425
329
61
423
120
236
175
269
434
32
424
280
142
279
71
392
322
137
222
287
312
370
167
190
76
200
53
256
295
44
152
359
96
72
35
117
314
289
90
241
33
1
27
166
181
342
363
156
122
155
89
206
373
151
211
58
396
240
380
