250
69
216
414
372
162
288
261
74
237
197
63
296
19
415
119
113
102
67
173
229
364
92
123
186
391
376
126
347
303
189
346
277
249
217
187
352
159
178
95
290
84
99
154
260
39
333
2
252
393
55
429
340
338
284
294
224
207
266
324
399
248
330
378
50
65
416
420
247
114
185
404
52
401
133
305
349
150
308
141
407
192
109
437
336
422
439
298
12
7
262
199
271
213
134
300
112
17
66
64
75
425
111
147
101
38
129
130
302
77
269
54
145
108
339
42
430
59
267
57
228
180
309
423
146
355
282
29
168
421
251
143
345
70
157
384
427
80
21
274
88
328
18
61
319
413
8
138
417
279
117
273
96
167
322
116
275
27
360
326
33
200
307
410
219
321
351
100
382
230
171
43
314
299
76
20
13
193
152
310
359
166
426
72
389
373
204
122
388
211
25
368
202
331
412
0
177
240
327
286
