323
364
235
414
51
376
436
276
67
28
288
186
377
162
337
63
270
216
46
102
379
10
60
277
176
92
113
291
320
296
261
132
74
172
393
99
160
11
225
266
383
124
178
332
224
353
68
304
233
179
284
48
338
398
248
201
254
399
365
354
84
405
352
164
262
247
45
271
325
26
205
4
52
336
416
56
406
192
401
109
349
199
133
374
439
115
213
93
264
411
258
150
437
334
243
418
8
138
70
22
79
329
157
18
91
386
417
302
38
146
42
355
59
168
413
129
120
384
309
101
108
369
293
97
57
269
253
421
118
283
149
423
112
440
339
427
183
263
30
441
319
430
175
62
228
61
317
267
54
41
166
360
295
190
13
424
152
174
44
315
256
222
107
381
116
359
219
280
382
20
351
100
171
71
287
289
117
341
370
137
184
241
299
214
96
155
390
211
412
380
368
388
206
169
181
25
363
89
226
58
