288
376
291
19
237
364
126
172
346
257
296
250
270
197
173
391
337
24
229
158
67
379
119
210
415
102
377
372
323
216
276
189
347
414
217
306
201
16
148
244
212
238
95
398
266
405
124
254
340
332
365
362
353
395
304
233
290
231
207
324
338
366
135
161
336
264
271
85
213
367
420
305
192
422
356
26
114
262
400
234
52
411
115
185
218
374
407
397
5
439
205
83
4
196
416
285
319
419
425
149
36
108
385
138
17
101
146
182
253
263
18
242
49
157
118
329
91
409
236
384
54
345
66
104
433
355
75
183
259
120
316
350
427
61
175
408
21
77
441
79
22
269
293
38
430
62
317
8
274
403
321
322
171
280
190
1
359
431
222
174
76
43
314
358
312
279
184
32
214
35
219
72
107
33
432
318
273
382
27
137
341
370
434
163
40
204
388
368
327
221
31
177
181
155
151
156
373
202
281
211
