337
391
250
379
132
291
186
63
261
119
323
172
216
19
188
229
37
435
60
189
320
372
86
126
303
270
69
436
288
237
136
376
87
3
429
178
366
95
284
201
324
191
55
365
294
265
338
11
353
159
203
84
82
124
301
2
361
160
225
99
332
333
16
239
52
196
300
140
205
378
223
416
12
47
411
232
356
139
374
98
334
109
165
397
4
7
407
420
218
349
65
247
404
45
26
262
421
54
309
319
267
42
427
408
66
130
168
253
423
91
350
329
441
30
302
120
62
36
29
18
263
384
175
49
180
385
70
228
236
269
59
316
81
106
409
413
251
355
78
145
143
138
339
369
419
64
283
61
183
214
71
1
76
9
392
20
166
279
43
287
116
40
312
310
193
35
137
322
360
256
152
341
72
200
230
426
434
219
41
370
32
315
117
295
275
380
412
58
25
272
155
390
240
121
169
202
331
177
211
0
