28
186
86
414
436
132
415
323
74
123
67
210
46
173
257
51
69
189
172
73
337
270
158
92
102
372
162
235
87
119
113
291
176
216
248
144
154
405
266
395
438
95
16
278
179
82
84
332
198
215
313
11
178
304
217
340
352
187
201
148
238
124
153
4
285
418
344
133
400
334
65
258
356
192
239
349
367
439
141
407
5
115
325
83
336
232
52
196
348
205
56
437
45
98
416
134
59
182
147
22
283
339
118
183
242
228
425
329
385
408
251
146
350
66
17
54
402
42
168
369
302
129
81
8
57
29
149
106
77
282
21
111
423
108
413
267
80
417
274
311
259
386
49
138
180
421
357
88
112
279
360
142
351
33
321
117
96
222
381
312
295
20
76
44
32
9
310
424
307
322
72
382
41
27
403
389
167
370
100
131
434
193
297
184
280
373
31
202
388
375
368
177
380
396
122
58
286
327
208
156
