210
60
63
364
28
216
186
51
291
188
92
113
123
158
102
414
379
195
276
136
86
435
74
288
24
346
67
320
372
377
270
176
415
132
268
340
94
14
84
399
304
148
254
362
343
393
198
68
387
144
398
153
246
332
354
248
11
203
135
395
99
260
290
139
349
439
262
98
348
271
213
437
406
105
161
125
285
336
418
334
378
232
258
264
45
298
85
165
407
164
420
247
243
367
356
115
79
91
138
253
18
66
269
283
104
149
81
293
103
77
108
282
59
120
369
267
402
146
425
355
112
180
441
54
386
78
329
427
106
129
147
350
101
430
49
339
157
17
64
263
413
423
357
409
118
42
111
251
97
76
27
96
107
222
310
167
321
382
295
299
426
287
381
72
359
90
280
131
432
214
279
33
219
35
43
117
1
428
20
273
100
116
127
190
137
156
206
331
169
151
31
194
375
122
221
110
281
0
396
202
