126
436
188
276
364
337
303
86
19
92
172
119
60
123
414
250
37
288
74
296
261
158
372
173
186
195
257
435
67
277
320
132
235
377
82
399
95
207
294
203
2
265
268
15
148
429
144
16
306
14
313
387
187
68
438
135
252
405
215
260
6
55
212
114
199
93
161
85
150
47
105
437
140
98
192
367
349
439
26
308
213
218
141
378
262
243
258
255
134
247
4
185
56
125
305
115
64
339
23
311
253
120
328
21
101
147
430
267
357
106
440
36
175
61
81
30
409
427
423
419
80
180
283
111
345
386
70
425
402
118
22
441
88
66
29
317
182
59
112
145
236
168
228
130
293
62
421
78
269
117
426
279
289
107
43
127
360
314
137
171
166
310
315
358
32
307
335
431
214
428
410
299
230
53
71
392
35
312
41
131
371
13
163
152
389
211
121
342
155
58
181
110
156
327
375
206
368
363
204
194
