3
186
376
188
229
67
296
337
288
176
364
10
323
195
394
63
136
74
257
414
173
372
102
435
216
379
73
86
320
92
19
162
119
347
254
15
252
238
14
178
260
265
11
16
361
227
330
160
266
292
248
84
306
301
212
398
207
268
353
244
179
246
39
199
305
218
65
93
247
437
141
422
185
308
4
420
205
150
397
26
300
407
334
133
140
378
165
374
336
47
85
192
115
344
45
401
269
329
30
157
357
175
120
23
408
242
180
441
425
145
283
112
421
311
101
57
21
183
339
147
316
103
302
369
440
170
138
78
61
59
319
42
251
8
38
81
64
104
309
293
385
259
433
267
168
386
62
345
91
381
310
174
432
20
184
116
171
193
299
76
200
322
9
295
341
40
315
428
307
312
219
275
53
287
424
360
410
32
220
403
13
137
314
273
370
204
388
25
122
375
208
194
373
342
58
286
121
327
156
390
