92
24
197
414
158
10
235
73
415
162
291
229
195
377
69
436
394
188
270
136
46
249
391
261
3
372
216
435
379
346
123
189
132
364
191
179
429
343
160
144
354
268
15
135
14
227
399
278
187
266
207
294
332
366
353
265
225
94
333
395
301
203
313
7
218
258
336
232
416
349
161
65
234
26
374
12
109
83
264
140
105
196
348
115
150
422
98
192
255
93
50
45
133
344
247
437
357
62
91
242
228
182
103
147
75
311
413
143
328
30
59
61
175
130
79
385
81
36
369
259
168
283
23
350
251
236
138
440
21
57
329
402
309
293
66
78
8
433
253
302
129
108
417
441
157
146
425
42
29
40
174
315
1
27
389
431
299
214
359
152
219
275
432
100
410
90
137
318
171
280
273
44
256
76
382
321
53
403
35
360
424
167
128
230
9
286
240
373
380
122
388
169
368
375
221
226
155
342
181
412
