435
172
176
73
46
126
323
436
379
92
415
162
372
24
216
394
10
235
87
188
132
320
288
74
69
63
296
67
337
136
195
197
51
261
340
294
405
203
246
227
94
395
361
383
304
393
278
306
191
68
254
224
55
365
332
438
95
11
6
231
429
260
244
133
300
26
199
406
407
243
192
98
205
416
348
56
114
285
161
213
247
12
83
271
50
336
344
223
264
397
325
305
134
185
45
374
22
146
97
384
88
267
183
21
30
17
425
112
253
118
430
180
138
282
61
357
421
111
54
402
317
419
143
319
101
129
328
236
259
66
42
145
103
386
433
423
23
49
91
369
106
283
251
59
130
228
157
311
293
219
220
358
241
152
171
193
289
33
314
128
44
166
297
163
321
13
275
359
43
131
71
310
431
96
117
273
256
307
410
116
127
426
35
167
403
206
181
286
211
221
151
380
208
327
169
204
156
121
89
368
