51
250
229
337
391
237
188
261
3
158
303
102
63
195
270
210
435
186
24
296
436
46
379
323
136
86
113
249
257
394
347
176
126
119
15
187
11
160
148
333
399
292
393
278
366
383
231
48
362
294
82
265
225
209
324
365
245
2
290
438
405
217
203
298
344
325
12
93
374
125
161
420
45
437
401
400
336
47
83
223
308
134
213
165
397
356
255
406
105
114
85
192
367
407
26
305
385
409
421
319
146
81
62
147
269
425
54
97
91
242
182
180
61
103
75
70
66
64
253
175
355
38
112
22
345
42
369
293
427
149
267
433
251
17
339
350
423
329
302
283
145
138
440
402
59
157
120
8
78
174
241
219
432
117
71
53
431
297
40
167
307
166
35
410
359
131
20
389
275
279
163
314
222
392
137
370
9
44
371
289
171
335
426
127
434
121
211
122
272
177
206
375
363
0
58
202
281
286
208
396
