136
46
113
10
303
162
60
86
436
277
347
291
188
229
24
158
3
364
270
261
394
376
173
172
123
74
186
435
73
288
237
346
257
195
209
11
68
306
284
290
82
294
324
39
207
191
260
48
224
2
178
340
332
160
393
399
95
238
144
395
398
212
159
185
223
45
133
47
374
196
300
125
420
139
437
243
114
5
199
65
285
105
336
134
213
232
93
56
298
439
109
348
234
239
4
262
253
143
36
157
293
23
311
350
79
267
402
103
66
54
130
408
182
339
421
328
17
236
91
112
118
263
228
88
42
283
355
80
61
170
18
146
29
64
384
259
425
21
302
433
101
120
70
345
175
282
57
129
274
32
174
289
335
127
41
35
222
382
341
275
219
321
431
371
72
214
137
90
359
33
166
142
432
200
326
358
193
279
295
171
230
392
314
318
434
342
58
331
151
363
221
327
390
240
31
110
194
272
375
181
