106
437
467
387
377
58
49
97
121
435
98
20
461
78
30
468
436
396
424
89
429
38
414
86
386
442
379
403
95
486
402
36
107
398
389
111
491
457
375
431
422
388
417
80
109
459
8
463
478
12
2
494
381
6
421
117
64
26
9
428
400
456
32
21
462
55
391
469
40
432
124
483
411
490
397
382
43
497
47
496
94
499
101
423
394
476
93
25
477
71
451
92
485
31
57
474
72
444
488
392
475
115
74
65
11
48
52
3
59
5
434
384
13
68
0
113
91
440
122
116
419
452
120
27
439
237
538
202
514
596
153
133
208
573
518
152
519
130
191
503
180
543
249
240
157
521
192
568
207
146
188
614
565
168
203
541
158
178
506
605
150
176
577
169
138
227
229
593
531
589
607
624
236
576
165
242
235
567
215
601
617
172
619
193
598
230
187
609
201
189
245
141
587
533
135
127
608
160
616
179
129
612
532
564
515
182
524
198
575
555
535
144
621
508
501
600
159
560
511
173
209
549
594
510
136
149
134
523
228
163
500
572
551
585
166
190
183
214
143
557
547
602
199
559
222
546
611
505
517
566
286
374
350
644
337
370
657
670
719
354
642
297
271
290
349
679
723
693
625
281
667
327
301
677
745
666
730
357
710
288
665
256
298
633
270
344
671
648
351
358
251
328
296
636
364
741
294
725
332
253
678
268
291
342
689
652
310
367
646
722
308
712
735
335
274
356
299
715
626
276
360
699
338
306
631
738
366
716
303
302
261
304
680
639
362
724
713
691
257
703
672
277
282
333
329
353
669
285
637
747
728
732
319
674
313
658
632
627
733
368
267
250
340
651
300
729
266
315
685
331
664
748
702
640
736
