379
90
496
462
442
45
451
124
30
424
392
405
479
490
413
422
440
458
460
454
19
118
31
488
116
25
377
475
427
398
80
493
456
14
72
436
465
50
34
94
26
391
439
48
103
84
404
459
380
483
452
434
21
42
0
87
474
447
431
27
478
419
85
71
104
432
2
386
453
92
67
122
411
60
74
480
105
65
120
1
108
35
20
485
403
484
5
32
9
428
385
383
412
113
394
55
495
95
376
100
470
66
10
402
471
43
28
97
18
111
464
389
13
445
381
375
491
4
61
29
93
58
450
8
69
152
168
547
614
191
241
567
548
226
583
161
249
600
574
561
171
194
609
510
570
518
511
528
610
181
238
514
519
539
163
607
246
133
157
526
615
219
504
233
197
593
196
592
590
200
603
183
587
164
500
193
531
154
208
530
537
206
180
234
174
248
508
130
139
605
540
602
618
137
140
536
222
228
175
532
502
608
584
585
515
578
218
554
581
596
216
132
522
214
145
158
184
601
147
553
128
230
579
556
624
167
127
620
202
594
588
524
623
188
529
195
189
533
505
560
566
185
527
572
229
211
621
150
176
236
251
645
298
326
649
661
711
647
314
258
635
324
262
268
632
340
370
359
727
333
646
736
308
348
658
691
749
680
252
738
254
255
657
741
629
739
747
676
735
670
364
361
300
289
290
303
367
682
710
692
263
720
329
264
659
330
354
320
693
343
253
288
686
684
368
634
721
278
313
704
277
730
306
344
285
325
260
654
284
301
696
703
664
350
718
685
650
630
374
331
719
276
336
334
723
745
625
708
373
287
357
725
643
371
310
653
702
362
372
291
309
302
746
641
748
701
363
280
315
636
319
353
352
652
327
