16
64
483
70
428
43
6
23
14
387
83
380
88
465
31
484
458
454
453
386
3
38
115
101
121
109
98
420
73
445
74
384
15
464
482
411
61
57
77
40
431
480
102
389
46
405
58
409
459
45
463
444
403
122
4
467
425
65
34
25
375
495
67
418
390
82
10
447
12
413
475
103
47
89
456
41
63
395
378
492
114
451
449
455
51
432
401
87
481
472
404
86
470
108
17
30
111
385
376
469
118
72
42
412
382
71
393
13
383
430
477
462
105
95
84
5
497
50
478
461
100
479
396
78
24
532
206
245
511
526
166
226
568
241
613
509
173
211
228
518
550
556
502
538
162
576
572
611
514
152
612
182
242
523
530
198
177
609
505
188
619
586
520
516
559
216
578
231
236
593
212
564
237
519
588
508
567
205
542
507
599
504
616
552
141
139
165
501
176
579
210
168
605
555
595
127
577
191
528
196
589
598
153
138
140
575
540
512
147
192
571
553
157
561
591
608
227
583
587
137
551
133
536
560
225
590
220
527
596
158
232
221
208
566
565
510
186
541
134
249
545
184
569
230
135
180
145
600
181
622
330
747
694
351
702
298
359
660
716
286
291
342
322
289
627
733
353
654
638
693
645
347
714
713
319
259
666
302
296
676
333
686
736
325
256
372
335
252
653
682
626
688
667
368
659
297
315
284
708
700
722
344
354
743
719
738
749
701
268
337
341
255
326
357
331
739
706
635
281
260
684
720
273
675
308
703
673
264
292
656
725
681
338
328
748
373
636
253
697
647
261
362
348
363
295
726
275
324
709
730
274
313
352
685
662
721
374
369
625
355
723
727
669
272
282
318
741
651
361
680
707
365
699
674
663
