173
25
62
484
486
157
222
101
460
28
194
477
452
23
120
149
130
160
142
220
193
487
92
24
227
219
86
137
147
180
179
143
47
170
110
27
152
479
165
166
224
116
163
125
169
184
102
64
207
158
115
198
482
407
488
444
431
154
185
71
406
225
85
61
410
60
121
187
195
26
107
189
117
133
511
467
84
439
524
504
192
437
3
124
0
49
509
433
202
40
190
114
422
178
495
459
421
156
76
412
151
214
428
14
69
211
436
67
145
97
98
186
209
144
35
453
146
13
442
31
134
471
131
53
99
181
55
448
476
22
208
201
50
126
199
358
473
481
39
72
483
38
54
203
177
59
445
32
468
426
140
171
41
226
502
415
66
94
77
508
141
438
498
83
33
603
118
228
95
182
216
174
446
478
30
223
4
470
17
132
463
462
6
5
36
454
1
390
150
161
416
430
472
434
138
455
105
490
73
172
128
37
113
122
503
562
34
79
447
75
420
587
237
253
90
521
238
602
566
371
277
359
270
592
159
356
328
522
168
244
290
568
300
347
374
262
252
260
591
381
546
314
337
294
404
346
355
240
537
330
583
349
461
489
302
10
571
547
393
221
549
230
385
525
375
265
264
567
597
543
551
323
11
392
344
528
304
584
299
298
369
288
564
515
319
335
249
254
576
329
248
242
333
556
399
239
283
573
366
278
285
376
206
204
534
191
526
383
245
480
271
341
512
545
327
313
353
395
397
282
241
267
281
382
600
338
259
44
536
373
210
279
531
256
261
324
243
301
544
364
308
7
391
318
348
250
320
293
516
387
559
275
360
289
331
594
336
558
533
266
350
307
589
402
581
585
365
19
273
292
43
579
322
9
291
354
550
599
443
297
582
16
268
305
284
342
8
580
590
574
398
538
257
255
595
234
379
604
361
280
