25
129
147
152
194
219
125
45
130
166
189
115
451
157
486
184
220
101
187
102
47
487
197
143
173
449
170
165
91
407
70
85
444
137
207
482
64
460
26
198
92
484
65
160
406
227
63
61
185
86
116
163
225
418
148
46
24
169
180
154
477
179
110
193
48
120
410
71
158
224
222
149
78
22
139
471
138
442
5
497
74
201
150
415
36
176
504
502
40
188
412
212
29
192
450
3
494
211
83
457
153
419
183
73
203
214
89
433
430
98
113
423
14
38
199
467
226
131
476
135
466
447
441
196
105
416
508
172
560
436
119
414
35
18
103
96
111
127
417
1
448
232
32
202
164
174
474
67
496
228
50
390
422
408
66
30
144
438
39
432
468
368
456
445
223
155
495
217
462
459
490
33
475
114
117
483
171
411
6
491
511
413
76
41
31
524
233
500
175
80
492
128
424
52
434
42
56
124
186
17
420
510
141
93
216
425
132
603
87
178
68
325
356
297
259
370
400
266
8
298
206
573
295
574
489
571
312
43
360
546
345
319
580
280
263
343
592
547
230
389
320
324
340
371
246
555
372
397
323
249
12
272
533
582
316
314
310
308
291
515
362
386
531
583
20
311
258
485
265
322
593
262
512
244
379
392
559
558
594
543
398
388
399
241
240
307
585
278
549
355
159
542
480
569
566
556
300
245
252
518
255
382
570
385
523
326
231
404
565
329
334
279
281
238
377
349
461
234
519
378
589
563
539
274
530
577
44
568
575
373
601
572
348
260
210
553
541
336
273
162
350
394
545
375
538
602
330
591
275
383
528
9
588
342
529
335
443
242
296
369
271
277
376
579
286
204
374
393
337
578
540
303
365
306
597
268
604
387
257
532
396
514
7
11
301
354
250
264
351
284
544
584
366
256
359
243
290
548
347
292
