47
91
444
184
48
488
189
222
486
158
26
452
107
152
170
143
484
63
70
85
479
187
451
410
154
460
477
160
179
125
116
64
137
487
220
225
102
180
227
193
25
46
27
130
482
219
165
100
173
207
149
45
148
195
198
61
129
108
92
431
449
24
166
169
185
407
115
194
157
86
142
147
445
448
472
156
201
150
466
503
161
145
83
213
73
144
211
111
491
1
420
50
171
494
474
30
454
59
122
138
425
127
33
455
76
36
103
426
114
182
52
22
118
223
15
226
414
453
13
411
128
502
68
176
421
506
51
79
183
603
133
430
562
131
208
417
35
69
493
39
155
473
467
233
94
438
413
18
34
78
423
167
89
457
200
88
136
216
217
134
427
57
441
214
31
481
490
66
215
80
181
424
478
106
126
459
53
37
415
464
74
146
84
232
416
495
560
524
5
6
14
471
422
21
2
368
496
428
203
95
192
463
41
75
153
4
140
151
483
436
67
291
302
266
582
565
343
287
286
600
404
578
334
364
312
206
522
289
271
580
249
340
381
552
8
388
574
548
352
259
531
264
513
549
533
329
514
443
191
19
489
159
252
521
579
384
598
332
322
593
362
260
344
298
245
402
290
328
360
325
308
320
333
341
283
588
361
399
239
480
536
247
534
561
401
311
296
564
394
20
297
355
405
327
261
576
248
523
221
275
272
592
231
541
601
353
363
262
515
530
251
590
279
274
323
242
349
409
276
256
540
234
385
278
357
532
44
299
263
300
519
336
90
281
9
568
240
270
43
12
204
371
81
602
237
306
597
318
253
241
210
269
236
235
403
365
294
595
461
370
265
303
313
566
285
282
310
348
528
356
218
520
573
378
382
366
255
389
581
301
243
250
391
599
319
168
280
469
553
586
338
584
284
559
546
317
295
543
563
11
