477
28
451
85
129
27
125
149
482
195
47
410
108
120
25
229
452
46
137
91
227
187
207
407
61
160
107
180
26
24
154
48
142
63
102
166
60
100
193
147
431
406
143
110
460
64
23
148
486
484
418
157
449
112
130
170
115
198
86
487
169
194
220
189
70
222
62
225
185
163
101
152
117
495
457
77
412
505
422
34
478
511
167
131
31
172
233
413
502
161
134
5
156
408
29
490
18
433
474
510
215
95
171
390
186
416
471
217
232
76
1
562
437
436
459
69
473
97
445
119
504
39
103
456
432
105
94
37
74
196
36
41
109
67
127
188
214
40
164
213
426
183
453
190
466
483
83
182
430
138
146
175
499
52
414
507
42
51
209
203
442
178
527
358
211
192
79
424
496
128
145
421
55
174
425
498
200
123
446
3
73
114
84
455
201
87
199
508
75
202
135
509
88
0
438
467
38
80
468
560
475
481
465
447
435
420
212
2
458
524
492
591
159
549
299
281
250
377
20
266
279
545
244
246
537
90
461
384
602
298
308
326
363
311
333
517
344
554
247
372
317
593
286
374
316
402
337
546
12
345
289
240
328
556
382
276
548
261
346
241
243
322
283
538
318
204
574
287
331
81
391
386
385
529
551
522
352
399
205
262
342
44
274
357
332
592
366
291
258
280
237
302
361
534
398
320
561
231
235
327
338
278
285
300
339
409
251
533
542
595
579
354
269
321
329
520
594
257
558
348
369
443
586
582
162
519
301
323
297
381
293
540
531
587
526
396
324
389
576
536
364
367
309
236
254
570
552
530
532
341
388
335
373
210
343
314
383
336
264
564
525
404
376
521
252
8
598
263
600
528
272
277
350
578
242
515
557
82
514
351
355
568
553
239
245
305
360
313
255
572
555
334
365
273
541
19
397
356
206
583
