107
179
198
451
45
222
23
170
102
418
460
407
227
207
194
63
220
160
180
62
130
486
46
487
115
484
482
187
154
125
64
71
185
86
91
108
149
61
173
189
28
25
143
148
142
116
129
193
452
85
166
110
224
444
152
219
60
121
48
137
92
477
229
479
70
163
165
449
100
431
406
158
433
437
459
183
105
476
439
415
155
511
440
89
131
52
506
188
134
468
74
4
57
122
164
144
497
15
508
190
21
434
368
77
217
34
182
22
503
33
66
509
501
67
38
6
94
118
500
420
462
76
175
109
212
174
458
213
478
425
435
446
455
138
483
427
1
421
58
428
202
492
192
39
111
491
72
96
216
113
80
145
448
3
209
504
481
507
171
199
454
200
211
499
51
203
126
414
0
358
560
436
18
445
441
422
127
41
466
124
430
596
228
390
55
17
75
73
135
419
232
432
498
53
176
527
473
141
457
474
413
93
49
68
78
177
13
208
472
426
442
402
384
559
267
252
251
329
595
400
221
259
257
514
273
350
573
313
383
333
247
325
533
531
380
159
322
240
272
346
544
326
593
328
248
234
534
263
287
309
570
315
443
279
521
375
550
575
578
348
600
314
291
332
284
16
8
554
469
357
250
343
261
162
297
556
512
168
517
285
404
305
295
235
344
395
405
303
399
268
341
529
319
604
299
564
317
246
372
516
260
403
525
321
369
601
255
567
342
19
374
275
582
330
43
365
577
362
583
536
20
591
236
361
269
274
312
367
359
11
352
296
245
311
276
241
598
515
360
256
535
588
376
282
210
323
289
398
518
371
597
563
336
304
580
302
523
307
254
586
353
82
306
539
366
401
561
584
266
377
538
327
277
381
335
585
485
338
391
12
396
547
569
9
589
373
590
331
242
530
10
90
552
587
546
526
592
271
316
281
