101
194
157
25
154
23
62
147
407
45
451
170
229
24
91
27
452
116
70
165
163
142
158
46
185
143
477
125
487
406
148
486
187
179
110
121
444
482
149
108
180
130
173
479
100
198
107
129
488
61
92
120
410
112
169
26
65
195
193
189
431
227
48
115
207
85
460
63
64
449
222
219
458
172
18
493
226
223
503
68
476
428
56
51
436
41
421
492
501
80
368
188
413
76
441
31
603
232
50
67
151
440
192
416
155
150
144
212
560
464
434
412
93
95
483
183
496
66
55
32
6
138
473
3
437
424
79
408
167
14
202
54
509
430
211
15
213
491
471
511
111
215
84
140
119
78
104
450
214
69
73
466
77
83
209
510
463
17
87
465
174
13
39
35
200
432
59
419
103
0
94
156
181
233
89
495
470
474
72
99
439
425
524
447
358
433
417
208
411
438
506
40
21
178
457
472
33
216
4
445
426
96
448
131
507
139
114
132
182
500
134
341
349
563
535
20
564
398
397
367
334
359
376
8
514
256
237
318
273
7
248
574
403
576
384
515
577
548
10
401
350
274
243
286
600
246
278
276
522
240
288
586
162
355
580
365
469
461
238
279
303
604
298
81
558
315
259
44
328
16
356
370
392
290
373
573
546
405
547
268
598
283
245
244
534
399
231
385
218
404
371
235
271
230
360
267
354
331
319
362
282
342
523
287
251
400
305
206
313
480
553
90
361
262
308
332
409
327
539
394
591
252
168
289
594
581
321
337
554
393
357
533
549
569
242
323
537
387
584
249
543
485
570
578
347
299
389
255
443
345
280
330
595
306
265
253
236
9
353
336
575
309
517
532
210
329
402
159
587
340
555
191
221
241
311
234
297
561
277
597
272
264
296
247
294
542
314
285
579
568
291
513
556
325
379
516
293
590
204
260
