165
482
142
91
229
195
449
185
486
115
64
63
169
477
444
157
154
179
143
70
120
108
102
173
198
101
48
220
147
47
166
148
222
180
219
116
452
488
100
121
137
25
92
193
224
170
152
86
28
431
158
149
197
225
460
487
187
227
110
189
406
410
60
418
163
160
45
184
194
479
125
62
459
483
181
104
465
50
80
3
40
500
141
505
456
39
233
430
426
30
503
429
113
69
164
510
562
73
34
178
436
183
457
232
4
501
176
215
472
76
29
150
127
97
368
481
96
438
171
37
464
151
103
419
87
358
473
199
117
455
123
52
478
213
470
132
450
17
22
471
38
212
499
88
134
223
74
0
421
493
226
188
504
203
211
67
99
124
411
560
427
75
424
175
466
136
217
416
413
174
122
126
57
139
190
467
506
214
41
495
109
5
172
177
201
77
462
138
161
502
54
55
498
476
434
53
118
491
192
437
33
435
56
18
453
425
527
508
144
408
417
383
535
576
382
559
285
364
244
401
519
489
351
319
395
308
386
547
528
566
580
550
570
43
543
538
341
266
589
388
278
298
553
348
373
317
302
354
515
231
310
345
379
168
16
281
275
548
296
469
602
537
585
565
513
355
206
253
583
301
533
582
551
12
374
336
588
561
245
398
396
247
312
210
387
239
349
365
307
304
241
321
574
10
271
573
523
7
558
343
44
378
315
529
243
230
318
541
8
350
522
512
311
342
340
235
305
334
568
485
313
314
375
461
545
571
261
257
546
405
443
237
260
521
599
295
384
362
391
555
339
293
240
567
542
333
268
526
324
323
276
601
218
291
282
19
369
389
536
569
352
363
381
587
579
289
344
288
595
264
191
262
205
518
544
366
11
320
359
284
393
286
246
332
337
520
530
297
346
563
325
532
597
263
255
572
303
283
269
159
