160
116
479
149
163
112
486
487
410
166
484
91
227
195
92
25
169
48
477
193
147
100
143
407
173
137
185
194
70
115
85
61
170
108
197
86
482
444
152
418
225
219
47
26
406
130
180
28
120
189
449
148
23
65
46
64
179
157
220
187
60
224
488
45
110
101
207
154
222
71
451
142
84
423
96
124
109
78
21
117
155
83
439
182
31
97
505
113
562
192
217
209
151
171
133
603
408
33
68
493
139
228
490
427
473
430
18
114
441
135
415
510
358
66
161
153
14
499
2
181
188
111
132
481
437
468
508
29
136
40
446
445
511
494
413
498
52
497
37
98
67
429
156
87
457
145
223
390
196
73
201
127
167
414
106
1
464
417
3
88
502
41
507
215
38
80
57
186
22
213
496
422
233
368
49
175
448
453
59
36
15
495
524
35
472
74
172
122
50
39
459
434
232
77
425
474
450
54
478
426
208
99
105
462
128
438
0
203
178
492
4
461
287
517
289
518
317
525
544
258
334
257
354
364
326
401
380
241
218
8
376
383
595
357
378
288
347
604
576
379
360
582
546
374
405
234
381
236
554
312
259
588
531
361
277
557
538
346
339
555
292
592
11
388
304
377
399
283
573
373
162
539
331
520
269
574
404
384
533
549
301
586
534
352
296
552
328
251
561
469
297
273
244
303
250
598
315
356
9
398
568
556
262
516
264
597
278
590
513
362
274
281
286
318
585
526
394
221
265
305
548
261
337
535
235
345
284
204
392
247
268
260
522
563
248
255
530
252
254
253
564
298
589
7
396
367
230
290
351
43
366
16
593
515
403
599
237
514
551
291
270
311
335
307
332
402
243
295
350
570
389
279
480
338
282
344
370
272
168
321
19
246
489
529
542
275
308
322
591
587
575
541
256
340
205
387
299
600
409
10
