108
160
185
26
227
48
406
112
102
486
152
487
110
47
189
71
27
115
28
219
449
46
169
61
91
101
484
85
452
488
70
179
195
222
410
142
129
163
451
229
23
64
116
482
143
184
63
121
130
157
60
25
460
418
198
100
224
154
173
194
24
137
65
477
193
125
86
187
197
149
165
92
441
75
2
40
72
132
99
59
465
127
119
470
438
427
29
411
21
524
67
455
504
226
436
426
481
212
118
423
233
414
358
58
232
413
155
448
73
503
177
57
17
458
506
209
223
450
442
151
208
495
122
501
490
145
49
457
95
34
141
103
74
440
199
473
14
5
66
498
511
437
39
31
111
201
178
172
463
80
416
133
41
474
447
150
94
88
464
453
76
214
114
430
412
211
182
22
491
429
106
96
153
175
508
117
83
192
456
422
164
467
425
136
167
93
123
36
368
603
475
156
186
33
124
87
196
496
419
493
1
494
492
181
424
428
215
51
190
562
500
266
234
162
159
364
517
520
580
568
561
347
351
332
237
355
230
533
272
542
221
253
553
288
600
353
19
16
528
363
361
218
409
362
586
274
335
551
240
391
372
254
238
377
205
597
396
373
344
546
293
548
259
572
598
405
301
11
401
397
261
461
579
281
360
336
489
604
263
602
516
262
375
44
270
210
276
282
354
289
323
278
255
569
547
574
591
545
298
356
469
260
587
515
392
307
304
341
271
342
554
325
521
320
191
306
295
339
257
279
550
389
268
7
541
388
544
245
346
311
371
443
269
309
535
573
384
338
382
557
398
367
595
312
328
8
556
294
292
519
395
264
583
334
248
369
565
394
297
280
571
326
386
242
512
593
316
206
564
252
250
585
350
376
485
235
514
559
563
231
577
81
348
256
540
380
590
291
480
333
283
385
403
365
296
531
273
555
592
582
