120
220
219
92
451
47
143
163
64
62
46
148
137
86
488
71
407
185
444
189
207
154
406
147
115
101
452
184
225
227
449
108
60
112
484
482
152
195
187
149
157
61
142
24
179
180
27
224
170
65
102
107
487
160
121
460
479
194
48
158
193
486
91
70
169
85
198
116
125
229
197
130
423
433
511
508
473
118
208
214
1
494
36
182
501
421
196
441
136
58
106
199
453
509
497
40
183
78
424
135
21
126
181
77
18
209
122
0
3
96
29
69
527
465
6
31
94
176
411
33
499
13
68
175
368
445
233
481
55
52
56
83
211
97
434
161
124
450
76
446
103
510
144
164
490
141
95
201
475
603
429
167
59
39
466
134
432
505
447
133
502
470
145
138
79
50
408
177
109
416
200
42
53
84
212
38
358
456
503
99
228
412
80
139
440
203
150
415
414
495
232
217
17
223
131
463
174
448
474
560
22
57
88
216
483
156
105
34
51
459
132
592
309
320
263
583
549
306
349
266
382
595
310
286
565
327
576
10
572
282
374
271
558
250
234
360
273
569
461
159
536
322
314
363
553
252
588
528
277
575
303
352
552
324
350
379
365
599
399
561
261
311
238
355
469
264
235
342
514
221
267
328
405
543
218
278
319
359
243
276
366
375
321
578
378
269
7
330
540
312
485
16
525
548
323
383
520
275
554
318
353
337
253
325
409
515
597
294
279
268
563
338
602
206
534
590
265
577
348
538
566
308
12
586
541
371
205
293
81
291
523
600
593
20
280
521
258
533
299
292
398
591
394
241
530
556
584
19
244
295
236
317
404
547
385
568
191
544
570
285
598
393
567
231
296
397
531
341
249
395
489
347
289
8
343
539
604
248
581
254
529
259
351
274
90
246
11
260
82
381
356
550
526
210
364
373
557
288
370
585
