71
129
121
23
229
147
137
198
160
116
189
91
477
170
193
101
143
63
487
158
110
195
48
115
165
184
185
219
222
149
207
179
62
410
163
46
157
102
100
130
85
460
61
449
26
488
173
152
45
180
148
64
486
169
225
227
112
92
86
194
406
70
479
142
27
166
154
65
484
28
220
120
233
134
430
113
72
223
457
73
97
368
527
502
42
500
448
506
30
51
434
34
492
32
437
214
473
176
453
4
119
17
126
104
141
429
358
498
89
562
118
122
414
462
156
435
186
67
146
132
463
390
408
0
465
508
490
167
87
474
3
53
95
560
478
505
84
14
6
413
52
83
106
509
131
182
133
504
196
411
22
209
111
192
417
172
181
455
412
208
438
77
507
419
57
98
68
503
464
200
105
39
94
471
496
164
421
36
15
217
69
59
136
18
232
440
201
135
199
426
491
103
445
175
41
150
432
424
76
78
21
109
31
226
40
190
511
216
603
140
499
528
162
335
571
367
361
9
586
365
402
259
393
308
327
561
567
574
377
260
287
326
342
218
322
604
285
330
537
306
600
521
253
8
307
588
568
258
230
295
251
529
44
559
240
557
593
7
245
267
329
388
309
303
82
409
489
355
264
389
314
602
374
570
480
543
520
296
549
581
261
235
359
341
360
237
376
310
339
272
391
90
541
288
553
343
519
545
244
191
379
533
546
334
312
348
582
276
328
469
565
514
325
375
241
569
396
534
254
573
392
236
315
301
535
249
331
522
371
319
19
291
485
554
248
523
349
599
284
378
204
591
589
43
275
346
584
318
598
231
279
563
336
332
517
576
532
583
580
238
250
274
239
362
443
210
515
538
595
513
351
357
531
277
300
587
281
12
255
290
266
578
252
352
370
398
383
317
20
594
382
540
305
304
316
350
10
558
347
293
