207
224
449
198
121
184
26
107
407
143
120
147
92
179
222
137
112
71
163
484
152
108
154
149
25
45
64
91
160
65
406
101
46
187
110
129
227
165
47
158
170
116
220
102
28
479
70
60
451
130
27
431
169
482
488
157
115
195
452
189
444
63
460
166
225
48
86
142
61
229
24
418
446
58
51
442
603
104
175
93
96
4
447
22
83
211
467
84
174
73
186
495
419
422
52
114
435
506
111
66
423
151
232
59
141
425
30
475
459
176
208
472
182
458
164
441
36
562
492
139
32
98
511
80
417
473
215
140
368
464
474
172
228
181
411
53
117
99
144
209
89
470
21
131
87
223
202
161
420
167
190
133
5
481
213
41
192
226
122
156
430
29
432
124
128
126
527
14
508
74
450
6
42
3
427
462
35
414
493
31
433
424
457
421
453
57
38
95
214
496
2
15
75
119
500
412
596
436
456
79
146
429
145
440
438
196
468
499
428
136
463
379
396
268
349
514
263
295
258
270
20
581
378
331
556
398
523
585
240
12
400
248
601
534
247
572
512
168
285
515
597
385
273
245
521
567
520
604
325
356
380
552
345
191
314
401
353
518
302
373
338
238
262
551
403
531
293
371
569
310
266
535
566
306
9
305
7
280
256
299
324
286
587
82
267
363
553
347
540
384
361
264
336
343
395
255
297
586
10
342
260
44
332
320
278
210
405
544
315
602
271
11
600
254
317
218
81
555
246
570
546
296
16
529
235
409
359
249
370
375
312
593
251
516
588
275
362
298
340
599
322
533
577
568
241
350
313
364
346
354
595
281
387
301
367
549
339
369
244
204
461
394
344
242
303
319
376
162
304
8
392
574
253
221
341
489
539
542
265
159
279
351
584
355
561
575
592
236
289
334
469
288
283
366
526
522
545
530
579
230
