64
157
116
460
486
143
197
160
170
444
225
418
85
219
189
452
484
152
154
477
488
45
25
125
195
165
47
24
63
46
142
70
102
163
227
26
92
108
101
449
207
482
224
149
23
137
115
61
406
110
107
451
222
193
91
158
198
487
62
71
112
180
407
166
121
194
184
187
130
179
479
27
358
42
14
455
368
468
498
213
78
39
58
98
38
450
511
57
201
435
1
390
2
103
104
6
32
415
481
483
21
507
496
111
437
464
203
77
22
136
167
476
96
139
188
430
75
473
97
501
172
211
106
465
30
164
434
35
425
428
141
36
123
442
457
499
414
416
459
155
446
603
527
412
176
156
466
31
186
151
497
216
432
429
15
126
226
119
467
456
53
87
454
67
215
470
475
420
490
408
509
199
54
105
17
458
83
508
505
18
74
524
68
41
436
52
494
413
478
202
153
441
55
233
144
122
145
419
138
93
562
178
114
421
438
192
51
56
117
417
422
346
312
242
375
262
512
519
587
268
246
535
384
316
254
391
565
288
285
402
304
489
374
269
394
597
295
283
526
395
514
539
530
600
558
291
564
563
544
582
306
318
586
270
159
552
365
273
540
567
538
341
591
313
344
361
11
235
525
516
330
315
286
542
577
301
362
324
480
595
363
513
298
398
279
523
293
376
332
575
245
396
397
253
290
247
350
272
277
585
255
393
337
388
44
528
327
248
258
461
541
300
284
556
386
287
549
239
275
378
230
602
599
570
404
10
566
19
592
82
551
366
81
314
360
204
43
348
305
335
550
533
345
594
231
321
543
267
583
359
545
546
601
385
529
294
383
162
309
581
377
328
589
521
604
12
364
308
218
356
234
191
8
373
9
578
352
266
409
319
168
405
274
400
271
333
251
325
250
561
576
210
311
320
367
278
536
584
257
379
