64
60
418
219
142
195
154
149
91
407
484
63
110
222
147
163
102
229
179
108
28
198
431
444
27
165
115
70
86
224
130
85
227
46
45
449
61
197
100
207
193
62
477
107
220
71
120
129
65
482
112
180
194
125
158
152
170
148
121
101
460
25
166
47
116
488
185
410
486
92
451
23
150
33
122
138
117
54
99
425
135
94
560
441
29
89
72
21
55
463
133
502
22
6
228
508
79
188
434
97
490
103
76
498
39
181
153
196
74
18
161
232
455
503
368
436
447
186
491
167
75
15
358
437
144
527
440
466
481
501
80
215
52
1
468
134
494
109
113
511
66
172
453
596
146
31
145
458
69
199
114
442
111
421
217
470
208
128
190
139
211
51
507
504
408
164
416
209
417
475
126
426
176
216
77
478
151
88
34
496
132
105
603
35
177
471
435
73
524
14
212
140
183
118
226
439
182
200
36
448
454
38
433
84
141
123
178
429
413
474
131
517
371
277
547
354
573
252
332
353
261
264
276
576
239
278
539
549
392
366
544
235
588
357
297
600
298
316
546
535
577
338
234
266
314
289
386
443
528
525
218
81
335
274
579
545
262
347
328
397
571
393
369
44
574
288
536
20
566
275
377
273
375
351
356
333
569
279
513
318
327
519
594
590
10
322
604
282
339
550
385
12
572
373
529
601
364
257
280
557
319
344
540
405
285
326
541
538
324
259
205
404
267
307
283
399
191
231
82
374
593
240
162
376
518
19
389
523
260
599
294
238
325
346
159
526
578
343
320
530
595
204
16
398
11
271
248
330
265
522
381
584
568
255
272
589
263
43
388
306
270
552
355
551
341
311
575
380
367
286
520
345
246
403
342
384
402
387
383
363
250
583
253
365
350
391
570
336
370
394
331
554
378
249
308
532
310
543
340
400
