195
407
488
130
102
100
229
142
62
170
25
154
185
224
194
125
418
160
152
60
169
444
198
477
108
70
487
107
222
23
120
112
65
45
431
479
121
460
189
137
26
71
91
48
92
187
179
180
406
165
225
486
184
24
166
163
452
193
197
173
63
116
61
449
219
101
410
46
220
227
86
143
502
72
49
430
41
421
83
408
13
432
186
427
93
57
151
79
491
435
30
128
436
527
21
135
183
141
68
466
50
506
501
217
562
496
508
458
161
127
603
500
5
209
42
499
53
104
89
29
368
437
75
126
211
450
232
114
35
176
178
423
215
433
475
97
201
80
182
233
455
411
497
415
188
22
106
2
139
447
111
155
140
199
223
509
124
494
419
422
78
167
448
122
150
445
134
417
428
192
118
51
136
98
144
131
132
471
38
454
88
434
228
181
424
77
67
459
33
95
96
74
190
156
3
470
226
76
429
478
420
498
87
203
472
493
442
58
456
177
507
297
242
218
316
587
276
168
404
236
378
278
345
579
523
554
292
272
578
392
517
238
286
522
601
556
349
239
557
317
354
305
296
9
559
303
283
381
564
251
365
335
310
267
594
330
525
570
254
380
399
309
19
580
263
547
540
319
338
383
340
363
331
551
333
545
336
402
552
567
443
191
248
528
518
328
346
367
512
537
536
387
359
249
480
597
347
324
341
529
555
585
602
584
590
356
257
284
8
308
369
11
285
389
526
339
396
388
271
311
461
398
206
376
264
353
548
386
12
325
243
235
342
259
282
563
260
210
569
595
318
352
10
275
532
313
20
327
397
289
575
519
592
586
360
516
591
299
281
81
401
377
373
589
583
245
593
323
385
230
280
266
382
90
204
513
572
205
253
604
279
561
405
485
568
250
252
237
541
374
300
577
307
247
273
514
469
550
573
274
