544
11
539
566
560
25
550
546
13
542
537
9
552
2
567
19
18
17
10
27
540
559
16
20
29
564
561
21
558
553
31
557
549
80
619
641
48
78
106
94
584
91
95
629
102
650
119
622
601
108
582
87
120
623
615
654
82
634
40
626
593
84
58
631
59
576
571
100
101
86
645
57
606
617
594
642
638
570
572
646
64
111
83
113
590
635
33
647
618
640
620
579
602
581
96
595
54
98
45
655
644
643
613
603
52
607
66
55
599
109
600
92
639
648
587
51
46
103
44
628
610
1062
1067
1063
527
530
535
526
536
531
534
1065
1066
1070
167
142
165
682
151
660
141
696
125
667
661
127
157
174
714
159
659
697
139
671
695
152
131
177
173
136
124
123
156
148
175
713
150
677
135
701
673
689
668
130
709
704
144
710
702
700
140
132
154
712
662
170
699
706
168
143
155
727
194
185
730
715
179
726
193
723
733
178
190
718
722
721
188
192
719
195
745
225
763
219
743
800
212
740
270
805
207
250
741
209
750
274
265
214
781
792
779
809
775
208
210
271
237
772
230
273
256
755
796
751
257
262
804
787
203
201
227
221
255
746
810
235
786
739
253
243
228
756
758
236
197
791
213
789
247
762
767
245
811
252
774
742
226
211
246
753
778
761
258
777
249
788
232
744
816
276
821
286
283
275
280
288
817
812
818
291
292
819
289
282
279
277
310
345
347
309
854
834
331
830
853
846
843
300
867
333
334
307
864
876
302
320
327
875
328
295
330
323
880
868
840
325
873
829
882
851
883
881
321
862
299
856
304
877
335
314
294
844
849
341
859
848
870
838
322
866
336
839
308
358
908
906
371
433
954
943
888
382
965
432
929
916
401
919
414
412
889
406
427
363
417
914
920
899
901
944
379
927
959
932
955
388
354
953
386
894
399
956
405
936
353
352
900
411
940
434
909
969
413
966
893
907
934
942
912
941
911
351
913
890
394
416
949
930
391
964
398
395
383
915
419
960
967
410
357
393
409
923
921
375
355
917
372
366
957
470
1000
981
481
500
440
991
1015
1019
487
980
469
1005
1007
1026
448
490
1001
1013
984
450
975
497
451
447
995
482
503
504
1020
498
1003
1022
479
499
445
988
1010
495
459
491
1028
476
1041
1036
452
477
1031
986
1035
1029
992
994
473
973
998
1037
996
990
492
989
1021
458
983
1017
1004
475
999
972
510
521
516
519
509
505
520
1046
1056
1052
506
1055
515
1048
1060
1059
507
1044
508
