7
544
540
556
564
542
30
546
0
24
553
17
9
32
547
538
568
29
3
552
569
6
563
555
23
14
18
543
545
565
558
28
21
86
595
648
652
76
91
107
50
118
41
653
46
651
52
94
39
615
575
97
119
82
601
632
633
623
87
629
57
614
585
639
114
71
647
85
622
44
576
54
654
597
580
578
625
59
63
116
45
117
591
638
37
108
43
604
586
588
98
92
58
626
619
636
617
637
649
571
89
608
600
594
587
582
627
641
111
51
95
579
33
620
62
53
47
35
68
102
49
1062
536
1063
1071
534
526
1064
1065
1066
1070
524
535
1072
686
713
162
693
694
152
691
154
133
174
159
668
684
153
661
134
680
146
703
664
662
169
151
709
692
701
177
142
172
667
135
149
690
712
130
167
131
121
125
675
164
676
698
147
699
682
710
689
685
673
657
659
138
679
173
155
123
715
178
717
190
181
718
192
191
725
185
727
729
732
726
183
180
195
187
719
212
207
735
790
749
242
267
250
744
734
770
782
217
781
799
234
240
758
742
272
760
750
219
269
802
248
772
807
274
751
247
253
763
810
271
773
737
216
224
199
797
756
226
798
739
256
229
767
252
787
210
811
783
762
777
231
808
761
254
257
233
214
801
768
245
743
766
201
265
785
757
736
779
755
235
243
211
754
287
290
824
281
289
284
277
291
292
283
286
813
827
282
815
820
825
828
315
307
834
306
340
867
297
850
304
859
885
873
336
858
878
869
323
298
875
332
829
847
830
321
322
344
836
864
837
342
324
347
848
844
839
866
879
880
294
341
343
316
840
345
320
831
296
882
852
857
313
327
328
883
854
835
843
908
383
897
913
956
971
923
384
909
952
940
354
966
356
415
959
367
954
919
420
400
372
903
887
934
398
366
407
947
941
957
917
902
376
936
907
970
365
404
944
946
409
411
370
377
890
392
353
412
393
918
924
416
964
898
945
430
935
362
350
886
408
381
963
361
965
949
390
429
351
406
948
421
889
925
939
962
396
955
921
358
929
931
388
435
425
987
998
455
1016
1029
1017
460
503
996
1033
457
456
1027
1025
462
473
475
1022
439
1038
1026
482
468
972
1035
994
436
485
491
1002
983
458
480
470
466
443
999
1011
1023
989
445
438
1008
492
463
487
1024
448
1019
1039
979
478
984
459
1031
1032
450
461
495
976
981
1004
483
474
502
484
975
1007
1014
1042
1050
1047
1045
1056
510
1043
515
520
1059
522
508
521
1044
507
517
523
509
1049
