559
9
565
2
5
561
22
560
11
3
10
558
537
568
551
553
7
544
569
554
562
547
14
0
8
567
548
20
545
31
540
556
28
598
599
83
646
596
64
586
85
78
602
113
104
641
118
81
55
607
114
655
618
63
52
626
80
585
600
58
611
634
574
632
116
583
117
47
648
593
49
92
67
582
59
580
86
625
587
635
608
631
109
87
590
79
54
75
33
624
639
653
84
60
633
654
120
105
629
572
35
620
77
576
100
606
612
93
107
594
613
98
581
112
34
592
68
53
73
637
604
1064
533
536
1071
529
525
531
535
1068
1066
1070
528
1065
689
664
667
701
177
698
126
683
712
657
136
133
674
171
150
697
692
125
658
146
172
148
705
151
682
707
660
671
672
147
661
157
156
154
143
163
137
129
665
696
166
708
152
123
666
121
704
680
713
140
679
711
659
162
161
160
155
729
727
732
196
193
719
730
192
183
187
728
722
195
715
185
717
725
179
194
235
772
775
269
765
786
747
233
228
270
239
807
767
255
210
268
773
776
251
230
263
749
229
739
794
735
734
764
771
250
197
232
748
215
213
256
208
758
791
738
737
736
216
754
766
207
199
802
779
781
264
274
804
746
219
797
768
247
769
226
800
777
792
203
217
783
222
224
759
273
220
240
751
223
785
756
258
753
821
281
278
813
283
289
825
280
282
820
286
818
828
814
291
284
816
817
853
331
861
325
856
295
338
865
332
830
318
297
310
847
326
294
843
864
314
829
339
301
322
867
346
833
306
854
312
307
305
836
343
834
862
881
309
851
293
321
858
879
320
872
842
840
328
871
303
340
327
308
344
349
311
838
866
412
929
942
354
406
886
948
413
370
925
373
421
365
394
896
930
364
368
377
913
387
910
403
430
391
971
945
950
944
411
409
916
960
895
357
415
921
417
964
943
416
899
927
915
405
402
965
938
383
418
361
375
432
911
957
381
889
407
953
419
433
958
420
963
908
429
408
360
907
390
380
935
400
956
897
962
351
901
924
890
931
967
369
906
395
918
1008
460
464
452
480
1019
983
493
486
485
491
474
499
502
1013
444
989
982
483
984
1010
1017
479
990
992
1004
986
501
1021
449
475
976
988
1037
1038
453
458
1009
466
459
981
978
497
1034
472
1007
437
991
1039
498
469
994
448
999
495
484
457
1018
1012
996
465
463
467
1003
979
441
443
985
476
508
1059
1058
507
512
1048
1050
517
518
1051
510
1042
1052
505
1055
506
1046
514
1043
