5
568
565
23
4
566
12
27
563
1
2
8
29
557
30
31
547
569
550
24
17
560
539
18
543
559
537
549
0
14
540
554
551
120
630
94
635
610
654
619
611
614
46
581
578
576
58
76
645
61
92
67
36
53
629
593
591
105
640
633
571
625
65
580
48
622
588
639
582
603
37
601
38
54
34
613
599
577
634
110
649
99
573
77
116
86
49
55
602
572
103
95
644
80
604
113
96
83
652
584
79
114
97
106
574
575
653
66
628
606
594
104
656
44
40
624
72
590
642
109
100
534
1073
533
1063
1069
526
527
529
1071
1067
1070
528
1068
134
140
122
125
171
130
168
696
155
162
680
148
663
669
123
657
136
660
133
131
692
681
705
677
176
128
695
697
664
163
143
679
135
126
173
708
698
714
124
159
694
688
670
686
676
689
177
169
700
667
691
709
144
167
172
132
661
181
179
727
722
188
178
196
730
189
733
731
718
193
723
721
726
725
191
184
202
208
229
761
781
736
751
773
757
236
792
796
209
744
771
743
226
227
213
779
763
200
803
274
766
784
216
220
267
224
762
253
747
233
259
800
251
777
241
249
272
776
810
801
242
201
806
791
742
222
738
802
269
243
809
756
805
266
261
237
231
750
748
775
228
789
797
217
215
767
754
786
765
793
260
759
799
734
292
821
280
825
820
289
828
818
813
288
815
824
284
286
819
826
816
275
307
875
846
348
314
841
311
882
858
869
334
871
319
295
303
312
328
326
852
299
881
296
318
845
315
829
325
321
850
840
333
329
346
349
876
330
300
313
855
327
836
865
345
332
868
857
298
317
844
342
883
830
847
308
861
864
859
378
940
916
405
944
933
391
912
894
366
390
363
962
369
418
389
906
383
890
925
918
361
935
907
434
936
406
909
926
921
919
942
970
351
947
957
902
412
893
425
938
895
951
417
952
356
385
429
364
372
932
898
403
382
375
927
954
413
426
920
376
377
964
408
899
398
910
362
946
395
888
354
435
969
355
900
368
433
966
424
374
959
941
411
407
350
497
986
1039
480
467
976
475
504
488
493
461
1033
978
992
473
994
492
471
981
1010
1008
489
980
438
460
499
494
490
501
983
444
989
1002
1007
1041
466
998
1020
1025
1026
987
447
1005
1040
449
993
1009
483
985
453
465
477
454
503
498
436
1019
1024
1030
1011
1037
990
455
437
1006
451
1036
982
1003
1047
1056
1052
506
1060
517
515
1051
522
511
1044
520
508
1042
510
1049
1055
513
519
