568
26
28
12
6
21
555
569
563
16
567
25
560
3
539
565
1
541
15
30
22
554
550
13
11
9
552
10
556
23
32
537
7
118
79
606
623
48
93
581
65
82
40
605
61
649
111
596
620
650
45
108
119
74
590
646
94
106
69
85
115
635
35
53
640
653
83
630
63
599
60
619
81
89
120
607
622
98
572
73
636
51
78
648
36
608
62
589
655
114
56
656
87
84
577
600
633
110
615
104
632
41
644
617
70
594
576
46
603
39
107
627
64
645
611
595
631
58
76
583
614
1068
534
526
1063
1067
536
524
1070
1073
531
1066
533
527
684
707
150
678
131
144
710
696
697
671
706
704
155
169
177
159
176
142
123
657
679
682
132
662
667
663
680
166
670
134
690
659
170
126
165
130
687
685
133
137
122
147
700
677
709
129
695
666
156
686
136
168
691
688
157
154
702
182
186
725
195
190
181
729
726
185
192
194
732
183
191
724
180
196
716
728
744
267
788
770
250
763
754
227
779
247
273
778
199
751
263
767
230
225
240
769
219
244
272
741
750
245
243
213
752
734
799
256
800
810
758
233
811
743
808
258
786
252
251
806
736
220
207
809
261
768
214
231
777
206
807
796
254
740
790
772
757
265
803
783
238
739
222
738
766
759
764
745
197
259
765
246
198
802
828
813
292
286
276
814
819
291
817
284
278
816
823
289
812
824
285
288
336
869
347
308
341
857
331
339
830
338
845
840
345
865
852
884
854
829
311
856
859
831
303
861
300
858
850
879
846
344
324
866
305
310
325
873
295
299
312
319
349
322
872
327
293
883
878
839
334
329
306
836
838
881
314
320
294
358
406
404
962
913
355
370
896
968
941
954
956
925
889
910
890
955
932
953
942
935
903
891
966
894
356
888
412
351
434
389
918
902
946
367
930
921
386
352
907
950
906
353
957
886
922
969
940
917
927
385
408
928
410
392
920
944
897
959
368
433
396
398
934
379
373
409
915
909
362
929
949
948
416
397
420
951
893
350
923
422
432
898
933
375
939
1007
1016
1041
493
974
483
1027
496
1012
1003
991
997
979
463
981
1000
1022
479
439
978
490
485
1001
460
1038
1033
438
450
442
1024
469
445
998
441
989
486
1021
1006
1037
1004
461
1036
477
501
1005
1010
470
994
993
1018
1028
972
1031
443
447
482
1025
449
467
1011
503
481
473
1008
488
453
1002
471
491
515
513
1043
1049
1047
521
1054
1059
518
1042
1055
1056
505
523
1051
519
511
1048
507
