569
20
16
24
544
25
14
565
30
556
538
546
557
568
566
552
554
563
550
3
547
22
564
539
9
6
537
8
540
18
562
2
26
57
611
583
577
648
89
617
634
651
71
580
48
652
627
570
641
610
53
622
69
644
63
40
575
592
119
587
628
649
604
576
632
55
116
62
91
618
647
588
589
607
41
34
82
45
35
616
606
597
111
59
42
584
630
83
65
54
639
609
97
578
78
88
39
621
654
73
86
603
56
571
99
113
108
76
620
80
613
574
608
581
653
624
72
619
58
591
104
1067
533
1066
1072
1062
527
1069
526
1063
528
1061
534
1068
691
664
686
154
129
145
667
670
672
697
663
662
123
164
139
140
135
674
679
127
704
689
712
668
676
709
658
690
132
699
666
678
168
711
142
693
682
680
673
149
165
660
702
137
159
167
175
657
161
156
122
692
696
133
172
153
174
715
730
720
723
725
716
195
180
191
726
724
182
181
718
178
717
728
189
719
806
234
203
737
784
775
264
777
778
760
248
241
746
747
235
741
236
740
260
754
256
791
251
766
214
736
739
768
246
790
770
267
771
755
797
769
205
238
265
212
249
220
200
197
255
222
748
756
793
253
752
734
750
792
204
257
263
231
785
801
799
800
245
809
223
798
207
252
227
772
210
199
780
229
259
206
202
796
821
279
283
817
812
278
824
815
822
285
275
287
814
825
826
818
276
284
323
832
845
843
307
839
866
313
306
326
324
297
322
334
883
299
867
342
303
333
340
298
855
294
847
882
314
330
308
869
848
854
296
311
829
863
849
331
344
836
336
337
349
865
860
881
879
341
319
851
301
861
302
317
339
862
875
358
408
415
893
402
937
896
920
929
894
887
379
404
387
364
930
380
943
435
922
401
904
940
399
391
963
383
926
378
903
428
901
417
965
375
891
396
895
921
900
960
956
395
362
372
405
962
359
360
932
418
959
416
964
412
890
350
954
908
392
393
946
352
947
917
367
382
357
938
433
429
928
957
354
427
886
411
909
889
388
353
941
355
403
414
933
1035
504
459
973
479
487
1005
987
469
484
1034
502
445
995
456
476
1037
984
1021
488
1033
478
1030
1010
1036
501
461
1002
497
436
986
1017
468
1040
1015
500
1032
1013
989
976
972
449
451
441
1000
1006
450
994
448
1012
1004
465
996
454
1026
1022
473
447
1027
438
1019
477
975
981
990
475
979
1016
490
511
1042
519
514
1055
1059
1046
1044
1043
508
505
1047
522
1058
521
513
510
1057
1049
