21
2
560
3
6
542
20
19
556
26
549
554
17
538
23
555
7
561
27
568
557
10
550
548
539
18
4
31
1
12
545
32
30
573
71
650
633
584
596
59
82
109
622
68
603
608
87
629
574
120
92
620
639
621
89
638
96
94
64
88
630
649
69
43
587
91
626
116
33
102
39
652
57
624
593
52
604
637
609
582
34
77
93
51
636
97
605
580
601
79
585
654
640
598
53
80
631
38
107
627
98
35
595
599
103
597
101
85
113
647
65
611
40
42
72
576
37
641
618
46
602
1070
531
1072
1068
1063
1067
1062
529
525
1061
1069
526
1073
143
124
125
165
157
665
708
145
674
672
174
666
127
660
129
675
177
171
162
684
175
709
135
139
176
661
164
168
677
678
122
690
167
156
172
160
142
700
136
703
149
699
691
714
132
133
154
161
683
695
144
673
698
664
676
173
662
726
727
179
725
720
723
184
195
191
189
194
180
190
187
729
733
717
715
183
734
249
241
757
804
787
740
227
262
259
800
242
788
230
219
252
264
240
232
246
751
743
206
214
251
266
762
261
273
212
228
265
229
211
263
215
239
793
221
244
204
797
254
764
217
238
805
245
802
789
231
250
792
746
801
798
224
767
758
218
779
766
786
771
226
781
783
803
735
749
756
209
763
202
765
270
774
197
823
280
822
819
279
815
288
285
275
286
821
281
282
289
292
284
277
290
833
846
296
308
321
863
876
851
314
327
836
345
880
834
336
343
856
857
318
312
317
342
338
311
852
867
320
875
885
334
861
835
855
848
841
305
304
313
325
877
309
301
869
322
853
868
341
829
862
339
882
871
831
332
337
879
844
350
365
390
942
955
370
430
961
930
418
949
429
420
937
964
895
906
393
920
936
351
886
929
411
935
372
887
375
401
892
934
377
921
361
950
380
367
400
363
932
941
963
958
945
901
424
376
898
366
966
888
933
402
931
360
970
373
962
394
419
433
893
412
905
939
357
902
425
417
414
928
369
397
914
428
926
891
432
959
396
909
395
352
409
889
403
985
998
499
1014
988
481
497
979
992
993
465
453
439
436
503
1018
974
1006
500
1011
474
479
1003
438
446
489
485
1012
1021
1028
1030
502
1041
1026
1024
1038
501
484
449
457
471
1029
1007
447
1032
469
487
494
1037
476
480
460
989
1027
984
504
452
1009
1036
1022
1005
475
492
488
1010
1000
983
972
975
521
1049
1048
1058
519
515
506
1051
522
523
1060
1057
513
1050
508
1044
1056
1045
1043
