553
566
551
567
561
543
23
0
557
3
4
564
14
8
554
27
568
20
15
30
6
537
7
555
29
540
17
563
31
560
547
559
5
606
38
630
84
583
108
652
119
118
85
94
74
643
575
642
101
582
40
117
56
594
590
629
98
607
63
591
634
69
579
99
96
633
639
600
67
620
97
104
112
599
608
33
115
627
100
632
640
625
75
581
612
106
45
42
610
622
66
44
601
111
72
572
578
635
103
43
574
46
65
48
107
646
73
61
613
628
588
650
76
93
50
602
109
52
645
51
654
529
1067
1065
527
1064
533
1063
1070
1072
1069
1062
1061
532
139
125
152
150
666
708
714
128
137
693
696
675
123
148
129
667
133
126
664
695
127
712
704
142
138
692
669
165
160
703
686
158
673
147
674
697
677
663
134
145
681
698
161
702
172
170
159
154
153
700
672
658
135
710
676
661
678
184
725
181
195
185
733
715
732
729
720
719
731
722
178
182
728
724
721
717
811
260
258
241
210
768
207
755
762
201
809
807
228
230
271
273
793
781
780
197
808
206
200
784
266
236
792
272
246
240
214
776
255
782
263
747
244
757
790
225
783
261
253
222
259
763
205
235
769
746
226
223
227
267
245
274
745
741
204
237
248
785
749
810
796
773
794
219
771
756
753
242
203
805
737
767
802
268
813
828
292
275
280
290
283
820
289
817
285
287
827
288
815
277
281
812
346
861
307
843
855
881
842
852
302
314
872
334
845
874
856
335
323
851
327
349
312
873
337
340
858
331
829
344
880
320
341
343
867
878
330
876
848
339
838
342
316
883
324
303
847
866
862
844
325
310
885
293
328
834
830
879
308
391
896
399
898
413
383
408
404
935
888
890
928
369
403
426
372
971
900
381
418
382
376
419
891
929
908
897
899
434
919
407
361
950
889
378
960
398
967
373
425
909
370
887
435
969
387
393
915
961
431
420
893
362
405
942
427
907
352
379
397
375
410
938
429
359
401
930
952
409
918
386
964
932
411
380
428
892
371
388
363
415
925
962
360
949
905
1016
1024
996
467
991
1041
1015
473
439
987
997
977
504
1033
464
497
461
501
468
484
981
495
998
449
982
500
451
452
466
488
1014
986
1030
490
1023
465
445
1031
989
1011
1020
441
499
457
1034
999
459
975
474
993
972
976
973
443
1000
479
1025
1032
1040
1038
450
469
485
456
446
974
481
1021
436
506
1052
1042
519
516
1059
1054
1050
1051
1058
1057
505
523
1053
1048
514
1046
512
507
