555
559
541
566
7
561
569
548
10
4
550
29
562
25
556
9
547
539
6
17
563
1
8
549
28
16
18
551
554
552
546
22
13
93
37
34
77
615
593
606
89
619
654
115
35
584
609
38
639
97
109
86
641
623
67
96
76
55
117
635
587
588
647
644
599
53
70
94
612
620
114
585
61
73
41
601
648
74
595
60
618
594
607
656
57
590
643
650
112
83
621
603
78
580
62
627
113
58
637
40
655
81
575
611
80
597
108
608
651
54
90
591
99
75
107
69
56
617
572
596
59
1072
1067
1066
531
1063
528
1070
526
534
1065
535
1064
525
146
174
124
153
140
173
149
664
157
168
714
658
158
666
694
176
688
660
712
121
134
704
139
673
695
151
155
685
696
133
150
177
703
131
665
159
127
693
663
657
163
169
699
687
691
707
692
683
662
698
126
172
165
702
122
167
130
192
193
720
719
187
716
731
191
189
195
180
194
185
723
196
730
726
733
725
204
803
800
265
211
766
785
734
216
773
260
201
780
745
206
246
809
227
210
754
781
208
811
270
810
243
796
258
249
272
268
797
783
786
245
740
782
264
232
794
241
799
788
219
778
228
235
199
747
267
266
739
737
222
805
804
262
248
254
787
233
213
768
205
197
736
802
239
226
234
274
764
789
257
770
757
746
221
815
823
819
278
284
289
290
822
280
283
275
281
276
821
285
813
286
828
311
293
878
853
322
865
343
851
873
302
341
836
862
831
835
329
885
298
846
854
338
837
842
839
301
316
308
317
866
875
838
305
333
346
334
332
850
330
844
295
855
310
306
337
856
324
325
858
314
861
848
863
335
829
852
319
871
928
895
901
371
391
356
892
960
898
376
373
944
352
388
956
415
922
364
932
404
971
380
365
429
357
951
362
957
425
407
918
369
411
434
955
401
958
361
919
367
414
925
941
385
886
907
410
914
360
945
398
891
927
970
389
889
917
394
966
890
900
395
431
950
968
353
435
924
413
948
896
920
409
899
397
384
426
420
418
940
354
412
416
913
936
405
987
449
1002
495
1041
471
1030
995
1009
447
444
978
498
460
440
457
497
436
1018
1034
499
461
477
445
1015
975
489
481
470
1029
494
1021
468
976
446
483
1028
448
1020
493
1016
496
972
443
452
482
973
455
456
484
438
1010
1001
1032
466
996
1012
485
467
1040
501
1038
454
980
1035
999
492
464
1023
510
1057
1051
1045
1042
1050
1054
509
1046
1058
1056
523
1044
1053
514
518
513
507
1049
