0
29
561
30
540
10
552
556
550
28
559
1
555
32
565
9
23
13
545
566
27
560
17
568
539
563
12
14
554
16
2
25
19
53
631
63
87
629
57
37
598
43
100
77
626
595
639
71
617
594
99
74
46
68
66
107
610
593
650
575
56
98
652
638
600
571
596
637
572
58
80
97
623
635
591
588
39
61
45
62
104
51
641
38
651
35
48
36
646
583
581
604
86
47
647
587
642
613
602
640
622
110
586
42
117
105
78
118
643
55
615
81
75
634
648
64
90
70
624
608
113
1066
532
535
1072
527
1065
529
1069
524
1070
533
1073
1067
172
128
158
662
145
159
147
154
161
153
123
675
665
674
169
670
141
694
146
706
700
173
703
682
705
160
657
149
136
695
174
130
686
709
166
142
177
696
157
176
707
712
699
702
668
664
677
688
135
685
143
122
139
138
663
151
713
721
722
195
196
718
181
724
726
728
717
186
179
191
715
725
727
730
182
190
796
741
231
252
800
259
267
776
801
269
759
201
790
254
251
216
761
246
779
735
757
804
253
766
198
775
811
807
744
210
734
810
199
266
803
237
787
197
226
798
248
260
740
264
808
258
773
239
802
783
227
762
792
274
256
265
261
793
245
777
763
230
208
268
743
257
771
234
760
241
791
770
272
200
255
207
229
755
290
282
820
818
817
287
823
285
821
814
827
815
284
288
289
281
278
279
871
883
850
880
349
865
859
330
302
862
323
864
326
338
298
308
830
315
841
848
838
299
313
834
307
840
337
879
857
833
316
310
312
831
832
306
853
877
304
873
339
829
837
347
870
294
867
293
328
844
317
343
327
321
344
866
843
354
387
403
921
418
911
956
945
894
895
370
422
365
353
373
932
415
430
395
947
405
925
896
416
971
890
942
935
938
949
374
380
914
954
952
390
359
917
958
377
388
904
939
937
927
371
383
955
920
918
367
946
381
899
420
970
375
413
959
929
900
963
400
919
421
902
386
397
964
414
961
402
426
425
940
434
407
384
424
408
948
398
897
886
898
933
980
488
450
491
981
992
503
459
453
487
1007
1017
1036
1037
1016
445
439
470
1028
1004
502
1015
977
498
441
500
1014
1010
1027
494
474
983
998
1035
1034
1033
986
1023
444
993
991
477
469
467
457
490
1012
1030
438
988
480
1020
466
478
468
496
1000
1001
473
1005
471
979
481
1006
476
1024
504
437
485
514
518
1042
517
1051
1049
1045
519
1056
508
522
515
523
507
1044
1057
505
509
1047
