27
2
545
562
18
555
557
17
537
552
31
15
21
540
20
13
569
29
32
10
549
12
22
554
541
1
16
544
553
30
566
559
539
36
115
585
113
571
55
593
647
56
105
629
614
578
636
611
101
630
57
99
581
44
620
35
649
90
610
85
83
572
646
597
98
591
40
93
590
583
41
596
60
43
570
33
110
654
94
103
79
58
608
107
634
117
34
111
579
46
114
42
51
71
607
645
64
602
75
102
47
73
78
653
65
626
615
640
61
96
643
621
48
74
91
104
69
576
652
88
84
536
529
532
1069
1070
1071
1068
526
1066
1072
1064
1062
530
700
152
687
149
676
172
661
684
689
664
705
707
135
144
658
685
711
162
678
122
714
146
151
124
675
169
682
145
134
159
659
693
147
161
148
713
131
683
696
657
138
663
695
674
140
698
708
128
701
166
129
157
681
168
132
671
672
725
715
179
188
720
719
726
178
189
185
722
195
731
196
717
194
192
727
730
266
259
274
747
771
244
811
786
270
773
250
227
807
209
224
738
801
752
200
216
247
790
734
789
766
267
737
272
805
779
785
221
198
751
762
212
800
772
254
795
252
258
223
793
736
210
757
788
248
755
211
803
782
203
206
215
783
220
750
753
794
802
756
230
776
207
260
229
765
226
809
222
234
739
249
262
273
202
284
818
289
277
821
283
827
291
824
276
281
813
815
817
812
816
825
814
836
858
840
307
316
294
867
335
331
302
343
874
329
321
871
312
311
305
881
313
873
859
875
324
883
298
831
839
318
327
879
326
852
320
865
830
308
851
877
328
872
860
317
829
868
845
866
870
833
847
878
306
832
299
309
341
300
935
958
904
413
947
392
906
375
363
425
384
927
417
420
915
405
379
902
422
430
929
353
412
385
409
373
907
930
925
916
932
411
386
433
946
357
914
367
959
928
900
356
898
937
887
948
940
967
403
936
918
426
968
901
938
378
899
908
388
890
962
376
374
919
886
361
421
397
941
435
402
419
960
894
954
418
943
380
944
351
406
961
923
951
364
893
1016
998
979
463
436
1038
1018
486
501
1000
448
473
993
984
483
1012
468
986
504
459
460
456
987
495
445
990
438
461
1005
988
1026
464
451
978
475
1021
496
490
1023
1029
449
1036
1033
1027
458
1035
974
1002
439
1013
454
494
1017
476
487
453
997
1003
440
1011
973
1028
983
470
489
497
1020
503
478
517
510
1050
506
505
1053
523
516
514
508
515
1049
1047
1058
1048
1042
522
1046
521
