16
3
537
566
24
1
541
12
567
25
551
540
32
562
11
569
565
30
547
23
6
543
564
546
0
560
539
568
563
557
20
31
22
610
602
86
639
70
58
55
63
588
111
36
120
95
67
64
628
597
592
89
574
115
656
593
42
575
117
623
37
612
636
627
102
46
595
59
620
650
654
599
56
572
649
633
75
630
626
637
88
578
590
71
112
51
105
589
609
596
34
78
113
38
645
616
570
33
50
69
54
611
90
631
98
66
72
585
577
97
613
80
584
106
60
647
591
635
632
573
109
1062
531
1071
1067
532
1063
1069
536
1061
1064
1073
535
1070
121
137
146
681
714
174
698
675
158
159
667
132
125
173
676
657
133
671
704
659
164
139
129
660
706
152
169
664
151
666
135
688
705
176
165
143
163
156
168
679
695
142
171
138
141
713
686
126
658
684
709
150
672
177
127
154
155
715
724
725
187
191
196
184
193
178
718
719
180
182
731
720
186
722
729
727
810
234
774
741
273
795
239
236
229
742
226
802
747
214
253
772
269
809
797
750
261
787
746
257
789
793
792
243
754
739
762
748
216
213
202
758
240
808
756
206
785
811
224
743
744
782
745
769
794
238
258
205
231
773
749
217
222
274
227
736
237
757
740
246
755
271
751
764
249
777
763
767
800
260
197
804
770
784
816
817
290
287
820
288
289
828
818
819
283
815
281
822
279
278
276
812
311
341
866
843
323
859
869
853
329
349
332
844
344
883
849
833
334
313
309
320
864
333
834
854
856
335
307
840
876
877
873
852
880
879
337
328
296
293
339
867
874
848
327
317
884
862
345
303
868
861
878
343
314
336
881
865
872
914
928
953
935
427
350
913
937
410
944
956
385
922
963
420
361
398
969
894
926
426
364
954
968
421
355
923
388
917
949
365
932
901
414
358
918
378
943
395
390
904
359
929
403
912
931
911
368
903
939
908
406
966
950
391
428
384
394
906
360
381
352
435
948
376
370
899
947
888
431
924
393
897
891
942
402
900
417
396
967
898
920
411
916
941
404
1002
444
468
984
489
466
1018
997
445
977
987
460
1016
502
449
487
1005
972
998
473
494
484
457
470
483
480
1012
492
990
991
1006
1026
490
452
983
1023
504
1028
455
503
1032
477
439
1020
443
992
496
493
498
1010
994
441
461
469
463
1038
474
1034
465
495
1024
437
1025
1033
978
1019
1014
996
974
1051
1059
511
510
1050
1046
521
506
1060
1058
1053
1055
508
1048
518
1047
1057
1045
1054
