27
548
545
28
555
568
7
12
564
559
16
22
544
543
558
20
32
567
23
562
30
552
542
25
539
549
15
31
537
26
565
541
563
97
655
597
71
83
114
585
590
615
107
81
89
62
643
612
72
85
642
632
635
623
572
115
608
649
57
73
633
80
59
594
580
66
33
118
74
602
605
625
600
641
36
645
39
44
634
570
618
58
45
77
628
41
51
90
577
587
37
592
91
609
42
607
50
82
646
630
104
652
653
639
656
75
581
88
63
640
591
579
96
573
593
98
604
78
67
34
627
535
524
534
1064
1071
531
527
1066
1061
1063
1067
1068
525
689
127
710
661
659
167
677
141
132
702
692
159
713
669
682
173
142
137
673
711
709
679
151
172
170
703
158
147
126
674
712
149
685
698
124
136
707
164
660
139
140
697
700
168
130
701
670
686
169
134
133
146
714
129
122
662
153
725
184
190
179
717
732
188
182
729
731
191
178
727
726
724
718
728
720
715
787
198
768
753
235
778
762
215
746
247
252
775
243
258
205
204
771
766
802
226
273
237
804
232
197
760
782
212
250
743
796
797
763
769
789
738
208
262
263
203
809
265
756
770
749
798
755
201
229
780
202
255
274
764
234
257
200
249
222
207
259
808
233
270
219
268
783
224
260
221
751
256
801
776
752
791
271
734
818
291
827
825
284
826
287
275
277
819
278
276
814
285
813
286
288
292
313
303
857
347
867
871
320
299
327
876
309
336
307
841
341
833
839
872
300
856
834
864
330
339
295
875
308
877
342
312
293
838
343
874
294
865
318
869
832
337
848
843
306
298
331
881
853
883
859
301
335
346
297
329
858
866
311
388
944
934
381
960
918
424
938
422
892
391
945
937
379
940
968
958
916
385
912
959
418
886
896
900
899
404
908
962
935
939
397
352
359
891
351
434
419
368
913
956
425
390
411
930
374
433
955
413
925
375
911
364
367
378
350
356
957
965
417
372
931
373
897
932
430
906
360
969
410
408
964
889
928
426
382
383
400
357
380
952
435
910
412
402
396
503
995
1029
1005
1022
1023
459
981
1016
1030
486
1001
491
438
447
1027
1012
1037
1006
1008
983
488
456
484
483
1031
454
482
986
474
480
972
974
989
487
445
1007
471
1039
496
492
985
493
1024
460
991
997
988
984
448
453
462
1032
455
1033
461
476
464
1040
485
1028
982
468
1013
495
451
993
1009
990
1058
506
1047
1060
1051
1052
508
520
1044
515
511
1053
521
1049
514
510
1059
518
519
