47
75
29
323
23
315
42
26
46
320
338
58
328
77
13
36
11
19
52
21
62
37
31
3
17
314
10
332
333
49
22
324
27
38
1
310
16
40
34
317
65
45
318
55
339
54
14
322
51
331
43
64
24
68
39
316
8
311
7
71
2
325
78
67
329
66
32
25
330
30
336
57
69
312
0
9
28
6
15
12
33
165
101
372
382
355
145
151
138
366
89
132
118
85
137
97
110
153
128
127
166
148
114
121
87
141
108
177
354
111
140
147
105
136
374
341
378
131
383
353
351
356
90
362
375
345
368
344
152
96
157
144
143
102
139
379
369
98
156
162
133
178
158
350
371
126
357
164
373
83
348
123
94
168
347
167
360
176
346
100
92
86
103
172
130
155
135
150
367
343
125
107
365
95
99
170
160
129
112
171
205
247
404
242
180
188
222
221
244
241
400
219
225
403
407
189
191
248
410
408
192
391
220
230
236
216
385
200
223
243
194
245
401
211
187
396
228
409
393
406
235
186
182
193
398
217
204
190
184
232
388
215
231
390
395
239
246
397
195
234
207
212
213
196
185
199
214
394
203
418
425
411
250
415
414
426
262
413
423
265
424
421
420
412
251
264
278
428
284
291
273
297
274
306
308
303
300
305
276
293
295
439
304
283
277
285
440
431
301
433
275
432
435
294
442
279
429
272
307
302
437
296
271
270
290
289
438
436
269
288
