35
329
58
55
29
1
80
69
323
17
30
328
12
316
325
0
33
77
40
72
337
50
338
11
3
54
44
336
333
79
24
52
23
327
335
16
331
19
70
310
76
34
78
32
62
6
41
46
39
22
57
320
65
43
37
4
326
315
25
318
311
36
75
339
38
2
73
7
64
10
47
28
21
45
20
31
332
322
317
66
26
347
172
341
134
111
106
348
160
158
340
369
103
112
115
84
175
143
161
150
365
363
372
153
169
168
361
90
384
364
118
177
85
359
92
362
94
137
107
376
383
380
374
147
104
343
97
165
123
173
124
159
140
136
357
119
163
99
156
356
373
346
82
126
174
86
101
176
81
98
117
102
375
138
360
146
114
120
352
344
145
377
128
351
154
381
355
108
345
368
358
109
139
354
157
171
87
170
127
155
197
222
410
180
217
188
196
394
395
228
387
205
399
201
246
235
233
200
402
209
407
238
211
224
408
184
203
195
204
236
198
230
191
409
210
206
392
247
396
226
393
219
231
243
218
214
227
400
199
225
403
401
242
390
208
229
181
187
194
216
406
405
234
185
388
389
221
207
241
249
260
417
420
262
265
419
259
416
254
426
253
421
255
264
261
252
268
266
442
291
434
431
439
306
299
284
297
441
304
428
438
300
275
290
436
279
296
288
307
278
295
281
272
435
309
289
293
285
280
298
302
270
301
303
274
433
283
430
443
292
