70
16
0
329
20
34
322
23
61
39
55
53
58
46
64
32
320
47
54
44
318
27
38
30
60
56
324
14
17
29
311
67
51
45
331
321
18
74
338
13
312
37
9
65
6
21
72
314
52
310
71
12
323
78
36
7
3
42
48
24
333
59
41
22
35
330
11
339
337
40
315
50
316
327
319
28
19
63
334
317
332
100
171
347
124
156
344
151
369
380
381
353
129
96
174
98
111
85
87
84
175
88
89
91
133
136
368
165
94
109
131
134
378
164
122
121
371
170
159
357
363
346
115
342
144
142
105
350
117
341
140
90
162
358
119
370
92
166
360
179
102
139
354
345
108
145
107
343
128
130
93
147
135
149
173
155
163
384
106
146
82
141
172
352
351
137
125
127
374
349
366
113
154
169
178
167
99
143
362
81
389
387
407
193
237
397
406
218
194
247
248
212
245
213
208
201
399
211
388
192
404
190
180
184
241
210
189
390
231
410
205
206
395
236
244
221
223
197
228
214
182
393
239
203
409
405
233
186
217
195
232
235
392
207
199
240
403
391
229
234
242
196
200
215
398
227
198
230
202
417
254
257
259
262
421
415
261
412
258
424
425
249
411
422
419
252
290
291
285
273
437
283
299
294
306
443
298
442
281
303
439
434
432
304
268
289
293
302
266
278
280
269
297
305
427
301
286
429
276
428
279
441
292
288
436
277
271
300
307
295
