2
312
67
80
62
46
35
325
10
316
30
339
54
12
71
327
79
76
61
26
320
37
78
0
22
68
50
42
31
63
74
70
319
33
326
49
321
69
328
24
337
16
25
332
55
28
15
6
56
43
335
32
315
75
36
51
3
73
17
20
57
9
53
338
21
65
59
48
60
58
72
1
47
52
13
11
77
23
318
7
66
117
159
158
110
130
96
138
107
169
179
359
149
85
378
340
137
127
95
354
146
131
122
175
88
381
86
109
136
178
93
154
113
150
362
168
165
171
143
156
83
101
162
176
152
374
111
360
108
351
142
133
104
352
160
170
364
343
344
129
121
365
99
342
141
126
84
371
363
373
135
132
349
140
166
380
163
379
157
347
89
164
382
118
368
348
94
167
177
87
155
350
112
161
376
369
81
106
124
353
247
189
193
201
386
229
388
391
206
406
191
192
218
182
236
196
217
181
243
228
233
203
216
396
214
184
244
232
392
227
394
248
222
215
235
183
187
246
213
237
221
185
398
410
195
202
226
197
190
224
205
230
209
220
204
245
225
208
400
387
234
395
404
389
198
223
397
390
210
259
260
424
423
415
263
256
251
255
416
411
417
419
264
257
418
262
429
286
306
305
270
442
269
298
282
283
441
271
277
294
430
438
428
309
302
278
437
440
268
293
295
290
304
436
432
301
303
272
439
267
276
281
427
433
434
285
300
288
287
289
