58
43
334
312
2
37
330
319
16
77
18
8
339
61
13
27
331
311
30
337
28
325
328
14
20
67
70
320
336
62
38
63
72
6
335
46
33
329
48
65
1
7
24
321
64
47
3
21
26
44
42
23
338
76
333
324
313
41
0
316
78
59
36
29
11
318
79
51
25
17
45
317
12
54
68
49
32
69
60
55
57
82
355
362
344
376
341
168
135
138
96
360
171
129
148
145
374
118
101
98
90
143
353
378
156
371
361
102
89
93
128
173
153
178
155
91
152
130
94
141
112
97
358
377
127
113
146
115
147
150
92
109
160
356
177
121
122
125
154
167
172
157
114
176
107
133
111
116
126
158
365
131
163
384
88
367
169
380
139
347
95
136
83
366
179
140
151
162
142
123
132
345
164
117
85
108
170
373
370
372
397
185
390
229
386
407
234
210
226
233
408
391
385
243
203
242
244
208
207
192
221
406
188
239
225
216
388
247
399
241
191
198
215
409
184
387
403
248
181
218
206
190
237
204
195
246
223
182
219
245
186
197
180
389
240
394
183
396
194
209
217
231
199
228
235
238
393
193
410
254
426
412
256
252
418
425
263
420
422
423
264
413
255
258
417
259
294
440
293
274
295
305
292
428
288
268
271
280
289
429
279
281
277
276
266
278
267
431
300
437
297
439
285
308
307
306
287
438
443
284
303
299
442
273
432
286
275
430
290
441
