36
21
19
330
39
14
334
60
26
312
7
40
31
17
329
8
46
321
316
9
51
58
12
69
1
15
38
24
331
71
23
320
54
16
66
322
325
323
70
319
72
328
41
29
332
314
55
61
310
315
20
10
28
336
335
77
57
79
42
324
47
43
64
11
53
37
44
65
68
4
56
25
78
59
338
32
313
45
73
337
80
133
364
141
347
381
343
346
145
84
106
139
92
351
97
90
154
345
363
149
88
116
99
152
156
356
172
165
158
87
112
372
382
102
134
352
159
380
135
348
130
129
119
166
144
93
368
108
342
110
104
378
375
357
365
341
132
105
113
168
361
167
362
83
353
91
150
127
94
142
117
136
82
138
118
122
340
140
370
147
164
173
366
377
175
163
383
171
146
86
371
179
379
374
95
100
128
143
157
350
219
210
240
211
403
220
202
391
230
400
399
218
404
405
388
204
195
238
181
248
201
242
241
223
385
389
199
243
239
189
410
395
246
192
407
232
207
216
409
247
398
180
205
182
397
212
184
197
221
196
401
402
226
392
225
200
237
208
190
390
209
222
245
228
393
214
187
406
224
252
250
424
259
254
253
421
419
411
265
415
416
264
262
423
258
249
306
293
443
289
431
272
294
303
288
304
285
286
287
309
273
308
302
299
429
427
268
305
271
267
430
279
277
291
269
270
284
282
438
428
441
436
292
295
290
432
301
433
280
307
