8
21
315
320
11
333
73
80
313
312
334
323
54
61
43
36
25
74
14
317
9
30
321
337
58
3
20
64
6
55
336
38
13
16
35
78
18
76
339
52
326
328
330
324
33
57
46
66
338
331
69
48
310
318
45
59
24
51
67
319
325
42
2
7
4
335
311
63
22
40
316
41
70
53
65
50
332
34
26
327
1
348
126
96
379
369
139
130
179
363
368
340
101
178
159
111
353
164
171
350
170
169
119
97
167
342
88
371
154
177
105
384
117
372
95
356
352
103
156
367
110
162
380
99
161
351
150
89
82
137
93
83
370
373
87
132
359
145
107
90
346
127
131
113
102
85
136
383
160
121
134
366
104
358
147
163
374
124
382
128
375
175
168
343
123
116
120
174
106
347
152
151
173
98
112
138
176
100
153
378
223
392
188
406
402
234
393
232
182
224
242
395
192
220
404
243
226
196
185
180
236
240
248
212
228
202
401
247
190
209
198
399
407
181
218
215
227
237
405
208
385
195
183
389
191
206
244
184
203
233
400
201
396
225
205
409
394
398
211
193
241
187
189
217
245
210
239
408
221
265
263
413
249
257
426
256
252
261
251
424
425
422
412
250
417
414
288
441
306
305
293
429
434
308
295
270
437
435
287
302
279
273
309
433
431
278
428
294
440
283
300
285
268
292
301
298
430
286
269
266
277
290
275
443
304
439
289
296
307
267
