71
325
20
8
2
43
14
320
338
66
5
78
18
34
41
323
334
80
58
27
26
31
4
324
25
330
3
63
50
335
36
75
321
314
33
7
49
64
332
316
54
11
67
38
35
1
9
57
70
310
13
37
24
61
337
10
74
22
72
329
46
336
79
39
73
69
328
0
40
322
59
326
44
28
51
29
19
76
60
313
16
103
161
364
361
357
153
350
171
342
349
131
105
152
112
380
164
126
371
167
129
143
382
347
134
100
92
128
177
366
106
375
108
111
149
368
168
170
95
145
378
97
165
115
372
107
344
139
133
351
365
355
88
162
140
135
359
127
166
102
123
343
81
175
174
104
132
96
173
346
352
345
83
384
125
340
148
370
157
376
141
155
358
353
146
341
160
82
356
116
101
121
84
179
86
113
90
151
383
381
239
207
211
389
210
195
231
206
199
410
180
400
219
214
185
238
392
244
188
205
182
209
224
398
241
187
203
204
216
196
246
236
183
393
240
406
221
237
248
391
385
390
408
226
233
228
193
181
200
243
213
234
397
192
407
387
232
403
230
409
399
186
396
194
217
247
223
388
208
412
411
264
424
417
256
415
261
263
249
255
253
251
414
422
254
421
439
429
438
280
287
300
285
276
302
428
309
283
440
427
271
296
299
284
297
275
281
274
294
273
304
305
295
437
267
293
282
431
277
269
307
308
436
268
292
279
432
270
433
290
