16
2
24
321
26
41
5
313
20
19
70
13
314
336
10
335
63
35
25
319
34
54
65
318
43
77
64
329
47
29
79
14
78
31
75
68
4
311
71
53
51
37
80
27
325
15
60
334
18
331
7
74
315
39
6
61
62
11
337
22
310
67
23
12
48
59
17
324
326
320
28
76
33
45
42
40
32
330
312
49
8
165
126
149
358
162
357
347
87
378
351
137
348
163
136
128
92
98
140
342
173
355
120
353
90
374
380
168
114
147
354
81
153
159
352
369
144
111
176
362
170
164
127
379
94
123
95
148
349
139
150
377
129
141
112
345
82
99
172
135
364
101
124
152
350
125
169
89
383
102
368
365
134
341
115
166
96
131
381
138
151
107
93
371
85
382
158
175
366
143
384
171
160
119
121
108
177
367
132
97
243
214
233
224
217
242
200
194
215
393
209
216
188
388
401
184
197
206
186
240
222
204
236
400
191
246
227
389
386
239
210
398
193
244
223
390
245
228
231
195
198
399
212
230
232
235
248
397
404
408
181
192
392
211
190
406
396
199
201
185
205
180
241
225
218
409
183
213
220
251
263
422
418
255
252
254
426
416
411
259
415
257
264
260
258
253
308
433
441
436
298
268
284
428
306
438
272
293
271
277
443
281
283
427
442
276
429
307
280
273
291
305
297
431
285
274
301
300
292
304
270
302
275
432
287
266
430
282
295
288
