52
63
0
335
61
14
30
334
53
35
310
40
9
326
13
71
80
18
48
21
49
50
36
73
75
6
33
315
314
42
59
311
39
29
328
55
318
330
54
20
74
72
319
332
46
11
19
76
327
56
66
62
41
324
338
31
322
27
38
16
313
337
79
47
25
2
10
312
17
320
65
58
57
77
67
336
44
329
325
4
26
89
144
352
130
107
381
98
346
176
96
126
146
101
376
91
344
379
124
132
371
161
383
135
131
134
115
143
377
174
88
372
366
159
355
139
106
142
177
169
153
340
154
368
141
128
105
152
353
341
110
171
367
178
378
112
363
138
168
362
87
81
122
384
351
84
102
148
93
117
150
156
149
360
170
167
165
357
100
109
349
114
103
137
157
370
140
136
86
359
99
94
151
92
120
361
133
95
85
82
213
394
391
389
404
386
199
396
201
229
230
189
182
241
209
240
207
399
191
193
242
238
387
214
231
236
245
397
392
210
233
239
198
224
181
410
400
206
194
208
197
218
203
244
398
221
223
247
200
192
215
219
222
190
196
226
202
406
388
395
393
205
186
403
185
187
405
228
390
262
253
249
265
423
421
259
256
426
251
264
416
252
424
263
414
419
300
437
440
438
303
289
282
442
273
281
427
432
288
307
266
306
278
291
443
439
280
436
441
302
279
299
287
431
290
301
293
430
308
309
434
277
272
284
428
295
305
271
270
275
