46
23
24
68
317
26
327
323
72
55
52
29
70
47
80
329
61
63
337
42
3
313
17
338
44
5
20
9
74
11
332
28
335
78
8
318
4
315
37
325
50
7
10
336
27
71
18
2
311
16
310
53
339
321
67
34
32
326
316
0
14
30
334
38
22
60
13
56
35
322
328
58
77
43
1
65
36
15
330
59
33
86
344
107
178
160
124
132
376
342
95
119
138
179
120
353
121
97
100
366
108
139
380
158
349
163
145
355
148
128
109
164
156
131
368
125
172
89
127
347
175
157
350
356
362
118
93
173
365
177
363
367
99
94
150
135
154
360
357
155
358
348
136
379
346
105
341
382
174
370
133
111
361
106
116
176
351
117
87
98
153
114
101
152
167
91
110
171
149
92
162
383
146
102
377
373
130
84
141
372
223
182
406
234
205
391
201
207
198
402
394
192
397
241
404
217
213
211
408
410
236
187
389
240
225
246
203
194
239
244
226
218
238
210
215
224
399
206
398
202
212
228
235
409
209
220
392
191
230
233
400
386
181
197
390
200
245
403
242
216
190
214
193
237
208
180
221
243
393
257
249
425
263
419
426
264
256
418
420
258
265
255
415
252
424
423
274
295
294
301
443
285
281
277
430
272
432
276
435
267
266
303
278
297
296
270
290
439
283
308
437
441
289
307
309
268
427
280
293
282
434
305
440
292
304
273
287
298
438
269
