318
7
38
53
52
314
2
72
69
48
34
62
76
29
51
334
329
47
54
75
18
42
23
339
70
20
60
8
49
328
6
24
44
40
58
39
326
35
319
310
330
55
337
33
312
36
11
74
338
16
50
325
64
78
66
333
14
46
73
3
320
21
327
15
56
13
57
65
19
30
311
322
63
335
1
43
27
59
9
31
321
86
145
106
177
137
347
359
158
365
356
143
179
344
374
133
94
121
366
371
156
104
101
92
378
147
168
176
362
368
157
114
98
348
161
126
141
84
150
110
96
175
379
105
125
93
172
355
354
167
166
153
360
352
358
151
160
99
384
364
373
89
341
119
155
87
146
171
128
107
97
140
343
132
376
169
108
116
91
178
115
130
138
82
367
95
135
122
345
112
152
372
113
162
349
380
85
165
129
357
193
189
205
190
200
182
408
401
213
238
386
410
202
223
212
188
216
186
245
224
219
214
391
217
192
184
230
187
393
407
181
194
185
394
207
229
402
405
406
232
389
240
221
199
183
225
215
385
247
395
208
242
233
197
239
211
201
196
399
403
191
235
400
209
388
241
246
220
231
415
257
264
420
256
251
425
426
250
253
419
424
255
254
258
263
261
269
273
274
430
428
285
307
275
297
298
299
302
287
290
437
294
271
267
433
268
272
282
296
291
427
292
440
300
279
280
304
266
270
435
429
443
278
442
306
308
434
309
295
288
