76
71
13
78
9
20
14
29
62
49
324
63
320
322
326
334
51
44
40
58
331
38
53
318
50
24
37
31
314
77
26
59
52
336
57
16
48
313
23
332
54
8
66
325
72
39
61
30
327
339
22
32
67
36
43
2
21
75
312
319
69
68
42
19
315
5
323
45
56
41
10
80
330
338
317
27
337
321
74
47
65
149
371
383
123
365
117
351
91
106
129
156
146
96
81
94
370
100
356
369
124
125
163
121
344
84
159
154
362
376
95
384
105
363
167
157
107
161
85
153
172
127
110
104
141
347
165
115
382
358
113
373
378
132
374
99
116
144
168
145
92
136
173
352
114
131
135
346
375
170
158
343
368
86
171
150
360
372
137
128
126
176
103
353
366
155
152
340
88
97
367
341
166
83
175
380
119
348
134
349
197
228
223
188
388
233
390
231
410
185
393
195
226
229
205
217
400
220
240
242
201
224
241
386
239
247
409
204
405
244
395
183
389
392
212
187
196
209
394
200
214
227
234
230
199
403
208
387
404
184
216
402
206
198
186
218
248
194
238
215
222
237
399
406
245
219
396
213
202
413
258
416
254
421
418
262
414
425
411
419
256
251
426
417
415
257
275
430
272
302
290
285
440
276
269
283
309
279
292
296
443
299
305
304
280
282
270
297
267
298
442
432
438
295
434
291
428
429
307
287
436
274
289
288
300
308
284
435
293
286
