662
567
803
759
546
617
731
502
47
507
68
687
657
592
717
826
705
856
797
584
783
914
712
542
772
695
932
796
849
741
563
781
564
593
24
43
636
65
846
518
679
575
622
729
823
630
688
645
785
708
873
531
631
877
666
718
92
625
69
581
954
7
745
703
869
696
660
800
739
540
653
641
78
891
943
723
551
955
500
838
677
777
788
804
768
761
697
614
588
680
554
889
6
726
892
579
812
784
711
674
193
1000
1124
1469
982
117
1305
1294
107
1159
1569
1350
1285
960
1049
174
1445
1149
167
1518
1232
1061
1229
1286
981
1020
1242
1584
1349
1283
1236
1573
1339
1557
1006
187
1260
1255
189
1239
1165
1012
1102
1277
143
1588
1513
1163
1458
1234
1500
1220
1245
186
1451
1083
1132
1559
1329
1364
1520
1066
1099
196
1270
1125
1023
1194
111
1319
1199
1410
1228
1246
1157
1495
1212
1076
1274
1464
978
1356
181
1503
1431
1230
1399
1197
131
132
1208
1547
1353
171
1425
1321
1001
1086
1576
1352
1842
266
1646
2004
1701
1843
1810
236
208
226
1881
1751
1875
1628
1686
1749
1694
1679
210
1901
1695
214
1858
1757
1642
1770
255
1750
1684
1632
1764
235
1827
1620
2023
2020
1685
1650
1899
1935
1867
1839
1748
1723
1853
2008
1877
1908
1625
1765
2024
242
1921
296
1938
267
1989
1756
1672
1714
1781
1862
1627
1826
258
1916
1944
1711
1733
272
1791
1958
1857
1884
231
277
2010
237
250
2028
2018
1687
1918
1689
1777
1661
1729
1879
1725
1898
1828
225
297
295
203
1895
2017
1872
2006
276
2383
2300
338
329
2581
2289
2336
2086
2154
2447
2477
2111
2202
2207
2537
2106
2396
320
2298
2303
2105
2198
2361
2531
2155
2109
2597
2044
380
2442
2323
366
2427
327
2146
2069
2265
2197
2395
2237
352
2051
2233
353
2247
316
2317
2394
300
2462
2291
2607
2194
2438
388
2576
2255
2091
2256
2120
2282
2223
2390
2485
2216
2534
2459
2156
2499
2408
347
2341
2479
2171
2418
2399
2548
2099
2590
2316
342
2032
2573
2071
2193
397
2185
2263
328
2583
356
2149
2527
392
2270
340
2385
2519
354
2167
2878
476
2673
2758
2873
429
479
2688
404
2829
2628
2669
2858
411
2901
2853
487
2648
2745
2848
2612
2706
2923
2660
2755
424
402
493
2748
2903
2899
2792
2844
2879
2898
2847
2852
2775
2802
2700
2909
499
2818
2623
2760
459
2831
425
443
406
2922
2887
2705
2842
2868
2895
2824
2812
2791
2810
474
2891
450
2746
2726
2635
2865
2885
2625
2674
445
470
2712
2649
2741
472
403
2683
2884
2647
2724
2699
451
2779
2883
2797
2718
2763
2859
2786
2863
2743
2727
2619
434
2620
2828
2834
469
423
