510
41
839
700
638
526
783
955
633
525
822
901
771
788
701
528
913
574
914
92
956
548
805
682
954
524
935
835
780
665
594
58
675
668
812
934
875
44
647
907
8
699
903
589
40
654
850
655
567
931
753
25
778
547
844
520
64
54
549
635
503
541
824
67
625
787
943
739
895
620
860
741
918
55
606
83
13
873
2
535
742
886
9
786
809
752
610
657
722
18
73
910
630
748
11
515
590
650
897
98
1457
1340
1211
1580
1482
977
1339
1278
1383
1101
1255
1539
1277
1497
1598
1267
1240
190
1138
986
1269
1587
1333
147
1166
1100
138
199
1004
1114
1184
971
1252
1178
122
1026
1068
1347
1430
1403
1537
1544
194
1236
106
1268
1493
1510
108
1242
1060
1226
959
1516
1243
1263
974
1244
1541
1526
110
1399
1298
1611
1253
1378
1188
195
1283
1233
101
114
192
177
1254
1132
1473
1408
1002
1163
1324
1121
1546
1326
137
1451
1028
1292
1042
1547
1596
983
958
1461
1518
1139
193
1297
1496
1562
288
259
267
1767
1906
1754
1942
1915
1839
1759
1953
226
285
1653
1867
1743
1853
1854
1739
1810
2017
1808
1646
1781
2008
1648
1619
1803
1825
1809
1956
1962
289
1921
1908
1717
1943
1762
1863
253
1647
211
2010
1678
1791
1911
282
1668
1922
1875
1849
1910
1797
1969
1707
1843
1756
1615
1949
239
1693
1923
1620
1616
1967
1799
1978
1829
261
1622
248
1821
1659
1989
1948
1628
2020
2018
1638
1831
242
1925
1822
1939
1737
1694
1844
1637
2019
251
1884
1784
1879
276
1890
1889
1656
233
2024
1976
2527
2592
2106
2492
2205
2064
2540
2384
2051
2534
2575
2094
2438
2190
363
2394
2340
2409
2427
2037
2419
2406
2401
2466
2065
2099
2510
2139
2342
356
2344
372
330
2089
2376
2304
2071
2605
2554
2195
2399
2395
2142
2182
305
2080
342
2103
2194
313
2143
380
2403
301
2450
2446
2453
2405
2410
2201
2123
2133
2392
2161
2569
2307
2100
308
2041
2319
2449
325
2411
2544
2383
2589
337
2523
2360
2369
2042
370
2277
2556
2115
2570
2480
2082
2222
375
2048
2320
2238
2078
2490
2124
309
2505
350
2512
2664
2632
463
2865
407
426
2895
411
2722
2769
452
2915
2673
408
496
2770
2785
2856
2819
2727
2688
2905
2794
486
2848
2760
2787
433
2734
2660
446
2878
428
2701
2781
2699
2669
2733
2746
2619
2805
2870
2885
2858
450
2804
2808
2778
400
493
2793
472
2780
2782
401
2806
2810
2721
2903
2656
438
2695
464
2730
2633
2914
2662
2894
2741
2754
2920
2923
2624
2832
2716
2725
2846
2670
2837
2801
2636
2729
403
2887
2891
2919
441
2736
2705
2638
2889
2850
2912
2918
2774
2616
2790
402
2719
2901
