802
848
951
797
762
14
524
534
812
67
734
80
37
569
875
580
669
530
742
680
902
521
592
698
730
531
670
43
45
635
10
807
27
833
871
516
895
672
79
58
61
512
740
941
73
721
28
643
684
557
845
955
901
879
832
728
933
53
666
575
601
629
501
16
864
932
570
694
559
671
526
585
609
939
866
81
40
555
791
784
892
639
611
627
568
816
57
738
503
770
836
527
593
790
606
824
502
511
889
542
1272
1192
1589
1105
1354
123
1002
1328
1266
1432
1238
1311
970
1219
1106
1046
165
1162
1065
117
1040
1161
1335
1297
1550
977
998
1056
1265
1327
1240
186
1092
184
1561
1597
1478
1101
1588
1443
1519
1464
1572
1520
1298
1452
981
1179
1051
1221
1096
1598
129
1577
188
1147
1578
1541
1357
157
1461
1044
119
1170
995
1006
1260
1173
1086
1431
1380
1097
106
1542
1565
1024
1579
1334
1378
1420
1188
1098
1251
1344
1350
1581
1345
1087
1606
1049
1292
1276
1176
1511
1512
1164
965
1510
1343
1503
1664
1658
1987
220
1805
1849
1934
1838
1676
1823
1870
1653
278
1898
1952
1923
1917
1775
231
1921
1678
1840
1809
1788
2004
1885
1721
2015
1878
1695
270
1749
1848
1673
1657
2024
1903
1714
1698
268
1717
1856
1970
245
200
1938
1858
265
1888
1655
1807
1746
1716
1842
285
2021
275
1666
1959
1769
263
1628
1902
277
1883
1935
1741
269
1843
1766
1982
1887
1682
252
1777
251
1754
238
1624
1800
1912
1781
1890
262
1645
294
1694
227
221
1757
211
1992
1724
1949
218
1832
1718
1950
1829
1822
2340
2498
2575
2594
345
2279
2157
2046
371
309
2420
2310
2313
324
347
306
2292
2276
2286
2078
2233
2356
2195
2405
368
2531
2435
2535
2553
2243
2141
2086
2440
2426
395
2083
2111
2281
2146
2398
2493
2604
2300
2546
2318
2062
2425
2050
2306
2215
2035
2503
2429
2224
374
2250
2486
2267
2407
2271
2606
2206
2176
2329
2156
2511
2427
2349
2159
2492
2043
2149
392
2369
2600
2474
2598
391
2388
2096
350
352
2208
2352
2175
2584
332
2160
2275
2041
2385
2547
2465
2165
2186
2053
2577
2088
2397
2264
2757
2801
2696
2619
2815
2835
2747
407
460
2706
2847
2653
2919
2902
2766
2720
2624
417
2869
2686
2746
2870
2796
2841
2871
2850
2843
2891
2665
403
2650
493
498
2780
2920
437
2741
2626
2678
2798
475
2900
2789
2822
2714
2823
2765
2670
2673
2916
2831
442
2829
2620
2842
443
2742
2618
2893
447
453
2638
2820
2732
2856
2611
2688
2641
2737
2700
487
2846
2852
421
2710
2755
422
462
2719
2887
2769
2808
2652
2645
2674
2849
425
406
2675
2865
401
2853
2649
400
2802
2707
2659
449
2918
2761
