845
753
97
70
736
914
667
545
632
30
918
620
703
50
55
579
801
89
546
3
642
51
653
520
713
866
806
781
876
680
889
559
921
764
572
82
661
825
944
592
540
780
859
759
613
830
13
705
621
941
663
767
548
99
939
737
895
658
23
706
839
515
746
501
821
538
10
785
32
824
835
554
25
846
915
52
65
701
855
754
645
822
532
852
656
40
775
926
946
823
509
790
671
711
46
743
56
71
879
820
1105
1265
1429
969
1319
134
1566
967
1407
1121
1573
1010
1603
1285
1401
1209
1472
1575
1235
1439
1044
1361
1004
1115
1195
1437
1412
1036
1393
1446
1347
1462
1078
1504
151
1022
163
1028
1126
1009
968
1586
986
1493
1541
1143
1255
1395
1399
1244
1095
1346
1568
1543
1213
999
1384
1389
1201
1178
1583
1339
1553
1322
1551
1327
1335
1194
1137
1012
198
1581
1062
1091
1147
1571
1332
1534
190
168
1398
1146
1318
1424
118
971
1037
1290
1527
1138
1325
1336
1310
1273
1593
1331
1042
1314
972
976
1685
1712
214
1669
1674
1981
1684
2010
211
1636
1631
1801
249
1933
1655
1681
1922
2011
1923
1680
1811
283
1735
1903
1913
1678
1951
1693
1880
1919
2023
1718
232
1670
1759
258
1852
1769
237
1799
1832
244
1879
1934
1724
1939
1988
280
1954
1938
1635
1888
1664
1741
1857
1634
1695
1791
1843
1628
1878
205
1668
1672
1743
1861
1898
1652
1979
1612
1841
1854
1821
1737
1856
272
1704
1984
1936
1667
202
1900
1911
1691
1918
1763
1633
1745
1838
1959
206
1804
271
1713
1987
1661
1998
1749
204
1932
2144
2282
2491
2514
2255
2086
301
2117
326
2476
369
2123
2601
2234
2213
2438
353
2501
2200
2503
335
2404
2212
2149
2463
2147
2151
2041
2162
2136
2584
2186
308
2183
2348
2487
2146
2468
2545
2188
349
2583
2374
2192
315
2254
2606
2302
2486
2472
2498
388
2165
2273
2203
2045
2051
2478
2303
380
372
2517
2207
2231
2520
2042
2445
2440
2570
2405
2126
2218
2122
2444
2046
2349
2457
398
311
2232
2540
363
2320
2552
305
2347
2539
2575
2602
350
2343
2158
2559
2454
2452
2225
2130
366
2419
2558
2836
2869
2791
2923
2830
489
2793
2805
2663
2759
2696
481
2820
2766
2719
2924
2871
2780
427
2880
2812
2710
2914
2808
2716
431
2919
2844
2827
2650
2637
2846
2669
2788
470
2847
2915
2802
2828
2877
2711
454
2814
2691
2843
2855
415
484
2795
2910
2620
2612
2733
2747
445
2653
2860
2905
2900
403
480
2707
2879
2628
2701
2897
2667
2692
2617
2785
2858
2807
2616
499
2685
2698
2792
2717
2842
492
2889
2740
2752
2631
2680
2731
402
462
473
2668
457
2657
2801
2776
2652
2854
2849
2913
2922
2840
