569
10
845
53
918
910
890
15
771
936
595
802
22
522
760
891
710
79
687
945
856
43
906
953
926
819
815
854
818
93
558
683
803
632
954
27
2
579
578
717
538
59
564
32
823
829
921
13
699
630
865
791
629
643
652
56
730
17
541
83
773
704
900
80
506
596
876
746
844
915
95
799
46
846
669
41
611
869
849
673
863
897
665
956
660
839
540
607
603
911
648
528
749
12
28
776
723
908
783
744
1541
1305
1170
114
1493
1222
1480
1232
1066
1037
1424
1201
1085
1485
1419
158
1342
1168
1081
959
1226
1304
1183
1317
1358
171
1563
1356
1023
1217
1144
1087
1376
1525
1576
1105
962
1386
1187
1229
1259
1546
1336
1503
1252
1296
1156
1593
1126
1067
197
1466
1096
1335
1258
1589
1146
1411
987
1260
1455
137
1409
1266
111
1120
1456
1462
1487
1375
119
134
1008
1542
133
183
1215
147
1121
1425
1142
1010
198
1332
1453
112
1501
1380
1079
1134
1049
976
1533
1491
1532
1420
1119
1055
1294
188
1901
257
1826
209
2007
1962
1680
1756
1726
1944
288
1702
1916
1669
1792
1980
2015
1919
1733
1936
1707
251
1888
1709
1782
234
284
1996
1911
1892
1871
1770
1723
1781
1717
1676
1695
265
1654
256
260
1917
1692
1732
1855
1926
1748
1862
255
1617
1858
1751
1819
1839
2002
1651
1749
1753
1630
1891
1941
1955
1754
1920
262
1703
1808
1677
1690
1624
1847
1811
2000
250
226
1633
2004
1965
241
280
1693
1663
1852
218
1616
1952
1878
1639
1742
1652
1681
1637
1848
1758
1813
1827
1854
235
1905
1775
2216
362
2548
2510
2141
378
2329
388
2521
2369
2384
2357
2531
2512
2385
2086
2398
2348
2530
2068
2574
2496
2127
2468
2473
313
2266
2419
2226
2552
393
2179
2293
2281
2390
367
2222
2194
2263
2183
2471
2490
2184
2304
2038
2393
2245
2456
2235
2472
2310
2368
343
323
2103
380
2462
2406
2132
2461
2122
2087
2209
2590
2046
2520
2599
2602
383
302
2190
314
2198
2415
392
2518
2504
2203
315
2569
2467
2121
2474
2092
2360
2355
2459
2064
349
2170
2302
364
2465
2435
339
2440
341
2061
2312
2189
2881
2818
2861
2723
2728
2827
431
2651
2772
2620
2817
476
2706
2889
441
414
2884
2699
2782
2613
2736
2835
2802
2614
418
2766
2805
454
2683
2820
2749
2671
2883
2657
2717
2625
2641
2916
2911
2628
2852
2765
2905
427
2635
453
2810
2809
2893
457
2658
2907
2904
2876
2617
2713
2794
2670
2867
2891
2673
2636
2748
2789
2716
2618
2920
2712
2642
2830
2685
2656
2900
2702
2639
461
2612
2922
2632
479
2672
2756
2707
2745
400
2627
417
458
2848
450
2676
2697
2839
2646
463
2890
2859
2869
486
481
