773
714
512
835
61
38
19
766
503
953
805
914
902
537
60
70
931
654
811
906
660
73
648
733
903
808
784
764
847
552
581
848
829
783
854
625
839
507
645
673
591
528
36
506
754
941
557
659
944
566
29
890
820
819
952
558
832
37
509
585
749
669
698
75
824
838
97
725
730
6
713
542
821
41
82
740
504
781
918
527
34
736
64
724
816
943
683
646
858
87
622
665
33
28
950
895
98
583
516
774
1126
1560
186
1085
1536
1068
1427
1133
130
1373
1077
174
991
1369
1599
1227
1414
1375
1245
1063
1476
1579
1441
163
1283
1609
1047
1423
1214
1140
1100
1199
101
1000
1495
1213
1136
1261
195
124
1480
996
1011
1331
993
995
1306
119
1374
1520
1477
1596
1525
1465
1359
1551
148
1321
1606
1256
1147
1027
1110
1075
998
1282
1572
1216
1271
1362
149
114
1452
1035
1376
1352
1013
1184
1573
121
1163
1348
1608
1468
1366
1461
1583
976
1061
1339
135
1258
1562
1438
1162
1598
1121
1380
1356
192
1926
1618
1852
1994
1633
207
1739
2005
1780
1837
1800
1845
213
261
1842
202
1998
1795
1803
1669
215
2018
201
218
2021
1686
1675
1930
1705
2020
1940
1834
1726
1858
1708
1832
206
1979
1939
2002
1731
228
229
1868
1980
268
1883
1881
1612
1871
1722
1775
242
1927
1984
1711
1624
1820
1714
1851
1843
1969
1966
2026
1688
1723
271
1617
1911
1947
1673
295
1996
1899
1691
1816
1888
205
1764
1661
230
1614
1952
1933
1835
245
1763
1990
1912
1745
290
1944
1736
226
1710
1616
225
1936
1869
1967
365
2472
2409
2502
2259
2180
2381
2520
2434
317
2424
2576
306
2460
2338
2258
2404
2362
2198
2264
2171
2352
376
2533
2278
2070
398
2348
2500
2160
2416
2516
2398
2289
378
2419
336
315
2603
2303
2377
2453
2131
2512
2336
2234
2225
305
2525
2567
2527
2183
2188
2311
2233
2150
2115
2211
2531
2077
2245
2063
371
346
2458
2215
2535
2420
2129
2342
2204
2174
2033
2121
2309
2569
2265
2190
2064
2270
2144
2550
2418
2322
2232
2298
2324
2315
2197
2448
2364
2255
2176
2045
2216
2061
2252
2201
2257
2430
499
2908
2789
2857
2896
2677
2834
2659
2704
2818
2627
2791
2655
2796
2745
2777
2897
2638
2651
2881
2666
2617
458
468
2615
2720
2724
453
2825
2754
2844
2880
2622
2828
495
415
2708
2669
2634
414
467
2870
498
2658
485
2752
2853
2911
2739
448
2624
2823
2711
2728
459
2626
434
2849
418
433
2717
2636
2640
2767
2830
2879
2639
2657
472
2781
2736
2718
2850
2776
2662
2641
2700
2802
2635
2731
2719
2909
2679
2735
2750
2715
2906
2833
2856
2913
2809
2694
2753
482
2922
428
463
2671
404
2667
