880
72
769
625
524
786
953
869
653
606
560
11
89
616
892
764
534
848
939
539
542
783
508
905
688
736
763
66
668
748
686
943
767
70
3
807
621
819
938
802
900
603
99
628
620
687
575
920
700
8
813
714
80
675
877
65
957
674
547
559
563
889
746
644
785
891
702
25
932
517
798
844
506
564
803
765
589
873
612
849
638
14
626
757
727
18
779
557
935
63
859
726
862
588
907
766
568
520
602
47
131
1174
1161
1382
147
1607
1119
1263
1587
1244
1044
1317
1608
1542
1338
1156
1150
1098
1190
192
187
1128
188
971
996
1055
1353
1046
1293
1480
1173
1167
191
1118
1358
968
965
1063
156
113
1088
1336
167
1379
1013
984
1080
182
1458
1245
1301
1002
987
109
1444
1591
1014
1482
1266
1554
1062
1394
1466
991
1006
1030
141
1003
960
1134
998
137
115
1089
1513
1387
1522
1226
1095
129
1389
1193
977
1243
1016
1511
978
1032
1232
1434
1211
1199
1020
1021
1215
1313
1456
967
1583
1561
1980
1910
206
1654
1942
208
1965
1945
1637
2023
220
1644
1653
1773
216
1882
1962
259
1929
288
1877
286
1889
1854
1890
1988
1640
1714
1697
249
285
1656
1625
287
1808
1699
204
1967
1774
1677
1618
1672
1767
1924
1948
1715
1695
1987
1848
217
1705
1811
2007
235
1917
1809
1682
200
1998
1859
1887
1898
1742
1671
2028
1785
1847
1759
2026
1930
1650
1841
227
1940
1970
278
1884
1748
1842
1689
1740
256
224
1764
1783
1830
1947
1751
1870
203
1776
277
1795
1790
218
1873
1729
1638
1938
1723
2420
2318
306
2514
2482
2175
2521
2433
2603
2352
349
2544
2422
378
2550
2266
2308
2525
2377
2261
2284
2494
2226
2330
2222
2153
2170
323
2242
2256
2126
2074
2469
2121
333
2219
2132
2591
2263
2152
2214
369
2115
2571
2233
2335
2313
2402
2073
2198
2451
2149
2507
313
2225
2257
307
2159
2227
2169
302
2463
2384
2160
2397
2042
367
2278
309
2154
2189
2230
2091
2300
2432
2345
2391
2231
2277
2134
2464
2113
2480
2072
2306
2379
2109
2321
2215
2221
2339
2180
2532
2301
2166
329
2089
2349
352
2506
2781
465
2897
454
2783
2740
2877
2664
478
2778
2615
2792
446
2675
2830
2924
2763
2902
2717
2702
2837
2884
2695
2705
2828
2919
2850
2904
2812
2826
2752
2835
477
451
2906
464
2694
2853
2856
2817
2685
2725
2789
431
468
472
2623
2799
466
2755
2885
2612
2650
2786
2841
2923
2912
2707
2644
2779
2711
2647
475
2791
495
2922
2918
458
449
2788
2891
2888
2775
2780
2860
2724
461
2832
401
2613
2864
2782
2662
2910
2648
2880
2735
2699
2872
2669
2892
2907
421
2881
2819
430
2748
415
2851
2889
