903
877
665
866
77
721
584
858
527
546
920
671
574
579
860
677
865
679
74
636
883
880
776
949
40
59
940
599
504
65
699
71
601
868
725
39
31
872
906
717
919
21
714
861
520
48
95
801
813
910
515
23
840
651
786
554
560
532
686
709
682
562
549
628
820
29
531
887
66
566
930
569
857
683
637
506
832
767
623
583
839
653
805
664
795
771
824
13
713
610
627
706
729
542
580
12
798
3
99
908
1445
104
1190
1168
1370
1403
1202
171
1248
1303
1559
1014
1294
1003
1297
1060
1516
1481
1032
177
1296
101
1341
962
1193
1076
1523
1161
1431
1325
1478
975
1289
1101
1266
1306
170
195
1156
1358
1319
1180
1061
1040
1012
1037
1509
1235
1460
1043
1421
1418
1035
1051
1598
1510
1203
1416
1029
193
152
968
1349
1105
1013
1380
1450
1502
982
1404
966
1476
114
1321
1526
1070
1489
1573
1453
1110
1088
1417
1533
1503
1395
1122
1216
122
1112
1111
1406
1163
1290
1224
1017
1513
1146
1007
1282
1501
1681
1978
1934
271
1717
1655
1662
1711
1996
283
284
1807
1933
1714
1839
1850
1981
1632
1726
1671
1942
1968
2018
1737
1930
1995
1629
1644
1677
1815
1791
228
1647
233
1787
1941
240
1823
222
1759
1834
1853
266
1673
1667
1887
2007
277
1852
213
1894
1920
1646
1660
2010
2008
1622
1678
1679
1972
1754
1618
1773
1676
1884
1765
1772
1707
278
1680
1643
1913
2009
1805
1891
1997
287
238
1911
295
292
1685
1799
2020
1919
1764
261
298
1937
1897
1827
1692
1715
1727
1977
1955
1993
1982
207
270
2592
2363
306
2158
2430
2246
2260
2446
376
2570
2334
2166
2341
2125
2163
2084
379
2063
331
2348
2486
2559
2100
2221
2299
385
2596
2385
2121
389
2405
2585
2448
2148
2288
2575
2335
2317
395
2135
2451
2553
380
2457
2452
2534
2598
2075
2040
2498
2081
2542
2588
2032
2338
2494
2325
2425
2312
2369
2412
2165
349
2495
2048
356
2586
2547
371
2557
2365
2418
2458
2571
2399
2321
382
2049
2402
2502
2176
388
2115
2501
375
2031
2057
2292
2263
2439
2332
2342
391
314
2482
2600
2360
2603
2177
2119
499
2721
2786
417
445
2910
2684
2758
2685
460
443
2892
2845
2829
2718
2776
2698
495
2686
2924
2623
441
2774
498
2833
497
2697
2658
2707
459
2850
2659
473
2842
2664
2836
464
2749
2683
425
2810
2789
2781
2705
2830
2813
2838
2619
2747
2722
2736
419
2921
2788
2782
2680
454
2855
2720
2809
2860
2918
449
2890
492
411
2708
2784
2735
2801
2687
2831
400
2655
461
2656
475
2715
2671
2795
2832
2893
2821
2661
2797
2794
2702
2820
2882
2894
2647
477
442
2920
2856
2907
444
436
2840
2879
