925
782
886
915
929
885
780
596
710
88
680
505
696
720
896
951
854
3
597
671
878
711
565
33
832
509
77
906
840
37
663
25
656
902
0
793
887
687
892
937
767
942
74
563
758
528
811
516
799
569
70
6
957
856
760
839
783
622
5
770
849
816
935
511
843
31
681
553
946
620
32
638
615
874
557
602
500
90
903
870
639
572
536
504
822
81
651
17
535
855
938
19
871
29
920
948
22
76
914
78
1100
1007
1497
1055
113
1457
1081
1259
1207
1428
1083
1200
1597
1410
1040
117
1013
1275
1327
1320
173
1418
1172
1603
1440
1257
1162
1175
1399
103
150
1166
975
1504
1094
1331
1245
1329
161
1198
154
190
1310
1533
1336
1269
125
1375
112
116
1576
1137
1188
1111
1580
967
1485
1098
115
1404
135
1433
1075
1425
1341
1373
1163
1020
1232
164
1319
1057
1417
1082
1126
1567
963
1568
1292
1196
1247
1356
1574
1017
1335
137
1339
1290
1074
992
1122
1128
1302
1144
1022
198
1156
1300
1479
119
1776
1752
289
1715
253
1843
1754
1628
1848
1809
1813
216
1699
1659
296
263
1885
1931
1621
1635
1786
1773
1616
298
239
1937
252
1675
299
1924
1673
1837
1858
1947
277
1703
1666
256
227
1981
1992
1966
2026
1797
1701
2021
230
269
1950
1638
1888
1910
267
1735
1784
1909
1687
1999
1872
1763
1748
242
1613
1916
1771
1915
225
1630
240
2011
1995
1920
1897
1940
201
2007
1623
258
1945
1914
1829
1633
1879
1857
1907
1943
1824
1740
1935
1912
1861
2018
1956
245
1695
1645
1896
1904
1926
1955
2457
2351
2381
352
2331
2507
2145
385
2202
2207
2230
2047
2474
2054
2549
2336
2342
2056
2066
2210
2134
2433
2280
2125
2534
2425
2256
2570
2358
2463
2266
2167
2531
2214
2105
2556
2050
2190
2108
2196
2121
2131
2250
2465
2501
2278
2225
2326
366
2247
2030
356
2392
2264
2447
2318
369
2344
2409
2566
2563
328
399
2588
2100
2239
2180
2514
2396
392
2564
2370
2147
2435
2094
2386
2598
2579
2206
2290
2455
2233
2042
2535
2232
359
2472
2443
2442
2320
2155
330
2097
2416
2286
389
379
2382
2298
2301
407
2618
2897
2724
2616
2856
2781
420
2649
2636
2643
484
2869
2817
2766
2667
2617
494
412
487
2725
435
400
459
2751
2861
2651
2736
2815
2611
486
2793
2774
482
2826
2891
2756
2779
472
2739
2745
2769
478
2621
2851
2844
2904
2763
2821
2813
2752
2881
493
2852
479
2834
2878
2612
2676
2711
2819
457
2918
2909
2639
2846
2863
2853
2784
2767
2675
2841
2777
443
2901
410
431
2885
2634
2727
2666
424
455
2806
425
436
2906
2644
442
2706
2810
409
432
2754
2740
427
2786
2721
439
2680
