723
37
791
60
616
40
802
822
542
537
75
76
733
664
859
884
907
925
513
585
786
721
654
508
662
590
64
923
880
877
538
576
536
737
62
871
10
568
589
792
938
947
929
788
889
608
563
953
676
762
24
544
69
622
720
83
7
927
12
584
901
501
931
844
716
658
707
943
634
597
954
79
869
555
71
794
637
825
892
59
805
98
632
674
645
506
937
650
611
38
610
924
65
855
596
15
574
25
856
900
103
147
1443
1607
1064
1223
1444
1139
1042
1094
169
1069
1530
1496
1033
1219
979
998
111
969
1059
1004
1111
1518
1264
1598
104
182
177
1046
1283
1582
152
1360
1106
1439
180
1408
1083
1445
1195
1104
1552
1109
1399
1514
1148
1569
1446
126
196
1023
1344
1251
1236
1065
1497
133
1463
1585
100
1182
1255
1593
1498
1323
1184
981
1325
1241
1007
1458
1519
1395
1013
1434
1256
1189
1192
1018
1091
1561
1546
1372
1147
1431
1594
1110
1583
1277
1495
1163
1032
965
1029
157
1554
1558
1334
1319
1620
1924
1910
1957
1824
283
1886
1763
1613
225
1993
1896
1856
1656
1831
1872
288
1805
1930
1821
1983
1846
1634
1712
1944
1700
1683
1997
1688
1992
1895
1633
2004
1854
1880
1894
2000
1893
1724
1871
1789
1943
232
1622
213
1925
1782
1630
240
1741
229
1636
1953
1945
219
1800
1703
1715
1867
1892
1940
1818
2006
1719
1868
1637
1638
2026
1920
1922
265
1971
1907
1851
1735
1680
1696
1972
2005
242
1973
1873
1726
1684
1981
1728
1744
1772
1624
1641
273
281
1754
1635
1989
1618
1842
2020
1796
1639
2305
2601
2072
345
2187
2478
2239
2367
2572
2342
2513
2471
2282
2436
2050
2568
2077
2128
2548
2588
2229
2246
354
2240
2294
2069
2408
2280
2454
2515
2092
2469
2258
2278
2045
2281
2339
2218
2473
2442
2393
2593
2419
2445
2337
2104
2284
2343
2512
2381
2228
2314
2101
2169
2113
2400
2597
376
2530
315
2538
2194
2585
2397
385
2132
2502
2602
2425
2098
2410
2510
2159
2392
325
2501
2178
2432
2103
2370
2607
2589
2350
2426
2549
366
2586
2476
2143
2346
2306
2318
2193
2452
2488
2542
384
2336
2481
2188
433
2888
2732
2679
2751
2727
2915
2693
2794
2791
2807
2765
445
2738
2790
2854
2843
2805
2621
422
2811
2745
2861
2916
2626
2726
2615
415
2642
486
2895
2901
2777
2808
2657
2662
2857
2850
2633
409
2761
438
2778
2664
2919
494
2922
2656
447
2840
2660
2912
2899
2842
2706
423
2872
451
2826
2846
2875
2741
2883
406
435
425
2701
2716
499
2624
2715
459
2625
2897
2815
413
2616
2821
2635
428
411
2655
2644
493
2728
2827
2852
439
2676
2744
418
2649
2772
426
2754
2800
489
434
2783
463
