718
683
797
575
37
846
911
830
39
50
692
667
837
541
72
880
863
17
516
957
60
555
98
633
762
862
931
686
763
658
628
612
2
708
828
40
65
589
581
838
70
636
781
651
954
77
789
523
787
890
659
793
560
47
873
543
55
566
524
921
739
528
884
21
650
574
657
63
4
97
777
798
88
671
38
595
792
784
740
505
759
902
806
539
700
791
91
600
709
585
710
611
808
32
506
870
677
509
749
687
1105
159
1299
1147
1242
1234
102
157
1523
1579
1355
1336
1078
1080
139
1601
1589
1375
1363
1486
1086
1116
1167
1346
1266
188
1587
1319
1006
1192
192
1568
1599
1450
1139
1490
1179
1422
1212
1381
1005
969
1075
1125
1134
1478
1549
1176
1551
1518
1573
1558
177
1113
1333
106
1090
967
1014
1560
1085
1564
1484
1259
1293
1018
1400
1137
1406
979
1115
1475
1061
980
1442
1314
1328
1142
1447
160
145
138
1182
1306
992
1017
127
1464
1605
1069
1380
1425
1449
1428
184
1595
966
1252
1066
1597
1912
1798
1646
1618
1799
1860
1979
202
1950
1712
1913
1613
1724
1938
1911
297
1620
1709
1820
1851
1897
1794
1783
1810
1822
1869
2027
2018
2014
276
278
2025
1984
1789
1837
2021
216
1739
1768
236
1633
1647
1778
1767
1824
1648
2009
277
1973
1836
1858
1873
1674
1691
1718
1958
2026
247
1741
1943
1920
1829
1814
1619
1921
1850
1830
1675
232
2006
285
1987
1765
1919
1653
2023
2004
1833
1733
1832
1962
1928
1872
1953
1934
1770
1889
1715
1687
231
275
1982
218
1786
1711
1719
1625
259
1968
2022
2571
2161
2306
2285
2478
2051
2122
2155
2058
2325
361
2562
305
2205
396
2578
336
2202
393
2572
2274
2530
2307
2239
2137
2159
2584
2101
2064
2523
2366
2347
349
2294
2564
2458
2278
2302
2071
367
323
383
353
2330
2185
394
2603
358
2484
2272
2191
2446
2044
2352
2337
2220
2364
2533
322
2084
2223
2423
2176
2483
2361
2080
2206
2407
2035
2493
2610
2607
364
2253
2322
2156
2255
2453
319
331
2457
2250
2592
2502
2138
2577
2596
2403
2421
2254
2343
2300
2445
2217
2536
2198
2113
398
2522
2094
2780
2650
2714
2721
467
480
468
414
2856
2728
2683
2898
498
2816
2631
2881
2916
2812
425
2660
462
2788
2855
2694
481
2673
2735
493
2647
2830
2864
2640
2873
404
2672
2918
2704
2836
446
2840
405
2839
2879
2854
450
2677
441
2624
2740
2781
2749
2779
483
2744
2871
2886
477
2752
2833
428
2863
2633
2908
2827
2920
2768
423
2771
490
2733
402
472
2644
2703
2636
2786
2892
432
2777
2754
2917
2674
2774
409
2843
2814
2716
2793
2623
489
463
2902
2805
2924
2804
2834
2675
2639
2923
2845
