607
634
866
39
624
948
873
849
688
650
613
6
774
726
673
549
60
846
946
26
793
23
505
760
504
812
922
937
745
917
729
855
743
777
869
862
804
678
780
559
544
521
929
621
864
38
515
77
938
682
763
97
675
772
47
847
766
580
815
735
533
538
676
844
913
852
520
819
918
525
625
945
61
896
550
518
4
37
68
33
916
48
637
646
692
553
940
540
905
770
779
21
589
753
81
95
511
535
562
707
1155
990
1362
1360
1376
1539
1056
192
150
1197
1028
1213
1054
1599
1349
1447
1552
164
1267
1144
172
1024
978
958
962
152
1079
158
1309
1117
964
1302
1507
1136
114
1224
1511
1055
1593
1220
1516
174
1198
1442
1209
1410
1470
1118
1045
1366
1095
1409
1505
1069
1392
1464
1499
1078
1588
1337
116
1387
1077
1083
1128
996
1371
981
166
1473
1059
1022
1057
1228
1153
1250
1031
1498
1458
1172
1580
1019
1021
162
125
984
177
1562
1190
1071
1206
1246
1500
1377
179
971
1446
1487
1380
1327
1659
2015
1666
1689
1642
1632
1902
1665
267
248
1794
1837
1953
1780
258
1617
257
1759
1872
1909
1983
284
1656
214
1821
1896
1613
1867
211
1753
1921
1895
1631
1842
1949
1954
1933
1718
1697
1868
1740
1745
1615
1919
281
1822
285
203
1720
220
1619
1612
1687
1806
290
1764
274
1723
1681
294
1931
1877
1715
1677
1628
1647
1870
1664
1934
1807
1890
227
1882
1620
1746
1781
1901
1690
2007
1995
224
1773
1981
1891
276
1863
1779
1943
1700
1751
1864
1999
204
1640
1735
275
269
1744
1904
1824
2589
2531
2232
2282
2159
2372
389
2143
2580
2507
2211
2318
2390
2452
2489
2069
2429
2140
2515
2276
2606
2197
2087
352
2181
2266
2066
2604
320
2593
2233
2100
307
2422
2096
2357
2393
2590
2535
2566
2400
2556
2338
2307
2383
2465
2281
341
2385
2035
2331
356
370
2228
2492
2153
2386
2269
2456
2309
2420
2443
2091
2073
2322
388
340
2112
2519
2494
2148
361
2583
346
2064
2605
332
2603
2060
2404
2303
2229
2454
2168
2444
2346
2394
2367
2226
2399
2033
2557
2061
380
371
2412
2120
2123
2364
2054
454
2770
2710
460
2796
2908
484
2642
2855
2790
2613
498
2924
2630
2841
2650
2800
2916
479
451
2881
471
2696
2669
2704
470
439
2699
2717
2769
2621
2706
2644
449
2868
2747
2640
433
2680
2906
406
2764
465
424
2879
2617
2864
457
2885
403
2668
2781
2845
2838
2646
2724
2727
495
2709
2907
2620
2836
2746
2920
2812
2678
499
2902
2780
437
486
2804
2664
2772
2667
2785
2835
443
2663
2867
2782
2629
2761
2882
2786
482
2637
2901
2792
446
2731
2831
2616
411
401
2662
430
2736
2657
2846
