647
2
674
53
761
707
30
13
719
667
794
684
808
858
873
83
670
725
752
624
14
54
26
564
506
868
613
836
573
657
932
686
574
931
728
903
726
646
644
513
929
865
766
848
741
850
700
97
847
15
925
951
503
698
691
887
724
589
682
505
84
904
610
600
18
704
729
69
822
535
640
832
896
826
940
900
928
11
540
685
57
575
734
553
1
710
944
0
557
800
680
596
652
636
536
64
632
916
614
508
1007
1149
1294
1356
1287
1296
1156
1317
1274
1526
1009
1097
1243
1408
151
1074
1445
1003
173
176
1102
1066
1005
108
1570
1251
1188
1258
1271
161
1181
1334
1542
1482
1080
1225
1539
1321
1351
138
1381
1501
1427
1318
1511
162
979
1608
1496
1118
1200
133
152
1336
1043
1360
1053
125
1375
1382
1593
1455
1566
103
1213
1256
1275
1209
1565
181
1152
1399
1224
1497
183
1567
1554
964
1193
1462
1068
1073
1502
1289
169
1103
1610
1609
100
1376
1414
1307
1143
122
107
131
1121
1515
1120
194
1818
1690
1642
1861
1857
1643
1680
1668
1897
271
258
2014
275
1786
1637
1712
1623
1953
1863
1922
1781
1816
1819
1766
1767
1722
201
1886
256
282
1677
1873
2016
1859
1967
1675
1744
1828
2024
1931
1726
1891
1765
1875
1692
1839
1823
206
1727
279
1860
1803
260
1805
276
1624
1633
1938
1664
251
1871
1687
1919
269
1663
1666
243
270
1993
1670
1981
298
2013
1878
1955
2022
1890
238
1769
205
252
1986
1950
1814
1903
1858
1621
1856
1829
1759
1685
1928
1694
1705
1810
224
1970
1956
1844
1865
2565
2333
311
318
2313
2387
2376
2199
2152
2583
2356
2608
2206
2514
2128
2292
362
2481
2145
2522
2540
2568
2159
2440
2060
2407
2561
2547
2478
2467
2439
2132
2269
2477
2157
393
2279
2463
2239
2167
2429
394
2216
2063
2133
2102
2097
2150
2045
350
2176
2032
2129
2252
2125
2541
310
2153
2298
323
2566
2342
349
2544
2123
2038
2340
2524
2364
335
2308
2160
2369
2121
2326
2238
2267
2212
2191
2091
2450
2035
352
2409
2194
332
2181
2255
2203
322
2218
2461
2089
2327
2323
2453
2600
2257
2531
2399
2665
2845
2643
2614
2786
2747
2866
2873
2847
2735
2838
2923
2722
2646
2698
2745
2846
2693
423
2916
2617
477
405
2673
2904
468
2645
2781
2791
2651
415
453
422
2734
435
2685
2797
2726
2706
2793
467
2731
2630
414
2640
475
2744
2762
2809
2710
2667
2822
2905
2824
2723
2719
2684
2702
2817
2841
2792
411
2653
2802
2763
2895
2828
424
2790
2818
2714
2774
2869
2705
436
2689
499
2743
2881
447
2865
487
454
408
2833
2764
2815
2678
2808
429
2721
2627
2628
2843
438
2857
2619
2805
2765
460
