20
805
802
776
646
583
514
630
527
678
71
542
670
500
1
743
535
778
665
932
817
927
90
687
682
560
829
506
815
548
898
807
955
32
517
939
515
924
793
706
14
33
596
51
620
676
70
821
930
58
795
516
44
629
617
759
911
38
886
566
916
950
511
615
541
777
820
642
540
674
914
585
908
66
835
936
551
637
532
537
680
662
952
904
21
923
593
752
850
748
572
890
896
512
589
811
681
588
705
10
1435
1527
1511
1579
1110
138
109
1163
1153
1410
1028
1002
1244
958
1106
1071
1486
1251
1360
1359
1459
1355
1425
1007
1424
151
1111
119
1056
1611
1090
1042
1098
1213
1523
191
1478
1331
1395
1555
1220
1109
124
1419
1442
1049
1143
123
1294
1129
1471
1451
1337
1584
1396
1572
1536
1015
1344
1573
1130
1577
989
987
1363
1489
1350
1159
1339
1206
1175
1004
1448
1323
1116
1404
1504
1050
1237
1054
1313
161
1503
1134
1309
1534
1144
983
1460
1212
1409
1310
1059
1581
961
1291
959
1006
1317
1252
1814
1988
1682
1960
1778
1934
1715
218
1900
1797
1635
1927
1911
1891
1665
1705
1984
1729
1782
1892
1950
281
1870
1728
1992
1812
230
2025
208
284
1785
1800
245
1929
1717
263
1921
1656
1858
250
1914
286
209
201
1949
273
1662
293
1732
1926
239
1943
1731
1774
1876
1744
1836
262
1830
1674
1667
1637
1958
2004
1956
1746
203
1995
1936
1735
1969
1902
1650
1788
1839
1977
241
1623
211
1764
1860
1663
1849
1703
1937
1725
1730
1952
220
1831
1850
1646
224
260
1655
1811
1618
1844
1616
1675
2165
2390
2345
2062
2217
2103
392
2410
2530
2223
2544
2047
2392
2588
2539
2342
2571
2565
2169
2212
2307
376
2302
2111
364
355
2108
2185
2181
2031
2607
373
338
2155
2328
2608
2218
2360
312
2235
324
2242
2132
2335
2126
2222
2366
2044
2143
2363
356
2468
2168
2247
2391
2448
2094
2566
2294
2183
2471
2375
2318
2241
2562
354
311
2421
2030
2368
302
2046
2513
2434
383
2505
320
2593
2431
2203
2279
2498
2261
2209
2107
2561
2142
301
2178
359
2234
2322
2153
2051
2052
386
2276
2210
2399
2487
2712
2748
2699
461
2632
2678
2620
2625
2792
2821
2773
2627
2887
466
436
2809
2636
2672
2781
2756
2814
2861
2871
2765
2841
2729
2738
2784
2768
2641
2817
2735
2822
2801
2684
474
2808
2836
2721
2843
2703
2825
422
409
2862
449
2759
2775
2824
484
2612
2639
2813
2704
2761
2645
2838
421
2823
427
2787
435
460
2850
2692
2786
2728
453
417
2731
441
486
2737
489
2793
2648
2820
2777
492
2783
472
416
2656
2665
2917
2723
2832
451
2830
481
2705
2840
2682
2760
2896
2851
2900
2803
2676
2859
