2
44
321
829
780
581
27
670
79
174
283
821
769
687
877
646
355
655
760
121
193
123
376
865
576
690
118
846
882
19
888
297
57
302
149
845
876
824
518
875
433
567
638
96
711
329
259
440
414
331
164
268
310
233
597
362
801
432
799
594
381
319
153
809
667
201
172
797
6
653
21
565
569
38
143
309
500
68
226
352
666
764
491
669
679
834
534
213
509
117
192
738
633
69
615
102
584
248
165
207
741
134
813
661
636
837
416
206
532
115
208
697
162
303
798
279
726
197
20
503
614
757
429
252
140
45
186
7
169
307
664
761
658
40
493
625
190
176
93
758
293
568
647
706
338
447
853
792
671
181
285
626
3
231
8
354
779
306
823
351
815
778
124
145
680
659
168
88
537
640
806
771
595
46
605
395
681
826
722
694
609
786
772
236
150
600
650
458
800
290
298
887
91
152
492
716
838
157
227
827
501
704
496
73
301
768
18
854
120
599
754
804
878
677
77
366
101
70
229
818
163
322
361
5
263
114
521
87
523
526
364
442
219
288
718
703
84
635
403
255
702
262
214
139
246
791
35
467
708
271
498
455
478
617
833
512
783
196
59
603
579
787
645
802
869
141
341
839
282
627
507
247
224
43
812
204
67
448
777
78
770
530
577
238
557
790
49
554
816
278
585
608
510
82
205
477
335
598
292
873
696
380
185
662
643
444
203
539
649
698
691
182
32
504
505
402
747
430
146
371
417
323
94
522
560
62
52
751
105
559
257
732
459
220
343
511
485
508
886
457
401
342
225
202
610
686
746
748
482
475
122
76
461
744
411
237
427
825
388
676
828
575
90
251
843
863
889
39
449
426
470
316
652
110
318
378
286
348
682
860
864
700
358
730
753
211
439
715
65
412
294
151
296
160
359
465
71
393
47
408
473
713
340
733
515
269
622
628
103
346
879
717
570
138
866
390
276
548
398
171
60
109
453
709
0
173
281
657
520
885
456
723
486
305
336
547
434
773
872
707
170
832
468
264
188
144
41
80
538
618
460
334
410
529
349
516
275
369
740
471
580
750
480
701
481
851
405
848
639
602
634
555
586
596
487
373
215
794
517
377
404
808
159
243
23
200
384
820
499
705
325
16
793
14
55
765
17
506
606
840
399
98
495
295
533
155
745
648
1
549
541
868
527
721
195
66
326
452
260
807
345
258
400
494
714
315
212
782
415
583
592
489
836
133
445
847
372
497
313
743
58
441
383
51
89
561
632
386
604
147
811
688
483
112
531
339
881
397
472
135
365
394
524
519
199
108
724
363
254
785
756
424
803
389
789
784
24
256
119
266
435
375
249
819
428
665
154
370
620
270
624
387
685
563
725
490
546
593
156
858
