351
809
804
752
852
208
57
760
668
664
875
231
419
10
600
611
687
28
107
166
321
116
797
887
834
320
26
514
810
772
44
865
12
758
788
681
18
2
304
117
338
252
54
640
697
576
92
207
291
501
587
15
458
45
353
513
805
27
741
738
636
284
595
20
309
381
569
591
74
644
91
303
601
493
680
115
779
198
845
817
300
650
218
425
736
568
314
88
69
518
661
124
6
890
667
319
877
626
68
605
647
443
7
406
142
704
726
440
433
153
706
279
671
720
355
778
466
11
597
656
113
145
629
614
93
190
829
96
846
111
492
654
120
655
42
217
822
81
824
306
127
658
722
123
638
841
95
690
619
537
641
679
302
815
599
711
376
330
250
299
573
826
438
432
571
310
416
136
418
625
178
48
192
162
181
259
331
771
759
285
500
882
558
4
827
446
659
633
121
581
414
187
274
566
735
799
38
150
183
727
798
609
838
298
565
197
673
102
423
3
574
344
269
790
405
242
710
286
744
408
266
265
765
456
832
872
879
444
707
506
471
715
146
112
24
410
519
851
563
495
512
457
486
859
737
660
267
596
99
138
427
311
586
289
241
403
505
35
436
396
0
16
131
272
572
747
606
468
520
361
580
508
135
133
855
5
793
105
494
151
487
341
464
775
90
317
465
276
401
725
742
848
847
739
870
348
36
50
132
504
863
480
275
245
177
243
305
273
400
364
84
675
796
171
417
256
119
705
635
337
686
528
732
363
860
340
82
718
336
441
867
159
695
75
696
498
13
522
210
461
23
803
58
158
103
379
874
556
39
235
33
657
47
575
484
185
862
30
583
49
835
502
470
394
148
223
562
141
445
539
880
560
482
328
129
335
415
366
787
807
475
448
360
204
592
255
98
110
295
72
324
424
51
224
17
850
463
819
663
374
431
122
554
648
194
257
849
322
249
94
380
649
516
1
56
55
766
71
62
229
783
60
333
421
543
326
240
87
698
313
842
555
239
332
510
209
343
662
215
184
422
578
773
407
839
173
182
453
699
785
473
483
246
230
270
459
553
702
712
130
559
195
836
426
70
717
100
385
818
452
755
161
564
200
745
604
843
613
382
840
32
777
247
685
388
368
828
730
281
709
323
334
620
545
608
499
713
77
618
450
616
627
238
527
784
524
708
762
346
639
782
9
428
294
372
349
703
339
387
411
856
477
342
517
375
358
858
643
280
551
665
485
869
756
404
593
811
175
409
365
776
264
430
582
789
533
721
521
889
623
479
41
85
65
598
743
163
878
439
263
316
251
812
179
753
677
260
199
271
434
873
211
29
603
868
523
634
630
86
631
109
147
881
126
108
542
820
467
277
871
383
219
548
546
261
106
451
814
203
684
