68
726
167
165
192
466
601
176
764
113
115
876
568
137
392
729
760
754
279
509
140
854
752
883
774
720
145
749
327
821
118
231
809
357
683
853
186
45
22
304
667
687
440
320
309
92
670
150
34
806
800
735
584
18
846
646
826
672
164
569
331
779
10
741
493
443
193
355
166
513
416
771
107
226
149
25
152
875
614
2
591
605
778
671
319
780
142
658
571
189
834
830
654
117
406
283
127
638
274
293
536
656
116
865
629
813
640
759
213
594
666
534
537
19
40
290
381
134
841
222
653
303
496
121
11
786
503
48
576
352
236
829
172
882
81
599
567
120
344
42
54
611
736
168
153
312
844
314
306
234
573
659
250
37
474
810
817
74
837
815
532
845
492
664
31
197
625
298
734
301
661
38
123
268
574
544
157
299
738
799
28
637
21
887
681
641
501
338
7
297
3
706
15
73
804
425
609
174
824
96
644
57
143
93
362
801
26
566
321
46
187
79
623
699
547
420
385
75
580
530
247
639
662
371
422
94
776
89
109
60
254
383
787
860
417
346
210
812
428
579
549
282
481
378
270
415
715
188
494
807
318
461
526
525
388
223
785
184
342
862
372
266
847
334
112
216
643
78
209
426
255
87
713
645
755
469
199
572
108
712
794
864
272
879
401
686
313
39
675
195
196
791
498
459
322
171
745
90
244
58
85
634
377
364
408
53
485
249
808
657
478
818
464
523
582
460
52
237
251
542
265
138
586
232
245
133
332
275
880
747
396
744
373
872
465
361
495
563
767
689
868
702
635
380
221
240
519
386
578
0
246
316
552
224
126
156
463
456
155
559
858
553
693
688
546
257
624
802
455
775
389
562
349
608
617
77
612
473
867
554
110
397
816
479
703
242
347
106
627
375
527
51
718
575
538
551
273
731
400
391
229
238
665
836
781
158
488
648
556
732
528
139
616
281
859
435
105
437
835
59
724
751
235
701
399
766
424
343
80
99
50
740
502
358
294
337
814
13
733
261
462
603
728
439
596
708
541
869
604
857
256
360
239
348
119
878
515
506
154
379
560
258
370
64
652
100
98
489
851
163
442
477
507
483
204
870
387
160
277
803
289
480
263
476
512
450
333
56
517
23
101
356
820
33
487
436
737
790
30
730
710
404
871
41
630
454
253
324
448
484
825
660
70
29
83
230
606
610
323
47
850
795
651
529
490
545
32
36
359
271
368
543
742
762
159
874
398
212
470
328
583
843
55
746
621
863
889
43
132
622
531
151
577
691
148
748
832
341
628
783
819
770
225
339
782
407
452
175
499
570
793
849
620
146
203
278
191
765
287
441
311
613
296
511
486
262
714
269
873
211
449
753
366
632
97
141
682
548
707
276
