853
166
877
25
727
537
798
149
674
800
42
769
227
757
137
772
165
736
376
123
813
284
599
678
121
26
882
303
650
440
228
61
174
653
536
573
764
738
641
576
314
664
493
534
566
300
167
644
681
176
810
423
690
186
18
846
330
181
567
298
234
183
779
734
362
291
134
115
81
888
786
726
8
22
107
104
659
304
57
416
778
338
308
306
44
150
501
145
540
614
283
667
320
152
218
704
425
392
591
571
127
633
93
7
91
876
274
887
565
711
231
169
588
661
157
10
771
344
406
584
252
40
838
569
433
352
79
6
884
299
172
143
799
865
95
587
837
605
683
801
720
102
669
735
491
381
37
250
124
706
827
54
355
841
207
809
532
310
193
749
69
164
817
844
329
875
834
268
759
20
190
429
806
213
625
92
142
679
21
597
500
27
19
670
197
116
187
301
419
192
568
611
668
88
189
503
601
285
351
414
883
671
672
640
626
574
446
302
758
656
162
716
874
220
793
842
869
221
577
886
624
590
740
243
602
292
109
583
105
52
857
795
428
747
254
173
365
549
400
866
358
461
578
645
71
147
184
789
539
59
80
58
489
90
612
639
688
110
390
346
731
65
87
135
479
151
94
155
753
216
724
394
580
266
632
295
535
593
397
871
182
30
484
225
665
529
29
421
621
858
119
436
575
402
62
132
275
713
613
465
191
505
170
783
469
258
623
849
828
345
128
305
163
431
860
415
763
278
872
606
407
631
796
463
770
382
156
366
471
185
269
410
468
870
424
341
709
396
718
356
560
255
146
229
215
855
649
296
373
651
403
701
814
200
281
692
328
224
739
78
460
14
399
315
84
596
363
9
608
457
562
546
856
620
630
498
336
56
477
277
775
387
698
340
141
202
339
253
404
791
334
188
85
13
515
223
781
543
289
337
478
682
67
138
660
244
663
585
204
737
39
383
241
70
712
825
755
554
523
256
405
710
369
516
374
444
598
835
437
881
1
133
195
276
744
476
349
232
230
342
616
751
16
662
483
723
467
5
451
76
522
527
64
693
114
807
160
180
205
427
380
239
175
684
393
555
413
332
263
426
732
550
519
360
564
548
705
271
748
878
179
652
703
533
324
214
521
378
35
287
507
502
211
318
570
47
199
833
743
391
794
388
384
506
889
745
766
541
552
542
442
715
370
51
212
126
525
551
486
480
707
72
139
494
196
864
409
265
787
696
368
454
101
803
511
286
464
316
98
561
219
386
262
545
385
32
843
50
417
326
317
33
323
82
700
765
526
251
699
41
495
504
777
676
610
873
512
0
261
531
125
730
868
808
557
634
510
811
648
762
819
75
618
372
238
389
470
455
240
473
237
818
708
210
847
867
812
343
439
488
