310
233
514
143
320
540
599
169
749
841
145
854
44
157
226
757
735
306
181
283
338
834
79
31
104
666
304
331
367
772
392
786
25
303
771
670
116
168
704
22
534
672
569
568
96
876
754
6
301
719
352
727
111
376
63
458
780
91
615
826
54
107
137
614
640
192
234
822
381
120
186
164
298
174
654
690
798
319
882
736
801
656
432
329
659
888
636
752
197
601
673
250
176
353
38
729
658
769
268
664
760
810
474
711
574
626
589
61
284
817
302
309
827
734
821
21
496
279
40
865
846
838
252
509
594
443
102
2
493
683
536
671
423
142
207
293
228
706
633
875
189
492
518
761
768
172
852
406
647
45
513
152
8
231
414
190
222
823
69
37
321
720
165
679
308
28
588
738
419
19
619
845
726
201
198
500
438
576
532
830
581
227
813
153
644
118
123
491
466
597
274
655
357
584
680
3
829
162
26
11
350
609
805
667
607
299
187
4
694
395
815
759
9
598
151
202
356
211
85
324
437
90
294
617
624
408
256
777
125
171
676
391
388
221
507
635
543
677
77
349
253
807
604
555
709
577
238
225
265
864
744
182
455
765
476
554
560
194
72
199
462
879
380
346
793
251
819
407
721
498
529
790
728
270
148
515
177
490
71
457
731
14
448
750
685
662
818
494
374
203
840
747
130
249
282
603
505
348
756
66
239
271
550
701
98
240
129
753
504
520
266
552
828
109
255
776
378
195
347
288
541
441
802
850
147
430
696
155
341
642
860
649
732
287
286
401
547
608
170
836
487
482
313
404
84
230
465
742
139
235
385
873
403
612
869
122
242
630
420
733
663
184
839
393
628
449
345
340
483
620
675
67
885
519
692
180
209
539
872
47
665
204
699
886
782
652
702
377
428
413
743
762
705
24
191
842
373
508
698
684
94
62
464
880
559
708
460
16
188
110
610
49
126
783
586
223
173
59
389
489
618
80
368
682
868
651
703
424
39
631
622
693
835
390
325
435
387
767
244
700
334
859
82
481
336
132
878
643
55
0
561
185
17
64
212
530
179
436
832
232
254
531
311
295
229
417
713
224
592
119
454
60
219
516
808
29
862
292
740
76
369
361
535
105
812
545
557
714
342
144
159
848
686
452
264
562
370
533
53
305
548
856
200
739
277
870
405
215
97
317
89
43
725
551
453
365
363
613
410
394
426
467
596
257
724
689
51
237
763
382
337
36
332
366
78
278
398
375
579
154
517
371
606
648
512
161
469
50
521
542
847
717
811
289
775
273
30
477
421
112
56
451
415
616
634
431
718
781
524
384
70
602
849
851
1
657
83
383
553
156
267
343
623
58
379
563
833
478
400
196
422
114
578
444
484
480
867
335
691
814
