829
31
164
308
231
137
741
45
534
671
769
736
650
8
760
853
290
601
815
771
351
846
704
738
432
57
298
569
720
127
827
291
319
285
111
466
573
759
797
186
416
804
283
852
3
653
697
446
116
134
233
735
329
875
458
115
826
716
614
190
22
544
303
166
149
331
162
778
19
687
727
107
646
355
37
764
841
503
729
752
568
93
619
574
591
392
584
234
250
607
206
772
102
664
673
754
91
780
887
44
338
297
518
218
605
174
600
268
367
558
768
429
719
178
668
117
357
423
381
658
320
492
654
823
722
226
61
694
113
46
640
306
588
813
683
376
757
327
496
176
201
810
69
629
187
594
354
279
301
540
118
500
121
304
2
589
40
641
344
792
659
637
595
567
447
302
4
854
706
667
68
536
189
150
774
207
183
626
136
798
597
145
307
352
197
73
34
806
217
681
309
571
587
312
63
15
157
666
443
419
493
734
821
208
299
834
566
18
88
888
95
48
358
517
269
220
437
43
428
223
442
404
254
235
662
384
281
348
709
154
294
316
90
30
151
129
559
55
173
553
403
342
356
465
730
363
98
399
204
255
405
194
128
578
130
212
1
635
146
103
632
271
471
407
639
561
215
257
794
832
324
718
391
689
781
621
334
657
628
521
179
199
562
627
675
270
185
751
575
840
762
396
23
343
436
456
707
525
87
256
138
371
445
444
389
171
847
603
237
424
866
755
506
441
85
280
243
276
484
249
110
209
105
839
264
508
114
112
504
160
563
631
245
409
390
13
448
214
267
332
539
686
401
556
857
202
375
789
260
434
511
205
210
849
522
277
728
851
275
5
541
263
551
523
14
76
155
535
333
663
464
225
548
161
430
35
583
459
373
77
33
489
862
814
469
613
289
598
547
468
125
58
705
676
75
402
546
699
345
410
0
643
870
184
266
494
135
322
388
70
29
295
684
144
842
596
472
795
818
467
881
83
461
318
224
241
336
688
874
413
147
858
457
56
835
364
785
691
512
89
543
431
868
378
462
560
108
455
219
555
572
188
604
783
590
564
317
203
753
398
582
767
770
473
191
740
577
139
141
787
196
82
819
158
570
265
397
132
579
315
71
483
616
533
131
126
377
739
660
803
463
510
717
408
64
859
756
80
871
855
685
439
538
782
383
200
746
379
272
712
715
340
481
372
238
66
524
292
612
585
530
557
812
485
374
65
325
369
516
175
519
645
426
394
486
833
326
648
873
606
748
848
109
17
889
148
733
856
247
864
211
592
50
617
380
47
99
387
163
122
776
520
682
337
593
724
450
825
775
311
60
702
16
652
505
453
527
531
313
386
820
349
170
52
288
580
41
850
361
278
610
630
328
36
623
586
480
620
515
479
