601
206
310
157
514
817
681
797
42
509
192
152
822
22
706
10
227
853
769
19
143
198
201
605
567
137
21
615
121
876
95
69
625
142
418
107
771
28
798
647
831
749
149
801
181
381
3
20
164
193
809
186
668
300
466
274
772
658
102
788
636
659
834
183
433
68
312
574
678
697
443
104
752
231
599
222
882
301
236
821
757
875
726
887
884
736
565
458
704
722
761
306
641
496
226
760
680
671
727
800
88
34
865
768
307
26
423
587
829
93
597
162
536
438
153
321
213
406
532
890
491
176
338
279
716
329
826
308
672
314
352
779
720
493
31
290
111
805
609
690
285
376
518
852
12
268
537
259
291
837
629
40
838
711
197
168
250
501
425
614
588
178
124
298
45
330
584
673
7
619
169
670
650
140
764
664
81
687
392
350
48
778
353
4
74
54
367
581
8
79
44
63
738
637
284
395
638
234
595
228
786
806
600
810
589
344
92
18
500
11
594
354
32
521
394
511
867
470
412
858
461
499
689
545
86
240
129
199
422
265
138
106
526
266
457
72
598
696
577
538
816
748
122
755
258
675
170
708
506
47
469
546
728
712
368
707
332
348
194
230
100
508
677
582
370
313
336
112
790
616
747
482
863
125
131
549
473
245
276
590
836
701
828
335
58
450
388
216
529
490
101
665
119
273
371
516
315
820
718
24
211
535
552
613
411
886
579
378
277
391
645
657
818
560
652
139
62
420
593
763
215
575
554
133
105
253
502
426
203
723
620
794
333
437
847
311
30
382
556
623
205
705
632
263
456
269
541
71
699
459
224
463
731
257
484
539
464
485
110
795
324
287
264
401
725
33
533
507
14
455
851
610
550
551
67
860
849
627
693
41
676
408
66
528
256
880
562
160
855
377
592
413
373
753
688
260
80
87
835
643
318
487
857
580
220
360
219
686
196
209
383
243
862
460
604
374
404
481
682
462
583
872
396
660
161
692
366
812
765
639
451
398
622
489
316
403
864
832
662
98
56
29
803
289
811
732
328
775
90
225
479
341
715
151
802
471
515
70
531
733
278
721
342
379
878
873
281
523
246
322
375
442
572
744
745
156
776
237
475
713
695
477
99
881
889
628
710
365
698
608
64
454
421
612
359
787
347
578
17
238
724
242
663
89
428
510
642
714
83
185
739
468
850
292
648
364
23
504
200
288
819
296
885
570
405
84
271
431
358
146
505
147
435
861
522
204
434
179
703
630
407
43
839
109
280
55
833
702
130
445
210
51
212
286
135
784
317
480
814
340
740
617
596
126
128
448
547
295
369
559
400
793
746
717
305
346
543
97
9
427
782
789
770
424
409
171
842
380
53
796
840
397
343
345
36
417
35
519
384
634
