633
227
150
68
670
291
20
320
458
304
780
841
11
882
565
769
120
636
174
172
619
137
423
566
640
734
637
236
419
446
116
330
568
671
298
222
217
831
197
354
760
716
293
824
844
28
54
145
650
165
865
534
201
314
738
21
362
625
181
544
432
127
414
104
697
392
73
183
558
690
69
576
15
248
274
57
727
2
302
518
162
176
152
118
845
283
513
823
661
654
18
226
679
443
609
252
806
846
574
309
259
92
852
234
40
588
853
117
595
722
157
514
95
599
186
749
607
149
804
788
319
720
666
854
140
121
761
312
142
584
93
658
8
877
381
569
27
74
678
771
367
571
306
830
805
822
669
425
91
875
406
7
503
826
189
136
597
735
218
48
88
815
338
143
681
206
493
81
357
827
615
573
729
416
438
653
34
809
344
614
656
800
600
764
63
301
25
752
491
440
768
290
591
605
726
792
589
447
536
351
664
168
31
799
284
837
164
213
758
778
672
250
412
481
793
861
87
743
572
863
108
816
519
454
510
180
728
575
51
525
129
210
781
232
547
608
135
202
105
457
642
610
613
286
459
818
645
323
548
718
708
369
223
702
869
390
339
730
316
649
365
859
721
639
112
564
182
52
155
200
89
820
442
712
465
260
770
715
554
630
242
603
828
849
336
415
497
94
370
375
422
693
796
364
470
479
577
489
475
50
75
158
746
343
119
860
292
29
337
714
426
85
328
874
334
411
249
787
508
264
368
246
366
747
807
560
43
97
504
795
811
624
542
835
403
737
467
13
151
431
188
703
606
701
9
173
885
205
356
229
886
789
857
755
473
80
648
196
122
408
396
471
175
847
688
240
549
685
592
35
848
83
363
675
185
230
583
243
244
294
862
383
267
765
763
689
430
289
523
194
257
428
409
604
255
512
851
867
623
211
282
402
214
146
0
72
86
517
322
748
269
378
782
372
245
621
64
832
204
598
460
878
527
498
445
379
856
676
819
487
163
451
622
833
812
889
388
541
84
783
814
464
453
237
147
713
881
138
744
271
469
393
840
499
347
82
261
101
495
724
41
139
526
276
265
502
66
612
436
16
247
55
106
483
494
342
662
866
791
870
546
126
59
346
421
707
179
570
417
478
349
374
170
692
632
628
128
60
77
723
254
462
651
663
472
235
461
133
398
750
643
880
195
5
775
386
872
130
371
617
71
825
441
803
296
745
585
76
556
631
533
110
539
448
238
858
705
868
311
385
559
725
373
203
762
551
742
295
335
360
359
56
114
399
224
739
507
562
24
125
341
521
103
455
380
555
427
384
273
710
251
602
777
361
407
843
535
665
660
148
480
160
802
808
23
468
516
62
100
171
324
161
270
159
397
740
635
17
387
313
