425
227
537
646
118
447
61
309
760
838
357
834
140
571
310
193
629
683
222
496
536
735
124
418
183
440
74
231
21
599
96
164
647
136
392
15
312
883
7
252
666
166
301
822
576
568
299
88
513
574
423
330
178
37
690
63
208
679
314
846
34
799
176
432
845
57
329
304
79
81
626
801
25
865
234
841
300
734
192
354
218
619
727
27
655
259
491
4
116
503
656
890
172
544
197
640
351
395
458
416
213
438
806
805
153
611
887
697
233
888
788
844
162
226
772
829
120
797
600
768
761
433
236
614
207
344
40
367
8
800
45
362
198
284
167
786
291
169
573
12
102
10
46
6
565
758
92
26
729
518
352
877
810
823
168
722
115
206
569
201
414
591
376
381
771
355
817
285
716
474
566
189
637
719
809
48
121
107
854
248
884
44
501
217
558
174
500
19
338
327
69
670
668
150
769
181
152
567
824
165
93
815
589
11
493
308
821
187
31
875
298
641
141
239
651
787
363
305
277
713
29
592
258
180
753
405
393
542
235
832
528
276
718
473
427
560
886
383
365
119
131
795
732
793
282
402
403
287
606
796
397
219
212
562
705
808
84
221
328
767
858
498
100
441
188
191
530
77
702
5
224
214
348
743
547
14
825
724
356
400
421
253
812
53
478
453
506
868
359
83
62
847
264
108
232
505
745
439
545
361
200
41
497
456
468
76
703
475
563
163
126
621
885
649
820
413
731
881
385
833
139
508
318
65
396
572
480
874
484
86
561
631
60
575
803
510
39
412
695
97
434
866
521
345
343
628
590
714
265
486
541
275
550
517
698
270
271
209
58
746
240
583
520
342
863
623
802
179
349
499
696
511
379
360
428
487
479
617
618
459
523
0
380
610
431
715
202
409
828
652
555
445
504
155
554
693
55
384
762
13
78
559
196
782
677
9
220
455
263
596
451
404
161
372
336
879
770
733
335
194
407
72
158
502
98
775
855
238
243
467
691
707
182
99
785
452
450
249
489
326
339
411
519
662
781
333
237
35
50
101
146
89
225
460
551
747
23
110
485
256
469
160
869
70
470
620
861
16
184
436
316
648
325
740
464
30
789
334
296
878
129
721
294
685
632
254
867
17
507
552
49
324
860
864
82
481
783
612
244
85
417
766
622
807
494
737
374
564
47
529
461
862
816
173
130
424
422
420
311
229
624
700
526
717
744
251
366
856
205
843
889
337
657
317
776
524
340
322
51
533
401
515
582
430
710
531
278
444
538
255
462
728
535
490
159
449
114
850
639
586
80
292
199
410
241
90
388
435
71
442
634
269
156
527
273
389
570
488
94
546
315
557
585
676
105
377
525
122
75
549
177
223
415
32
87
701
358
663
642
835
