283
307
810
806
418
644
887
145
800
299
876
655
291
284
566
536
218
669
233
492
186
48
57
406
381
416
694
609
636
6
176
853
124
771
165
817
594
227
329
574
425
831
646
496
823
846
741
136
302
222
854
192
25
760
664
809
189
178
79
4
672
22
697
719
197
761
166
193
503
310
149
279
351
829
722
661
157
250
601
327
683
882
115
754
268
28
752
813
34
121
353
600
792
458
118
587
38
629
446
680
117
392
217
466
670
26
573
805
799
207
666
447
228
852
198
597
764
581
331
673
357
768
42
354
611
757
514
140
303
738
172
589
788
640
137
626
654
588
153
74
91
759
19
822
304
104
500
844
306
565
11
786
474
687
668
12
46
798
127
658
656
376
111
493
61
3
888
21
15
352
830
208
69
213
865
716
667
726
638
440
102
419
681
63
169
720
312
350
395
142
181
134
706
344
92
532
591
429
252
883
330
298
827
116
123
734
414
187
297
838
845
619
71
507
855
85
635
549
295
313
263
398
98
271
180
393
223
730
108
379
448
383
765
430
332
225
359
781
836
348
733
520
747
494
728
182
403
791
604
490
33
851
47
135
737
264
173
763
112
718
387
401
103
677
341
241
439
269
869
375
816
323
109
151
695
784
623
701
229
340
861
473
717
699
767
67
449
200
435
742
369
203
247
863
858
698
606
557
874
202
665
832
864
712
487
345
602
421
703
411
437
777
618
16
244
691
819
455
288
577
253
700
87
277
610
850
1
316
766
170
743
639
404
296
56
818
282
570
179
756
256
847
230
472
385
471
146
657
692
812
750
840
554
339
235
715
347
322
258
773
409
468
547
360
603
807
745
36
484
682
84
32
462
43
257
696
879
555
445
245
99
508
382
662
424
51
237
480
866
378
281
349
478
451
732
562
251
90
175
739
702
886
693
147
436
486
220
132
122
141
24
66
483
505
709
564
273
209
522
195
645
114
246
724
428
543
825
399
49
469
23
624
539
470
862
751
224
510
415
94
324
364
616
55
811
515
70
388
326
856
731
531
373
583
495
53
713
842
770
363
889
506
262
76
133
542
776
232
14
155
593
394
585
649
598
535
371
396
783
689
334
333
461
859
239
620
410
39
427
129
441
634
211
457
885
431
541
849
450
5
384
523
552
60
342
714
651
119
707
128
684
524
617
648
442
596
361
305
475
72
346
391
260
370
163
497
744
868
621
477
454
459
194
372
511
708
525
335
390
317
100
560
177
249
83
184
878
802
219
632
110
386
548
9
105
377
723
185
516
374
559
13
97
41
481
266
579
159
405
407
550
575
138
196
62
663
328
214
870
212
652
356
782
58
482
843
848
343
803
528
86
80
710
489
794
452
417
545
476
358
