625
845
644
303
440
668
446
854
186
102
673
800
664
666
354
822
10
815
865
741
876
88
532
423
636
291
764
300
355
656
704
127
719
653
111
226
28
298
591
312
658
597
302
884
290
228
687
514
716
381
15
283
61
357
588
123
20
493
45
826
7
152
284
31
198
647
233
165
780
301
679
824
167
392
567
414
21
637
594
91
40
799
234
509
830
888
172
821
149
500
569
558
754
536
844
178
640
279
3
491
79
443
429
571
646
749
42
153
268
95
136
376
157
769
779
57
574
190
6
883
669
633
672
314
887
584
416
217
338
297
2
419
537
19
566
492
674
169
804
425
69
18
187
466
722
518
659
63
771
831
589
626
853
798
587
48
92
113
248
11
299
619
501
568
758
73
208
801
875
142
738
681
37
181
218
93
206
137
694
134
81
207
573
213
331
827
650
319
711
752
293
193
829
601
166
727
12
760
670
250
145
774
458
120
841
614
609
595
768
565
25
274
730
562
867
833
643
109
286
328
675
281
560
702
75
645
289
156
70
337
649
415
859
451
437
67
486
631
72
682
179
435
243
469
473
202
733
570
427
374
389
692
701
398
272
531
133
454
639
332
317
89
472
78
402
750
860
256
267
324
590
878
43
782
372
184
766
356
586
441
400
147
313
170
791
251
572
110
648
83
848
554
266
16
294
264
585
485
450
287
94
732
370
424
832
339
707
199
480
50
139
557
336
216
1
575
76
373
245
386
378
787
811
200
411
850
476
624
789
552
49
159
660
708
138
886
550
288
628
221
439
205
160
388
448
161
191
325
144
407
146
318
385
484
154
696
559
426
802
242
818
253
793
229
525
52
489
239
232
843
185
593
710
549
195
862
275
220
745
263
247
747
36
23
125
98
462
777
148
163
698
431
477
517
583
553
839
781
784
363
630
874
97
276
368
700
17
563
499
240
119
521
879
80
158
442
712
453
173
203
100
391
814
108
393
621
209
130
114
349
539
62
348
470
171
280
533
369
613
273
519
803
452
703
254
522
807
755
510
840
360
542
77
857
112
835
223
475
210
468
856
151
405
456
358
417
215
345
836
555
482
434
262
35
461
24
241
261
618
204
849
106
122
535
490
403
795
177
335
723
578
225
478
56
604
399
412
219
375
428
82
872
603
864
269
334
278
705
465
861
371
323
677
756
86
30
460
665
796
579
870
743
483
816
255
635
580
529
13
617
457
695
770
713
380
728
497
271
812
224
505
627
211
746
889
66
506
65
47
662
855
361
260
634
409
530
717
404
132
64
396
5
598
632
270
516
410
455
825
642
502
765
196
748
214
785
863
709
326
39
464
731
842
430
548
347
762
520
620
359
58
479
721
828
175
494
858
868
59
333
