363
3
370
247
241
127
489
2
243
246
367
371
240
369
7
6
488
610
490
120
487
603
128
4
1
122
362
242
607
364
17
619
381
15
18
501
614
14
496
380
12
498
372
620
379
11
378
618
130
499
257
500
494
137
256
616
139
134
373
377
142
145
260
25
629
505
507
391
626
140
149
146
628
20
26
632
263
624
386
24
21
388
510
512
147
144
382
265
625
623
519
514
156
393
401
32
33
517
38
157
640
397
398
521
635
276
275
278
150
516
395
271
639
154
34
633
30
399
39
152
411
42
404
526
651
288
41
287
284
47
650
649
528
402
646
524
643
645
286
48
285
530
406
40
409
410
529
532
407
168
537
657
414
58
291
178
421
419
53
296
51
418
290
660
54
412
536
416
173
659
533
174
663
59
540
294
539
538
658
295
420
543
184
306
549
303
431
64
67
427
430
181
423
69
189
307
60
63
310
672
68
65
61
308
429
545
668
544
66
186
551
670
193
79
192
312
562
75
317
437
78
438
316
195
74
441
319
321
555
560
72
70
681
435
433
561
199
679
434
318
314
559
205
331
689
446
209
563
445
447
565
201
443
83
323
85
691
569
684
202
89
571
690
322
686
80
87
325
84
564
204
88
577
458
700
580
211
453
574
460
579
216
212
462
573
213
456
702
99
217
338
337
92
334
215
578
455
90
582
703
454
219
465
221
588
225
463
583
348
584
592
351
104
349
587
590
100
227
704
220
223
469
470
585
711
102
468
707
471
593
709
350
231
595
478
357
714
352
116
356
236
598
722
353
235
238
597
239
718
473
110
361
479
237
601
475
115
602
716
720
232
599
