128
368
612
124
364
244
6
488
485
370
608
367
487
247
1
607
123
122
240
491
362
0
246
490
8
243
245
3
611
603
10
499
500
621
12
378
257
502
137
135
258
18
138
136
622
133
381
379
496
252
617
372
14
15
134
255
250
619
613
618
632
268
142
388
630
390
631
145
266
504
386
267
141
143
22
27
263
511
140
384
503
505
28
629
510
144
265
264
383
20
36
279
152
517
157
30
35
401
634
270
271
400
636
515
399
31
393
150
159
155
639
272
398
516
153
39
522
274
156
641
48
525
286
651
169
648
160
531
647
404
45
402
43
650
524
532
409
403
289
163
46
644
408
527
407
287
42
643
288
41
57
55
655
56
533
171
415
291
542
298
176
657
177
174
173
421
416
300
537
662
541
534
295
539
297
660
658
418
179
293
290
672
431
180
551
666
302
550
429
549
182
185
425
65
304
60
184
552
546
303
307
548
671
545
308
61
424
544
67
422
309
665
680
194
315
554
199
553
190
681
683
192
562
77
73
556
78
198
555
440
436
557
675
439
313
193
558
70
76
559
441
561
692
323
446
325
329
81
447
209
686
565
691
444
322
689
568
204
566
328
331
203
688
571
693
327
85
80
452
206
570
449
333
453
581
332
458
575
91
699
336
579
90
457
334
580
99
573
701
218
98
703
460
574
698
577
582
217
93
461
462
459
590
464
469
712
106
342
347
585
104
708
222
348
224
713
589
346
220
592
100
223
470
229
107
343
711
221
472
466
350
109
598
117
718
477
236
112
599
358
476
119
473
721
480
115
478
595
231
114
596
357
356
720
232
714
597
475
234
352
600
715
