371
6
604
121
606
240
605
128
367
124
242
9
487
248
366
362
127
0
488
5
608
368
126
483
486
1
243
370
610
247
615
379
618
253
139
18
19
255
132
493
502
372
375
257
16
259
137
498
613
374
621
130
10
135
138
12
620
496
252
15
269
631
503
629
632
511
22
145
140
267
383
390
144
21
626
507
389
506
143
385
624
509
20
141
266
261
23
265
263
391
522
33
38
273
636
639
394
401
32
517
155
156
150
400
641
642
36
157
35
520
393
271
518
37
39
637
274
34
398
515
44
651
524
43
530
646
653
161
46
165
283
403
280
49
168
48
643
42
645
527
411
644
45
648
529
40
163
531
410
41
661
656
413
412
292
416
175
658
176
657
535
297
291
534
171
170
179
536
542
299
662
173
540
53
533
539
290
419
420
172
174
67
307
669
428
310
665
305
180
182
63
189
186
423
187
66
667
426
69
550
431
427
422
61
311
544
185
304
552
664
302
301
191
79
683
74
558
435
675
195
554
557
681
678
432
316
314
439
315
199
679
434
559
190
198
319
72
676
197
317
312
321
565
81
330
689
88
201
690
84
328
452
447
206
693
684
691
83
86
87
564
451
89
443
80
82
688
568
209
207
687
570
577
332
702
95
94
217
99
701
338
219
211
215
337
461
210
458
459
573
574
462
455
694
695
91
703
460
700
339
340
576
108
583
587
223
107
104
342
463
224
711
229
103
347
101
225
100
228
593
464
586
467
708
706
713
591
222
466
710
349
351
596
235
477
230
355
722
354
717
112
111
357
232
361
600
353
352
594
595
481
482
238
358
360
597
719
479
474
599
231
715
