486
370
127
7
367
9
489
120
603
608
249
246
6
4
605
491
1
8
369
126
128
371
485
245
242
123
248
122
606
610
253
15
133
501
374
381
372
259
617
17
18
621
139
377
130
132
373
613
138
502
11
16
12
498
254
10
380
255
616
496
141
387
268
624
22
631
629
506
626
628
382
511
510
269
144
262
383
260
23
145
140
27
390
508
507
386
391
146
24
147
639
36
34
35
394
521
155
634
272
633
30
274
38
522
514
270
159
39
519
393
156
157
392
516
396
277
635
158
400
513
527
646
645
649
643
44
288
165
40
164
408
409
169
530
49
47
644
160
41
161
42
647
289
287
653
285
163
406
529
523
658
533
539
663
50
659
300
538
657
51
420
418
59
298
536
179
54
294
534
295
299
52
178
537
57
413
175
540
542
661
415
181
672
62
188
306
69
310
551
429
189
544
666
423
301
427
545
63
668
183
428
425
302
670
431
664
550
549
430
422
671
305
318
560
321
557
680
438
561
674
191
78
193
319
678
77
432
72
199
681
683
440
74
677
79
682
435
197
676
555
313
73
84
563
565
201
204
450
331
324
449
687
87
206
202
88
323
209
81
691
83
86
327
693
200
328
443
685
89
570
447
203
338
457
218
576
700
696
97
697
94
456
701
99
340
210
214
582
462
213
219
578
211
577
453
579
341
95
698
580
335
694
471
470
710
583
586
589
592
713
349
472
229
593
224
103
464
591
225
109
466
108
708
707
705
105
467
100
106
101
711
220
594
361
353
235
476
480
714
118
599
360
600
110
238
115
479
112
355
720
482
598
722
475
715
721
116
596
352
474
359
719
