249
244
603
8
248
128
609
606
369
367
126
608
127
124
489
243
123
492
3
611
120
486
490
366
7
242
364
485
240
362
13
617
254
255
258
380
133
373
250
616
132
135
136
501
15
19
134
494
499
614
376
493
372
377
12
497
381
620
498
138
508
148
25
382
266
28
269
625
506
389
27
143
627
142
629
149
24
141
504
509
267
623
626
507
385
29
387
147
23
512
276
155
399
513
277
151
37
642
154
519
159
520
278
638
156
639
395
641
393
38
516
517
273
518
521
635
272
35
636
401
411
281
408
643
406
41
287
161
164
407
532
160
42
168
647
162
40
527
402
285
526
529
404
409
46
282
289
169
523
650
658
291
172
174
56
52
57
297
538
178
179
294
541
59
661
416
295
298
412
51
415
293
419
58
654
53
414
662
535
175
420
185
64
187
189
429
425
311
670
423
546
552
431
548
308
184
666
186
547
305
68
665
550
66
427
67
180
302
60
424
63
549
439
438
315
553
321
318
312
76
78
73
72
441
434
558
195
197
680
319
79
194
314
198
436
75
77
313
675
681
555
70
565
684
88
329
442
206
202
85
331
451
323
209
444
86
571
327
569
568
84
446
83
689
328
82
690
567
692
572
200
570
457
334
91
454
453
213
456
97
702
335
93
581
90
460
576
332
214
459
699
336
696
455
219
461
212
694
458
578
340
218
705
229
467
224
708
591
463
351
586
349
343
103
225
710
712
348
220
109
226
588
346
470
704
706
471
711
592
466
472
709
235
480
238
353
116
231
594
597
479
715
237
239
481
719
717
595
355
233
475
117
358
357
359
111
600
722
718
119
478
601
