362
369
610
122
6
603
483
611
485
126
609
242
245
3
492
365
1
125
246
241
123
121
9
120
489
243
248
367
7
607
253
12
500
619
250
621
257
494
497
130
373
133
615
502
14
499
132
11
17
379
256
19
618
380
493
501
10
252
620
616
265
631
383
148
391
25
629
24
623
263
624
143
504
506
267
145
508
632
511
140
510
22
384
264
147
382
509
21
27
28
398
154
34
396
394
31
521
270
517
157
276
395
35
637
30
520
39
522
392
33
151
401
37
642
519
32
518
633
634
635
408
168
162
650
523
289
643
47
411
165
160
645
286
283
407
527
406
652
404
169
644
529
402
282
525
46
41
48
649
44
56
296
541
173
661
290
52
538
415
533
172
418
420
293
539
176
54
537
417
659
416
542
53
57
51
657
655
291
534
414
656
430
673
664
426
310
181
547
308
429
424
62
66
546
305
309
422
548
670
180
304
183
667
68
187
302
428
551
549
301
303
184
553
197
78
433
312
196
676
555
441
439
191
199
198
320
79
193
437
682
558
195
683
681
314
317
74
194
679
73
77
557
81
450
687
447
689
325
565
209
84
206
443
451
80
442
685
569
327
331
568
445
688
323
82
204
452
330
563
87
446
691
699
703
460
92
459
453
696
579
701
215
580
457
456
458
216
573
575
214
461
97
218
695
96
574
95
694
332
462
340
700
103
228
707
227
344
710
343
583
224
469
593
226
587
704
347
109
466
591
713
229
100
463
106
350
351
472
711
223
342
592
720
361
112
110
481
715
230
238
723
596
233
474
719
358
478
114
600
599
352
231
119
716
597
595
360
234
115
117
475
477
