20
100
462
5
451
64
108
23
408
115
476
60
11
93
3
477
80
412
393
44
70
418
111
399
77
24
90
96
15
498
118
121
439
87
466
402
392
40
66
18
89
8
494
375
445
6
69
401
398
47
26
420
473
105
51
416
16
387
456
485
459
35
460
384
10
453
116
49
447
426
14
54
471
440
31
424
449
414
429
405
94
58
430
7
63
46
496
474
403
468
390
463
432
112
53
422
396
114
106
380
2
435
82
438
433
486
417
450
73
22
487
385
39
467
36
411
117
475
42
29
110
454
122
376
442
134
534
145
150
501
576
594
620
505
617
180
215
169
560
161
572
166
578
208
607
538
172
135
177
512
183
507
175
526
223
217
157
515
598
224
573
548
203
190
537
218
225
130
139
198
155
197
126
195
597
517
241
194
624
240
162
158
585
564
502
159
562
582
163
556
185
243
589
174
227
525
125
129
577
167
586
590
595
522
173
504
552
596
531
565
509
242
209
152
591
535
231
606
236
184
583
574
237
127
602
554
206
170
587
600
539
516
131
214
239
233
547
588
168
540
138
146
207
510
593
622
221
247
603
614
701
273
681
727
687
350
731
286
321
725
634
251
294
660
268
746
330
686
734
631
732
743
643
339
741
662
737
308
671
704
370
364
331
327
358
315
311
715
735
749
372
723
262
708
334
747
305
706
669
646
329
301
651
627
306
684
640
654
652
716
259
333
629
344
702
356
352
365
345
341
707
343
360
717
257
272
744
274
705
267
712
636
655
693
366
633
367
304
635
666
637
277
663
679
307
310
275
314
335
632
700
650
298
628
648
739
312
353
683
299
694
318
720
328
638
661
711
695
369
260
719
657
362
647
676
