465
423
115
435
50
81
103
108
473
74
48
56
475
411
380
39
441
410
400
446
391
90
82
376
417
24
40
401
47
437
112
447
33
0
439
41
497
123
393
118
452
3
413
6
450
489
88
467
25
12
44
466
490
18
57
95
438
4
110
58
377
9
375
17
49
479
398
71
420
421
407
429
499
483
55
30
408
109
97
63
91
484
65
122
45
34
1
487
488
458
10
62
60
94
469
471
119
87
451
61
43
390
80
457
415
453
384
96
116
442
31
481
404
399
37
426
27
2
77
121
459
474
46
16
378
232
614
601
239
501
547
149
213
605
541
589
242
176
154
598
578
551
223
593
200
150
544
559
596
173
549
531
126
617
517
163
587
621
172
240
508
222
145
131
136
538
133
554
594
514
591
590
153
206
599
504
125
208
230
199
216
185
235
521
146
518
155
581
157
583
516
135
558
148
158
151
522
525
194
189
564
248
228
520
202
610
612
236
568
184
585
623
566
555
143
177
557
249
615
219
171
156
509
168
209
588
140
127
510
162
229
212
128
244
165
580
205
539
523
512
540
141
602
246
187
533
624
600
164
175
682
677
340
312
303
266
333
294
323
270
256
678
708
687
692
264
732
349
646
632
674
696
679
315
363
257
656
316
339
355
636
675
721
733
714
269
250
322
293
251
637
275
647
319
300
722
326
263
255
707
288
334
715
689
343
299
631
292
643
709
254
286
741
713
268
669
367
635
683
280
332
321
694
335
651
305
276
670
700
313
627
279
730
283
295
285
302
749
262
725
742
688
717
628
289
676
354
307
314
320
698
639
724
301
734
638
727
655
693
645
654
290
374
351
658
358
657
630
668
328
640
330
272
701
306
