484
452
19
15
25
398
443
40
462
450
112
394
124
77
408
387
0
13
498
487
464
418
409
48
84
494
492
453
496
451
404
64
14
410
447
68
469
380
26
467
489
435
76
402
63
29
422
468
78
441
431
482
480
415
416
486
51
429
479
483
405
454
396
108
11
476
401
54
72
386
91
485
375
122
5
406
69
121
99
448
47
434
445
22
376
377
419
71
436
446
16
103
102
428
2
421
397
400
411
53
440
88
62
31
49
81
111
466
66
104
83
499
30
490
407
58
17
93
61
113
101
388
426
79
52
575
594
183
572
580
566
504
615
134
510
131
156
532
195
206
128
601
130
568
596
220
577
595
230
125
590
589
192
213
157
202
199
624
160
511
611
227
241
218
552
527
142
549
518
144
162
154
571
215
147
244
174
214
163
600
505
228
177
150
135
501
229
198
519
225
212
221
614
551
581
508
186
547
540
562
193
603
187
515
546
545
538
235
185
247
146
168
180
236
522
612
169
564
573
167
223
207
597
550
209
217
604
576
201
178
184
182
517
524
503
226
607
191
243
548
570
605
622
237
618
587
173
554
204
593
344
311
709
715
747
631
678
637
351
642
718
728
255
283
348
677
373
644
345
290
324
320
698
632
267
708
676
711
367
360
704
714
252
357
653
286
689
683
626
269
371
350
667
643
720
317
628
629
734
325
331
740
745
673
301
625
670
330
742
339
694
258
744
663
636
682
692
321
374
270
318
691
327
346
668
292
730
674
349
354
688
671
366
343
640
341
284
259
306
705
293
316
679
717
363
353
649
257
281
627
347
703
724
699
266
669
300
721
361
666
710
660
713
687
342
662
279
305
634
262
295
372
633
365
741
