58
13
121
28
460
102
399
432
34
90
91
119
77
426
417
469
66
418
104
92
47
433
81
62
112
100
454
499
462
20
382
439
488
103
72
465
404
497
484
466
0
53
124
429
495
73
5
21
59
1
383
122
98
405
483
400
80
384
389
470
44
109
63
480
431
416
481
50
424
87
46
120
64
89
95
96
425
438
492
419
421
489
428
11
475
467
39
111
414
76
67
31
393
74
385
409
12
51
415
65
55
117
443
108
472
106
84
85
45
379
446
2
97
402
29
23
477
427
35
493
116
434
420
397
451
220
181
246
510
154
564
562
547
156
617
594
512
211
578
188
576
550
240
613
182
514
612
239
505
504
541
570
548
577
135
520
148
138
241
557
549
199
531
142
595
618
518
525
566
139
516
160
511
502
523
128
528
588
582
219
167
580
177
242
245
608
563
127
221
551
194
543
171
141
196
185
131
126
522
249
542
554
560
515
174
172
569
222
166
581
231
215
193
216
209
137
506
227
517
615
624
601
540
561
159
620
623
129
529
605
203
197
180
201
559
217
144
176
583
206
616
592
134
544
210
556
192
132
513
140
638
319
699
343
260
694
268
748
707
264
342
290
673
726
369
305
269
729
328
353
366
306
717
256
286
640
642
633
272
632
716
711
746
360
291
362
340
372
336
663
308
257
314
370
695
732
723
683
657
639
289
710
368
255
679
334
299
666
712
318
337
719
330
643
359
367
307
697
678
261
259
628
662
676
323
745
677
744
280
738
690
316
644
682
251
645
346
294
288
263
354
702
684
692
728
295
749
335
266
739
277
374
725
706
727
647
327
681
631
734
650
344
311
686
250
331
671
713
708
680
338
672
258
688
350
