307
332
353
14
313
9
314
301
339
327
303
357
12
361
311
23
346
29
320
338
3
4
360
342
20
329
363
366
359
317
981
996
995
980
964
273
270
987
957
293
934
930
292
943
942
992
998
965
281
991
951
277
299
959
290
994
933
999
280
969
399
402
416
429
38
370
408
427
437
39
374
394
41
49
426
386
33
392
428
46
398
37
391
375
43
421
42
57
397
396
503
450
474
67
479
81
480
494
476
64
440
76
500
87
60
477
72
481
65
469
78
468
483
470
505
68
508
463
499
449
536
576
119
90
540
516
538
552
545
103
527
97
116
554
528
563
99
115
541
112
530
573
108
513
575
100
578
556
107
525
132
630
623
598
589
615
122
632
143
586
614
130
141
594
649
131
592
593
591
624
641
149
612
581
637
621
585
613
622
635
710
708
658
691
703
667
661
164
650
177
711
159
704
676
699
668
706
651
714
666
160
716
171
657
654
702
718
695
678
673
762
184
723
206
778
181
788
772
789
754
191
749
739
736
784
201
775
740
742
743
755
769
779
735
200
726
773
187
183
205
229
804
232
845
848
817
830
831
838
853
808
852
236
850
813
791
795
837
793
851
839
803
835
809
843
221
844
215
814
854
883
911
862
914
916
873
245
889
269
898
890
906
255
243
920
256
919
265
912
907
887
249
886
863
860
922
260
875
905
253
