323
317
313
324
303
318
0
12
314
361
2
365
346
1
344
4
357
349
6
364
23
360
367
20
310
300
351
16
322
353
983
969
963
996
977
960
940
971
984
990
958
995
936
282
952
997
942
299
933
274
270
981
939
295
287
294
277
288
284
982
59
45
381
41
415
432
421
385
53
58
56
438
370
386
31
49
43
383
431
46
409
408
387
403
437
390
380
372
434
414
453
61
81
80
443
460
495
479
71
74
446
440
66
459
461
65
489
503
464
84
488
480
445
458
507
470
64
472
474
76
574
566
93
552
573
575
570
545
518
534
569
563
114
119
565
559
103
524
115
533
531
515
106
550
91
528
556
551
520
577
590
128
589
611
630
615
138
146
121
132
612
599
618
127
606
622
139
614
123
648
603
643
594
149
632
616
620
600
601
120
168
713
686
667
150
711
654
705
657
703
715
152
662
683
177
709
175
170
155
658
161
157
656
692
717
696
668
672
156
166
204
744
190
759
760
774
196
788
751
732
764
180
775
769
782
188
733
742
781
189
757
776
725
777
761
740
763
779
207
749
804
221
236
831
852
211
219
850
843
851
829
823
800
818
840
213
235
820
842
844
814
795
791
859
227
210
216
801
222
837
913
907
877
876
911
918
892
869
868
909
243
871
908
255
904
901
899
928
246
249
268
915
256
263
882
886
252
264
894
883
