1484
2616
995
3341
1664
4298
3825
3317
2483
685
2153
792
3560
2544
3680
2455
2842
22
4175
2263
2151
2020
1654
236
3525
809
607
1867
1060
268
2936
181
4427
2871
10
1162
2397
3434
2607
2005
2475
3143
565
3864
3565
965
3331
856
2302
1122
522
45
4212
1276
1112
1261
4189
3903
42
2946
1572
3366
4259
825
3115
223
2595
4220
3176
1679
231
3824
1779
2259
3726
1395
744
698
2604
3762
1134
3941
1003
789
3006
644
2379
86
998
3273
1965
116
1526
205
4169
4364
152
602
4102
611
4024
3062
3781
935
3655
4263
3827
3238
4158
3130
4240
1453
3977
764
3574
1666
3789
3458
3678
4082
422
1877
2631
4097
192
4306
551
2793
639
1919
3888
3770
4051
402
3211
3370
1227
2221
2471
395
904
4139
4206
4239
3497
2367
3826
2061
4410
3758
2163
916
1909
3599
4365
2174
3166
1825
3027
2819
3264
1638
2160
3610
1947
2740
2154
155
1125
1305
2076
332
2756
3830
2655
4369
2282
480
649
1156
3475
3159
3367
2639
477
760
3043
4137
906
312
793
175
679
313
1787
4353
3301
110
3533
1424
706
944
2874
1876
3196
1794
879
3022
1920
1824
3319
2648
2034
1422
4287
3530
2416
2571
461
1931
2339
2147
4072
2171
2973
4358
1636
2502
2381
997
2261
1178
1803
812
2186
1315
4076
500
1091
1690
871
3978
3342
4133
915
2119
129
4330
2940
357
243
3
1856
1804
4308
1151
4336
2987
3419
1344
3814
330
2800
209
3793
585
1012
4011
487
3071
1898
2671
2059
3060
1018
1002
1583
1283
1011
2398
4041
4116
4069
2570
276
1366
1382
1688
1880
1029
1608
2314
349
728
1569
509
1473
920
3243
4128
2726
3755
2199
3930
1330
2444
2894
4056
3786
3150
1904
3885
473
3960
2848
3747
4095
1485
393
3399
3536
1617
3097
1668
3248
3332
1968
1189
727
3251
2922
643
3555
2677
3406
4033
3996
126
3584
4215
1297
2311
4067
2353
4276
310
1008
3943
2295
769
2854
1518
766
1387
119
1455
708
1136
2958
2560
910
2760
2331
2245
2698
1870
3207
2896
689
2255
4231
1552
3309
996
2205
2719
51
909
3731
4002
729
2467
1043
3741
988
3468
945
914
3164
1458
90
3355
3592
888
3187
2680
2038
1805
94
454
2069
654
1772
1533
4196
50
1620
4227
3255
165
256
556
1328
950
3051
3545
3064
767
296
4462
3471
2395
3336
3026
1286
3774
2425
1450
2292
2384
567
2515
2140
4006
1388
3387
1496
3442
2556
4384
4426
4295
2356
899
1716
2562
3492
2206
1635
4446
1729
3214
1607
1410
496
3860
3964
2693
1116
2767
1784
3267
696
2705
4029
3753
2941
324
1477
1223
2013
4182
2883
3820
1050
2229
1103
1671
1778
3905
3666
1632
1319
3344
1
1465
4122
1149
2783
783
631
1080
1558
3586
3231
3622
2592
1783
71
2447
457
4292
282
4160
1230
1864
3523
2075
4144
1888
3761
4161
884
2204
4350
2947
3505
3861
1448
539
4248
250
2243
3840
2251
816
768
4046
2408
2468
2672
4129
4167
1419
199
2555
3894
1521
234
148
2298
1954
2545
2845
331
773
578
2577
3269
550
1574
1577
2675
1775
425
4402
3178
3882
3013
406
2714
2266
3500
1889
410
3224
3602
3783
3197
1463
2996
3249
172
1660
92
89
1983
3001
648
4278
2644
4425
2126
702
4311
1062
206
2403
1406
3754
2508
1411
842
2557
1224
125
4440
305
919
1147
1024
3650
3550
934
3066
3927
932
2720
1735
3535
1486
1547
1234
1854
2531
2473
2109
1747
4334
862
2825
35
2364
1300
4213
3788
1537
3644
3223
467
2966
1069
3651
3940
2411
4230
3934
3096
4322
1886
1232
2202
4208
2124
853
262
1978
1051
2938
258
3476
3401
2898
947
501
1081
4316
1585
4054
1318
4005
1698
361
1769
382
951
3453
3388
1457
43
1281
2687
1073
2082
1418
183
851
1942
3373
4271
15
353
3912
4013
1097
1674
3477
1941
3663
993
2660
2829
4038
1746
1417
1556
2238
3547
843
2647
1177
4424
2988
3177
2806
72
2486
2514
894
671
1385
269
1633
6
612
846
476
1606
3659
394
3389
427
1742
3350
1306
3581
3215
3034
2134
2067
4021
1032
4009
1413
1786
593
1841
1944
2249
1646
2062
2409
3908
1326
2418
623
3863
1314
2216
605
1819
3024
85
2060
507
838
4272
1107
4112
2873
1445
4374
2628
3073
3291
1986
38
1709
2312
1019
25
414
1728
864
958
3359
299
1615
75
4177
1393
2530
151
3141
4367
298
2354
573
557
1621
1130
23
1245
2953
1072
2950
2752
2453
1616
2195
3101
3146
1353
1226
4214
970
4100
1044
2702
3347
2712
1628
460
4419
61
1237
4218
1846
3431
647
277
3473
4415
1287
3055
1121
3040
1737
4107
546
3321
2137
3984
852
1504
3576
1310
3136
4422
2146
2697
1329
464
1454
2265
2080
3946
1984
2623
1850
2297
2907
3528
528
1689
1360
562
1591
233
2087
2320
2734
4111
2795
1015
1291
4371
1933
3288
1292
1088
1293
4198
1425
1007
1719
3628
3969
2511
3483
600
411
3965
1046
2310
2218
1193
1158
2288
2326
1704
881
3510
1038
3293
254
