3371
415
892
3002
1859
1572
2519
3648
3653
1953
998
45
4062
1508
1404
922
3303
2684
4266
4261
2871
1127
739
847
3705
2658
2689
3739
3143
4236
474
2607
534
3053
2696
3450
397
4147
4283
2912
1401
3733
1290
1261
1981
2814
3748
1030
1851
2804
3157
3458
404
1402
1484
2541
1395
644
1927
611
1372
1139
3560
4102
3312
3124
1614
3752
3353
984
3511
800
4296
3412
1693
246
2337
4416
2040
1960
2649
74
392
995
4445
2151
2652
897
3827
4025
116
3627
3674
3688
3434
1394
1462
205
3762
3007
2291
1339
809
717
1494
3607
1134
2758
377
3789
2916
1726
1965
2005
1561
187
3881
2569
2550
4297
522
1897
3795
2954
1796
568
2282
402
2340
3608
4305
3396
4206
937
3322
332
14
3640
3252
687
3027
153
229
2154
675
2523
3756
251
810
2655
4096
1874
2176
1712
2549
3235
3816
3319
931
1118
2081
544
4139
1703
1727
249
3264
1573
1667
1055
2817
906
2478
2774
760
821
2579
2654
2857
220
317
584
3953
3612
3530
456
1876
876
1834
2174
3610
3939
192
1782
174
2272
1449
2798
2063
3148
2867
4072
2108
313
1651
1824
2737
751
836
3016
3240
3516
1919
736
1185
1599
110
2881
2639
2626
3230
2573
1061
590
395
1969
3826
3971
3974
1906
2436
440
2112
3930
1861
1344
2969
2382
1856
2869
349
3480
1688
3784
3524
1163
3474
920
3342
1752
263
472
3767
1791
340
3449
2532
3328
2482
2692
1934
3559
959
2982
661
3836
887
3056
645
3429
2753
96
3993
4011
60
1662
3089
520
412
463
2733
1569
2186
4131
1431
3088
2193
777
1917
1624
3947
3183
3168
500
1373
728
2615
449
3
3960
1881
3251
3018
1113
1505
1244
4170
3104
827
2003
2213
3208
3942
1011
3169
12
4088
1999
188
3681
1509
963
946
1673
3399
2570
3440
3536
3744
1855
2352
1528
3897
2246
2225
1873
2296
2566
2561
1085
2899
4426
3665
4153
207
2698
2065
2245
2719
3848
2614
260
1328
3047
3128
2467
3140
3207
203
3768
914
2517
4039
4141
1672
766
1256
1539
4078
1542
1514
3465
2105
444
693
2384
4059
1548
2765
1199
3387
3996
387
3843
1020
316
3639
1557
2264
1892
3933
4276
2809
1455
1998
272
1442
334
1691
3471
3774
113
342
1950
3790
1734
3313
2361
549
711
325
348
4184
2185
3631
3355
3070
1379
2560
2716
730
2854
1026
2920
1682
1412
1764
2324
1913
4050
2183
2466
4044
817
3078
3916
4
3190
1135
454
3324
1316
3468
3415
3817
2860
490
2956
2
193
3214
4046
2624
4219
1407
3804
3834
4144
1351
451
2047
2204
3290
1456
275
1080
2127
1775
2682
2845
690
4350
3982
2488
3879
1951
2789
1106
1067
2780
3344
3493
631
3617
2597
3102
3905
44
122
3820
3500
1513
3249
1761
2876
926
1888
4226
502
3267
651
1370
3620
1039
2694
695
539
2980
1319
1771
308
1448
1889
2182
2167
2013
3604
177
278
172
3386
3390
406
1506
4304
3213
2577
3625
3307
2749
3271
3964
148
4077
292
1532
99
3539
1784
1477
957
624
3044
1671
4252
1397
1520
1157
2891
1334
2767
1659
1778
2228
3448
688
4351
3613
2725
2856
3656
1521
1149
2206
40
3918
1551
118
2751
2947
2027
3602
2243
361
969
632
2464
4080
242
4225
2531
3515
4208
947
2257
465
1938
483
1437
3517
4022
1626
630
1481
932
4004
2926
2735
2885
2728
1916
2126
3019
4245
3788
1650
3870
3580
2341
2055
3001
2056
1056
4432
1483
2275
2424
1903
4052
2641
1711
3951
3063
4315
2372
1213
2109
2033
4136
219
863
485
3236
2563
3940
703
2645
1860
778
2508
1585
3702
343
2403
2635
3934
4005
938
3117
504
934
4460
3722
2029
1495
1648
1701
1069
2501
1235
1200
3397
3986
2414
83
1511
4104
15
1350
1744
17
131
265
43
364
3014
2670
3992
4003
4354
595
89
125
1486
1837
2011
2713
563
2711
1045
2459
1741
2662
3618
3849
3024
846
1019
3632
1622
1606
481
2905
1839
2078
4038
1847
1314
4134
4392
1713
3686
427
1432
3611
3119
2062
434
426
1786
2806
3389
1000
2630
3937
4106
414
1709
2539
538
4279
2960
2647
1445
1503
1613
4328
170
3543
1245
72
967
2608
1728
507
2066
1129
658
3217
1032
1306
269
2524
2373
2495
270
3564
3778
329
2031
4370
2838
1446
158
2784
4086
3949
1478
1177
1268
4112
3558
3204
3605
3704
3029
416
1299
1792
3664
1229
394
374
586
657
1640
2236
3184
2583
2089
2650
1365
4021
1386
372
287
4337
254
749
521
1193
1848
2906
1706
3101
2651
2791
3219
2889
554
2691
2934
2686
2567
2456
2410
1158
1251
1057
2037
1836
407
2986
3040
3782
3182
518
1731
4395
452
1754
2321
2344
2333
2247
2117
2469
32
2525
4344
546
1367
2265
1195
3831
844
2422
1329
1071
224
4469
2087
1472
3035
3984
606
532
820
4291
756
1265
2785
1035
3137
4125
866
3518
4293
2019
697
1094
3416
1630
195
4111
1138
2656
1119
4341
1001
787
1148
3381
2730
1288
4191
2085
3265
664
1175
1566
388
1044
1582
1928
1064
