504
91
1525
1533
1772
1607
359
866
888
123
124
979
1683
1882
112
1964
823
1083
471
2111
2228
531
2183
1516
1411
895
80
937
889
1023
1389
2150
1062
854
90
2198
1870
188
798
29
580
541
783
852
746
233
2191
38
519
565
212
502
2055
1573
1932
800
1325
295
762
911
1403
948
2232
264
1339
1892
1497
1615
928
972
1855
1863
1372
2133
1715
639
453
1925
368
1883
103
625
2040
400
325
1454
1352
218
818
257
867
2001
1999
1917
753
292
1663
1644
1380
104
1588
178
318
564
1568
382
1777
416
1517
1353
1177
1495
891
1181
47
1501
277
1648
208
609
9
1038
1263
101
2020
604
715
808
554
1651
1315
2134
2078
1829
670
1425
1591
238
2011
1361
1957
772
1071
17
1602
954
1220
1429
33
1500
1532
2022
936
2211
354
1262
797
1969
1542
2154
514
722
847
1949
1700
748
1289
1794
1623
167
894
134
2145
79
63
215
1281
177
1590
1437
42
1976
574
1087
410
125
147
965
1309
1538
1643
1225
1155
1574
1946
136
2155
719
1421
224
