940
30
511
806
154
1202
433
736
1938
1158
734
1572
451
1549
1739
872
544
540
1323
1077
479
1557
1314
1222
1973
744
1329
2121
1199
2152
552
11
1165
830
473
227
1316
1798
839
419
669
1827
792
2115
1448
1573
84
2227
505
1312
1512
1325
229
1346
1000
1802
460
1616
1406
1153
1460
1580
1937
1567
187
1818
928
1488
1749
1383
1615
1030
1096
1551
67
1569
1426
1690
94
121
639
1318
352
404
2114
1128
1626
1948
1168
203
2144
591
372
326
1544
467
1278
1214
1363
321
427
382
562
483
1195
1255
1871
6
1645
2014
1254
786
332
1900
1666
1475
1365
961
1910
604
1345
1031
1501
714
1947
1479
1384
261
1418
1651
675
1983
1911
1320
1024
739
575
2126
1982
2224
2046
1338
245
1386
350
735
2204
395
538
1728
514
1532
1499
515
1292
1152
1708
27
1912
1612
391
409
1662
280
1646
1560
1782
1578
1360
274
2084
894
1264
1933
957
521
2175
1400
559
403
512
1623
2174
306
1740
1869
89
1963
988
1671
1570
1173
1523
2153
2000
826
2034
126
1984
1875
