1679
1601
712
123
1271
2028
219
1179
866
1366
152
2060
504
2073
2178
1442
345
527
1141
1793
20
796
1083
1880
2140
1382
757
1830
1062
371
666
1043
1987
1023
1940
1316
686
388
26
341
2087
2186
2227
896
460
647
833
1119
839
1879
62
1102
212
1412
1076
783
1033
1129
1567
1837
2089
572
440
1415
347
302
1693
635
1848
1768
1637
2225
1673
1056
2062
1196
2137
526
1359
767
1318
1303
398
463
432
1948
899
1555
1626
1726
1259
1706
467
226
1138
122
980
276
1767
604
1619
2109
1431
1040
234
609
1335
1301
1399
2120
2054
1364
2092
909
120
407
1989
427
1563
2215
714
536
694
2029
1299
2082
1972
539
1154
759
1891
1116
715
1227
452
548
739
1895
1753
1099
1060
720
1856
1696
115
279
106
860
33
2086
370
133
1327
2162
2074
354
991
1262
1969
146
387
1718
175
1595
678
413
2050
1646
169
1021
801
2091
1216
2047
773
125
1281
2157
942
1348
2063
2188
1578
975
1289
748
1108
696
704
497
410
844
1976
1267
1240
2076
1432
199
13
921
