1223
433
359
1723
727
239
712
2100
511
161
123
2072
590
1799
1160
741
1549
1814
1785
1073
1576
1896
1791
1885
1314
475
1940
2064
1968
2241
1443
1553
937
1329
710
227
2193
2189
1137
197
447
1276
852
647
84
233
505
729
388
594
1119
1669
798
1150
1870
1076
874
1681
2019
87
28
105
1686
596
1394
2232
646
486
1487
843
1488
622
569
2027
352
1032
1927
846
1490
1058
2067
876
668
1795
1673
365
1889
218
634
1349
2123
1168
884
2110
1130
1726
573
2001
1045
6
1522
2020
269
2029
995
786
1897
1876
1166
446
1797
1517
2105
1950
714
1132
1777
1012
1831
941
416
765
120
1653
2165
1698
2096
1829
183
1562
1779
1136
2033
1154
1320
755
1609
1651
472
1338
1015
245
1099
2088
1287
520
33
860
2204
1324
787
880
1499
549
1061
437
480
1649
1769
314
703
643
811
952
894
1246
561
1707
1180
877
711
1437
934
285
439
1131
1593
1498
259
1241
1515
1298
682
1333
773
334
1872
1646
1367
125
2061
46
1632
862
1240
1293
1586
2155
902
2034
