932
1198
5
2132
1158
239
560
1938
940
656
1572
727
152
1077
282
1785
2056
1186
313
1751
450
192
2111
2202
1025
849
1631
1023
1682
645
1685
761
1633
228
2052
746
22
1150
1512
1209
14
594
8
1669
1802
502
1313
1445
2227
896
1624
50
26
1573
676
1393
247
1266
1616
1414
390
1505
420
550
1863
950
1837
948
1637
40
911
1818
482
981
2219
602
1328
692
1971
1236
2062
1927
897
2137
1902
300
2110
276
651
1121
634
1402
2181
610
2004
612
1037
166
591
446
1249
2120
2071
138
1430
273
399
172
426
1112
2173
1088
246
562
397
1530
662
1819
536
1868
1568
961
1966
1897
743
289
1651
755
535
2245
554
1347
2006
2197
1140
1727
60
790
2098
726
529
265
2011
859
324
1244
1434
802
1834
1220
357
820
2211
848
316
437
205
370
1433
1327
991
523
1457
444
1173
1842
311
894
1419
1605
263
2153
1304
403
960
1298
2142
215
537
522
1590
1273
678
362
285
862
249
697
2156
194
1288
271
95
855
1378
672
1308
244
1350
2155
