1341
253
5
2028
408
632
1789
451
1158
725
987
940
1120
1413
1516
1103
1672
1964
2010
2202
2042
1531
1576
1647
1235
2166
498
1981
1674
1825
1492
666
1631
764
1311
25
519
2041
1150
1932
1579
1445
26
1209
284
1676
287
929
491
839
145
1233
827
460
2227
1954
1821
211
762
28
2231
972
1913
2080
2143
685
1266
1428
1888
1075
939
1580
1824
2044
926
352
1303
1761
1376
1374
1995
2217
1667
1385
876
1774
1493
1161
43
1352
477
1454
1813
1390
21
226
2163
1788
203
1484
1876
1431
2168
1536
349
429
652
172
1068
2120
1113
1195
1373
230
427
318
381
1989
1522
1993
1648
1038
1399
718
1016
383
1435
2032
539
790
2234
1687
189
1140
1354
1528
670
808
1905
794
1634
1920
793
2238
1952
1816
457
860
1429
1074
873
2162
480
999
654
316
1059
832
2138
303
1649
263
1684
583
1482
574
1298
168
1933
1515
945
176
1367
1288
1013
177
1483
182
595
296
1081
409
1552
2106
95
1929
773
975
1474
2230
1356
1212
343
403
1295
1561
126
826
2128
2090
