1120
736
2083
1601
23
688
2028
1704
253
1477
337
124
2222
165
1170
1737
1025
1977
2010
2007
969
723
1739
2196
1785
290
1688
1334
2235
1886
1830
206
763
228
661
38
833
1325
929
26
1573
2055
2160
1226
198
565
447
197
1185
195
438
1802
2186
110
1000
2170
1453
1242
2237
1937
928
1505
1592
486
445
214
614
1749
1818
843
1689
572
1473
1951
821
2068
2219
196
625
96
400
432
1926
2158
240
2099
21
578
2144
1352
1111
994
292
1810
1948
651
2094
2001
1917
234
172
364
1041
570
181
230
204
1299
693
2173
1680
2002
1513
1112
1703
283
1563
2168
1301
1404
1648
576
1321
1943
1114
1249
808
1024
2197
1107
675
1408
1227
539
700
1297
102
1028
149
2098
53
864
1988
464
1558
1139
1070
139
1163
2130
1145
1401
2154
514
1754
2117
387
376
495
2017
1499
523
2097
2061
1933
615
1506
1419
583
1783
125
167
998
1978
1464
844
1118
1189
1899
1949
537
95
140
1456
268
243
1575
85
448
722
2129
1483
1684
546
1469
1308
2000
921
2148
2031
