251
1022
2024
736
770
1039
162
451
734
1271
987
725
239
1625
1763
875
927
1964
2178
1123
2244
1882
170
1462
1751
2166
983
1319
1771
2223
1787
1062
2121
905
1968
594
8
380
38
1661
221
198
1453
163
1695
2194
2189
1226
84
1669
1717
1233
227
470
1185
1618
637
1768
1251
2164
317
1637
1616
646
342
879
1846
1488
1681
185
1689
2237
2133
1761
1853
938
1667
256
738
202
821
716
1690
835
1494
814
1644
1422
2004
2195
1084
1658
1873
1584
2119
372
994
449
1670
1054
1321
1610
222
2116
318
2014
1181
2082
2173
418
1459
120
1900
810
714
1041
2208
1399
1195
1777
1301
1373
273
2146
564
1012
82
69
1184
402
670
1909
1860
261
2032
238
581
108
2088
1952
1060
1996
912
1766
1139
1229
1834
1324
1220
16
848
160
1433
1476
936
146
820
1322
1499
2074
376
140
1307
934
1483
2013
1523
270
225
1559
1216
334
722
243
1219
1081
1183
288
215
809
167
444
559
1368
946
285
1482
1048
1248
558
1538
841
2091
134
2113
136
1269
577
2090
1469
