2060
1723
1375
866
940
932
712
734
23
725
795
1410
1704
1732
1664
207
2196
1627
875
1973
165
1098
887
823
2202
1815
1319
11
414
90
1126
1825
338
710
1599
247
2191
839
676
419
869
760
84
2189
360
1445
798
1657
886
1802
626
1243
833
1573
50
746
2193
2237
1913
190
185
302
572
1174
1863
1855
1011
1580
1383
367
378
390
774
1864
1971
386
153
1318
1468
2043
1795
568
1673
1951
1247
1873
1168
1349
1046
1663
257
1654
1726
1600
422
2195
213
591
2249
582
382
786
1177
1040
272
1041
1513
15
728
694
236
1484
101
172
1710
289
1522
246
1082
1648
1122
1416
1611
564
427
919
670
1320
1930
1384
1665
2126
1055
1227
1860
2234
593
1528
1015
1975
2224
720
1065
571
1239
294
1051
2102
1167
802
804
358
936
1807
2162
2136
146
316
1476
160
515
10
616
1552
1991
749
1108
2174
1700
731
1267
2063
285
1089
682
215
1671
649
990
1538
756
904
1348
855
615
965
1570
1087
1593
2021
274
1162
811
2038
2113
1918
1350
1269
1750
2076
