1061
1422
3951
4900
1137
174
3292
3859
1028
2930
852
1685
4313
961
175
2018
2945
1719
2054
2110
4481
1848
261
3018
319
4673
811
2383
1420
3516
2559
896
3846
158
2282
4161
4688
3152
1433
460
686
1605
160
432
691
4928
119
2019
3243
2818
1936
3190
3755
1854
805
4762
3850
1350
1489
1153
4081
4854
1698
3583
4650
2579
2756
3657
3392
4106
349
218
1795
1024
969
4050
3812
1519
1178
1634
2080
3141
519
1827
3825
2494
3567
4032
466
2530
4428
1718
1954
4475
3888
2625
1182
2821
1116
3521
1370
3655
715
1245
4215
3526
3981
1463
3019
1456
2392
3246
3890
367
1582
2761
1450
1251
2887
4569
497
1540
4343
3952
2170
975
4071
4409
4985
2428
2616
4884
265
853
560
3915
3149
4666
1988
3081
565
2534
916
3052
535
3483
3894
209
2511
2472
3129
1452
3326
4671
2837
3984
4307
2000
967
4440
3498
2584
4804
3466
3410
3500
3634
3195
1461
1906
1794
3925
1525
3140
4809
2908
3460
562
1384
4263
2100
2363
3983
1358
3094
2618
1093
550
700
2487
3989
413
2479
3910
3230
2888
3300
1504
3988
3497
4700
2627
145
4969
4548
1578
4872
1919
1149
244
381
1704
3411
970
2037
2480
3092
2672
4021
1277
553
3305
3160
1217
1132
960
668
3053
4719
627
563
1052
1271
4546
1037
1515
211
1696
927
1611
263
2400
2173
4303
649
4034
4382
3452
363
1113
1286
4932
4413
3261
1546
619
3069
2721
288
2566
2737
3985
510
746
2014
2637
655
1159
97
3281
528
300
3154
294
2129
4698
1152
2461
2415
1213
4353
1783
1590
2815
1774
2283
2229
4980
3843
1952
1115
4261
4140
1096
4615
2125
2701
2233
2934
1462
2686
3831
283
245
2515
4924
2223
1335
2606
4623
3432
3501
1056
1305
2789
4244
2765
4881
4119
3001
3712
3348
2615
216
1506
3436
3295
1233
2412
4920
993
2705
1445
3227
4638
1216
2313
3588
3823
282
2304
3977
1226
3443
4
924
4012
2448
4708
1411
213
2474
507
4041
4545
1670
1402
4537
4384
2976
3161
864
431
4417
1338
3788
181
4175
1554
3488
395
2397
3283
692
3615
574
4155
4739
3873
4404
4176
3341
4813
250
2886
4753
1866
4531
971
2143
2866
3049
43
3997
2889
2347
1492
949
1409
3449
3796
2647
2131
1987
2974
3074
3885
1207
3209
4533
1689
458
2854
39
3722
2327
2117
4679
3738
4727
2069
387
800
278
3612
3184
299
322
2851
3715
3347
1130
705
3258
2163
908
1609
341
2602
1651
4661
2181
867
4681
2068
3423
4644
4327
3530
4801
3429
4845
4925
52
4165
4710
1161
3126
585
1190
2909
2595
4660
3564
2970
3845
1844
1804
2755
3343
1308
406
1984
4966
4015
2957
1505
192
3362
475
4298
3954
3002
522
618
2235
4181
1737
1691
1241
4024
111
2291
4235
3247
4425
3312
1339
3857
2443
3451
2763
1424
3879
4426
2451
2980
1931
3816
4882
4913
4907
1399
3299
2524
1533
1244
2192
672
2965
4526
3306
2374
3024
4336
2828
3328
3000
1378
4988
2436
2649
104
4120
1950
2424
3087
1638
1141
976
3724
2408
2431
4401
858
1565
3153
1910
2531
3798
941
4395
2900
3708
1905
526
1548
1673
2864
3550
3293
4802
4721
3941
4619
516
148
3573
2707
2006
2279
1557
1633
4736
2122
2332
1270
1683
3938
4890
2321
1541
2085
289
4858
4598
4478
4375
2030
911
1971
1062
42
4369
2267
1405
4435
79
2230
1917
3319
4342
4273
343
3959
1983
4457
734
3461
587
4556
4665
1487
1945
1739
2311
1999
2687
1374
4936
2478
3379
400
3489
1915
279
3568
2570
2369
4617
2532
3553
49
4380
566
2142
1193
447
4812
1414
4268
1313
2669
1457
1354
815
4415
390
491
208
3015
141
2067
3241
4937
126
4110
2323
4139
4535
3200
2356
226
89
1126
3421
3595
4705
3057
4846
787
806
4554
4333
2202
3974
1454
4571
3662
2098
228
2959
772
4468
1478
2190
918
4566
4497
3713
1823
2263
4162
376
2977
2552
2191
132
114
1055
2380
4974
3694
4609
1325
4530
3914
857
3571
4002
828
2441
2072
2635
2059
1189
3056
891
1694
1687
2882
1346
1742
2899
2696
3065
4536
3208
2581
2825
4280
4456
4252
2160
3375
78
3357
3216
895
373
3012
4445
2573
511
297
3581
3226
64
3759
1617
1639
1957
4043
3993
738
2340
3874
4346
3025
2520
2438
4149
2514
2631
2922
2709
143
4840
1661
4239
150
3131
4567
3171
2446
1281
1856
3404
2406
1722
4363
2073
2796
2004
2810
524
2913
3540
2184
1646
2410
3620
3493
4632
2736
3345
2757
2589
4798
4470
2345
4954
4337
4651
2754
2273
1076
8
182
3338
3777
871
344
4345
1098
2612
3032
241
2684
4962
559
984
2539
3848
4170
1949
3674
1479
4588
1273
1523
3084
4238
957
2924
845
4091
3669
419
2546
3206
1428
530
3728
3603
284
3931
1777
2711
2082
2915
1439
2403
169
2381
2329
4007
4374
3214
4061
4576
3330
665
1493
4891
2594
1699
2
3383
4191
4097
3786
4701
46
2548
4329
3419
1738
3658
2572
480
4591
3882
4616
3663
4454
4257
1507
4645
1560
2967
1103
3134
3485
628
1235
3768
3372
979
1219
850
1921
3776
1897
2481
2951
371
584
3817
4697
707
2778
2811
3354
583
962
2172
1755
1627
403
3891
3062
2243
1767
1140
1888
3523
4299
2302
4003
4234
2657
2767
351
4780
2541
4512
612
793
1139
2714
4714
451
2665
2222
1734
1440
1833
4187
766
2904
1491
1642
2941
1122
3447
1810
3503
838
834
2729
3262
4166
849
947
1692
2483
3527
3005
1962
4790
3370
125
4168
4486
4388
1870
4989
4695
1475
1184
382
1254
591
4411
1885
269
4245
2718
4594
763
1675
3096
601
4287
1434
1766
4935
3830
37
