1629
1358
4963
1271
4581
2201
1129
565
3989
2497
1446
4054
3086
2819
4650
3430
1345
1615
2627
4853
4809
3862
1546
3925
2091
3569
1195
502
355
4528
488
4334
4282
505
1963
1245
4290
1182
319
58
686
3583
1504
1342
4382
4799
154
3801
4843
4019
1614
4728
3937
413
1299
3092
4338
3243
2923
1007
4030
1484
2266
969
1926
1510
1685
713
288
1311
1794
3313
978
3307
3438
4276
3026
188
1545
1901
2121
3452
2086
3486
805
3657
4688
4432
3300
1948
2170
4949
3683
1012
80
2551
4308
442
4277
1217
1306
2134
1113
4902
4910
3966
3367
1489
1860
4867
1671
3033
2646
2721
4569
3342
1088
575
3888
2715
3217
3097
870
1390
2888
145
4485
3213
2196
1024
4289
752
2953
1830
3541
3019
4034
3904
3193
3580
3053
170
1298
2509
2993
1657
4409
1923
1520
563
4808
4821
1544
2823
1116
3072
2019
715
3922
4694
4778
2632
3479
749
2761
833
3410
3601
274
1388
2988
4842
916
1357
3706
1807
293
1718
131
560
664
1806
2968
2986
1796
291
4042
1002
3174
843
1919
1688
2395
124
3160
510
2654
3825
4547
669
531
4499
3368
3287
4927
3842
4144
811
4622
3531
2945
781
2147
716
1321
264
4341
4855
4911
457
1682
94
423
1185
3665
2912
1961
4480
2830
2661
4879
4398
1423
4000
2847
1093
209
1350
2566
922
3664
3985
116
4303
496
4712
853
4405
1158
824
3967
509
4301
1515
246
605
4145
666
4670
1770
852
350
2240
2244
1101
1220
3912
4146
330
2386
2393
2851
2181
3696
221
3712
1401
1509
1834
4558
996
4934
3398
475
3154
2850
2909
1096
4300
2549
2947
3582
4165
3399
71
1027
1616
3743
971
3835
3845
334
2935
4190
3561
59
1907
2041
3744
946
2650
1550
2163
2846
1842
3424
2285
3537
243
1858
3597
3520
3725
3006
1680
3325
2666
697
1471
3362
3530
2466
183
4419
1288
4176
3161
3295
1057
1188
3823
4905
3909
1053
2078
4864
401
3138
1982
3666
2815
920
4024
138
4418
1760
3716
3344
3558
120
1650
733
2468
1470
4648
2261
735
1878
4397
949
267
2129
3082
237
1571
4219
1443
4407
4689
2974
4376
1620
1054
4966
2420
507
1630
2705
4502
4681
2137
3950
4429
1000
4984
650
1556
0
4112
1925
395
4086
3361
4769
2682
3997
3475
2409
2404
2234
3815
202
245
552
2435
3323
3551
3906
3049
454
4863
2050
189
4923
1975
3283
3285
1391
3480
433
378
4506
2492
3615
3971
500
229
2278
2112
782
2089
3445
2686
529
2506
3413
1221
3304
3645
4119
4828
1371
4644
1852
3356
1893
3933
658
3269
3769
1134
109
2283
3186
4250
3101
4142
2886
2069
2853
4175
648
3126
1130
1838
2562
3458
740
4267
4098
3394
1226
434
1866
810
3105
4427
2763
4915
1065
2105
4784
3897
2271
4197
3408
295
1984
4082
3936
192
3432
4230
939
418
2880
885
692
2939
3557
2455
311
2867
477
81
1307
1557
1607
2960
734
2059
983
4110
3602
290
785
933
1465
2838
4260
3858
4129
1073
2150
1603
165
14
2795
4445
3545
3446
376
3550
3798
4609
2225
4564
4773
1867
3751
536
3927
925
4833
2894
4280
2332
1747
2687
2771
487
2003
191
234
689
2108
1330
4600
3333
2407
4336
2382
3017
4946
1473
273
3401
2933
2601
2994
4258
3054
3639
4320
573
4057
548
582
2119
1038
4796
3714
3584
656
1602
4965
730
2408
3959
4551
1495
2699
2844
69
4536
770
2791
4435
3284
3807
384
2780
3851
1690
4380
4053
4369
4415
1635
2310
4947
4726
1622
3702
4139
3626
1323
3120
2205
589
3200
4936
1831
1811
2168
4069
2873
3614
1320
1565
891
3507
1914
549
493
4208
1981
3553
2685
4355
1395
2049
2369
914
4641
1744
2525
1266
297
1599
4283
2505
4066
2902
4247
1316
2384
2471
1723
3414
402
54
1903
4643
4781
4431
3883
2983
3810
2586
65
1303
568
304
2450
2751
879
1736
803
1902
1739
534
743
2708
684
2437
4974
515
2030
3192
226
2311
1761
3441
1778
2006
4354
4473
3029
1394
2061
4020
2317
694
4988
1145
1114
1108
3000
2275
3151
4659
2447
1282
3647
4457
4231
1645
1173
3420
2578
538
1171
858
1513
2063
516
1731
4692
455
2928
2781
1296
2072
220
3978
3941
1355
114
1097
1996
4618
4294
1740
1157
3622
2704
1268
417
359
2938
4806
863
482
2290
93
4134
1425
2546
2833
2597
1441
210
4785
3892
95
947
1491
4149
3080
1627
3752
768
4834
2962
2336
956
2565
3538
47
601
1016
4467
2561
4370
3491
470
4228
702
4285
4156
1527
2897
3038
3786
651
4857
2941
1521
2082
2328
2514
4476
1755
1986
4957
4128
2495
3122
2772
4565
1532
3617
32
849
224
2580
2301
2133
4061
2314
4840
2640
814
3254
3651
3155
4602
4684
3196
4576
4239
3387
473
1871
2924
4168
4192
4317
4493
3206
2296
4461
1123
4962
506
3492
4714
591
1140
1223
4616
4647
2446
4096
2871
4076
4470
414
4453
2
3783
1379
2711
1753
1589
1439
2385
4312
2199
2481
1610
4752
169
4662
1659
2869
3383
2032
1236
3773
98
583
4126
2518
4331
4187
125
1099
4693
3821
2663
1574
603
761
3652
4243
320
3062
2594
3372
1232
1204
3309
2252
3318
4184
3717
1750
1790
3119
3115
4335
2097
425
1661
2799
906
3529
2571
156
2893
2166
1596
4755
580
1730
2950
242
1995
1235
1784
1833
122
2604
206
4798
2169
3880
2896
1538
4740
3188
1109
421
424
57
1560
4062
4982
1692
4271
2260
3457
3793
1788
4818
389
4711
2895
4383
1167
1722
1479
150
4816
3131
4543
3205
2539
4447
2848
2732
4935
4406
504
2754
2189
3987
3237
268
1033
3523
1472
1897
1579
4594
352
397
2507
