1839
525
3163
854
1865
1220
4779
3213
2196
3800
1796
1519
3081
2590
293
2599
2362
3444
1017
4000
608
1543
1164
3583
3019
4514
4054
3968
1795
1584
4622
4688
2462
31
970
2623
1936
4198
4130
271
3460
4624
4765
3116
2752
215
1006
3244
4608
4290
2266
453
3465
3548
2637
4548
3790
1311
1138
2566
1007
2818
4949
2837
1437
715
1047
4771
1234
4188
2655
4580
3965
4902
4520
1499
1271
855
1992
2005
4488
146
1809
3555
3649
4482
452
2115
4528
1358
1245
3929
2672
4507
428
3952
3966
2793
367
4146
2969
3169
2187
4338
319
4762
1192
3922
2953
4666
195
3234
476
4233
2614
437
669
3757
1299
3988
3782
1701
2501
4367
2534
632
2330
4483
4887
4654
1671
2337
1964
870
3631
3706
1070
3937
716
3478
1629
4683
3682
865
247
2120
2921
4877
3300
2428
1825
4586
1337
646
4032
620
4105
1963
732
691
1031
4485
3664
97
3633
2414
4639
2990
2821
3060
3784
837
2442
3613
2344
744
3462
1544
1359
3021
3655
4081
3544
4077
3972
2656
2579
4292
596
2536
1050
1745
1384
3063
3487
2923
811
3430
2395
1012
1954
4909
2019
413
4499
40
410
1388
928
2667
1678
211
653
4804
2480
2219
3981
459
3260
4169
1615
1868
1349
3846
1510
308
374
3055
3543
2198
3273
535
4758
4910
4049
3683
3326
3435
1064
3103
3177
3976
722
2174
3292
916
4123
4577
3822
4056
781
1812
3704
2170
2054
974
3158
3294
4655
4131
2676
174
244
2204
3467
2835
2689
775
2286
777
3541
618
3399
168
2547
2024
1209
4112
4058
4436
277
2522
4737
2880
484
2377
3014
3209
385
2041
458
1000
2935
2193
996
202
4638
1509
3186
1620
1628
2461
3364
1577
635
2379
2135
4916
2784
2137
2515
1564
438
3520
864
4515
1213
2519
383
3337
75
1041
1165
1879
287
2011
199
4628
2735
326
740
1135
11
2674
3820
3849
2870
1419
2562
1663
2069
4794
2865
1444
2650
3897
1974
3716
1980
2866
2116
4533
3726
2129
3105
1662
1424
1176
1501
2764
3979
1866
3451
2313
3948
61
3958
257
1555
1438
3395
4017
3530
4640
950
4098
2324
3653
138
2595
1858
2105
2629
1198
3126
4376
2648
4508
120
1721
725
1732
1829
3833
735
2886
2258
2542
1571
2464
1066
711
2342
3257
2705
4121
917
527
1863
3258
1702
178
2664
2856
3095
4011
1508
3251
1241
4729
4102
1371
1389
1462
2064
2308
4506
1161
2544
4330
3079
3415
4403
2143
465
3449
4575
1443
84
3327
2215
3283
4360
2485
253
2700
4744
2683
4244
221
4568
867
441
2719
248
3429
1554
2609
4509
3322
844
164
415
1874
4531
3118
4678
1576
3402
2974
4870
2094
185
3394
0
3558
4573
4419
3469
2175
3356
541
920
4424
4925
529
1212
2911
243
572
2783
4558
2449
4980
3505
3249
1552
3227
3324
4015
3804
1053
2350
1568
3361
4898
2668
3618
1669
4151
3164
2200
1859
1674
3760
234
407
2255
3241
812
4294
3724
1739
3156
780
1981
588
2191
1117
2526
2994
3680
100
677
1673
2496
1942
4103
3299
402
4186
1270
4609
4474
4364
913
2188
3461
4087
1652
78
1114
132
508
1225
2882
2093
4812
3242
1946
1442
2144
806
895
3816
409
2030
894
3734
690
770
362
2192
1736
126
4754
1828
4182
3907
2805
3290
2995
4258
1867
197
4665
2738
868
672
754
4468
1801
1683
15
3826
4621
1799
1
4093
3056
2780
2624
4516
1360
4988
4340
2620
227
1354
2268
1089
4566
2250
2872
4048
3046
4641
2003
1457
2441
4111
4150
3029
3042
4899
2716
1454
1618
3028
4210
2884
667
162
660
1104
1332
1326
3959
3355
3699
604
3609
1183
4625
4955
2712
89
2396
4268
3151
10
3714
3421
2983
3400
1731
3357
2524
1205
1406
1939
933
1771
941
1003
69
1880
92
4882
2049
2868
633
3176
2791
4764
883
3226
4889
2638
4603
4540
3003
279
3279
3108
1237
3490
4110
4817
1638
3514
1126
1903
2704
2741
2408
1141
376
2586
2573
2317
589
3252
4643
1107
165
3401
3794
2368
2794
951
2279
3553
2933
4617
4273
4053
809
1553
1362
4372
1374
549
1410
2063
791
1764
1562
2906
3087
2981
3803
4833
1999
1394
579
3192
2708
2267
2447
2488
1894
166
3153
14
3111
1772
2503
495
2808
258
1009
3031
4776
3059
976
1478
2450
964
576
2898
3496
1383
1612
1440
2481
959
962
2345
340
2580
223
4059
352
845
3352
4363
3265
2260
947
2622
1928
4204
1679
1368
2199
2114
98
4061
70
1840
2893
3787
793
1455
382
1100
2262
4257
3773
4136
4189
984
3527
3695
4761
3525
1133
2042
2057
1538
4127
254
1758
4246
4238
1204
4408
4964
3928
4045
4234
4063
4160
2475
1735
2385
150
2195
4517
3627
194
4385
1343
3629
4606
3990
3848
2915
464
1367
4543
4565
2300
3824
1675
1655
1890
1291
1128
611
2565
2329
3931
2446
2314
3434
3262
2657
3656
1224
1078
3331
2453
4645
2941
57
1327
2406
284
558
723
1441
23
3905
1712
814
3880
1074
2541
1526
1498
1720
4711
1636
2146
4631
1488
1429
4109
3076
4285
1524
4495
4740
2679
2309
1255
1109
4450
3728
628
3220
1730
180
2811
4083
2335
4490
2848
4954
4767
4714
4220
1763
3830
591
4091
403
3238
4470
695
1659
3062
2139
3774
1476
1071
621
1850
4752
3397
890
595
3370
3775
4159
1219
3926
2904
414
512
4633
4420
4212
398
2351
3799
1791
4400
3975
3385
4008
4917
3098
3535
654
954
4871
1897
3718
4921
919
1011
1598
1279
3206
1324
2757
1567
366
4957
3274
2548
2984
4447
4374
1995
2790
3636
1163
4206
709
1281
905
4156
2423
2399
893
2276
584
2665
3203
1965
2605
2643
2118
125
72
2167
