1265
4593
1358
1306
3893
1865
4932
3053
152
3232
3683
4039
2393
4483
1969
4843
646
218
2001
884
2823
607
459
2752
3360
942
2282
3580
1276
3060
2511
562
1042
2678
4884
3359
3307
710
2885
757
2502
2566
271
2165
3498
437
2517
3657
3243
1886
4021
393
3985
1337
3723
982
2830
2040
1058
3781
4276
1956
2737
3548
2551
3363
4666
2676
4263
3890
4172
1954
2788
3386
3410
1839
1037
2523
4712
2553
970
452
1298
521
3929
3140
3664
4622
938
1667
686
291
3864
1289
1688
1812
4105
767
2536
2920
2888
662
1754
1185
4849
2509
973
4080
1657
3260
200
3019
124
1028
3755
581
4240
2241
3544
843
666
4747
442
1342
1770
1748
3555
2484
1733
4779
3605
410
605
2819
2487
3147
3541
3365
3836
2698
4548
820
3785
4799
3972
3981
714
2912
4735
1906
1013
4861
264
1158
4668
4341
4254
1502
2993
2479
4253
3311
4291
1435
1131
4249
4787
3767
68
2401
235
90
2344
1901
1671
174
1578
1963
2579
4574
1275
348
466
4392
1919
4854
1795
3465
4805
4124
2361
3919
2835
388
4852
4569
2170
2847
509
3070
239
3671
502
396
4999
1719
799
1883
391
903
2249
2480
2444
3665
1469
2862
82
2054
3579
1988
3688
209
86
4723
2672
2000
4605
2400
3281
4000
2739
1474
1182
1822
103
1943
1916
1047
2014
3069
1397
3962
3838
4706
2822
1909
758
4610
2023
2219
1515
1206
1437
97
4148
3915
2821
2095
3704
1991
2837
3677
1485
625
2773
3011
561
4521
3460
3825
4879
4434
950
2700
3340
2215
3865
3780
3227
43
4739
859
249
2533
2850
1180
3954
3436
1554
3707
2831
2366
3251
4181
2064
1010
111
3727
3380
2683
4570
4925
725
3746
1783
671
989
3744
4863
4873
253
2901
2592
1815
2492
1369
300
2283
819
1462
3341
4679
2069
4300
2843
4813
1987
4653
4824
1858
764
2136
1027
2164
1592
3186
598
2942
762
574
4359
3582
2666
4725
2081
214
4424
2877
4916
3997
2186
3618
631
2099
3897
807
1804
334
4207
2347
2903
2991
4176
2193
454
2600
939
3648
213
1931
1288
3085
282
1874
1312
3347
4200
1338
336
1492
3741
3949
4250
4353
795
4978
3645
4984
4315
3324
1280
988
3802
2701
4573
3495
2607
221
4784
3415
3179
2642
3570
1621
3432
3315
4545
434
2452
3770
1852
2163
0
178
2982
800
2398
2537
4274
2334
908
2763
2116
1179
18
907
368
1628
2814
3002
4568
499
245
2051
4839
1438
2175
2948
945
577
2865
3679
4121
1955
179
429
2348
2889
2409
59
404
3726
9
1509
3551
2293
2223
901
4996
670
167
2809
1057
1760
4403
2765
2429
1091
1445
4142
1834
1600
2210
1623
2645
3376
1522
1121
3161
4658
1508
1624
1631
2797
2389
486
4578
3936
3384
2020
1292
2519
4040
3101
564
2547
4934
418
3258
1805
2606
1702
832
4533
4219
2934
1966
4729
4013
4955
4621
1581
3602
2525
2914
3735
4819
162
4944
786
3765
3918
4630
1828
1747
3960
1778
1977
343
4193
2741
3091
2617
2459
3441
1652
1553
4883
4555
3514
2441
2122
3333
2884
2794
4659
4057
2965
228
2142
1407
2751
891
2883
290
1700
2680
3428
1983
4637
331
89
4820
455
1266
1849
2671
985
4380
1706
1376
4048
113
2838
798
4965
1442
3110
2601
3346
2191
2374
2581
4478
1764
895
1458
2545
3022
3573
678
4665
690
4716
1043
1296
2872
2405
1676
186
4469
3584
1344
4833
1081
1862
1267
477
3532
1697
1990
2008
1126
1032
3512
1607
140
1946
4457
4550
3446
1971
1001
3107
613
904
2576
588
2158
1282
3927
869
4726
2311
4066
20
353
3109
3614
2299
2183
2516
4599
1996
2696
743
1617
638
2038
3024
2926
1950
2396
1352
1015
3611
4103
874
1970
3959
1562
3455
400
1548
2138
2323
1752
2899
3711
408
4979
1313
171
2108
652
390
4722
4885
1395
2570
4279
3993
2731
292
1183
4210
1039
3229
4270
303
672
3672
2168
4904
4227
2931
133
444
427
2045
1465
1518
4538
994
3000
1959
1937
3639
3284
3599
2255
3806
791
166
3883
1913
1835
327
4414
2575
4656
1333
784
2192
4936
1664
3724
4625
2206
3470
4807
4395
4721
1332
2239
4899
706
2188
4002
3792
2047
2123
604
1048
42
3913
3607
4129
3279
1354
1821
755
1205
1258
3153
2098
3042
2983
1707
4386
827
2621
826
4868
1784
595
4383
4228
4663
1935
2718
659
1870
3720
2841
4740
382
2351
2757
3701
2338
4711
2034
3034
62
2467
371
1526
2898
3345
4402
1738
1793
3924
2289
1154
2762
1853
3998
222
3032
2565
4806
129
599
3517
792
2273
1777
2075
2679
4891
4935
4512
4818
1080
4524
504
3404
4224
947
4117
615
233
4312
309
225
2109
1890
2633
284
1841
2302
242
3038
3527
1191
3754
1468
1542
2605
4238
241
871
1014
3296
1753
2399
3119
425
1026
4793
4351
416
1235
2992
3062
3148
2768
569
1791
3772
370
1660
628
1833
359
16
2896
4951
351
316
2276
3808
4697
201
3889
1606
626
695
2842
3556
1008
2876
2966
4713
926
1486
4430
3853
1382
3191
1329
3457
2507
4594
3039
4693
890
3882
1123
3030
1643
3
2548
4989
3534
2796
838
4064
4616
1377
3093
2319
3513
2728
954
3274
1626
2493
4695
461
1103
848
4952
3221
4492
3669
875
4335
4411
2044
4234
915
4491
1517
1612
3370
2640
4317
2306
4357
182
3697
1712
3891
4682
2499
1708
4792
210
4137
2182
112
2277
4061
2820
1570
1059
2984
2597
1295
4635
2216
1426
2904
143
3482
2033
3939
1995
1699
876
4178
1511
3674
419
768
4420
2410
4857
3214
616
1850
2840
3196
4606
4576
3819
1705
2184
2736
4339
840
3740
814
2653
4363
1439
252
