4079
2140
4976
3915
4822
3368
596
1446
1906
4586
1069
4977
2025
3665
3500
2071
4514
1064
4849
3972
960
3528
4911
2096
3099
3336
3688
1969
3555
280
1342
4172
4301
3596
1944
3638
4830
1321
3569
3190
2837
1936
4654
4910
1678
432
3930
367
3367
4511
3608
4437
3070
4683
4010
1063
3566
318
2530
4199
265
821
3981
4077
230
335
2892
3968
3766
2587
1992
4242
1988
3755
1220
27
4169
4123
775
3703
1363
2357
1390
2046
1265
1551
2247
3365
1301
3631
3900
1682
2637
1449
3140
3396
1891
1795
3723
3047
4712
1573
1803
6
3634
1886
3838
1388
713
4559
58
145
4253
2563
1718
374
2616
355
261
1286
3103
1240
3684
973
927
1704
586
1052
799
3583
1474
737
2383
922
2509
4263
824
928
1916
3371
2414
4577
4307
4389
466
1359
2961
963
2428
1733
2153
3917
361
4334
4438
3386
1754
4006
2364
4130
3887
4688
357
4021
4968
3499
4413
2953
3261
2489
3427
3027
3174
215
3288
3149
2847
715
2196
1889
3761
3655
3962
3732
716
86
1963
3890
1540
4539
938
1839
4694
3516
2018
1088
916
4290
102
3044
2698
4610
274
2921
3834
1845
909
4949
4548
3041
3543
769
2501
3606
1671
3063
3301
502
142
211
632
3643
3467
437
2517
1865
146
4703
3859
510
4546
2940
833
4442
1909
365
2236
4549
2769
4884
3677
3152
1125
3664
3633
2918
2266
773
3222
2433
732
2264
1397
4778
3177
1544
757
3510
1787
1536
2502
3989
1050
108
4446
1460
1531
2480
2990
1746
2155
2460
2429
2569
1239
2542
1899
315
2452
692
4623
1121
648
1613
2099
3971
987
3101
836
4997
4658
277
84
4504
2886
4995
4725
958
1190
485
3132
1389
3804
2911
2783
2909
1760
2797
2347
296
4674
3402
1226
3795
2465
4119
924
368
1874
4348
214
1373
953
3582
3828
3182
1620
1960
4585
1304
1774
1505
3458
3508
2592
1438
1364
4739
2094
3351
2537
1207
3897
3170
2137
4573
2482
1471
1931
4302
395
4326
4691
4689
43
4863
3405
1858
4132
1861
4934
2866
2285
3474
2234
4523
2974
4167
287
2815
946
3623
3154
2809
3473
2843
39
2880
1609
4640
3422
1196
4587
4451
2674
1703
2064
4667
1569
839
2284
406
585
3376
1980
2280
61
2500
2491
2020
943
3249
4561
4344
4864
2765
163
401
4898
3594
3068
4638
1041
2010
598
4827
529
3871
2116
1444
3692
4236
96
1714
2957
3712
3520
2443
1966
2163
3509
1419
2648
4472
4058
1134
2316
4615
2355
2069
168
3002
3253
807
4261
4813
4801
1554
2358
2193
387
801
2504
1804
2853
2105
217
1213
2293
4174
578
3716
3337
4653
1647
2513
1176
3020
4515
3440
3356
1413
3610
4024
3413
3429
4769
2991
278
1000
434
4107
1984
1568
378
4971
1096
3977
1691
2349
1550
4729
2313
1721
3424
203
237
3979
3727
3936
2024
4628
4502
3269
2270
4068
3896
2448
3299
2531
2049
4913
812
3759
3420
4354
3137
2766
3518
1736
1307
1514
883
1355
4231
3201
3151
1859
1914
4736
4118
3851
3381
4281
2455
2431
4617
1942
526
4811
4273
2883
785
113
2552
755
1169
3441
2677
4369
212
2791
3702
2926
2123
4129
3639
4014
2279
918
706
100
1048
1778
2751
353
3391
4258
3252
4441
1211
4346
2712
4807
860
2072
262
1938
4323
2323
3756
3235
3109
2239
2498
1695
3108
4013
754
1225
1104
4048
4247
1876
1801
2795
3225
4556
2250
1537
2575
2108
2699
3302
1533
3647
2013
4540
951
4717
4457
132
208
3316
1977
4421
4866
4256
1744
1175
2638
4139
3181
89
3927
2211
1700
2649
4205
1706
2956
1268
65
3713
2303
1967
2591
3794
4886
1319
2206
633
4974
1394
809
1792
3557
3611
4210
2543
4922
2879
1043
1317
155
3339
1448
2717
3012
2900
2275
1999
1354
508
1687
532
3694
4983
2083
3286
2441
114
3911
2138
1108
4225
166
2245
548
2525
1562
3568
4270
2127
3010
1548
4768
3400
495
3120
1985
2333
1193
681
1038
4956
2380
2955
2192
3827
579
4583
4009
3229
2505
2061
373
1594
407
1410
2581
1602
1553
2356
2844
493
110
2687
1694
2405
430
3714
2624
846
4151
1747
656
582
4551
4211
3461
3024
3164
1114
2577
2190
127
1009
2985
1015
2573
2931
4268
136
2983
3028
3401
2281
1478
4391
1978
4858
4750
2231
4053
3711
1044
1261
3824
1729
3039
3776
4385
2322
1479
1833
3309
3932
2172
1367
992
1074
122
414
1735
651
3482
3144
3990
3005
2820
1236
814
1626
1475
2539
4591
1875
3525
2260
4314
4981
1560
3656
1958
4952
956
3701
558
3886
3030
4816
4888
1898
3986
2475
1154
2199
4975
2790
2423
4790
74
317
1808
3660
584
1524
1517
4576
2999
3513
2950
1247
1383
1741
3658
3485
2762
3687
2913
2507
4239
3753
3740
2529
4388
1658
421
2714
4062
4491
4117
284
4761
2681
3882
125
849
1918
2811
1133
2896
523
3084
1136
4223
1109
2277
3265
845
238
3254
2197
23
3772
826
3709
3749
1625
1572
3629
3221
3517
38
530
3878
2367
4450
1897
4187
995
1989
4143
1800
1507
1023
41
1660
2644
2179
2167
3848
3921
2754
1480
2697
1255
954
2915
3321
802
256
4467
1659
3777
4278
1011
4234
1646
3534
3924
4465
2810
76
2058
1832
1263
4192
1846
2221
4045
4860
4055
2222
2453
4921
3627
2782
1935
4803
1643
3589
3277
2335
3331
2817
2521
3310
3496
840
1336
4400
2088
366
680
893
1353
4492
808
1890
1972
707
2728
1587
1604
4602
1856
1596
964
3739
3282
2658
2216
2992
1681
3854
2897
4875
1575
1372
1512
4517
2306
4565
1327
4993
4180
344
621
4588
4216
26
4269
1755
339
1026
4891
4096
915
2580
2336
698
616
411
3535
1707
3219
3524
232
