2835
3580
4289
929
1756
3864
571
1345
1082
1525
910
1192
457
1953
931
1101
280
1384
4341
2919
4277
1113
1795
719
732
483
561
3467
4539
4958
888
354
3280
3729
1451
2632
2908
4738
4301
2220
4438
4446
2930
2414
1289
4442
502
3608
1794
2383
889
2852
3026
4927
3466
1061
4023
1178
1504
247
3755
712
102
4703
551
594
1614
1151
2266
4215
1956
3910
45
2566
2723
1704
1398
4480
852
2361
4157
2849
4389
928
1839
1770
1611
3689
2890
1375
1820
2363
748
2534
2502
4080
435
4758
3869
2675
4887
2969
531
625
4762
1698
1174
4071
2698
496
3243
1412
1358
4479
3021
2232
1979
4172
7
145
2470
3462
2737
265
1272
974
2710
2923
602
1775
3037
3766
3272
4371
293
4428
4999
335
637
2822
2120
330
2859
1536
3637
710
4263
215
737
1403
2096
4303
3288
1309
1743
2472
1052
3996
2476
177
713
2993
3444
4528
973
3089
1822
1936
2726
3888
1164
3232
3706
1112
391
314
2603
565
2937
4823
2773
3915
3837
3261
261
799
2610
4105
2769
2756
3427
2733
4766
4293
2015
619
673
4853
2497
350
4743
607
2247
2434
1142
420
328
3613
1432
476
1153
581
4559
3893
4290
668
1934
200
3972
688
586
2236
1754
843
4382
2062
646
1238
2599
2637
1546
27
1682
497
381
775
196
2173
1814
1807
1265
4985
744
4352
3393
855
2563
4198
3141
1206
715
837
2936
1466
1545
3094
4854
1365
655
2071
363
4378
4123
3368
1782
4688
1277
318
3081
2159
2365
4202
4827
687
4760
4327
278
431
96
2293
3648
3598
4959
216
636
3139
3424
3061
4863
800
4041
614
1409
2412
2588
4496
1960
3180
2607
4584
3582
4652
202
248
2261
4332
426
3495
1815
1844
4095
1190
1402
4175
839
4376
3048
21
1628
1554
1462
2334
2934
3621
3245
4244
3804
4321
735
4164
3597
310
1732
4119
296
462
2682
1438
36
3405
198
3432
2377
2519
3423
2854
4237
2942
1288
4174
2233
795
4560
4011
168
1863
1703
4920
1797
4681
3948
1640
1680
3716
2111
1665
347
2660
4361
1401
275
3253
2460
4980
948
2550
2974
740
1904
920
3204
3698
2560
2066
3224
3563
2011
4250
4423
3402
0
4515
3078
4585
83
1373
1631
4531
3958
11
2613
4813
598
4769
2068
214
217
4190
3384
4880
3979
3361
4533
394
2258
4115
1411
3936
4575
2113
1490
3095
438
2465
2482
3475
486
2257
2078
1568
1644
4501
1982
2809
939
1200
955
2815
4448
499
4984
2998
1829
3551
4864
4359
4012
1984
4444
1054
2347
4419
2390
3530
3686
1176
4870
3593
4782
4991
2278
60
2857
2987
3741
886
2513
2798
4644
2427
518
471
3088
3770
1312
4561
2445
3422
643
3615
4578
2324
2792
1467
958
3014
3194
4427
185
1053
4179
418
181
2533
3906
4436
4945
3997
1975
1874
50
4744
901
3746
1092
3463
2858
3558
1547
1108
3639
2829
2634
4209
3125
3108
2469
3662
3121
703
3107
3560
303
3708
4473
4133
683
3673
3978
105
79
494
176
2059
4320
495
2225
1993
1399
726
1162
1617
2573
816
4516
1771
2905
1400
1090
3595
4503
4310
2781
667
4013
2704
3017
4965
2926
1038
290
2061
133
4926
1333
2441
3881
1073
4474
2246
4362
4441
1414
4555
3042
3626
2230
3918
1537
3302
2085
3135
4538
4530
2567
862
3381
3073
753
3353
2473
4380
1258
1148
69
4802
3810
4748
20
1344
1120
1049
4540
2211
4001
1801
1352
3832
1126
2805
408
1269
1967
4564
1998
2488
2933
4110
134
3375
1933
4391
557
1903
4583
2006
2731
187
472
3765
4940
2411
511
787
592
1001
4151
2900
765
1360
49
1648
128
4726
3058
4636
548
933
4412
2741
1237
1250
2459
4114
1124
4093
3960
1478
3208
4600
2751
4129
1697
617
3235
1211
809
1514
2310
1700
4283
3201
1664
3137
3721
3607
657
1415
4554
891
2844
4856
4445
273
2250
3151
3568
1442
4751
1666
526
3672
4053
4609
2902
2083
3271
2712
904
3512
4768
136
3346
3920
1169
972
2374
918
4226
10
2098
4186
3036
2013
3734
2299
3091
4788
373
1029
2825
4469
4601
85
1895
3961
4369
390
2706
1999
4904
4835
3388
4355
4717
3029
1354
4705
2128
1905
3602
858
600
2217
2750
4457
4340
1715
4936
2685
3242
1880
2333
4139
3735
1744
2883
2954
182
57
1497
1334
834
3635
3032
3549
4875
2184
4957
256
3524
659
3943
4109
4803
3719
1713
106
2681
3749
4137
3552
4173
4154
756
1430
576
4973
905
3084
3309
1888
470
4206
2729
371
2572
2833
2714
8
2897
440
1491
2189
4245
3188
4631
4634
3416
4767
595
4248
1800
3167
2
446
1766
2826
2518
4896
225
2493
1735
3720
2754
4335
3144
201
4711
4191
2259
352
4216
3504
4159
2090
814
3942
3134
417
2195
403
524
451
2950
1512
3030
4127
621
2727
1014
1383
998
2787
779
241
3848
2663
4094
601
3142
1219
2075
99
4632
2216
3905
1167
1103
1918
416
95
3535
698
2772
3586
51
4143
2913
1527
482
3038
1133
2964
48
2653
4325
1071
4486
4614
3098
3
966
3753
4028
2583
4684
2300
4264
1873
1908
3658
4314
3901
1336
3824
1877
2167
2475
3892
3990
377
4246
1875
4662
1203
1856
641
2238
4524
1707
873
2622
1753
223
254
3774
4490
339
3853
3628
3064
850
1367
2359
875
1560
4089
23
2212
2082
1498
1480
3701
2762
2319
3468
4454
73
1749
848
599
3214
2499
2341
3404
4704
840
1675
3660
4383
87
4329
3354
2403
2643
2381
893
1224
2848
4543
414
1086
4663
340
1575
2938
1779
3663
826
4903
4714
4374
2260
2922
32
1661
1606
1679
2571
3338
863
750
4498
1972
3847
1080
4090
3034
4635
