200
23
24
138
192
26
50
204
142
209
202
29
194
46
213
145
193
187
211
42
3
141
17
189
143
5
20
9
210
11
206
28
53
182
8
63
4
47
37
44
198
7
10
27
186
18
2
139
16
185
52
61
183
55
34
32
201
191
0
14
30
208
38
22
60
13
56
35
197
203
58
212
43
1
65
36
153
223
78
79
69
222
152
86
218
217
151
147
219
67
226
74
84
76
85
224
148
155
214
154
66
68
221
83
77
81
216
227
158
93
232
228
96
231
103
102
90
95
101
234
100
88
159
92
99
94
160
229
236
156
89
235
173
123
118
247
115
111
125
242
169
249
119
168
239
116
112
109
170
245
243
120
122
117
238
246
126
107
248
105
244
124
106
165
176
180
178
129
132
131
252
255
179
250
175
134
133
251
128
257
256
