9
50
45
39
7
190
51
137
38
62
26
204
186
143
142
199
206
53
10
11
210
212
25
203
5
29
185
55
60
42
13
181
184
197
33
146
194
48
35
138
47
64
2
208
19
36
144
27
22
56
61
23
49
192
24
3
63
12
188
6
43
195
46
1
207
200
141
198
57
20
202
21
196
205
44
187
69
149
70
216
75
74
214
87
86
217
219
85
154
76
67
78
152
221
226
153
155
223
73
68
220
84
81
222
150
215
224
92
156
102
159
91
162
160
98
93
235
157
100
101
233
88
163
230
234
103
228
95
231
227
161
97
122
126
105
104
237
110
167
125
240
166
172
245
116
114
242
115
124
248
111
249
173
106
120
119
109
171
243
107
113
123
118
246
256
252
133
134
128
255
136
254
127
253
129
251
175
131
177
174
130
