61
16
26
208
2
139
188
20
13
189
210
10
181
19
5
35
53
193
29
182
47
24
195
43
34
185
197
14
62
31
141
146
51
4
41
211
37
183
27
203
15
54
190
18
60
7
207
142
39
6
187
11
138
22
184
65
23
12
63
59
205
25
64
48
17
198
200
194
28
145
33
45
42
40
32
204
79
84
87
83
152
74
220
80
71
222
150
77
78
70
153
217
72
68
149
215
219
224
75
151
154
85
226
82
86
76
225
98
93
97
230
229
99
157
158
164
102
234
88
235
161
92
89
101
95
103
94
96
160
163
228
233
238
104
241
111
110
172
117
107
108
173
123
237
121
114
118
109
245
169
120
105
122
242
171
166
124
115
246
244
112
126
167
247
256
252
177
133
128
250
175
180
131
176
251
130
255
178
136
179
174
