187
16
0
145
20
34
197
23
143
39
53
51
47
45
209
32
211
46
52
212
193
27
38
30
199
54
61
14
17
29
56
203
186
44
206
196
138
55
58
13
37
9
64
6
21
142
194
141
208
12
198
65
36
7
3
42
48
24
60
59
41
22
35
18
205
11
213
195
40
190
50
191
202
188
28
19
68
72
80
154
87
218
225
70
226
66
220
83
151
86
76
153
150
221
74
69
219
155
217
73
85
216
75
214
149
67
77
99
92
161
235
229
230
101
90
98
233
103
159
228
100
164
236
93
163
157
156
95
232
97
234
162
121
117
167
247
122
112
119
105
166
170
165
109
171
124
243
242
246
107
123
237
248
113
249
114
110
126
115
244
111
240
125
241
257
255
253
127
178
250
180
252
254
176
179
256
133
131
130
132
128
