8
21
205
138
11
145
55
183
25
186
30
197
191
64
59
137
207
208
14
58
9
38
211
144
3
20
203
6
36
210
43
13
16
213
181
18
194
140
204
200
202
52
189
33
46
54
212
188
195
48
187
192
45
57
24
51
61
193
199
42
2
7
4
35
209
185
63
22
40
206
41
141
53
65
50
34
72
80
151
219
224
67
220
147
226
84
218
150
214
71
221
73
155
70
66
83
86
75
149
69
152
87
225
78
68
154
79
158
228
163
232
93
88
233
103
231
89
90
235
102
162
97
92
98
230
164
100
156
95
94
234
161
165
111
247
120
107
119
126
124
249
172
121
166
118
117
238
239
170
242
109
171
112
105
241
116
106
240
122
246
244
169
123
104
178
129
174
179
133
255
176
253
136
130
257
251
128
177
256
250
135
