185
206
190
209
9
42
184
23
207
208
205
192
16
182
59
55
4
181
186
48
18
33
137
143
34
11
28
201
14
47
187
194
43
141
196
37
52
25
204
53
21
40
202
146
19
35
138
29
64
36
65
62
20
12
0
140
58
24
142
183
197
46
213
191
145
26
195
144
51
8
60
188
50
27
198
13
82
216
147
69
219
80
83
70
215
73
214
75
225
77
151
85
221
74
218
155
224
153
148
67
76
78
222
84
66
152
154
162
100
236
98
93
92
88
230
164
156
99
234
94
231
228
160
229
103
158
96
233
163
157
161
235
167
120
111
125
172
247
170
121
244
105
126
243
122
246
242
241
115
124
245
116
237
106
107
119
248
113
110
169
109
112
118
104
178
255
129
256
253
132
251
127
176
134
131
175
254
136
135
174
252
