41
186
139
46
140
26
53
25
3
43
184
28
21
57
39
35
23
20
201
6
48
61
31
192
182
42
187
14
143
55
194
51
199
32
17
36
142
64
29
2
38
15
7
146
44
27
45
34
189
141
8
204
138
30
185
24
209
5
47
137
16
183
10
200
144
207
4
205
50
208
181
212
203
58
202
13
150
224
71
152
222
75
219
155
214
80
151
225
153
148
85
77
218
86
70
82
226
69
81
217
79
66
220
73
83
74
216
93
233
100
88
103
96
101
234
156
229
232
231
159
160
94
99
102
161
235
89
162
230
236
158
92
169
166
120
123
109
110
248
247
242
245
115
241
105
249
107
111
119
108
239
243
173
118
246
116
165
104
121
171
237
112
124
113
128
253
254
179
252
176
129
132
133
257
174
251
130
127
175
250
134
