205
195
197
194
206
55
193
54
48
137
58
2
192
207
56
200
213
42
62
210
17
202
59
191
33
35
46
44
31
141
53
38
10
32
144
19
27
36
185
39
65
187
183
40
190
145
186
23
34
201
199
4
208
15
196
41
51
45
204
52
26
211
43
138
24
140
182
49
21
3
30
47
188
8
60
0
74
69
225
82
87
220
71
150
222
219
77
214
81
80
72
151
152
155
216
147
218
154
68
223
85
224
217
75
67
78
66
156
100
91
89
158
228
230
236
92
233
93
229
90
97
231
96
103
234
94
99
235
102
157
159
232
169
241
119
111
109
238
110
168
108
173
121
244
116
166
113
172
237
125
167
243
249
112
114
122
246
240
126
248
123
124
242
105
136
176
175
180
251
253
128
174
256
133
132
177
135
252
257
127
250
