2
50
35
194
188
12
49
46
213
33
42
145
182
31
201
56
57
22
190
37
0
196
139
26
181
143
211
206
62
30
10
184
54
195
55
202
24
183
16
25
199
65
28
15
6
138
43
203
32
61
144
36
51
3
142
17
20
9
53
212
21
63
140
191
59
48
60
58
141
1
47
52
13
11
146
23
76
79
222
71
150
149
83
223
84
218
73
153
220
70
224
215
147
81
148
75
85
66
219
69
80
68
67
226
152
77
155
92
157
162
164
231
228
159
158
103
163
93
102
232
101
160
97
236
161
90
95
156
234
100
91
233
169
109
244
248
108
247
124
123
104
241
105
168
237
118
121
172
240
239
166
242
120
249
113
167
238
122
106
107
115
246
111
114
135
252
133
131
178
130
129
127
174
134
251
132
179
180
257
136
176
