143
139
211
25
6
146
53
204
205
200
184
142
137
21
209
188
192
41
52
34
138
59
207
185
183
203
33
64
0
63
27
35
212
40
58
191
13
29
141
24
198
12
46
210
56
7
51
208
42
37
54
14
17
145
19
20
26
43
65
11
187
196
181
57
5
2
38
30
182
18
49
190
186
60
10
32
87
79
215
82
75
85
151
214
77
223
150
73
76
226
149
219
74
80
84
224
152
83
78
221
69
216
71
155
72
68
67
234
97
235
102
89
157
230
159
92
101
231
100
163
88
103
96
91
156
233
95
160
228
161
158
90
240
108
172
126
113
170
239
116
123
171
166
248
110
241
105
109
120
106
169
165
104
243
173
118
238
119
124
245
246
117
167
115
255
127
134
129
253
256
177
135
257
179
136
178
131
251
128
250
174
