155
245
143
470
694
280
569
349
364
446
650
670
320
477
609
549
658
295
383
326
108
69
221
216
556
463
353
165
526
779
752
285
476
769
384
219
634
677
536
27
604
140
258
92
315
661
651
254
339
286
90
580
347
563
457
761
682
773
100
775
112
367
615
284
404
639
606
681
550
558
717
95
180
554
235
136
714
701
680
325
355
121
485
708
591
424
86
654
352
42
98
706
746
6
745
215
610
435
368
66
555
660
154
212
498
698
231
318
496
208
61
269
540
101
560
334
253
613
662
32
544
545
511
633
578
524
566
409
33
189
309
508
145
157
521
308
488
156
586
535
89
265
738
35
750
734
340
246
312
234
489
288
279
333
428
270
442
728
171
719
29
471
166
614
57
317
751
287
574
724
178
153
572
519
17
626
337
449
707
656
310
631
96
370
198
703
118
313
47
8
406
273
755
39
10
546
193
227
468
674
62
664
506
378
19
725
552
359
369
274
144
616
226
467
357
722
762
559
518
386
362
78
224
4
629
336
214
515
105
115
76
302
197
250
365
462
207
533
483
514
503
260
557
236
577
593
272
679
747
60
111
646
46
142
206
275
13
83
396
393
640
170
504
454
184
106
599
14
522
705
500
394
70
162
267
5
377
668
437
726
601
687
55
77
768
527
618
776
163
649
594
472
493
753
18
350
739
525
264
2
74
259
458
414
767
735
692
135
139
757
718
608
44
281
617
150
460
693
16
399
777
363
491
217
251
151
11
343
382
444
390
398
573
104
392
126
547
361
619
465
305
588
623
373
31
523
304
583
567
161
448
34
374
411
141
502
116
441
119
123
576
432
327
183
408
360
188
113
109
531
93
283
655
59
422
345
172
585
20
49
754
40
146
490
152
731
63
429
589
9
