245
653
375
320
75
487
69
143
280
694
303
346
353
326
364
216
415
752
107
192
295
609
67
211
383
165
349
595
470
221
475
665
315
604
543
720
741
661
90
769
384
92
85
536
201
342
339
338
100
760
644
677
219
642
140
529
761
651
258
749
311
229
550
615
598
65
121
180
282
520
587
730
597
513
717
554
321
639
325
95
628
606
102
355
400
215
43
571
562
366
555
591
425
671
530
82
61
334
774
299
435
318
438
354
698
648
496
101
630
42
706
660
654
86
516
745
611
578
145
190
308
131
535
80
319
480
174
544
672
613
750
566
436
666
632
33
638
323
409
575
521
309
243
447
662
298
287
431
676
497
36
538
690
641
178
234
501
134
246
329
270
333
449
0
466
707
340
574
17
734
148
166
337
29
442
572
724
167
228
194
292
664
631
274
117
725
164
356
552
370
506
78
378
467
703
118
553
322
249
277
406
616
401
674
96
39
62
233
232
688
386
362
19
227
8
722
622
10
379
696
359
755
492
4
557
645
439
260
220
332
302
577
445
105
483
565
646
206
214
13
263
515
396
592
533
204
697
83
236
207
197
593
316
629
142
182
275
348
76
22
710
522
81
768
437
539
218
77
163
14
702
186
394
5
668
132
454
289
687
601
261
568
162
223
640
582
170
474
184
55
693
173
635
110
458
479
84
753
421
387
735
350
150
652
331
718
561
542
259
460
133
472
777
18
495
617
74
256
210
381
209
729
372
398
736
104
382
605
50
567
444
374
621
151
392
248
373
305
443
510
528
239
523
71
637
619
361
344
31
499
411
240
343
678
119
54
531
655
737
9
179
721
40
123
754
388
548
255
327
330
731
402
603
152
306
225
141
686
589
49
146
360
56
429
427
271
20
183
345
397
