383
694
426
713
375
108
779
653
216
155
584
600
67
351
715
320
221
130
670
658
595
551
245
364
487
440
120
107
143
526
285
650
741
580
254
704
761
651
677
201
339
509
457
26
476
342
258
727
720
481
763
122
634
347
748
733
301
100
412
717
701
367
730
380
485
79
554
112
416
321
418
176
597
579
229
355
469
238
714
94
606
12
749
417
699
42
82
208
400
98
318
630
366
774
212
530
541
745
591
200
334
571
53
555
648
101
328
610
560
654
759
451
195
147
435
66
409
158
456
575
243
633
484
89
436
157
189
131
199
663
566
624
666
578
473
33
632
138
524
607
156
450
35
1
545
167
724
728
428
298
194
317
246
23
134
719
30
36
97
310
707
0
57
270
449
205
340
442
29
751
312
300
293
466
489
337
279
572
614
690
168
357
467
359
370
226
164
274
688
3
313
631
198
546
159
468
664
62
691
696
369
39
356
379
675
213
19
386
64
406
362
232
725
553
755
249
277
559
322
762
47
552
592
439
272
4
645
636
646
503
723
182
365
83
260
214
747
60
111
257
534
224
533
38
207
332
445
115
58
177
206
483
275
462
557
744
13
593
565
70
106
522
261
186
163
532
413
640
5
687
710
99
241
55
568
705
393
22
702
539
618
73
14
564
711
776
668
770
474
191
230
209
74
139
740
37
129
460
387
264
495
635
479
399
256
433
2
693
244
133
173
507
110
777
652
596
739
16
594
525
381
444
621
126
623
443
605
510
567
583
217
465
363
452
248
374
239
335
103
34
161
499
151
290
398
742
11
305
382
389
251
523
528
392
123
686
225
388
402
93
146
49
169
59
20
737
548
490
695
40
56
700
345
419
255
397
683
172
531
9
427
124
422
188
306
297
576
119
461
109
