694
556
685
108
196
69
120
779
155
351
320
752
487
602
715
75
551
665
245
375
609
266
326
470
650
426
67
216
434
584
549
364
756
26
45
733
278
627
761
644
219
347
651
563
52
412
27
28
376
661
642
727
509
517
634
410
90
536
741
121
597
712
282
765
606
453
229
102
407
112
520
276
749
79
512
464
416
775
681
176
417
404
181
550
368
560
671
400
530
147
154
318
42
203
591
654
354
746
699
496
425
451
215
541
299
82
195
716
610
706
745
208
43
555
698
53
750
174
511
521
620
456
611
633
309
131
607
689
243
252
436
447
535
157
35
473
253
156
663
480
613
190
566
738
575
178
167
246
30
153
431
168
734
455
279
310
719
329
29
288
707
194
298
676
57
134
333
36
287
171
442
166
572
667
459
293
97
205
751
614
300
8
386
118
357
273
213
696
691
313
62
552
87
359
559
232
688
39
370
762
722
616
631
362
675
198
401
164
506
117
78
546
664
369
622
64
379
159
322
518
226
96
439
492
60
222
262
275
534
4
182
272
224
197
396
636
577
679
316
46
142
236
83
629
592
514
515
111
206
747
570
38
214
723
365
263
503
204
462
527
88
261
437
247
504
268
564
726
77
711
70
186
582
668
649
314
770
377
237
132
162
218
73
14
710
294
618
705
601
393
757
37
387
414
74
244
399
777
458
281
753
635
594
537
139
135
507
129
2
133
495
561
381
160
472
173
18
230
68
150
175
34
398
743
573
126
290
217
305
443
448
324
547
361
678
382
452
605
304
374
104
619
185
137
736
411
510
11
248
729
71
637
567
523
9
255
721
655
441
172
419
225
576
766
146
123
40
330
700
360
754
179
152
141
461
397
422
63
345
109
388
683
59
585
56
169
127
531
408
395
