242
107
426
470
326
69
446
196
713
346
670
440
415
569
192
779
556
375
477
320
130
602
526
694
67
650
434
715
665
653
285
383
301
339
384
403
563
481
677
48
286
412
457
529
634
704
201
341
647
476
661
536
505
90
644
627
219
27
122
550
765
180
121
464
276
758
321
771
643
380
512
417
615
95
41
416
708
12
606
579
136
367
598
520
530
555
699
759
451
318
716
366
334
541
42
709
660
425
368
24
66
435
648
354
101
299
91
86
774
352
516
43
400
98
684
654
578
174
511
521
633
586
323
190
638
689
189
508
358
128
575
253
620
436
611
423
309
545
409
89
252
624
662
663
544
734
455
667
0
340
751
431
167
614
489
519
459
228
707
134
317
572
171
497
501
724
194
292
329
234
29
270
466
205
246
30
300
36
428
168
310
313
688
232
675
359
274
118
559
401
370
357
322
78
117
725
149
198
144
10
62
3
703
674
193
39
518
762
72
386
553
467
164
369
552
273
8
277
213
664
226
468
220
445
60
593
105
214
636
177
275
534
257
204
515
202
4
570
396
492
76
565
503
336
222
302
58
206
197
262
514
747
646
483
38
348
679
557
577
261
70
770
582
267
132
522
564
454
599
223
702
170
601
191
81
186
649
73
371
22
106
314
687
99
657
618
77
294
162
241
740
472
764
135
718
230
757
74
608
596
421
693
753
767
256
259
414
495
264
175
537
44
507
381
350
7
460
391
281
387
210
673
732
510
217
494
305
373
637
398
372
361
382
523
743
137
240
619
588
411
31
567
547
583
448
248
465
729
678
491
185
736
343
392
502
63
20
441
146
330
395
700
548
490
585
188
589
422
123
603
419
169
397
686
360
271
113
683
93
255
179
56
116
183
429
737
127
49
731
297
