752
108
694
326
430
569
609
155
266
242
285
665
446
320
364
245
375
487
216
602
211
549
107
526
187
581
715
415
658
353
463
143
258
45
122
347
278
410
651
201
677
219
733
376
704
773
661
90
301
760
52
100
254
642
748
580
338
769
457
775
229
95
606
771
730
181
12
639
714
238
643
550
558
615
407
469
659
587
121
513
712
416
311
464
352
328
774
562
424
366
98
53
660
212
498
154
368
540
555
571
698
318
296
541
745
91
716
200
299
334
195
699
496
66
61
630
436
243
33
611
309
750
578
473
409
633
138
511
447
307
174
319
157
484
450
308
672
265
663
566
156
323
423
189
488
288
707
428
171
57
574
501
337
734
234
719
751
519
690
270
246
97
459
287
310
148
293
279
641
667
724
17
36
676
455
166
431
23
168
471
30
468
722
675
149
87
552
47
164
755
3
96
78
72
378
688
385
198
559
553
370
39
691
277
233
62
313
622
546
249
8
362
369
322
117
467
356
762
631
725
232
664
115
445
592
570
593
38
76
365
260
646
492
263
744
204
4
316
348
182
272
46
396
636
111
723
778
439
13
202
58
224
679
332
207
577
236
302
206
237
564
657
640
500
668
377
705
687
393
625
163
267
73
170
162
314
568
268
223
184
710
247
772
394
768
294
99
612
241
454
281
460
139
507
596
537
110
259
256
421
381
739
37
129
777
525
486
767
230
173
210
150
718
331
84
18
692
561
264
735
594
605
742
390
743
510
389
443
736
588
678
305
239
126
251
491
185
324
382
363
398
290
729
444
34
51
619
411
523
494
217
573
161
452
297
695
56
172
427
152
169
183
700
93
49
116
686
20
422
225
63
429
109
345
40
119
731
113
502
603
683
490
9
461
589
360
255
124
330
127
