602
658
130
216
779
685
426
75
440
694
326
584
670
477
430
280
364
600
470
434
650
155
715
69
266
595
192
609
295
375
351
165
347
338
100
756
457
677
412
219
90
536
661
376
509
704
342
301
669
85
254
741
733
604
529
647
26
634
258
238
579
380
121
102
520
407
95
367
749
416
775
469
229
680
176
276
765
482
180
41
643
771
587
606
269
654
24
716
435
147
91
555
154
318
352
53
215
424
610
759
706
296
540
562
745
231
709
591
203
498
560
43
699
334
98
698
447
535
484
456
125
309
586
32
323
138
174
358
750
252
689
158
35
662
611
253
633
265
190
508
156
566
575
578
89
656
428
171
641
300
574
17
287
30
431
471
724
148
614
538
459
751
292
228
728
329
205
0
234
340
168
246
489
501
337
626
23
310
455
153
572
277
688
370
357
19
78
552
72
64
559
226
249
755
362
198
546
233
144
631
322
118
47
8
401
468
10
273
62
159
359
703
379
356
386
3
39
406
553
691
117
725
4
592
483
177
565
250
697
570
58
646
478
275
365
105
257
462
262
111
220
396
645
260
142
197
316
778
514
533
534
302
207
263
182
83
636
222
224
527
14
289
377
70
261
601
371
268
191
162
568
99
522
618
237
106
702
267
73
504
22
5
186
640
539
705
768
294
625
612
230
150
244
594
596
391
2
387
767
209
68
7
692
381
458
139
735
414
495
757
281
331
777
525
74
561
256
753
479
21
693
71
491
673
239
523
335
465
588
392
161
251
185
390
742
678
151
736
374
361
137
389
114
547
510
51
31
305
443
411
619
567
304
452
429
141
172
419
721
686
427
461
54
402
432
737
397
306
146
63
119
766
113
408
360
152
548
345
127
576
255
422
183
124
225
59
169
116
589
585
