549
470
434
143
320
196
351
551
426
285
463
242
752
383
475
346
609
303
665
415
670
446
653
650
694
221
375
353
349
581
685
477
476
563
669
727
412
342
376
45
339
481
100
634
286
410
682
26
457
505
642
347
720
201
647
384
604
760
341
420
418
512
12
95
628
321
181
469
112
282
554
284
485
94
417
712
749
380
598
229
404
513
680
708
296
671
610
571
203
86
540
746
366
354
745
352
334
630
654
684
424
516
716
706
400
496
498
530
91
774
53
66
299
541
15
660
319
252
484
156
524
521
511
666
423
738
358
535
189
488
158
32
566
190
672
128
307
508
145
575
689
1
447
253
633
300
178
317
724
30
171
574
36
734
497
751
572
442
29
538
228
57
719
449
333
234
614
707
489
641
270
428
431
312
194
168
246
167
292
134
519
313
62
386
8
226
518
755
616
359
468
118
3
356
322
277
379
406
233
691
249
546
144
96
631
559
193
213
149
10
164
467
72
703
622
273
378
674
159
227
401
117
565
83
503
478
514
396
46
220
439
365
534
272
747
557
592
462
348
207
202
76
142
111
105
177
336
13
214
645
204
697
224
533
570
679
38
515
723
500
711
77
88
657
132
81
377
625
218
687
640
289
99
162
772
223
601
371
668
70
454
247
776
522
170
770
527
261
394
14
160
210
381
479
18
7
21
739
133
175
209
594
74
68
486
16
37
542
561
608
2
753
693
458
596
244
281
652
495
635
692
411
34
567
104
363
444
398
583
465
290
51
637
71
372
251
619
742
31
373
523
678
510
304
344
382
161
361
547
374
736
335
151
392
589
531
109
345
432
116
169
127
585
603
327
56
754
655
408
686
502
419
25
93
124
548
429
271
9
360
700
152
179
123
731
20
441
225
576
297
