569
192
426
595
584
609
713
694
211
440
383
165
477
75
346
266
245
187
280
463
242
285
351
670
653
295
487
475
364
650
556
434
536
543
517
258
682
219
341
26
45
201
384
580
627
529
347
642
254
339
505
100
301
669
720
661
733
760
481
701
587
606
749
464
79
181
418
404
121
643
453
407
482
765
355
95
550
284
730
771
180
112
102
714
195
354
425
15
424
334
496
82
66
571
203
699
91
562
774
154
215
86
366
706
660
516
269
759
299
540
435
98
147
352
498
318
32
309
620
145
632
423
358
174
158
199
157
545
575
253
138
243
508
535
666
409
511
190
128
252
521
738
308
35
319
270
167
57
292
471
30
310
148
667
340
501
489
442
337
29
312
298
690
676
656
194
178
23
728
497
405
707
428
333
719
234
166
168
246
538
641
379
401
226
755
118
193
249
696
232
96
386
149
370
3
631
159
675
552
117
64
378
722
47
39
78
468
518
72
62
19
762
213
357
356
10
406
273
674
553
198
164
646
533
636
332
396
302
557
272
177
250
262
679
202
570
236
593
214
182
204
697
723
645
60
220
565
778
224
207
336
445
439
365
747
483
38
492
46
772
601
5
162
454
413
377
314
393
163
504
237
394
768
640
710
186
70
687
247
564
625
776
668
223
267
106
599
14
371
568
150
433
596
331
139
414
7
256
350
537
507
110
486
244
133
493
281
561
173
767
16
210
718
37
129
264
135
652
635
230
421
240
678
567
621
528
34
623
494
104
373
11
344
251
673
161
382
31
103
452
729
583
71
448
389
114
51
743
510
390
126
443
363
305
737
695
402
360
93
655
395
25
422
59
429
408
700
172
56
548
283
63
330
297
766
306
397
123
589
119
419
179
113
427
124
441
109
490
388
721
