426
303
375
196
130
295
752
779
487
242
715
584
349
107
569
446
69
685
221
694
346
670
211
192
165
353
187
600
320
653
415
143
384
219
733
342
644
457
28
761
536
704
741
661
590
122
476
403
760
682
48
763
720
338
634
201
27
517
90
94
681
367
407
420
758
558
284
238
765
95
775
453
229
749
643
701
606
513
112
276
325
714
771
639
745
759
43
562
435
328
438
66
318
154
660
400
706
212
716
698
15
530
424
630
684
299
53
24
215
699
6
610
200
560
709
366
632
358
672
190
80
35
488
128
666
32
620
409
33
738
189
524
308
750
319
423
511
544
243
145
662
473
624
157
456
153
166
312
310
270
574
734
23
57
279
667
287
751
724
466
288
168
298
641
449
719
36
337
300
489
614
148
0
501
676
167
194
17
293
329
690
559
762
213
467
159
39
755
357
19
703
164
193
370
616
277
96
47
506
274
379
117
696
468
369
10
631
378
385
233
386
313
691
675
62
725
8
87
149
546
688
674
4
257
332
534
557
38
565
236
224
439
636
577
263
275
747
629
646
204
13
302
206
462
592
744
177
336
76
645
316
262
111
142
115
60
778
260
533
710
527
186
393
500
768
184
474
247
377
564
170
77
776
81
687
394
191
22
770
437
640
261
601
267
532
413
106
599
504
772
460
596
173
479
561
210
264
160
507
84
18
244
381
139
175
387
608
135
472
414
331
493
350
693
767
230
150
74
757
44
391
372
444
729
382
185
398
605
34
452
137
411
510
742
304
11
494
251
588
126
547
583
637
217
673
678
373
623
240
743
392
523
443
50
441
225
576
754
93
731
585
502
127
283
113
427
327
59
119
54
700
766
603
124
422
683
172
146
397
432
402
589
179
395
306
169
490
271
40
109
