130
320
211
266
108
715
556
650
196
609
375
430
446
595
353
694
346
165
752
685
383
551
602
653
584
440
242
221
351
600
192
434
604
254
52
517
26
376
92
741
286
85
342
590
756
642
258
341
509
733
45
27
761
90
677
543
315
644
704
404
79
65
708
615
176
102
639
550
775
712
513
520
284
94
606
771
598
758
180
238
701
418
41
485
200
759
15
671
299
540
61
296
154
208
438
334
400
203
368
91
541
630
451
24
42
496
53
562
212
86
215
328
709
660
147
269
138
611
145
689
750
190
586
253
33
575
638
199
308
521
131
319
535
578
488
189
450
156
613
291
484
174
663
309
307
719
288
168
333
279
329
178
300
442
707
690
626
734
148
310
317
724
641
171
455
0
428
459
57
489
23
676
194
449
431
656
614
466
166
298
36
313
631
322
193
159
227
62
144
622
149
755
232
10
274
118
362
553
164
467
370
703
64
664
688
559
19
385
406
546
386
378
552
8
117
616
369
249
72
226
356
96
515
111
336
593
46
534
214
115
646
439
257
577
83
744
478
492
206
747
533
202
272
679
182
396
262
636
60
222
13
778
445
4
645
565
76
38
723
170
294
261
504
640
191
474
612
599
70
55
106
539
625
73
289
770
22
268
702
522
532
601
711
710
393
649
500
314
14
618
561
479
209
537
74
433
160
68
608
652
37
495
735
110
757
486
331
129
472
150
692
175
635
493
764
391
693
740
421
458
617
363
126
361
104
678
392
573
605
240
448
411
499
743
623
71
304
583
31
373
729
51
494
11
619
239
528
305
114
103
452
217
335
372
603
422
169
395
54
432
63
461
686
576
152
531
255
490
731
397
127
721
585
141
330
297
419
306
93
40
388
427
113
146
589
183
20
109
655
119
