316
319
22
328
311
368
332
29
300
321
359
348
353
349
16
308
324
6
309
363
21
306
20
331
330
366
2
11
28
9
938
931
986
292
936
286
968
952
270
272
295
979
278
953
954
985
940
990
933
984
996
290
273
299
988
284
980
296
959
956
42
380
399
400
404
435
372
422
37
392
377
408
411
38
421
424
32
393
416
394
402
49
382
44
389
55
420
41
36
48
63
61
458
476
69
484
464
473
83
446
506
500
491
74
477
73
481
445
75
479
60
449
70
478
488
80
85
509
493
65
532
91
565
574
520
567
540
548
114
521
553
107
533
556
530
522
105
537
115
559
573
112
543
536
108
117
535
101
99
562
600
142
589
146
144
148
599
126
639
588
627
138
121
596
120
595
585
637
583
645
594
617
140
634
614
141
125
611
622
612
686
154
693
169
701
165
662
673
660
174
719
716
691
680
656
657
153
708
177
682
692
675
679
718
699
683
156
713
651
170
780
758
783
732
776
197
748
740
771
736
184
195
206
757
767
181
745
186
728
787
185
789
196
763
752
753
759
734
723
721
859
223
794
847
237
852
232
228
810
212
813
838
220
229
221
824
233
846
225
801
855
792
796
858
238
823
820
219
850
842
871
906
860
884
868
899
240
267
910
268
260
900
269
914
923
866
246
915
873
265
879
904
862
918
891
872
249
250
264
887
