24
309
305
314
325
340
352
310
361
335
2
360
18
343
367
339
322
8
29
6
304
334
308
20
320
369
7
344
324
312
986
995
988
962
275
969
294
285
951
282
993
981
276
968
975
947
944
964
957
283
933
280
286
985
940
281
941
293
271
960
389
43
428
39
427
58
35
378
385
420
434
372
51
36
415
370
55
399
439
417
44
403
432
33
57
375
392
52
436
424
443
471
484
60
80
69
491
61
498
483
475
479
457
444
462
461
448
486
64
501
454
495
470
446
74
85
497
447
465
469
565
523
547
102
543
99
553
516
535
544
567
116
511
512
520
564
115
519
545
103
546
532
110
111
97
575
570
552
541
521
145
138
127
602
140
603
624
627
610
605
628
598
121
646
137
617
147
143
132
647
625
588
649
129
126
615
144
622
637
616
173
658
163
689
652
697
709
665
695
165
656
713
660
691
168
675
162
662
687
703
151
704
666
671
702
176
679
650
706
664
188
728
751
765
767
199
209
773
768
736
184
205
723
731
774
191
770
207
752
197
735
769
726
771
747
764
750
720
743
779
793
211
827
823
835
850
842
218
805
813
843
851
836
221
832
219
854
238
844
817
237
212
231
217
804
852
797
824
803
849
929
915
250
893
240
252
878
917
243
885
255
860
907
268
911
863
884
879
914
265
912
908
875
909
869
928
900
261
251
894
