19
14
313
307
336
3
349
311
308
338
2
1
330
323
365
344
362
26
329
316
360
340
320
314
346
325
21
331
6
333
934
935
946
936
963
978
982
960
956
961
288
984
285
970
275
988
968
947
998
289
299
949
271
272
954
280
290
294
995
276
420
387
430
381
56
438
394
406
32
54
374
414
396
37
376
429
402
386
373
55
397
399
372
38
370
58
407
434
433
436
64
82
74
453
456
484
446
454
464
469
478
63
506
494
68
461
470
451
493
477
66
491
86
508
495
61
460
463
471
77
544
543
90
110
94
556
102
107
524
570
525
568
563
99
522
520
95
105
528
554
119
576
103
565
92
575
513
533
116
511
648
133
599
630
626
625
131
637
147
142
600
601
616
580
627
615
602
597
618
622
606
619
614
603
129
145
581
122
609
595
652
702
700
701
161
709
719
655
697
165
695
171
684
665
663
168
718
712
685
714
681
177
707
162
659
694
703
179
660
154
203
737
735
186
761
758
764
730
787
185
734
750
724
749
745
739
205
197
752
191
767
760
207
751
783
740
765
200
181
201
235
794
793
210
798
823
858
815
218
837
834
835
225
828
791
820
821
838
841
818
230
228
847
816
853
852
792
803
211
830
919
261
240
869
253
879
870
901
242
883
884
243
922
257
882
251
924
902
925
863
878
920
865
897
256
893
895
896
903
264
