20
10
366
16
333
24
323
367
311
317
313
2
365
26
13
307
14
29
305
324
350
4
351
346
355
330
5
340
341
19
933
988
996
291
956
947
940
950
962
934
976
977
945
271
980
994
938
987
276
284
973
288
958
982
966
278
274
999
992
955
431
40
48
372
374
375
386
43
435
400
399
36
30
437
51
383
54
373
390
404
56
407
408
385
44
403
378
428
376
391
484
461
75
486
471
478
71
457
465
77
65
443
450
491
462
86
440
74
502
494
64
489
495
483
84
476
492
488
449
507
100
110
93
530
541
107
538
523
550
566
532
542
97
101
515
527
92
543
528
510
563
105
575
537
115
565
98
513
534
556
641
588
606
624
129
585
635
615
603
611
604
616
584
581
618
647
630
614
649
638
147
617
631
636
590
637
605
586
583
639
660
671
667
668
656
692
713
170
167
178
657
716
175
176
705
693
163
160
162
173
718
676
663
708
681
662
169
670
691
654
746
731
769
204
209
783
777
758
779
768
751
781
202
725
766
740
180
780
757
759
749
729
764
190
205
763
207
750
747
199
234
843
840
218
831
841
797
236
814
858
822
826
215
227
233
834
793
811
838
230
835
859
239
805
848
214
222
847
851
836
871
882
915
252
896
914
874
255
875
267
867
877
893
925
261
869
250
240
860
244
253
911
243
913
861
883
248
245
872
864
