350
354
303
351
363
17
306
352
339
335
362
309
326
322
321
302
301
314
348
10
2
343
367
332
19
305
364
27
316
308
944
996
271
935
296
281
938
982
987
273
950
270
299
286
946
961
298
951
931
278
947
274
998
956
978
958
279
983
953
297
435
407
436
411
31
420
439
385
392
57
437
403
431
410
383
41
386
434
51
429
401
376
397
430
398
39
42
48
59
46
450
70
506
476
499
442
505
465
85
65
60
67
502
471
470
75
509
496
482
480
490
460
459
472
475
444
68
485
473
74
569
579
525
576
552
99
554
568
91
518
110
545
533
566
524
539
527
557
511
575
565
560
534
523
536
105
514
540
544
542
120
636
124
143
144
121
612
633
616
643
605
134
141
145
626
625
136
594
135
603
131
642
630
122
597
584
585
610
126
635
156
679
692
650
711
663
695
696
165
681
179
666
701
689
159
712
173
713
676
657
158
707
174
705
680
706
682
160
710
153
734
778
764
738
749
769
205
742
735
745
775
779
785
744
768
197
199
762
204
746
765
198
770
206
192
725
759
191
782
752
213
820
795
793
232
826
805
828
827
835
216
847
838
226
852
212
821
816
848
814
800
823
839
215
236
813
843
234
808
220
894
921
252
882
256
895
880
898
863
860
254
885
908
246
922
261
902
267
264
929
900
870
899
891
875
919
914
879
263
864
