334
63
103
594
714
265
169
748
247
305
301
274
749
206
54
40
149
321
289
413
364
276
358
234
412
44
683
190
704
125
250
218
84
786
620
269
775
41
623
372
778
709
726
414
624
756
716
604
401
52
254
352
262
58
602
718
126
761
216
699
135
673
708
664
294
742
654
681
660
693
322
361
608
285
312
610
83
692
210
690
644
38
662
353
666
628
380
115
303
314
194
411
147
679
760
402
112
591
787
697
136
311
92
55
124
121
613
678
172
794
211
239
120
695
652
90
341
319
347
175
626
759
404
323
712
405
68
656
261
233
9
8
141
89
639
766
158
357
128
790
67
64
270
25
677
299
713
330
669
71
795
625
770
407
191
73
320
350
30
668
13
2
251
160
386
758
339
258
18
754
11
325
782
98
65
110
747
33
711
21
684
28
703
241
200
300
174
86
142
421
204
57
95
105
365
715
77
74
781
302
631
272
148
22
370
658
769
214
589
732
783
47
228
304
93
35
42
400
238
192
159
111
219
16
72
717
741
310
725
710
705
163
635
336
797
764
655
4
733
97
131
36
275
185
595
687
297
201
721
167
680
342
784
222
106
397
611
396
277
657
663
393
745
385
220
268
753
367
601
698
408
139
24
674
686
189
621
146
746
665
202
225
399
252
636
6
69
772
116
118
226
600
187
645
235
230
129
255
245
722
186
60
307
388
378
793
282
253
368
271
344
637
362
643
80
166
181
99
757
417
227
387
257
113
12
646
127
293
614
672
197
151
612
308
596
752
109
730
79
661
735
374
659
737
138
61
691
122
287
193
91
785
366
337
389
348
354
780
3
598
406
154
779
94
56
178
132
702
170
244
647
45
153
145
31
205
789
7
398
383
422
343
100
286
774
616
420
50
164
155
590
390
727
209
20
231
298
327
101
49
762
743
152
75
607
349
415
70
653
328
739
203
288
267
117
689
377
232
768
184
682
619
633
526
854
571
858
801
866
469
572
842
453
553
452
552
860
527
423
460
535
544
520
437
491
564
800
532
537
517
508
481
583
477
456
478
815
472
438
847
451
820
811
871
812
448
523
474
803
849
492
826
505
501
862
445
834
510
490
823
433
485
500
568
585
851
425
838
516
502
466
843
489
837
857
559
865
540
455
850
513
798
561
539
853
427
509
518
874
543
565
461
426
570
831
836
487
856
821
499
483
551
555
563
424
524
873
841
830
567
808
805
557
450
844
806
799
467
486
556
548
807
574
560
538
470
581
855
528
818
521
482
580
863
504
817
446
529
828
859
434
578
459
530
473
829
454
582
457
824
471
869
867
443
835
579
542
587
547
868
872
810
546
493
496
498
816
442
879
