14
385
618
13
173
346
56
351
80
91
222
713
30
148
166
94
316
214
744
402
71
693
389
420
648
728
717
617
29
671
106
696
726
711
795
320
313
206
338
16
175
119
763
750
387
285
736
414
3
10
699
422
247
400
358
63
90
307
52
147
57
59
226
62
45
598
32
630
156
408
733
21
708
629
692
23
356
24
105
182
689
691
668
115
321
751
269
257
739
701
172
755
121
602
266
242
143
284
727
140
204
129
715
710
46
216
632
263
771
34
35
53
312
31
638
352
191
637
77
197
219
20
92
18
735
261
317
17
327
305
187
221
606
655
666
136
267
380
127
93
74
33
596
209
679
698
762
613
734
661
745
272
364
116
189
342
145
0
673
181
110
792
759
724
141
686
660
347
165
627
365
676
643
81
743
737
150
128
8
600
334
702
592
590
298
725
300
306
793
639
7
340
357
84
593
9
281
114
2
350
146
211
323
680
89
398
649
780
688
694
76
611
202
621
299
695
292
324
707
235
270
303
49
47
319
26
169
328
687
72
283
339
754
217
178
369
95
683
293
416
253
22
345
213
55
117
102
772
647
260
642
353
268
132
741
318
378
290
359
19
179
397
344
721
137
785
195
650
633
370
238
767
366
775
325
412
662
131
622
797
674
678
605
765
185
248
756
107
746
308
354
88
716
690
383
87
672
230
249
61
38
790
377
685
376
641
769
304
395
198
714
104
229
243
665
760
403
615
779
167
301
25
337
28
228
296
256
98
373
597
418
277
40
163
58
360
254
719
631
237
65
348
677
392
66
109
329
309
791
768
83
157
722
784
200
766
276
280
122
774
112
781
113
731
614
108
149
227
761
212
343
778
599
646
126
609
295
616
415
160
669
619
789
326
723
333
36
240
349
375
388
409
742
171
250
103
601
379
174
205
279
670
241
368
54
738
120
85
421
770
69
394
183
15
410
5
124
653
659
39
314
48
654
543
849
515
554
811
442
497
481
458
511
479
850
455
818
583
462
464
448
434
533
501
557
499
805
822
437
529
862
456
821
863
429
435
575
478
833
824
530
800
865
532
813
471
521
507
815
876
490
825
827
498
578
485
809
567
539
877
880
847
859
475
463
816
801
431
483
842
808
579
430
443
845
482
838
572
433
828
513
556
492
503
829
584
832
868
517
495
569
487
555
855
459
844
843
570
506
582
546
445
869
538
541
540
571
509
436
550
878
523
566
823
441
553
493
444
474
469
858
577
457
587
488
875
537
814
837
505
451
852
851
489
519
426
510
565
446
874
588
524
804
534
586
576
836
866
551
573
561
432
835
581
425
449
512
817
807
460
516
461
522
491
846
438
568
452
472
