262
610
607
188
127
166
315
233
152
280
20
160
748
302
746
590
728
376
589
621
154
200
281
16
205
1
392
19
126
227
303
36
666
371
29
184
623
105
797
325
118
256
608
409
272
319
62
50
791
688
246
0
6
402
391
659
51
259
721
606
181
254
43
261
139
270
408
333
284
710
747
232
386
3
8
129
642
186
656
169
419
762
767
612
276
682
257
193
40
38
295
30
239
54
652
142
714
26
596
271
790
9
35
672
228
330
651
422
175
307
781
25
619
70
765
724
172
349
406
190
729
778
741
361
274
267
97
244
230
719
11
123
115
10
163
134
344
286
630
177
213
345
401
678
785
761
743
407
289
718
380
662
638
221
150
645
252
296
684
196
715
87
629
389
59
92
731
258
677
189
413
74
225
626
754
171
347
634
148
681
141
251
182
792
398
411
694
641
44
144
243
247
365
700
119
679
266
147
309
34
217
337
41
306
287
288
293
635
207
772
91
670
769
47
84
198
716
137
593
366
12
98
750
179
57
304
45
633
151
680
595
2
145
128
109
101
789
273
223
631
339
758
708
121
94
394
397
335
776
667
367
241
23
33
219
235
220
103
664
183
69
410
64
417
39
412
236
773
657
644
308
278
237
709
788
383
755
768
85
343
18
52
723
159
390
640
143
720
350
165
668
351
736
727
385
355
647
598
699
786
265
695
628
712
176
661
660
96
740
359
61
49
739
336
692
697
624
229
597
379
238
313
224
663
658
372
639
614
55
211
395
317
779
73
140
42
381
654
757
618
268
167
136
605
202
611
734
283
327
157
311
218
613
591
321
297
216
214
170
649
162
370
636
90
795
356
122
17
291
348
749
646
76
4
56
240
687
341
67
382
301
173
405
292
368
357
787
414
168
222
248
703
212
726
735
185
155
704
609
774
161
625
324
775
290
209
650
95
759
131
255
89
730
622
675
763
332
374
260
683
201
671
58
486
582
584
580
865
848
499
859
538
557
802
529
458
490
451
850
521
447
512
491
573
809
847
581
579
810
862
503
830
821
478
824
804
838
583
839
463
808
522
836
587
800
520
454
477
461
569
535
425
432
532
829
853
437
498
813
563
818
423
801
870
495
470
843
553
484
871
815
876
446
855
440
559
429
497
831
492
507
558
519
560
433
819
483
481
803
506
561
550
514
455
456
473
833
858
577
588
814
835
826
475
515
469
466
551
567
539
874
438
444
511
496
494
428
427
812
578
834
576
828
869
857
864
542
468
533
502
479
516
873
488
545
518
863
482
849
846
517
530
472
825
872
537
544
431
462
450
510
480
827
878
467
457
439
552
436
575
585
442
877
586
524
528
434
798
443
