730
654
97
619
596
304
144
780
329
735
695
360
791
116
80
48
10
620
175
81
634
355
350
792
103
362
334
318
392
595
111
243
312
264
793
37
664
45
672
58
31
384
112
244
131
101
794
391
728
330
232
272
342
349
616
370
369
53
795
170
354
769
715
701
656
751
130
699
365
270
310
142
211
713
406
760
132
194
46
294
192
14
210
658
61
230
785
209
155
185
718
73
765
373
319
67
786
107
416
105
636
386
590
268
201
102
376
719
339
287
136
91
722
106
137
27
667
124
127
188
322
123
269
177
303
224
591
43
180
283
121
336
28
129
145
681
400
40
338
371
16
8
750
288
389
692
623
326
328
159
366
659
79
608
689
49
390
134
157
653
57
169
247
204
600
55
237
296
229
239
671
214
315
126
25
789
174
251
59
696
153
638
724
161
382
603
215
346
409
114
291
741
293
723
324
779
679
694
54
626
625
782
609
206
24
378
688
651
18
381
738
87
411
797
708
340
402
168
218
51
233
772
777
186
306
193
712
30
66
197
387
71
614
235
317
743
404
690
15
605
271
284
276
613
358
331
254
135
641
333
361
767
756
227
682
108
757
104
266
768
241
748
203
731
83
118
705
166
321
189
740
691
92
261
138
56
783
88
418
357
280
139
345
410
23
164
761
742
128
359
240
352
593
262
98
657
629
720
622
202
3
385
702
707
146
323
19
611
260
298
648
393
190
399
759
196
140
82
781
703
397
84
347
758
179
99
356
74
7
419
273
279
154
790
191
734
632
621
50
38
208
5
75
248
47
302
70
668
774
225
286
11
631
150
635
115
281
253
195
753
65
415
643
219
407
69
93
68
21
77
630
617
236
604
314
125
228
598
42
4
377
645
64
675
109
255
644
374
205
778
147
6
737
290
770
602
401
633
594
259
282
122
78
733
320
755
151
375
299
612
683
163
684
396
325
403
265
714
665
687
301
278
143
799
877
543
556
492
452
831
874
541
855
498
544
854
811
526
485
494
488
514
465
459
878
842
482
455
460
876
803
522
473
440
508
819
471
860
567
480
433
519
568
483
496
548
524
493
451
474
868
510
463
558
453
484
545
495
834
436
580
870
850
581
866
826
450
859
511
827
847
828
825
824
423
801
810
547
509
517
817
806
588
578
448
857
853
871
513
845
549
503
489
443
583
851
531
475
432
807
430
571
527
506
481
562
820
464
553
515
865
821
565
468
566
504
552
585
800
849
434
872
840
812
837
823
830
829
479
431
843
574
449
539
486
846
587
501
532
576
805
863
525
469
427
546
529
476
833
491
457
499
852
560
438
537
534
836
439
809
557
458
536
875
569
808
470
577
804
