89
711
389
207
25
313
677
66
644
162
766
260
384
752
158
761
365
391
294
700
712
109
157
407
30
210
650
654
737
675
358
364
284
131
775
167
290
256
795
92
292
350
163
107
672
607
263
64
420
656
41
372
276
50
80
200
670
130
78
287
628
738
332
404
182
298
599
0
234
278
74
395
736
224
58
651
408
597
646
125
682
22
279
415
159
306
630
181
781
698
768
111
190
683
63
175
679
773
405
366
342
665
185
785
56
32
411
165
383
196
695
16
413
590
345
5
108
228
594
126
295
173
771
18
208
27
303
186
12
8
710
84
401
151
701
245
188
149
235
274
673
746
273
769
282
398
240
797
122
748
627
195
83
91
352
370
286
328
253
213
265
751
689
314
414
338
400
602
668
603
244
233
723
796
194
219
707
103
368
319
745
146
119
272
35
264
250
625
204
637
176
334
680
718
348
223
71
96
706
765
645
653
684
325
750
634
721
591
308
53
281
371
402
3
776
704
676
134
15
68
73
44
33
289
180
638
97
763
335
55
784
664
312
127
183
59
663
732
715
266
230
120
621
392
4
309
100
227
37
72
320
374
43
397
129
709
154
633
794
406
251
238
254
774
686
95
612
678
67
346
661
153
11
377
239
166
311
730
87
49
647
421
211
307
302
692
300
762
703
13
369
197
17
619
331
742
652
141
758
243
225
739
743
318
727
36
79
24
65
114
344
222
409
258
177
772
387
671
231
705
367
792
674
596
104
747
179
45
191
135
202
655
353
333
156
610
687
255
329
40
777
155
734
317
749
99
69
604
288
259
168
247
787
249
70
605
789
643
316
728
778
124
90
690
110
756
722
138
697
681
658
193
379
137
609
356
615
52
662
88
764
189
34
60
301
291
221
201
94
386
187
29
132
1
93
735
648
113
242
327
611
241
203
218
268
593
21
237
62
26
388
77
139
229
385
691
713
731
702
305
793
23
171
835
425
535
548
540
454
565
520
847
546
463
806
571
543
575
556
549
434
508
581
458
840
501
437
582
563
483
822
479
527
854
468
438
539
846
521
431
500
451
504
570
471
864
537
432
839
805
531
534
533
441
529
487
578
562
493
560
804
464
564
554
457
467
803
865
494
449
443
555
574
514
866
551
466
523
825
569
475
526
490
836
544
524
547
821
522
568
876
511
435
460
472
849
800
880
503
830
813
552
474
875
453
446
843
481
870
536
447
855
450
851
817
802
831
874
528
456
856
588
532
834
513
545
491
497
857
429
877
486
489
462
557
841
553
832
495
842
550
808
507
473
807
427
871
439
505
801
424
587
530
485
823
833
816
573
858
492
861
878
426
538
559
455
506
512
820
