269
245
43
663
354
385
730
307
715
383
414
179
141
349
243
708
273
360
103
716
687
401
323
296
288
199
122
95
337
107
2
79
756
393
178
238
115
212
195
682
726
398
300
121
637
40
208
328
0
37
286
231
697
222
12
196
138
416
93
343
98
211
713
106
277
407
51
118
15
153
228
7
654
664
207
638
10
117
761
739
22
346
299
162
394
134
266
391
371
753
203
259
706
112
741
418
598
32
290
413
166
648
775
363
727
257
169
59
620
734
710
614
87
796
665
240
399
670
56
610
345
373
625
699
287
217
698
17
114
678
344
792
53
27
674
291
229
248
48
13
764
80
312
188
351
378
282
786
653
132
694
367
83
372
279
164
33
182
46
309
247
28
757
41
223
111
135
749
11
645
379
249
412
703
232
361
668
331
140
156
131
329
746
280
612
750
377
237
260
375
359
642
71
356
128
146
735
647
790
154
368
265
241
158
709
591
785
381
597
30
732
66
780
304
90
613
717
239
689
137
655
143
405
357
403
69
92
681
325
73
390
392
751
795
419
314
44
659
662
609
695
109
8
334
350
91
348
667
658
776
646
142
793
600
411
85
253
677
311
772
61
205
55
779
200
396
221
712
16
643
116
627
366
136
72
376
298
748
49
292
163
310
652
420
224
673
145
388
745
4
317
230
218
402
754
686
189
65
315
255
148
738
175
729
707
177
81
421
215
629
252
74
595
705
332
235
171
308
19
618
202
192
700
105
155
592
274
275
408
113
797
336
54
244
782
35
395
183
6
656
271
261
593
84
364
283
210
631
603
601
744
100
321
788
339
50
209
278
747
250
605
167
725
330
133
596
382
126
742
96
263
1
644
690
5
110
422
198
409
168
628
152
676
78
174
256
150
630
602
722
374
52
387
684
187
23
723
181
783
262
21
671
159
180
67
611
619
691
607
769
340
139
338
692
675
397
220
417
606
58
38
696
353
823
804
806
826
813
878
440
427
568
850
524
485
484
445
531
572
519
456
473
488
439
457
493
477
833
516
836
429
449
803
482
556
580
512
562
438
581
875
812
865
846
450
588
465
426
481
839
861
535
520
513
849
561
879
550
435
423
502
454
842
434
824
855
553
811
509
424
479
816
536
567
578
469
857
431
542
832
863
498
877
497
492
508
428
872
820
565
829
501
814
587
491
873
848
853
802
517
486
543
852
511
569
546
530
487
582
851
798
880
818
574
539
541
830
437
528
453
504
864
475
490
547
505
584
579
563
467
480
483
549
507
476
462
472
827
436
844
560
451
518
821
527
515
835
555
455
837
458
847
430
442
533
432
452
500
468
470
537
545
538
495
448
506
464
810
471
