187
336
76
159
0
133
192
648
610
711
634
77
335
785
764
196
411
680
44
393
37
732
85
421
418
407
144
321
307
156
676
302
306
787
106
51
58
715
273
29
10
161
71
263
317
387
596
388
223
275
234
198
379
404
320
210
226
337
408
237
797
242
39
285
241
660
348
350
618
3
215
94
264
773
147
235
611
204
18
99
193
268
136
233
65
726
195
392
386
298
69
108
340
186
367
679
713
219
289
721
777
744
708
111
293
356
33
626
252
286
705
287
706
724
101
276
52
98
157
378
682
697
710
687
678
8
383
291
30
135
93
238
642
140
7
790
774
277
693
691
735
200
107
227
754
362
179
118
150
399
419
746
318
114
269
405
125
714
249
601
594
704
113
346
674
27
97
709
750
162
311
323
265
170
698
789
628
105
34
151
119
696
165
189
788
155
67
21
331
664
35
647
142
343
258
352
183
748
208
416
134
214
283
316
68
2
619
657
650
778
16
310
627
246
602
329
12
640
719
177
688
652
342
695
603
741
271
191
381
334
313
167
78
397
620
247
222
168
90
304
768
677
599
260
281
357
294
197
112
396
240
274
606
630
775
127
236
66
261
756
73
651
79
762
13
779
61
384
110
771
121
319
152
654
180
761
740
733
92
738
169
53
402
322
795
131
292
154
612
391
355
783
760
637
605
100
370
685
739
230
224
684
699
366
675
297
267
358
368
363
658
716
395
82
375
624
221
639
729
54
770
279
109
126
254
124
205
353
207
400
753
46
730
614
163
600
312
48
290
259
9
622
718
374
43
158
390
347
62
218
83
199
80
324
231
734
793
757
266
376
646
371
284
786
56
148
686
70
41
638
372
23
758
172
308
667
326
32
299
722
245
84
185
608
194
689
720
359
257
330
55
25
737
63
723
42
661
270
5
129
591
414
17
36
333
745
712
784
220
635
45
128
103
87
95
413
116
692
40
382
765
4
755
869
541
585
878
521
851
552
800
516
542
857
849
486
507
535
587
493
828
551
483
472
434
498
802
812
508
844
575
445
576
877
801
484
826
511
443
478
481
810
555
435
832
471
502
861
853
805
846
860
830
548
432
474
446
512
572
858
864
859
847
464
453
544
556
444
461
866
488
546
433
558
513
868
469
581
439
584
532
813
855
815
811
528
806
505
441
537
525
526
533
520
496
841
833
427
863
871
817
462
848
463
809
827
426
545
438
495
579
872
531
554
452
804
501
475
455
494
458
465
473
862
879
517
798
489
578
845
565
539
518
874
825
834
536
567
437
880
467
814
524
550
559
560
854
557
843
856
450
850
836
527
570
870
568
823
547
428
538
840
867
503
423
460
470
588
580
