412
600
400
22
637
296
777
322
596
369
146
77
21
327
123
648
16
732
127
224
625
737
342
31
797
137
204
385
415
28
595
706
363
130
138
796
312
218
373
30
608
757
409
59
239
665
773
101
622
199
399
336
776
690
666
630
728
89
185
264
111
177
262
311
605
154
34
285
620
639
194
607
711
43
120
166
1
2
606
47
284
108
758
134
589
404
332
269
789
394
46
592
640
88
221
102
673
345
677
357
396
167
244
334
389
68
253
785
235
240
163
687
17
178
40
273
287
255
375
708
242
309
140
172
783
230
652
41
593
302
360
750
288
158
278
193
354
741
122
407
793
721
738
659
4
374
317
346
208
676
215
720
414
772
116
148
319
56
717
5
643
35
248
411
627
759
770
254
634
344
688
685
3
67
333
198
684
347
629
663
119
139
713
618
308
268
329
320
197
188
267
202
617
73
11
697
250
213
271
263
624
203
681
189
115
790
24
623
58
228
13
704
364
370
196
362
418
703
391
743
398
71
173
352
306
419
328
612
765
300
42
693
615
29
174
164
92
206
310
417
39
65
745
191
261
90
157
66
155
314
219
604
216
23
740
730
233
355
149
388
162
379
276
152
649
126
26
680
662
94
746
266
143
282
788
653
121
192
719
86
85
57
590
106
243
304
245
598
420
339
642
338
655
222
33
169
753
674
350
361
79
98
114
660
716
372
195
260
661
237
32
82
48
384
351
781
297
646
751
147
12
749
763
183
353
380
696
602
672
15
303
755
36
292
161
669
651
787
142
180
324
274
113
14
209
84
131
402
135
181
691
735
325
275
654
774
335
150
410
371
25
50
779
603
171
591
64
128
182
200
631
682
299
51
236
27
614
613
733
386
633
331
251
283
124
61
160
647
270
621
307
775
110
186
315
736
136
20
794
709
752
217
159
45
416
37
406
421
698
97
718
747
100
767
678
78
366
99
323
258
112
49
769
827
819
489
574
573
808
507
553
459
508
824
547
526
550
428
798
479
860
565
424
532
810
560
481
828
528
854
477
818
559
551
482
807
866
869
578
548
856
822
839
863
836
465
809
504
521
441
512
469
471
540
452
446
846
851
874
435
530
495
588
555
880
470
429
557
879
826
563
505
519
865
829
487
531
853
523
506
581
812
558
579
439
454
492
837
516
546
494
830
816
572
820
475
862
838
501
467
821
500
533
535
848
571
498
855
844
878
449
864
817
442
461
858
835
801
434
490
877
518
472
468
585
445
861
564
474
561
825
849
570
805
510
480
502
873
438
823
876
478
831
491
430
515
569
433
867
875
455
582
566
833
476
503
466
834
549
436
509
576
534
811
473
463
453
568
542
