52
593
364
786
88
154
9
222
90
665
672
197
30
223
142
5
396
321
135
340
361
218
750
398
94
695
211
103
402
606
370
647
608
413
172
202
769
628
77
676
674
109
128
256
70
292
25
164
685
403
367
16
6
421
745
29
153
132
177
165
620
717
104
275
696
205
382
777
216
147
352
339
369
376
37
313
357
392
700
131
307
598
768
782
758
31
701
399
111
407
33
381
280
3
422
279
237
0
739
206
761
185
201
420
179
722
728
241
215
698
662
236
317
100
126
794
380
408
778
296
358
97
591
169
360
757
105
328
729
744
220
633
383
634
624
712
732
388
724
780
271
143
692
32
134
753
726
299
125
775
239
116
115
68
308
22
333
74
320
643
266
368
210
653
771
263
629
791
163
762
81
136
351
187
623
17
783
19
203
626
157
616
788
641
353
76
200
78
639
124
781
754
244
89
707
274
371
785
303
213
774
189
184
613
278
95
336
411
61
14
773
158
731
196
627
725
288
694
118
98
297
114
345
316
709
645
671
311
287
149
719
764
733
72
48
285
44
310
214
42
226
675
219
82
238
298
689
301
84
387
71
300
603
723
232
668
59
604
119
57
766
130
677
268
642
242
400
281
385
377
251
13
304
79
152
600
702
605
40
335
46
704
718
362
730
631
640
666
15
193
314
770
344
697
715
51
793
64
743
632
691
91
756
795
349
742
741
270
597
161
23
127
650
212
738
155
162
625
188
65
652
393
47
166
252
295
148
108
590
54
248
332
183
669
714
338
260
721
26
146
630
397
749
688
186
121
354
727
763
621
269
80
414
150
139
684
735
599
27
667
619
614
331
683
746
373
751
249
267
797
658
117
138
141
760
113
602
12
365
63
355
699
45
277
28
767
596
92
784
176
410
265
601
710
319
350
736
230
594
102
609
615
174
20
660
657
86
607
309
693
622
747
334
93
759
208
2
282
325
708
324
261
359
478
460
559
519
516
554
426
483
586
527
441
470
823
538
552
473
553
853
825
867
532
494
581
469
832
566
587
557
498
828
490
821
424
811
573
833
841
801
477
816
542
446
827
438
507
814
570
564
506
505
522
459
879
875
428
806
820
462
475
497
510
535
584
437
873
845
805
528
555
837
850
577
868
456
545
830
458
829
476
533
493
561
464
799
865
870
858
484
558
481
530
583
588
495
855
556
504
862
541
508
840
574
467
472
512
582
861
569
831
877
836
540
860
486
550
800
463
848
864
471
866
449
468
846
876
548
563
568
500
847
537
863
802
803
489
813
565
572
523
514
854
492
502
578
818
804
455
440
457
880
513
822
521
536
482
425
442
433
534
878
444
499
511
857
834
435
