399
194
348
679
188
421
246
53
166
752
675
77
732
158
734
413
276
708
776
370
302
775
353
120
38
92
118
105
646
701
23
39
297
236
157
409
71
780
641
749
755
373
601
615
290
774
717
258
113
292
296
625
307
138
718
636
274
784
247
196
358
667
121
709
190
112
336
632
271
111
721
219
321
340
662
134
191
207
256
326
218
84
602
735
769
386
698
607
33
162
657
205
314
26
175
1
770
211
397
125
150
656
200
341
238
63
371
223
788
298
684
279
730
47
6
412
608
620
299
672
144
117
694
241
381
133
270
785
392
610
703
260
9
100
226
331
27
159
676
73
95
60
387
661
28
149
591
97
590
72
621
781
135
153
380
242
416
754
404
231
180
367
652
262
61
343
104
677
140
4
345
37
622
68
161
329
183
589
48
234
189
192
362
312
643
273
706
21
115
790
81
690
687
363
328
30
128
252
377
96
420
94
674
99
745
605
415
12
410
396
215
17
19
221
287
744
681
45
394
119
403
173
716
355
747
184
237
127
315
737
765
663
250
213
382
723
360
325
374
285
655
163
224
704
417
123
609
301
293
3
13
736
305
288
311
746
24
225
738
628
772
638
715
664
181
148
35
647
36
794
597
283
278
338
179
616
748
178
797
766
726
603
280
169
366
176
626
751
195
56
129
275
411
199
102
168
11
209
75
685
398
268
699
365
126
172
347
369
627
393
669
78
688
629
593
324
155
598
137
335
18
265
346
777
682
654
743
322
418
419
673
254
203
757
186
10
750
110
244
80
792
31
74
385
86
778
395
54
83
390
711
58
204
356
282
164
334
648
43
712
653
400
233
220
378
624
197
651
670
724
114
269
91
210
2
40
243
631
740
5
592
239
379
90
762
66
124
187
756
405
659
389
361
337
308
257
245
165
216
323
16
739
152
69
313
758
316
668
70
51
98
286
65
87
783
145
722
177
702
614
310
7
686
807
472
811
559
858
445
576
820
869
522
800
579
521
873
831
868
543
448
515
821
803
875
504
440
834
484
572
874
571
866
461
854
427
804
441
426
835
529
848
501
837
460
447
473
548
458
530
553
818
457
489
520
561
518
826
464
814
583
540
861
577
878
542
545
497
855
485
467
853
493
845
429
539
564
471
566
532
836
474
481
822
876
879
531
519
428
444
500
523
812
880
424
459
462
816
829
849
865
433
568
809
830
802
565
443
511
538
824
499
498
569
581
454
535
509
512
847
852
570
513
439
526
871
508
838
502
863
503
801
844
436
507
842
806
877
817
558
495
857
549
827
446
450
555
551
846
524
452
819
585
528
578
544
815
575
563
492
438
431
490
476
554
862
505
514
423
