309
24
14
341
158
420
640
26
702
361
45
649
276
300
202
762
155
734
117
332
410
151
687
421
666
29
148
758
236
165
181
59
184
66
131
698
784
372
53
22
400
178
619
411
201
600
185
754
647
716
328
664
671
64
312
203
238
19
296
124
747
146
392
46
683
314
176
51
707
656
607
766
138
381
302
387
660
226
598
211
404
73
692
21
331
74
406
399
634
672
333
351
127
167
166
663
257
319
133
161
704
284
93
52
112
324
196
115
274
195
213
254
63
412
197
36
207
233
778
792
594
674
378
365
742
251
418
409
345
139
82
37
228
789
61
795
343
183
263
264
760
364
609
335
776
602
143
260
86
326
229
270
695
371
667
330
145
172
670
786
89
357
268
352
350
34
315
190
108
379
589
675
322
282
752
783
725
27
225
363
69
25
271
643
140
48
593
617
294
346
398
125
179
621
659
175
676
156
88
645
206
414
338
50
620
668
696
359
301
119
641
129
401
731
688
311
222
677
94
204
122
123
373
114
397
375
777
603
735
18
210
367
91
374
273
16
728
708
293
657
250
780
232
749
323
383
13
218
38
697
135
727
650
160
258
713
33
110
388
217
100
168
669
613
416
339
624
231
281
686
685
391
182
682
661
193
5
366
2
596
729
422
782
188
97
746
706
287
43
298
107
611
177
772
629
693
8
173
95
623
79
616
790
680
10
325
606
174
415
292
209
77
30
58
285
329
243
601
101
90
44
334
368
189
705
75
84
310
781
221
796
712
267
47
385
369
272
65
764
275
320
597
266
753
28
614
83
642
118
111
632
134
618
769
733
147
208
72
408
132
740
390
261
608
723
655
92
215
718
396
348
280
239
144
407
711
137
200
307
722
627
154
694
105
377
419
186
55
353
658
308
252
216
120
382
779
303
41
327
262
163
248
141
393
380
797
99
67
793
60
96
738
349
615
590
767
739
730
384
81
342
313
599
854
465
524
580
867
464
507
855
498
568
582
871
516
880
561
461
866
469
425
806
803
878
490
472
868
848
562
843
503
477
823
555
542
863
837
583
846
497
570
584
500
835
506
535
574
432
572
510
879
588
587
802
827
579
814
442
869
508
447
441
845
551
470
435
804
560
566
426
557
482
445
449
812
452
838
573
577
870
523
478
828
494
521
799
540
586
534
456
518
505
850
861
438
859
443
872
431
860
427
847
576
512
493
473
829
444
483
832
440
564
798
436
448
488
876
862
530
467
581
840
565
466
528
486
529
502
475
543
479
864
527
839
813
522
468
824
511
874
423
460
805
545
877
463
455
836
550
501
541
489
818
825
820
831
525
462
558
852
459
539
451
514
537
532
569
856
