45
107
775
662
711
151
763
793
599
275
667
647
138
386
344
725
323
777
737
422
396
355
123
343
295
330
661
608
163
388
121
680
634
28
132
610
665
84
405
250
72
679
712
279
299
700
289
228
357
795
247
693
140
53
131
143
153
654
208
179
761
148
52
40
785
120
706
303
796
170
50
325
666
592
288
668
42
360
187
224
99
310
347
236
306
373
331
232
244
155
129
68
203
165
363
312
383
283
134
758
261
421
384
675
605
617
327
745
66
222
7
282
759
739
723
51
676
652
75
305
765
281
300
682
771
729
645
359
12
689
404
319
613
111
267
719
321
329
684
336
338
62
189
731
56
242
316
735
293
176
34
219
124
317
622
199
648
193
683
116
720
382
630
302
234
718
704
3
277
740
248
782
762
273
365
318
626
598
141
286
71
186
636
361
371
717
639
149
602
590
157
356
751
115
643
709
341
126
311
653
195
90
162
649
368
664
655
672
117
406
16
230
258
156
297
43
594
348
354
328
734
409
285
774
197
49
89
379
698
632
145
752
218
198
651
780
628
33
349
629
292
726
212
98
351
194
108
641
125
635
783
47
256
738
690
21
369
139
127
696
611
728
346
201
358
188
687
638
733
122
9
394
164
691
101
627
59
48
730
697
109
715
606
660
754
76
223
150
681
342
607
6
322
18
191
326
309
280
0
60
702
604
646
395
707
339
789
269
96
624
55
600
692
10
616
304
215
313
298
26
787
184
237
88
415
773
769
268
38
152
79
241
623
736
174
699
24
161
416
182
669
119
345
262
266
58
376
168
81
366
727
226
792
656
221
744
724
399
272
755
593
83
92
301
674
46
185
227
741
333
781
15
231
314
786
278
315
764
39
417
620
238
137
25
659
722
340
61
307
158
11
240
17
207
67
618
589
209
112
352
766
688
213
106
4
748
102
595
413
695
253
334
644
263
251
390
93
159
658
633
1
37
375
505
573
432
877
862
482
568
502
444
556
843
805
493
434
874
500
829
585
472
535
822
474
847
865
830
435
864
506
840
524
498
559
817
492
536
571
824
529
483
488
447
528
478
540
469
484
841
461
473
857
850
451
804
425
539
504
516
832
825
575
453
834
480
809
470
856
462
467
835
826
424
876
839
866
577
867
869
454
861
854
499
828
551
564
799
521
513
800
803
808
442
537
574
810
561
427
486
831
584
525
491
495
494
457
448
544
479
466
553
476
523
501
526
583
460
440
508
446
813
507
871
549
423
821
849
570
450
436
567
870
545
437
517
438
565
538
550
846
868
441
844
510
562
811
823
819
851
837
455
872
509
875
801
879
522
429
558
477
532
503
533
465
588
546
580
541
