792
276
704
70
726
293
260
68
610
651
705
166
6
219
706
278
46
373
129
775
698
185
201
771
126
171
628
292
405
175
19
776
608
595
316
629
222
78
73
216
758
779
422
63
351
9
666
614
271
746
172
729
274
287
286
157
86
246
327
191
754
708
311
728
703
142
693
72
660
269
272
141
634
766
2
36
688
750
16
420
671
627
417
251
400
602
794
102
755
338
248
324
210
110
673
75
416
29
767
304
38
107
787
317
413
421
194
392
397
598
745
788
735
751
732
127
757
61
114
624
294
695
295
700
716
403
108
265
672
254
345
224
797
390
784
120
633
176
313
699
25
203
131
259
701
406
384
128
165
744
268
37
609
662
151
101
60
197
347
156
188
281
98
97
349
415
589
667
309
418
764
736
388
678
41
64
181
626
669
82
643
690
34
27
103
112
245
740
783
606
87
399
759
106
196
109
235
33
28
104
790
308
613
419
657
312
26
168
386
1
288
639
680
53
116
605
323
12
733
696
310
32
652
158
123
786
339
674
183
283
381
137
85
47
322
296
180
21
621
152
134
646
630
96
770
665
10
661
653
89
138
684
247
659
772
56
394
409
611
122
642
31
256
273
211
297
100
225
42
795
90
303
242
298
192
121
412
330
22
385
663
360
658
590
717
117
238
714
348
404
5
778
30
54
135
372
644
202
44
354
738
408
207
391
352
91
189
719
133
710
257
376
382
393
747
677
301
692
641
226
258
365
335
781
119
143
59
218
748
648
623
255
23
346
299
177
762
336
195
155
355
264
366
232
782
374
395
77
45
619
40
685
209
35
198
243
244
683
148
124
600
380
364
723
79
768
389
599
204
169
39
603
711
223
84
290
753
145
314
328
337
742
190
333
136
715
215
332
730
325
261
8
160
731
763
249
796
307
227
679
80
300
377
636
178
358
707
359
612
618
170
789
150
676
95
607
363
252
182
280
664
640
81
581
530
582
462
871
500
507
449
523
474
579
525
880
851
540
574
429
876
442
875
811
444
835
554
509
585
587
437
557
461
425
810
815
502
852
833
869
435
576
858
845
879
817
857
524
588
807
872
434
861
440
464
465
514
477
534
569
805
842
518
813
513
829
433
498
487
471
558
466
531
868
586
468
512
828
834
561
486
578
571
583
482
580
470
819
499
878
491
570
427
485
844
547
559
827
536
542
424
448
537
550
860
862
826
843
803
431
545
521
874
510
565
475
806
804
443
560
492
854
497
800
551
473
573
812
840
563
494
533
824
469
564
808
503
853
549
450
567
864
841
562
837
539
820
496
511
799
454
529
839
423
456
535
532
451
481
836
801
821
832
566
863
476
526
428
439
