132
58
327
210
209
722
173
604
54
78
80
169
692
286
288
153
248
146
242
81
235
612
125
654
336
112
331
151
742
754
605
402
238
213
68
364
299
135
160
422
156
715
771
733
107
354
211
786
407
696
713
71
710
714
687
751
136
190
725
70
56
180
111
333
667
693
416
644
747
9
280
53
630
321
339
52
344
227
617
345
611
592
204
193
14
122
357
730
625
613
743
114
27
375
645
785
350
661
106
316
202
727
223
651
276
216
623
338
793
411
326
787
76
134
165
139
320
285
595
719
593
188
394
6
318
676
355
12
763
35
105
236
314
777
691
232
359
250
697
274
628
655
192
649
121
729
191
25
409
62
207
189
19
272
365
342
397
201
367
284
591
386
297
737
414
749
277
642
226
382
292
641
741
341
776
59
669
396
598
666
755
731
138
269
183
296
181
694
724
695
721
203
684
39
794
410
109
154
97
748
784
293
29
636
310
627
73
261
94
11
681
660
144
48
419
60
663
381
682
420
671
417
780
603
677
356
735
247
33
99
670
348
403
675
340
102
366
795
225
395
20
13
300
108
399
251
346
42
638
778
352
703
194
383
351
130
214
50
95
788
720
759
185
699
761
38
629
607
633
637
51
392
254
133
701
115
82
672
113
16
362
421
707
347
64
72
7
197
124
298
28
167
199
767
159
255
142
221
79
708
187
639
3
378
311
259
256
86
746
222
150
4
413
215
368
45
176
290
791
673
792
653
267
779
101
594
657
769
775
182
369
161
608
616
650
258
728
658
263
615
624
718
700
618
266
118
268
61
240
234
323
92
287
716
243
647
385
171
782
372
709
137
408
172
631
65
774
200
765
37
325
149
665
15
668
289
374
384
100
162
328
757
783
294
376
358
96
84
295
116
334
155
158
739
393
46
712
686
401
678
23
47
301
304
756
387
88
208
412
196
147
0
128
337
219
773
619
10
148
664
732
764
415
573
800
583
432
855
471
464
504
531
810
863
853
473
489
423
429
535
443
572
556
467
506
824
509
806
551
470
854
513
428
527
815
814
518
514
818
582
502
463
865
536
477
533
849
565
550
857
838
842
448
475
519
441
877
864
856
454
805
537
508
803
492
830
515
568
490
438
510
871
543
434
844
499
534
817
819
452
575
869
435
483
825
439
517
526
872
847
850
458
862
588
831
823
494
851
479
561
500
446
580
801
548
833
488
436
486
459
861
553
465
542
456
549
449
521
878
430
873
577
497
554
807
538
451
880
516
822
528
457
532
437
503
427
462
848
820
481
576
569
809
426
839
482
541
460
836
852
567
440
512
563
879
523
495
424
829
804
485
835
584
813
802
570
557
496
478
