600
724
691
320
253
204
388
322
611
678
306
222
790
229
694
782
695
726
623
284
257
135
626
224
198
384
394
199
721
789
355
338
240
728
298
171
14
97
251
690
232
765
13
26
357
640
170
713
315
280
375
593
131
15
656
718
295
242
30
758
213
241
57
645
390
217
377
699
374
386
767
304
361
795
657
256
325
2
190
730
55
413
727
274
103
291
764
608
3
405
740
136
208
54
108
285
776
286
642
762
382
264
627
53
267
414
629
404
420
164
113
602
105
32
244
398
643
725
84
140
378
247
159
595
768
236
210
746
133
69
189
659
619
0
783
605
83
711
359
392
399
396
596
684
352
674
416
341
18
11
419
734
351
202
153
337
292
735
157
409
50
282
303
651
598
132
362
716
590
246
1
289
66
327
412
738
750
733
147
658
739
74
268
216
106
64
410
345
5
791
756
641
630
408
25
225
307
263
759
400
686
366
175
644
683
751
343
250
35
631
706
245
173
655
119
230
20
19
731
89
761
196
333
317
310
174
234
705
772
769
632
200
340
76
92
137
149
38
335
273
87
142
326
634
214
638
112
130
70
742
128
707
4
46
777
93
743
358
252
336
51
215
270
126
52
9
124
710
785
671
717
723
88
342
172
647
667
748
167
90
129
637
279
685
78
71
125
156
10
220
328
775
741
661
774
700
179
737
709
212
59
592
597
29
191
134
660
729
697
760
329
67
288
616
621
696
102
589
601
281
369
339
259
714
766
12
7
622
698
406
617
276
79
672
591
75
163
380
365
712
620
312
249
139
779
391
778
237
331
625
757
194
168
231
744
300
319
677
56
654
43
58
628
219
613
33
732
154
349
277
260
48
181
255
96
403
702
120
141
324
178
109
21
308
77
266
323
383
197
722
334
305
272
347
271
681
736
668
606
652
155
301
254
610
221
290
603
373
287
346
40
235
356
61
17
679
151
39
393
36
226
676
207
467
829
516
818
544
875
834
448
508
857
535
844
837
501
505
874
533
585
456
865
490
836
572
540
579
842
877
559
522
830
511
826
480
466
588
565
575
453
863
526
809
440
820
554
492
439
507
430
457
569
810
848
436
860
581
560
811
557
862
473
859
856
468
509
803
446
443
835
471
555
574
524
564
547
431
548
536
806
562
495
832
462
808
566
465
500
519
537
798
494
583
807
558
485
538
814
550
428
805
828
433
816
813
876
587
567
854
442
879
461
853
527
570
543
578
479
478
503
450
475
521
880
545
452
459
586
873
530
870
451
825
506
872
801
871
437
851
491
470
432
869
435
878
838
563
539
455
472
580
484
498
520
815
849
551
847
447
523
534
549
812
568
582
424
445
845
