154
26
143
135
145
216
194
60
136
191
293
250
269
162
187
261
56
150
170
169
49
205
265
226
245
213
24
63
35
19
259
253
227
47
237
280
255
188
61
219
20
198
5
196
137
233
165
1
2
59
55
10
58
46
6
178
243
254
52
166
199
181
239
7
294
39
240
256
415
436
296
389
403
362
420
388
316
111
108
300
92
402
399
121
380
84
295
301
133
342
74
345
322
110
346
118
328
368
86
299
427
412
446
129
69
442
430
379
381
353
323
326
102
112
357
426
335
432
347
359
115
428
414
82
90
72
343
75
396
330
76
78
94
408
421
