143
169
156
261
144
13
195
200
238
222
291
148
164
63
175
62
34
210
20
44
242
230
186
265
255
59
158
171
233
154
53
5
21
1
183
206
262
268
274
167
202
139
254
277
235
170
264
187
207
266
47
239
236
50
225
228
140
46
284
176
64
28
201
147
283
241
248
173
415
423
319
85
314
120
117
442
299
81
436
335
296
345
432
405
320
115
307
103
124
363
70
131
128
74
414
78
69
97
323
441
416
109
365
308
449
400
342
393
316
387
421
433
376
318
370
302
344
424
426
375
102
346
72
379
381
322
82
312
304
80
443
358
87
418
412
