202
214
188
191
253
174
200
201
12
40
224
178
56
164
273
19
259
30
272
255
292
248
24
283
167
144
267
251
145
160
236
186
247
257
149
31
282
66
34
10
271
161
258
231
32
261
163
26
37
249
140
280
148
41
49
6
43
137
152
190
58
209
142
284
135
287
180
35
129
305
404
91
423
131
95
340
132
114
345
397
107
374
76
431
417
450
349
307
395
405
368
315
110
406
436
381
440
329
106
296
364
74
327
323
396
424
389
320
418
369
301
337
128
102
347
75
346
317
443
438
433
105
326
411
429
101
331
372
336
85
90
359
68
335
339
