166
46
172
22
145
189
192
237
24
180
11
282
141
290
2
169
277
176
157
251
235
175
151
57
183
279
249
168
223
272
152
225
206
292
65
208
220
260
149
60
199
9
18
181
147
162
66
280
285
165
14
27
171
40
45
224
31
240
236
32
13
200
205
212
28
63
161
195
346
420
448
131
103
359
438
120
439
431
367
74
310
317
355
119
436
98
95
366
308
386
124
411
416
106
99
85
383
93
315
348
397
398
446
110
97
313
340
70
364
387
430
343
400
78
128
432
334
392
402
94
360
375
389
91
132
329
133
414
380
419
447
82
409
374
71
