175
140
15
253
3
40
31
278
226
58
242
150
193
287
250
248
189
185
262
201
260
141
67
61
247
14
203
45
230
245
182
227
168
241
222
252
4
38
64
221
34
25
170
223
181
290
264
10
46
279
195
12
244
23
6
213
280
283
153
47
149
277
65
271
41
192
156
137
299
446
417
116
402
334
109
387
395
331
329
344
308
345
371
383
340
301
356
445
84
82
131
95
398
358
309
355
438
335
414
70
315
134
424
316
96
81
83
403
413
318
90
339
119
120
369
400
386
352
422
385
125
314
361
311
108
405
428
80
100
442
367
76
342
360
295
