281
238
20
181
66
23
193
160
144
53
156
226
264
10
30
221
13
230
152
24
187
209
214
35
198
211
275
157
65
178
270
41
25
54
166
141
271
44
6
28
12
29
261
18
219
5
138
2
284
3
251
182
14
240
151
265
247
64
231
206
197
179
202
272
292
289
9
173
440
367
295
317
364
100
324
88
442
374
306
437
104
112
342
423
83
422
438
300
86
380
344
370
351
369
391
73
312
389
429
417
359
430
365
129
404
395
80
345
330
77
363
133
70
93
127
303
299
106
84
426
348
329
120
316
126
123
121
92
436
331
406
387
134
75
402
