230
286
215
156
279
23
225
195
188
208
183
181
157
55
220
67
276
147
5
243
245
139
234
30
4
232
154
227
207
145
180
261
1
242
168
163
65
0
266
273
161
209
136
253
177
17
27
197
228
218
57
149
26
206
25
224
289
277
293
278
229
42
3
199
135
44
247
40
415
296
446
337
371
300
134
400
302
423
438
124
383
422
112
435
439
83
353
362
401
339
414
68
126
95
86
72
430
441
76
109
317
347
393
424
443
96
449
123
348
111
351
304
127
428
354
131
434
84
99
132
370
418
121
320
395
105
93
408
79
405
115
344
374
106
412
