189
254
168
261
26
223
153
255
257
286
256
55
62
3
36
22
280
54
221
274
197
183
9
202
201
144
155
247
53
278
11
60
166
293
187
179
194
33
193
169
41
2
14
16
52
224
0
161
61
21
165
241
239
150
188
195
245
20
162
270
29
25
63
225
46
266
136
30
372
428
107
434
424
86
349
401
312
92
111
319
356
376
426
390
91
437
128
450
429
419
353
103
110
447
113
345
321
416
441
433
84
121
397
444
438
384
298
325
439
332
74
304
337
443
380
108
72
87
363
425
95
318
94
343
132
71
125
409
315
449
112
88
78
98
347
