285
144
48
206
31
159
283
294
189
239
170
192
11
7
259
290
178
217
215
6
251
12
193
231
21
23
219
198
280
63
244
24
32
52
61
236
10
263
55
216
16
273
36
202
210
41
256
199
152
173
204
211
150
29
249
153
264
207
234
51
277
246
1
5
194
161
252
154
295
383
108
95
337
87
128
363
74
395
430
101
419
358
417
90
113
380
387
352
105
89
404
104
385
405
399
69
408
346
81
79
330
320
421
324
315
84
364
322
340
332
338
407
97
375
133
103
365
371
360
112
82
357
400
347
326
329
414
409
336
307
376
344
351
428
437
