232
180
25
19
166
169
224
13
294
15
246
0
181
144
278
51
143
209
179
254
285
193
292
14
139
214
227
289
262
26
171
145
284
252
40
29
226
48
211
267
234
253
213
219
189
243
135
277
279
266
175
63
11
275
222
255
282
260
54
281
64
191
170
136
204
5
283
215
310
446
332
419
105
392
393
73
77
434
433
117
317
417
344
301
412
400
103
381
331
74
305
71
339
423
316
296
120
100
390
333
85
382
312
87
97
346
90
321
126
106
450
361
338
93
78
350
425
340
295
386
416
437
99
68
405
302
372
329
326
418
398
309
130
447
391
