273
201
430
123
280
446
535
147
730
844
124
855
57
132
195
739
709
259
158
221
297
837
76
46
97
650
256
289
316
769
323
782
42
249
767
662
105
145
686
41
435
668
460
458
95
858
733
6
243
695
303
703
102
318
71
371
778
89
590
826
68
99
118
585
614
169
202
823
322
108
161
138
238
152
630
680
793
278
861
714
798
640
352
285
645
874
608
732
174
542
670
207
155
305
52
704
642
763
210
649
749
814
373
691
468
601
487
70
224
820
246
268
827
705
822
35
394
217
53
856
849
843
208
421
508
368
96
1
393
678
440
666
349
122
185
235
197
688
606
857
166
383
431
750
760
150
850
327
625
62
422
130
8
199
328
167
193
824
73
50
282
696
139
673
266
45
484
721
348
23
591
848
702
177
175
395
366
471
433
831
473
196
815
131
619
107
110
378
372
520
213
637
314
480
675
2
828
134
43
10
300
582
802
651
558
240
165
4
683
326
819
745
871
403
596
120
329
103
156
771
127
159
708
64
581
200
190
260
11
764
726
218
599
693
597
234
257
94
575
406
724
419
225
149
741
86
379
284
656
719
737
549
141
797
805
324
587
274
364
331
689
347
817
783
365
517
526
511
716
279
172
792
211
63
438
432
13
376
578
690
492
641
631
635
663
586
380
516
620
219
261
308
401
408
720
59
248
537
560
684
101
226
148
617
807
325
286
523
559
129
667
644
222
499
768
462
307
262
170
498
571
178
626
434
566
494
717
543
811
734
377
490
847
647
729
851
254
330
80
712
417
589
415
548
85
835
299
252
276
781
162
527
756
416
761
450
140
265
687
418
866
723
212
801
694
618
469
615
765
335
607
646
60
752
755
296
206
232
472
859
31
445
229
437
533
736
470
463
381
870
496
428
392
833
20
216
340
681
525
872
654
98
54
382
867
563
565
482
15
215
133
598
32
144
518
489
250
194
49
664
545
583
82
653
479
486
452
28
621
611
772
757
405
354
400
622
269
676
359
412
83
682
361
153
735
572
39
0
569
214
17
56
236
544
204
457
579
255
281
751
339
336
253
562
658
251
627
137
568
475
189
674
51
245
841
530
780
21
838
333
538
79
396
387
547
121
777
567
699
374
164
181
813
534
295
754
397
546
38
338
633
829
223
317
853
436
242
100
343
92
30
576
561
488
390
388
830
441
420
459
500
588
288
711
36
258
740
409
362
27
357
391
81
319
425
404
577
804
809
398
784
634
183
503
33
657
812
706
775
332
748
311
22
512
453
135
40
485
449
795
623
465
707
574
552
808
61
632
816
818
3
638
84
410
179
302
375
713
48
407
791
513
427
220
455
136
477
519
515
845
360
661
779
700
180
715
346
389
842
495
