650
601
645
769
278
446
782
282
678
642
152
166
263
402
458
158
97
208
195
822
34
192
2
875
709
107
695
227
759
316
825
68
662
4
394
76
849
118
99
520
383
123
53
116
444
471
701
776
66
77
173
655
174
327
150
861
440
96
165
72
732
739
89
75
70
249
289
454
209
675
243
760
624
871
90
480
422
630
371
874
110
651
648
774
138
259
57
464
679
187
850
558
585
612
8
502
14
71
692
798
467
704
69
155
786
207
352
326
609
848
378
199
796
228
827
334
91
696
52
860
670
846
596
108
280
372
277
367
156
122
283
788
714
240
256
143
839
67
448
93
837
616
202
217
193
213
590
686
473
834
688
603
403
730
104
447
555
421
184
41
203
318
456
348
10
102
74
672
62
285
105
196
733
145
221
50
111
820
810
749
142
852
856
659
132
668
725
235
305
19
350
120
297
112
231
210
815
802
787
745
298
824
584
78
353
606
460
803
159
300
130
328
301
167
433
246
468
169
9
103
814
778
784
553
604
594
81
15
720
808
206
708
362
531
5
65
423
667
392
26
736
872
325
527
866
164
727
853
722
587
157
379
864
764
478
176
308
801
512
22
365
514
638
251
522
375
179
442
424
795
21
488
789
758
690
550
79
459
622
363
717
807
738
867
386
295
396
805
332
634
135
288
483
244
125
337
543
339
536
416
426
271
445
840
499
281
462
347
215
223
545
586
781
397
342
346
269
450
18
633
437
180
491
517
580
425
779
265
146
791
154
539
726
276
731
579
149
226
842
595
674
86
809
162
723
376
719
168
485
388
253
48
267
401
374
506
498
461
489
429
286
573
811
364
0
607
724
687
529
455
644
310
752
560
639
710
101
492
661
439
617
296
528
574
768
610
741
20
405
470
356
847
729
428
746
418
129
380
211
219
404
330
63
797
747
80
851
623
821
391
151
294
694
664
576
870
420
832
816
530
669
735
61
284
406
119
64
360
140
92
697
463
734
25
141
234
718
247
252
533
137
472
291
538
744
257
382
469
521
358
189
163
345
777
754
497
148
551
748
494
854
299
636
313
144
757
434
632
589
320
381
336
100
28
620
222
172
12
835
780
312
170
635
31
534
631
565
621
592
575
509
765
707
605
611
557
407
335
546
817
466
540
417
229
153
581
627
493
658
290
599
255
311
568
829
737
390
660
354
615
333
389
516
274
304
813
29
254
17
438
452
317
398
564
261
785
681
790
766
443
663
602
324
518
567
182
715
190
204
712
665
87
51
711
501
537
566
188
600
806
532
198
597
643
836
641
699
233
133
436
272
331
88
706
556
554
355
863
525
804
258
340
245
862
800
441
319
115
563
39
700
260
427
753
11
33
82
500
812
399
