301
810
799
732
850
186
69
749
655
649
857
199
348
9
541
584
679
45
99
142
282
105
788
873
837
280
43
430
814
769
57
856
14
742
786
677
19
1
256
106
297
208
68
614
685
471
90
185
231
402
481
16
371
62
305
422
802
44
725
721
608
224
510
34
268
322
460
502
75
619
89
249
542
393
675
104
776
175
848
820
241
628
192
350
714
458
277
78
73
431
648
111
6
875
651
278
860
601
72
555
625
368
7
327
122
686
702
367
353
131
688
217
666
696
309
774
372
10
520
640
103
124
603
585
91
167
828
95
849
102
383
630
108
637
55
191
823
77
825
259
112
642
701
110
612
844
93
680
591
444
616
673
246
819
535
691
318
287
207
240
467
826
366
352
464
273
329
116
334
596
156
67
169
134
158
209
289
767
745
227
395
861
448
4
827
369
645
606
109
473
328
165
213
454
709
794
52
128
159
703
793
582
843
238
451
174
670
96
349
2
468
298
815
874
683
202
120
440
590
672
132
662
617
121
779
756
455
533
20
190
676
365
265
299
257
157
743
453
168
548
491
479
682
267
515
811
432
389
538
687
579
387
711
0
15
539
505
547
151
568
543
386
557
657
5
521
160
362
656
835
729
270
94
428
345
570
586
286
833
135
746
437
567
391
401
784
613
681
153
343
27
33
840
200
364
674
663
504
838
312
172
356
85
532
751
499
137
408
332
851
336
83
792
181
519
65
647
531
12
545
18
380
753
720
465
180
119
724
427
48
26
412
583
375
302
114
620
807
527
621
304
28
361
338
25
498
572
646
31
310
313
214
477
22
264
32
808
339
866
517
171
250
600
163
470
747
148
658
718
592
859
501
708
229
809
284
101
133
64
818
423
36
251
789
813
475
764
450
325
483
140
552
615
775
288
748
274
98
738
821
522
3
40
39
461
63
54
253
360
507
449
653
355
262
88
652
340
459
772
261
357
232
623
242
212
441
717
728
595
790
795
211
736
518
534
488
497
271
254
307
867
863
149
556
219
639
512
438
115
762
457
407
296
631
388
183
783
562
358
154
632
223
710
51
578
495
311
549
409
61
420
791
24
194
731
272
347
633
415
392
768
690
321
492
346
359
478
580
509
667
80
589
641
598
260
530
737
493
661
486
377
607
797
11
462
335
399
381
805
363
414
442
693
374
523
404
384
862
611
320
550
723
546
719
434
706
577
198
439
390
781
295
463
569
741
536
722
872
514
29
812
58
575
707
188
853
474
294
342
276
757
204
565
291
222
804
466
777
234
21
643
551
588
87
602
129
170
868
144
126
765
500
317
854
410
245
292
125
485
758
226
635
490
559
38
526
396
189
697
574
755
864
411
715
413
734
544
56
164
331
