221
263
814
803
334
619
873
124
796
240
858
637
231
224
454
440
192
659
201
383
161
67
69
327
322
329
683
582
608
6
155
852
111
767
139
820
508
196
285
468
350
834
624
394
824
849
725
116
246
193
855
169
42
749
649
810
166
156
76
4
668
41
685
695
174
750
142
173
403
273
127
217
301
828
701
648
132
207
542
283
678
861
104
733
210
45
732
815
47
109
305
541
787
371
107
481
52
603
369
675
106
323
191
372
662
43
467
802
794
185
650
370
197
850
175
520
759
473
289
670
314
760
55
306
584
739
430
120
249
721
150
487
786
614
118
601
630
484
131
75
89
745
23
823
256
97
395
846
259
451
10
782
373
679
655
14
66
793
112
642
640
318
102
393
70
2
874
35
16
303
831
186
73
187
856
692
651
702
612
367
96
348
677
71
147
696
275
300
326
122
158
113
688
298
90
433
502
351
208
865
287
238
827
105
110
705
328
165
237
843
848
591
763
798
167
822
352
875
596
202
145
421
840
172
687
621
800
583
654
482
304
495
634
223
31
746
389
406
773
189
512
204
380
206
507
592
364
801
566
63
501
439
551
129
785
295
386
119
272
425
664
126
779
641
25
60
833
811
409
101
357
194
426
324
346
135
639
412
597
836
336
86
410
832
797
526
681
573
253
527
415
400
15
617
264
755
706
385
548
254
363
404
342
381
593
863
618
257
579
808
294
286
252
713
428
157
711
479
288
689
321
250
661
478
805
279
792
515
269
864
718
379
545
317
697
226
3
676
690
853
751
728
290
496
588
407
652
490
331
88
663
475
538
574
741
775
27
308
622
85
24
809
30
740
708
457
841
270
114
552
376
528
420
36
258
506
561
365
340
722
453
727
474
276
94
198
870
635
170
817
247
153
140
163
20
59
337
345
656
576
311
765
753
219
602
136
271
419
807
540
636
724
762
568
18
414
633
699
518
758
761
509
485
98
347
821
694
748
513
61
355
829
842
529
472
647
434
461
469
719
388
449
293
79
154
534
723
255
13
791
225
39
178
432
492
660
519
658
537
818
442
572
605
398
423
620
211
632
359
38
358
483
465
470
872
261
567
463
441
28
148
595
234
462
869
586
731
5
411
698
851
51
374
738
613
137
653
812
563
522
581
604
476
387
338
64
377
418
291
397
188
772
847
504
489
493
789
399
571
523
360
417
343
115
550
200
274
84
212
674
743
245
777
133
413
539
11
121
405
667
214
401
838
770
100
29
516
299
181
436
437
160
220
54
615
356
239
626
236
866
382
726
48
517
764
813
375
744
557
87
82
710
783
578
486
450
569
511
384
564
344
37
554
477
216
296
325
162
494
707
665
830
780
459
171
737
781
700
65
734
