235
118
158
280
327
367
138
541
745
695
256
844
326
447
608
742
834
283
625
458
786
849
186
109
16
796
96
9
309
603
705
113
850
55
435
7
714
769
402
314
105
733
685
759
187
43
393
106
843
827
46
510
53
145
839
266
297
203
508
278
624
111
289
277
263
107
696
175
774
191
323
352
184
132
95
655
99
217
383
298
116
645
76
433
730
89
606
558
395
47
629
750
520
201
799
640
650
609
856
197
69
824
329
448
701
127
62
369
97
110
371
584
120
372
224
810
704
679
542
78
782
228
861
301
446
147
42
802
202
673
50
353
855
44
227
394
739
210
702
480
241
590
378
167
208
159
535
143
467
4
91
152
35
165
431
822
803
857
860
305
285
794
52
456
195
651
108
131
680
34
421
322
268
468
41
221
303
820
678
174
74
287
196
464
366
93
315
793
207
691
193
460
169
771
10
614
259
760
776
582
788
75
601
150
721
328
828
1
672
73
692
798
130
139
19
350
865
57
444
815
666
90
797
690
867
28
377
682
754
149
361
157
388
137
406
472
632
540
664
497
744
390
3
229
288
198
568
780
226
63
615
870
801
530
557
162
598
253
414
748
869
583
412
784
114
183
809
362
0
386
434
519
789
503
445
653
396
320
499
581
724
415
669
626
286
345
652
747
489
190
712
694
722
164
92
54
36
762
247
475
343
341
559
523
588
506
644
515
773
398
808
740
693
151
517
319
528
718
15
216
82
524
737
805
374
562
560
756
133
667
160
332
474
478
765
244
40
284
455
260
295
291
764
469
416
597
766
392
656
783
423
354
461
689
29
531
148
498
31
218
39
494
862
163
604
11
466
189
554
620
643
245
325
779
566
521
12
365
432
250
257
379
364
37
204
20
304
153
717
687
443
493
363
755
565
864
490
706
761
551
265
838
302
746
806
830
272
621
522
337
49
426
126
817
681
676
360
438
607
735
571
627
707
505
549
564
335
636
631
258
576
413
534
561
570
65
573
290
509
310
587
100
832
729
346
578
230
599
333
276
813
708
144
330
356
255
610
516
589
376
339
605
529
293
800
713
25
743
129
252
821
580
477
24
595
425
281
716
785
700
242
400
312
86
482
711
727
511
64
30
419
654
563
79
804
657
634
115
479
172
261
385
408
168
342
641
324
736
358
381
514
441
83
734
292
543
135
347
470
182
633
442
171
775
547
271
424
140
200
795
665
710
232
236
698
532
220
119
225
141
539
48
777
525
417
829
437
405
491
391
61
262
719
485
544
308
546
404
845
574
526
313
26
567
409
251
476
572
592
504
59
720
410
842
602
500
299
507
556
613
427
699
21
635
840
569
311
215
194
117
32
623
731
428
518
18
188
593
101
219
