402
454
50
624
473
186
555
849
871
6
327
131
628
672
34
201
732
520
45
814
865
824
484
14
124
861
678
166
10
147
733
372
224
16
240
688
848
852
62
113
175
691
196
679
53
191
309
696
508
78
725
203
860
584
8
323
122
76
750
95
471
132
158
686
169
130
367
237
739
683
487
637
66
371
19
440
677
103
645
582
134
774
796
118
102
850
649
280
422
96
142
591
695
625
640
68
778
277
846
603
174
298
155
297
403
108
89
558
451
619
793
209
305
828
827
368
241
668
127
161
351
815
616
77
112
246
782
502
662
874
612
749
844
334
165
776
823
316
282
541
609
301
873
287
69
704
235
542
227
73
205
673
285
353
839
306
263
606
352
670
614
803
150
202
730
769
35
468
1
109
348
105
799
810
675
104
93
120
208
721
825
41
173
110
217
433
701
659
787
467
238
199
767
831
23
249
116
128
268
111
106
702
90
303
394
138
802
326
446
185
759
71
535
822
47
74
278
231
378
210
75
187
720
496
320
544
551
0
475
377
234
324
600
399
386
445
768
575
335
809
847
610
737
797
141
332
232
170
449
39
168
698
842
21
845
65
56
450
137
807
345
772
690
239
344
429
470
550
622
514
117
816
81
330
317
578
588
553
657
176
762
162
129
87
626
337
479
804
684
519
85
261
841
223
504
384
291
465
401
338
405
286
254
38
557
218
198
179
455
765
321
293
567
215
489
545
182
525
343
336
718
639
521
219
746
617
751
559
869
744
838
439
618
727
304
633
423
284
773
325
573
526
5
539
149
758
738
853
255
302
580
434
757
51
222
340
341
357
331
216
432
312
214
190
634
252
30
382
212
92
595
722
153
400
482
647
811
516
463
408
257
561
290
569
598
125
547
780
512
660
495
631
805
707
517
818
151
346
711
79
80
157
233
461
171
568
94
375
428
700
37
412
279
140
211
503
735
833
245
313
491
163
500
474
731
427
363
821
15
379
594
436
764
476
271
437
754
543
777
604
376
552
646
532
17
265
200
144
534
864
636
713
12
267
260
667
664
494
724
694
25
411
26
717
181
515
562
800
295
830
364
761
663
253
570
706
264
58
262
817
24
61
872
653
406
613
183
564
752
417
416
854
658
486
635
194
708
88
160
741
299
576
189
236
689
64
611
133
766
524
644
225
385
615
728
310
485
258
792
100
483
556
518
342
27
536
296
31
98
743
866
538
753
812
362
409
676
11
565
242
414
251
577
862
472
407
391
656
490
747
18
136
135
770
148
404
381
729
654
783
469
206
84
294
641
734
33
419
756
511
387
380
59
392
589
632
410
571
172
398
669
441
806
492
832
388
459
533
269
522
359
549
779
592
29
247
736
244
154
829
