107
193
471
810
50
116
662
309
273
110
383
793
353
839
134
373
104
803
224
825
91
860
256
326
283
205
651
655
704
322
207
93
297
120
451
705
590
169
99
875
192
103
701
102
749
127
349
686
844
820
348
143
323
45
55
72
782
858
431
109
767
874
606
464
159
421
145
542
786
285
745
703
688
96
430
97
692
873
601
750
637
849
650
843
78
456
228
57
796
649
161
118
105
510
62
289
23
367
44
314
128
196
642
187
130
714
852
203
619
558
197
241
277
823
174
173
678
433
802
585
855
9
184
287
721
350
327
76
235
596
670
774
4
186
268
53
6
329
67
275
603
831
856
318
819
301
541
165
732
629
152
142
89
850
259
609
616
799
680
458
369
612
403
837
73
648
814
131
167
191
221
861
771
673
366
739
201
776
16
263
871
147
316
108
46
834
394
315
2
742
447
266
1
195
370
778
671
460
815
298
827
473
468
113
306
34
467
238
280
865
448
794
111
240
454
759
691
122
826
672
640
243
726
385
400
734
126
472
617
657
577
627
570
498
461
477
494
527
615
485
712
379
262
48
548
49
339
674
766
533
851
521
808
125
747
462
171
506
434
410
22
572
636
639
427
710
842
151
792
24
375
164
232
753
536
25
862
360
500
253
716
466
331
319
593
618
791
770
589
324
445
600
384
571
669
428
37
412
722
512
553
748
507
719
397
390
768
293
634
457
699
706
491
622
841
84
523
333
807
543
389
338
554
626
258
61
486
538
29
247
488
332
667
409
579
429
780
340
216
717
239
602
290
599
565
568
270
325
135
417
729
588
149
718
610
581
64
374
176
0
623
342
547
522
764
656
847
26
194
598
296
495
664
493
337
518
613
288
415
180
812
545
418
452
459
818
58
463
420
17
179
80
556
359
470
478
795
731
744
168
226
82
700
250
707
242
443
821
264
244
100
218
11
308
519
198
684
611
257
540
63
853
363
36
501
154
711
775
18
845
562
632
223
59
261
756
838
388
189
140
723
291
260
490
387
663
279
652
341
643
204
560
13
438
345
497
376
320
576
32
295
313
658
85
690
727
646
245
621
182
777
790
380
222
785
396
307
465
504
121
800
805
181
272
511
311
797
559
503
292
801
211
859
251
694
274
33
713
549
92
689
129
509
755
94
641
281
829
741
587
276
40
439
442
39
162
564
765
817
475
574
424
101
425
781
219
492
414
299
483
647
153
687
867
358
516
476
133
455
392
836
563
79
761
411
229
517
115
514
441
377
3
762
784
660
868
682
364
386
144
863
294
321
354
136
544
557
635
524
736
595
361
546
265
31
406
5
98
357
426
157
399
404
681
789
212
575
530
872
469
551
12
489
15
586
255
436
758
27
499
