649
256
383
112
828
372
871
447
210
297
668
45
4
612
666
209
139
606
608
733
448
691
155
825
152
685
403
314
662
351
193
128
730
99
591
742
77
373
95
846
824
309
34
273
584
814
191
303
473
873
831
316
454
106
50
108
782
159
177
679
350
421
208
123
131
322
175
394
673
468
857
263
328
855
827
672
677
243
655
306
110
195
446
166
688
619
788
471
35
430
70
675
249
10
16
192
858
268
69
301
203
815
433
759
349
185
104
848
555
109
9
709
240
431
72
47
199
767
134
278
103
196
763
55
143
760
184
850
714
683
542
749
451
23
487
238
422
352
14
875
645
161
670
75
464
300
259
844
787
460
150
678
820
71
810
769
8
843
705
703
614
277
680
287
776
395
481
113
224
630
62
282
601
721
823
7
173
186
19
535
89
116
852
834
696
798
444
93
628
732
378
283
520
318
585
369
74
778
366
671
510
57
603
865
132
508
228
837
856
329
111
205
305
138
582
771
650
76
704
142
202
124
141
426
290
804
411
230
0
636
551
267
744
812
252
700
853
764
409
847
466
64
597
269
163
621
669
336
800
325
482
536
575
576
845
652
233
288
245
114
869
98
465
813
613
49
121
525
164
785
452
434
635
162
194
566
765
178
770
420
743
773
443
722
365
567
418
293
780
212
171
841
747
495
262
528
699
572
766
218
631
408
830
261
479
281
735
559
459
216
751
595
752
413
65
406
11
183
784
587
382
388
726
299
284
728
160
126
811
560
653
3
707
665
236
381
390
622
341
720
48
355
866
693
84
135
611
842
302
307
392
507
526
729
360
552
509
514
423
170
719
583
835
518
417
656
489
689
472
94
641
56
320
504
697
88
604
816
32
387
304
638
519
716
251
428
832
346
461
148
153
646
358
539
523
419
80
607
469
781
410
311
30
499
412
872
676
455
172
618
708
401
564
723
25
211
777
442
332
294
731
718
242
532
578
549
548
176
756
319
498
497
494
439
188
253
623
598
805
295
530
569
476
808
81
870
561
522
571
758
450
529
488
181
840
38
82
753
338
189
593
424
40
29
18
736
117
354
690
715
664
527
554
101
505
100
806
271
599
783
589
775
414
206
657
594
17
254
553
515
232
58
809
384
239
562
550
807
592
633
449
556
836
863
768
513
724
580
398
537
140
28
663
864
588
797
375
521
516
200
60
234
517
741
347
684
317
581
667
125
340
244
682
399
445
179
617
474
496
415
248
500
859
545
31
274
247
391
265
533
26
168
279
483
717
755
463
296
157
711
644
115
503
133
492
829
605
574
79
291
85
219
144
21
738
362
20
462
425
136
182
540
485
54
654
27
255
416
37
534
531
761
39
790
24
250
698
432
544
343
