852
142
860
42
703
444
793
127
671
796
55
763
196
739
118
769
139
714
318
110
815
224
535
672
109
43
861
249
628
367
197
70
152
629
440
467
759
721
616
471
277
649
393
435
454
241
143
619
677
155
814
349
680
161
19
849
287
158
456
238
202
159
776
705
315
231
113
104
77
874
782
702
8
41
99
97
645
256
69
329
774
297
266
259
57
128
402
124
446
585
221
651
280
130
192
686
350
323
502
464
112
606
91
7
89
858
213
873
451
691
199
147
484
648
132
9
767
298
327
480
208
53
843
460
353
303
76
6
871
240
150
123
794
856
93
481
839
555
678
798
696
96
659
709
378
322
50
207
111
688
827
68
309
844
185
810
433
273
173
730
73
138
820
846
285
857
837
210
745
34
167
351
803
187
596
90
122
673
35
520
395
44
23
662
174
105
165
243
348
169
458
584
655
78
166
403
542
227
301
328
865
666
668
614
601
468
369
246
742
640
134
692
760
642
704
156
831
186
701
275
637
685
194
133
304
485
711
579
94
88
835
453
170
63
791
356
617
477
244
338
321
870
806
364
536
312
409
729
188
752
581
633
98
129
716
82
417
49
610
48
842
777
618
216
252
758
290
284
58
495
500
847
641
359
545
522
627
547
592
465
157
121
568
22
505
736
562
377
21
429
623
753
137
178
756
54
153
462
212
281
830
189
211
172
248
492
267
337
789
615
146
365
361
449
764
336
423
859
299
253
556
441
391
622
179
699
214
597
401
761
362
459
689
427
400
790
432
863
731
540
168
242
530
635
333
600
247
773
437
574
576
674
223
632
660
251
319
81
765
434
414
636
85
832
426
317
770
436
396
410
501
717
494
341
40
845
744
587
665
718
163
225
363
279
762
384
598
215
86
12
605
250
544
525
332
811
499
653
60
160
741
269
663
809
229
708
28
390
264
61
461
784
419
563
537
286
388
690
376
513
382
805
792
457
515
3
154
219
313
720
497
381
255
254
374
604
817
15
813
575
503
5
472
79
424
554
56
661
136
724
182
206
230
706
408
261
198
588
868
420
357
294
512
854
11
595
712
559
532
13
570
386
853
572
511
808
561
470
308
567
864
204
638
681
722
347
239
534
406
26
330
593
519
234
344
573
31
222
631
719
418
549
415
411
872
669
738
550
551
476
697
397
36
236
144
565
518
578
684
64
162
514
220
841
439
296
639
664
392
489
117
768
527
325
498
342
101
569
245
413
293
553
412
24
807
33
450
355
343
25
346
83
829
276
755
29
528
533
747
647
599
862
543
0
292
141
710
821
812
566
626
539
676
634
735
781
65
687
399
260
416
504
490
262
507
258
780
586
233
838
658
775
375
474
524
613
491
257
339
713
