679
131
763
444
301
431
685
175
582
619
709
858
303
282
596
705
675
367
446
692
855
185
614
848
9
41
609
608
103
238
837
2
725
371
227
535
814
8
820
348
695
824
120
217
116
541
273
287
480
95
637
6
793
649
591
739
873
749
334
778
132
266
152
70
50
318
191
210
224
350
584
203
89
105
55
165
134
289
352
651
305
197
316
314
454
110
298
378
268
278
53
77
142
730
315
640
169
192
246
156
673
14
167
796
213
769
671
464
127
677
630
683
843
510
776
68
72
123
280
228
306
328
47
23
714
243
78
393
433
369
44
195
799
235
742
42
691
187
555
771
202
45
666
471
138
688
395
277
678
421
99
422
62
43
460
823
458
155
448
874
648
810
74
147
19
440
628
875
174
782
263
451
158
297
701
108
207
831
97
186
819
702
606
481
852
788
850
844
774
107
112
259
10
249
122
231
184
373
815
839
240
221
173
603
558
130
67
655
745
616
403
827
109
351
601
456
4
760
520
309
750
468
157
493
244
789
234
317
129
364
674
604
332
406
546
548
101
477
522
588
529
462
643
84
114
359
463
360
835
39
547
521
436
812
623
80
579
194
740
853
597
479
756
726
720
25
690
722
807
618
595
226
257
311
551
426
681
744
587
566
684
336
713
577
215
164
757
387
358
576
716
290
485
549
81
269
293
267
633
723
517
220
687
115
622
593
239
262
218
36
526
382
133
538
754
149
281
427
261
809
503
838
20
230
56
248
832
11
486
693
589
755
516
38
550
407
700
598
592
63
572
3
291
65
833
82
288
811
499
333
253
449
532
341
223
564
423
741
574
296
580
792
408
736
490
738
121
667
304
706
528
559
320
797
450
781
344
251
117
578
500
867
347
180
182
661
176
469
272
362
264
236
200
524
710
211
92
437
682
488
198
424
140
376
354
836
441
847
363
345
561
391
397
417
48
482
735
212
310
607
439
777
410
638
581
518
766
98
772
24
676
866
545
540
170
340
21
489
562
377
337
626
260
748
144
461
59
178
475
88
388
325
747
389
299
365
457
276
652
172
385
654
292
602
712
728
294
255
653
784
663
513
51
308
61
554
509
233
302
245
511
250
476
531
617
119
495
483
136
553
312
151
466
313
570
216
321
472
229
428
222
594
656
465
525
183
724
380
863
534
355
455
868
627
859
416
568
286
32
356
13
470
400
87
565
100
632
415
5
808
242
869
189
396
501
181
544
556
225
497
543
707
135
49
746
443
539
533
737
505
179
504
154
575
339
758
519
571
800
641
307
599
708
611
442
841
731
343
18
634
94
346
374
773
717
765
698
743
414
494
26
86
715
845
605
411
496
58
631
751
569
148
573
64
247
219
204
795
453
390
