109
128
348
584
127
192
10
619
305
430
725
132
395
249
454
683
303
193
591
629
865
69
480
649
749
371
6
831
510
582
256
185
173
34
35
350
130
603
68
231
203
131
221
874
318
124
464
74
378
394
19
422
640
655
373
57
44
814
481
147
596
259
161
468
850
852
670
558
116
383
659
175
541
90
23
484
107
440
733
268
213
822
4
326
487
679
142
844
745
714
612
53
815
520
334
467
614
297
824
695
750
771
108
7
289
201
837
446
739
448
165
819
601
691
858
55
827
9
451
368
47
67
208
327
372
624
672
763
134
353
826
167
123
41
315
680
45
650
705
316
199
369
671
237
820
300
322
95
217
277
287
184
196
275
8
403
266
152
323
224
703
609
228
846
787
402
834
608
421
174
767
839
351
555
16
76
873
96
444
702
730
871
849
102
91
742
329
111
352
301
240
688
202
810
782
802
685
460
855
2
285
210
823
732
205
14
704
828
648
447
625
50
825
370
860
696
235
71
857
637
150
774
847
527
141
157
225
667
135
455
851
436
800
389
808
491
554
652
872
644
332
528
27
439
336
144
64
390
453
343
347
792
475
715
408
279
317
170
830
632
32
578
783
22
286
736
734
59
729
399
522
863
325
754
707
766
346
344
833
521
489
294
577
85
137
388
494
486
117
214
0
17
452
530
785
511
381
751
579
359
665
731
364
411
547
789
354
269
526
589
129
476
56
586
330
86
215
690
805
466
681
674
438
84
220
567
133
30
723
493
180
274
719
380
477
546
154
200
335
255
854
836
634
36
557
697
211
647
549
548
222
374
641
178
661
182
168
276
818
360
54
21
832
179
698
162
716
3
775
340
497
664
746
572
565
658
307
516
552
756
462
172
244
31
490
25
60
602
412
867
478
536
636
257
495
777
253
365
313
409
442
119
450
534
498
79
171
740
573
151
758
617
626
845
248
418
790
859
413
713
514
223
533
441
342
386
261
310
615
587
784
183
504
295
506
63
400
82
560
598
639
304
83
519
762
362
627
595
544
229
633
712
40
711
720
415
841
571
24
700
204
176
115
384
414
291
148
181
687
540
80
236
524
842
566
429
779
622
189
339
337
717
121
538
28
485
254
523
356
738
539
592
613
869
503
51
247
773
92
515
718
379
58
581
575
302
835
611
829
753
638
11
812
258
853
646
693
635
580
232
801
496
599
382
529
492
136
407
770
245
620
401
660
331
795
457
219
654
765
623
250
532
341
311
419
593
239
537
752
15
600
744
424
264
299
271
561
126
816
319
509
768
657
505
260
525
270
164
556
726
65
437
101
361
267
583
206
488
61
676
840
743
140
735
607
689
100
387
809
512
423
432
49
33
463
428
216
479
226
780
