1085
43
266
320
348
917
480
572
344
875
773
358
1116
1088
1198
398
1306
590
1197
865
690
666
725
1171
787
1355
382
733
1207
276
1102
426
540
497
868
434
366
396
907
840
900
2
559
1023
861
473
980
1081
1064
202
898
931
536
430
150
414
961
61
813
372
1259
26
327
957
888
455
56
441
1024
1123
1263
795
942
994
1086
1077
128
178
265
1255
85
915
966
1234
431
356
1090
258
166
126
0
133
584
109
578
1303
896
81
285
734
222
1130
328
1247
1164
24
939
245
355
627
1162
713
123
206
1301
129
1025
905
1215
223
849
866
909
691
987
1142
462
867
226
970
362
1053
696
167
541
1109
613
1157
1258
524
955
1065
998
1083
139
848
1133
1241
1020
60
560
921
1094
663
830
895
771
1042
676
70
491
982
256
1318
55
1225
1099
1173
5
236
1061
29
923
816
18
10
930
972
1202
45
1134
195
3
286
318
44
885
482
413
852
677
571
1051
1150
565
1169
661
1278
704
1268
176
963
1177
469
419
1089
1213
974
1199
132
1354
418
104
136
872
717
353
1126
655
76
890
391
1291
1112
1124
117
444
241
1178
34
738
912
948
515
365
456
850
440
1082
50
361
125
180
25
161
615
1341
1034
428
183
1205
389
402
881
1111
1209
1334
862
913
395
723
576
1270
93
634
144
40
1279
386
86
82
1153
937
508
1226
834
172
777
288
240
1293
163
1285
447
249
59
408
168
1057
294
925
934
517
438
566
448
108
1072
755
926
924
39
1163
1254
116
284
533
207
1119
291
248
487
78
261
936
1297
17
1139
999
106
387
451
453
454
1315
1189
1368
1176
798
446
64
927
496
897
735
100
1135
141
368
1344
1323
416
238
296
1016
51
1224
159
200
1127
225
1336
1166
892
984
199
305
146
928
478
197
899
1253
811
803
535
958
781
754
785
1017
1282
375
479
1276
112
1151
442
1056
1069
432
673
142
315
489
653
567
514
1097
363
1223
906
404
556
127
1339
436
564
1330
751
1050
652
586
185
65
219
558
505
277
700
488
101
1335
783
401
806
527
968
550
326
1313
662
105
134
314
14
242
596
1014
91
1055
967
682
822
954
639
557
1158
710
71
739
160
301
1107
323
92
1131
1219
1190
107
631
644
553
409
1326
823
27
1348
7
1122
933
1331
1170
789
350
342
718
1235
846
13
854
1138
797
213
891
792
1314
780
338
901
425
1305
1141
603
747
786
267
36
585
311
1296
495
991
1
1343
764
887
1144
628
62
1078
767
162
1137
152
205
253
548
594
1369
464
421
433
697
828
1231
1001
1029
244
1244
247
1317
1216
1044
405
712
656
1236
981
837
910
194
643
694
1284
319
766
632
800
156
1194
731
606
949
995
714
997
983
985
993
155
1251
552
179
570
457
971
1338
799
149
1152
406
90
577
1347
737
860
63
649
308
1292
959
210
908
979
360
21
818
597
711
1272
617
654
169
263
1174
157
1092
1217
334
445
32
1232
1206
501
111
1260
211
791
831
555
810
1013
812
340
1129
1181
1250
1066
1196
209
57
89
264
349
290
605
187
1058
784
1003
1186
373
494
407
675
158
1145
214
490
410
986
672
98
1240
341
716
1357
325
746
336
292
1362
1183
579
1289
724
35
12
512
793
790
1360
750
670
392
668
278
882
920
802
1084
626
1093
775
243
143
674
817
364
298
181
884
1096
4
705
699
1273
922
322
1193
633
551
763
569
608
1325
1175
583
306
435
680
1095
28
274
953
235
69
1346
203
503
671
996
1012
492
756
638
618
41
269
84
715
114
204
506
575
549
189
1230
346
1132
1143
1359
1262
537
1028
689
201
1290
595
33
819
542
1113
1342
96
1295
665
471
889
233
137
943
164
1071
437
589
77
624
635
1257
218
616
66
932
1188
529
509
772
1287
140
511
1256
88
844
740
805
1352
1363
485
521
1283
345
504
1045
636
684
1200
507
1161
272
1252
1154
602
727
388
722
347
282
1059
400
827
645
620
1046
841
135
532
988
992
16
582
664
1298
630
510
621
343
302
193
769
452
526
1036
782
588
173
808
357
1079
1182
182
316
465
461
1210
1038
744
768
47
332
1037
151
170
622
1075
894
642
1229
383
774
232
417
762
1101
851
484
1246
502
1155
177
523
1041
221
1366
293
1118
720
1007
378
1356
257
239
965
1269
15
1047
1000
702
1204
1321
1328
879
732
807
1184
625
573
525
124
339
543
251
1048
1220
1351
270
1264
845
687
611
1021
1192
719
1280
1120
820
352
379
1125
761
703
944
919
730
466
1300
757
192
1327
610
530
299
75
1106
964
99
657
522
1160
726
976
1087
80
969
477
640
73
681
743
120
708
1227
190
1345
1006
736
707
72
463
693
337
581
309
122
351
191
234
859
1302
260
217
1104
629
476
1073
801
593
679
1350
1233
686
685
48
518
960
1076
52
1019
186
864
49
554
647
938
1221
706
587
458
22
609
115
87
1271
788
918
20
1100
196
1277
513
174
858
131
574
483
1333
721
273
215
