966
413
355
1130
1148
984
53
448
676
1049
948
1134
1103
1043
86
713
508
1053
399
1344
915
890
284
830
304
434
930
1051
141
517
935
1318
861
85
472
926
238
1105
999
690
295
1016
580
76
1268
1213
385
1127
318
862
1291
294
83
863
873
17
898
1123
834
440
144
240
840
1099
180
163
389
896
288
296
1306
482
1322
480
752
928
878
1109
972
1124
982
796
1237
321
291
666
1355
1163
849
241
419
1088
1209
117
691
1061
1259
1315
865
353
1064
5
576
1173
870
412
973
362
9
430
146
245
1002
172
1263
1077
848
980
847
655
627
285
250
1205
261
902
1150
1166
1224
443
833
1329
1255
168
1245
408
1215
108
438
1068
54
206
1225
451
132
899
496
44
61
256
856
423
176
29
1214
540
320
497
455
59
454
923
1265
883
1311
660
395
428
1275
26
1254
733
286
43
24
469
1368
658
377
1018
81
1278
467
614
1020
957
619
25
1086
1023
64
175
667
212
1341
402
950
566
917
1139
136
498
56
414
473
183
1085
104
937
1126
663
852
1062
875
651
1234
1242
1153
202
474
287
34
230
524
1112
1201
590
93
1024
1270
1111
895
1089
704
912
584
931
312
1177
723
874
962
904
159
317
1102
941
765
50
348
382
265
199
1011
441
2
677
1082
560
39
1067
165
1178
921
166
1162
248
153
222
1297
1171
439
900
18
867
515
1094
499
0
1057
615
1334
366
237
391
1025
1034
1293
78
787
207
934
936
1116
70
1164
258
905
1198
426
1319
857
97
119
478
268
1072
771
305
987
1032
773
868
1207
578
1301
1323
696
897
843
200
100
446
1176
1010
450
1083
139
871
365
1258
1199
55
225
591
1090
559
927
598
961
23
1142
276
914
128
1285
963
613
735
468
38
1211
249
252
45
327
572
150
1197
994
913
398
1181
992
1017
647
764
727
920
669
983
1141
271
577
406
1210
182
113
622
360
135
525
332
118
922
781
1054
573
668
1138
570
993
1076
364
1253
1221
674
693
436
603
581
986
1326
1038
1080
203
1300
66
949
1021
1107
322
724
138
479
789
204
1028
1098
463
233
22
837
90
1271
1192
262
1362
1343
13
568
1363
477
1324
510
72
642
213
354
174
636
520
1120
659
821
1216
435
964
1087
326
158
92
1269
107
1251
130
1219
599
461
209
379
101
954
802
1149
323
697
73
246
1277
192
511
111
1052
979
219
623
334
1236
554
28
273
231
639
529
657
357
422
558
1108
686
739
1047
548
270
36
1310
1093
1233
706
465
825
283
46
1346
679
702
433
600
650
1190
826
753
269
115
956
842
1114
411
596
272
488
708
229
736
1158
853
274
662
1128
507
279
1180
1012
918
35
152
464
255
551
784
673
1096
1046
216
470
1333
400
567
1227
707
751
780
981
675
1206
555
543
652
373
346
1264
324
1196
859
393
501
720
1338
1140
534
217
504
27
960
648
1095
699
314
257
325
1009
292
149
516
645
1001
542
310
1260
1222
384
945
545
906
186
1091
376
392
502
187
278
1027
1048
30
969
330
646
68
343
1078
838
750
102
616
803
919
685
87
635
604
951
1167
140
886
547
569
1292
1008
932
988
829
671
746
171
700
1074
417
819
67
1249
990
1066
84
347
1151
476
79
715
96
1195
486
506
309
1014
1317
1348
831
703
298
1218
397
95
879
351
1156
375
689
277
1069
1312
1272
1240
425
69
1194
208
575
260
196
1347
1235
164
1186
761
884
1217
858
1004
1101
968
345
744
466
1345
390
794
695
1073
215
1106
845
943
1039
1283
181
91
976
493
1059
1033
769
740
782
933
120
394
621
1359
151
1182
1146
995
1137
1152
1321
77
1220
947
313
946
503
509
672
653
1352
1044
275
997
300
908
680
505
259
381
227
105
1063
1314
654
339
546
307
518
89
1308
1188
513
788
1223
549
779
587
1084
775
722
605
21
157
460
594
629
593
1248
944
783
589
429
155
799
57
1252
1029
741
971
561
965
785
1250
442
1170
380
437
127
142
1364
846
1013
7
531
768
701
1244
630
860
485
836
1325
432
162
1005
625
1100
1330
806
805
154
1295
333
633
641
681
232
882
758
818
251
1055
205
1299
404
1026
719
1007
687
12
682
1193
1129
582
822
481
254
698
522
804
131
14
302
1000
234
1041
1327
1147
901
620
1256
33
637
728
243
1143
1232
94
500
1144
815
457
1313
16
341
1179
800
71
1160
823
670
628
1320
1267
1125
4
1117
607
770
74
903
267
134
1298
189
586
1037
748
767
170
306
1022
31
737
814
747
893
711
388
349
1261
1367
1305
99
557
556
743
1335
1286
1115
244
643
606
839
65
959
1174
201
808
611
282
188
156
640
220
1212
714
1262
766
1070
759
495
210
665
876
1208
1351
1342
1019
1228
471
1276
894
1006
449
1185
1131
191
726
32
1060
563
975
583
1200
1155
910
49
371
1353
458
148
1015
1113
718
303
224
1294
235
564
595
684
1003
41
1331
1229
1079
177
311
811
827
184
656
712
631
538
757
730
786
114
519
1282
791
143
