117
1301
1072
1213
1178
849
444
861
1064
873
453
353
795
167
391
1336
1025
126
37
1241
268
1024
1018
1254
454
900
1189
249
796
1358
280
524
166
961
930
962
1133
1209
666
402
128
517
982
136
1067
199
430
60
1163
935
1169
238
462
344
1176
497
1199
533
423
888
591
81
329
1278
386
931
1323
1077
438
245
1111
950
733
833
1202
100
578
867
913
368
443
121
1103
125
576
34
738
865
305
881
1207
1275
240
709
1171
723
24
45
123
163
1032
286
487
304
1279
456
1142
974
984
200
1123
580
55
197
1270
1053
1042
924
366
824
39
560
265
875
455
1049
926
559
999
1020
1311
1341
317
356
59
1225
195
418
150
916
348
771
541
285
1368
940
1062
5
898
212
1112
178
385
9
1224
1237
447
145
1011
1110
276
1291
496
725
921
1135
880
26
1315
252
1177
615
1105
929
972
408
651
44
957
361
907
948
1332
904
1319
872
1124
1099
1259
798
1226
540
1148
144
355
923
318
994
236
870
359
667
862
895
508
287
427
17
928
704
755
428
153
592
1354
482
590
634
1316
83
857
382
970
1094
38
172
76
294
389
1023
250
396
1136
1268
691
474
863
85
480
963
415
256
937
206
927
289
183
395
399
1127
358
109
1344
941
735
446
925
53
116
223
515
1081
473
372
0
327
571
1258
869
1086
377
1102
1214
1164
871
362
295
713
1030
1337
955
777
478
1211
165
419
431
237
414
677
834
248
1205
1334
180
1089
936
78
434
752
565
312
291
387
176
1130
498
51
998
1355
773
660
942
1153
207
222
1198
883
566
320
1002
202
614
321
258
133
161
1090
2
966
1329
1016
1265
852
370
987
1061
973
241
878
613
426
43
226
139
129
897
1166
734
296
468
572
1304
696
403
398
1318
10
619
1109
1139
934
817
1308
149
1007
985
780
653
694
162
879
31
581
191
1363
352
1001
193
889
1079
1345
1348
151
839
1361
1074
731
187
137
1257
760
903
437
1019
182
995
570
500
906
92
932
1295
1054
157
1
247
513
490
173
251
919
1351
1012
630
629
589
1156
761
1217
425
30
706
405
546
147
650
1125
73
835
617
215
1290
1281
652
790
62
718
316
476
503
1286
466
330
943
336
568
63
695
375
1339
1075
458
1343
730
670
227
278
331
573
494
194
373
1310
708
1239
406
371
293
1140
313
1100
1044
908
71
1138
1037
556
1028
1305
231
1022
854
309
805
36
689
192
111
465
198
307
174
1113
1056
986
1158
526
88
1013
886
65
807
1312
719
753
214
1227
392
1115
79
1073
1071
1027
554
142
894
1167
1005
1366
527
703
246
275
233
551
400
575
574
228
649
80
600
435
822
283
52
977
397
213
1155
683
797
339
219
669
1340
633
1095
662
1168
46
946
989
756
110
1029
845
642
1069
164
539
124
98
1141
1006
954
1021
701
315
347
138
33
1191
628
103
844
1026
74
410
216
1132
156
1309
641
645
282
378
1347
520
851
485
1326
1307
114
1120
1235
901
960
374
599
656
623
357
1182
981
186
772
558
118
1145
720
1184
185
1154
1302
983
778
1362
967
115
791
452
1159
345
1359
1087
510
211
1292
535
383
965
87
1097
404
1117
255
529
726
1093
384
710
829
748
687
47
253
422
1273
747
27
189
736
545
671
134
49
1317
1092
673
1244
668
234
968
1276
640
235
518
789
1251
891
544
893
1289
1232
1000
69
325
620
1357
190
836
1143
532
782
22
1206
334
314
607
606
538
511
877
1060
1269
292
135
585
201
16
608
635
1330
1260
675
1280
637
1015
1048
825
171
432
827
767
860
811
751
841
1253
1151
596
442
611
978
1183
1041
99
457
1327
300
363
775
390
297
705
269
802
555
746
1104
542
587
1230
1008
360
938
1314
583
1233
522
1272
311
505
688
203
483
741
784
1194
1031
107
184
1047
350
552
702
209
445
1222
1353
846
853
338
42
1243
728
514
729
1325
644
342
699
820
1017
1009
14
602
1321
21
181
1175
812
354
177
1252
326
1106
768
504
1040
1080
550
479
95
1246
991
1284
996
122
475
678
299
808
693
310
1287
1277
1108
72
277
569
388
1004
794
534
411
832
793
84
507
471
631
603
459
1236
221
956
340
155
1181
724
493
13
257
684
776
1098
582
436
959
1128
343
945
672
217
1331
259
204
66
101
421
1144
1152
1299
407
1186
1118
548
35
884
958
739
801
594
67
810
1210
1283
351
1288
1220
68
804
654
1324
953
766
1248
1352
489
1367
57
94
302
158
19
769
1059
1313
486
563
1229
244
754
564
1038
779
1208
273
1147
272
254
380
349
1249
1261
933
1212
1070
975
626
774
477
1179
530
597
1174
279
333
1014
1193
742
1101
625
1046
887
1349
664
586
712
1360
1298
8
743
502
143
842
525
420
944
757
786
952
262
1146
7
6
102
685
604
1122
1196
449
239
1240
381
562
232
1050
588
308
401
1262
4
740
303
48
882
1266
976
648
154
639
127
96
610
722
263
1364
750
1250
679
1256
988
549
680
306
1137
