661
1214
176
931
771
848
655
1016
93
576
132
948
915
580
1010
878
395
385
663
892
386
396
1153
692
167
487
862
578
226
666
895
843
717
321
1189
1209
869
872
1198
413
1166
344
369
426
930
78
365
676
121
1127
1089
472
984
59
592
248
104
249
438
913
1072
1354
462
1225
1258
312
890
1344
398
1094
1211
627
873
912
289
1319
159
480
658
1053
755
50
1291
925
268
125
305
950
926
382
888
76
1316
875
1023
1126
1172
1358
362
361
691
1116
451
1049
1057
116
24
613
934
881
291
1032
126
252
1245
1297
1169
1268
389
902
857
1178
335
119
1086
284
1254
970
448
1275
145
474
571
1148
43
412
431
1025
0
141
276
870
359
478
1187
940
129
1368
651
5
1142
852
1119
117
966
100
288
56
1043
223
591
1355
1241
328
29
1162
387
195
178
798
225
1110
865
1224
54
408
907
998
295
446
17
25
1157
536
419
199
1293
994
824
704
880
1112
942
584
1111
1083
1201
1255
202
236
108
900
109
450
1207
1234
38
924
1102
136
1304
955
139
1205
86
973
849
55
856
1064
206
144
123
935
850
1285
26
909
40
1034
161
834
317
517
1323
241
163
927
540
266
9
1135
256
914
765
1334
566
847
874
1263
1163
1173
1318
709
353
237
402
883
2
83
957
416
899
3
240
53
738
1062
533
348
911
830
366
898
861
601
939
690
1150
207
696
391
444
175
1365
1311
327
1065
45
974
1315
1265
868
245
897
1279
867
713
165
222
287
972
1164
1259
473
418
261
1133
1341
180
467
128
44
1278
440
734
725
559
1123
468
329
1237
250
427
1176
1030
1226
367
963
928
491
482
905
377
796
304
356
1337
1202
133
469
813
1088
146
166
987
816
1109
787
1018
1306
423
82
667
200
752
962
1238
51
936
896
1270
506
1264
91
635
599
460
1167
1128
996
522
1351
689
837
679
187
697
1107
260
301
15
525
1165
79
1333
1019
1120
607
812
217
846
582
860
780
801
521
1093
1200
333
1257
66
747
1047
306
1108
340
964
781
1325
488
502
404
1287
829
809
73
678
1149
625
458
1006
841
726
1104
662
27
845
80
1033
554
193
198
630
1235
893
290
1363
475
989
1131
375
1029
1196
1216
41
13
1138
1362
646
1070
611
511
1231
231
668
48
710
1320
181
774
669
11
757
164
688
1361
120
979
130
196
99
7
298
308
422
657
189
243
640
1227
407
1175
127
264
788
158
815
760
727
811
1217
779
1222
490
744
388
858
185
1300
716
19
274
1114
182
695
832
687
835
177
804
425
282
817
1087
90
965
63
1014
670
1191
1324
1005
851
343
975
594
122
790
617
1036
792
761
527
532
1113
903
1309
922
1074
767
1028
1140
558
675
337
537
484
1273
1048
140
209
768
1369
797
1230
803
1212
87
731
1310
433
1252
149
648
466
138
819
1360
102
606
205
1158
702
776
49
357
1321
938
1037
1284
628
568
203
247
575
1295
273
604
493
997
390
380
142
351
822
349
244
1181
330
539
620
313
712
526
1192
763
124
753
227
424
951
1338
1161
807
650
160
302
1056
1221
967
1058
67
95
1223
452
799
876
1039
786
864
1266
339
1045
500
983
682
1115
769
1347
714
1156
887
495
137
267
587
783
297
1277
1000
642
647
919
549
573
1296
918
417
147
684
270
543
1313
1184
1276
548
269
1041
1071
748
1272
622
671
1095
1106
1183
906
513
1298
33
118
1346
332
665
1292
1180
553
842
103
1022
20
644
1147
1220
384
810
623
442
293
542
507
995
170
1357
350
219
1352
672
1186
501
959
157
65
749
84
1046
603
564
1159
516
1246
739
1206
218
730
859
151
1250
324
561
877
825
1009
1294
990
683
1190
1340
381
1143
1017
1274
1185
1239
30
191
563
379
954
586
908
570
228
505
562
889
110
352
1249
518
1271
808
1331
1008
988
884
693
1015
21
192
718
1269
1132
724
556
855
1288
246
981
477
156
528
1326
1317
1031
636
550
277
143
1021
1
299
1203
336
673
1154
593
1096
208
743
530
316
101
624
1122
555
1330
577
334
1069
485
920
1013
1084
1076
1260
275
14
1168
1308
626
346
791
461
1342
711
1117
600
1299
1240
326
1233
826
1040
1290
1144
901
383
319
976
292
1348
74
991
489
1208
363
405
719
376
509
1160
31
220
789
1152
699
546
213
694
114
1243
823
409
793
685
722
1118
345
42
1125
479
1289
945
1052
257
1179
1312
854
653
519
746
574
680
354
805
1280
88
643
437
1261
314
1248
1027
323
534
1335
69
612
1366
956
1343
986
1236
283
1026
148
742
216
943
229
706
944
762
62
242
754
429
579
933
1219
75
969
971
214
470
638
481
278
1359
179
8
1063
707
656
255
910
772
1345
77
1092
393
821
637
253
535
766
1078
778
992
609
820
632
1210
169
22
162
315
1129
1060
633
1080
271
1091
1349
698
703
1282
152
1188
1350
68
1097
1055
785
392
557
503
331
605
1218
173
1141
844
188
551
300
977
827
993
262
201
1079
52
221
745
92
585
435
