0
167
76
915
1368
18
287
787
914
1162
1002
1164
1303
473
907
888
161
1135
60
1139
426
136
423
1126
153
738
387
419
348
1130
1112
524
467
1099
1157
1169
474
934
398
178
1018
318
58
478
1197
580
1187
353
1318
1109
1225
940
883
355
356
878
1255
1211
362
3
1285
1199
1304
911
998
1010
1064
1103
1245
386
902
957
1049
439
1065
771
895
266
248
81
86
961
237
1105
1072
1315
268
1148
61
294
165
1142
265
226
183
106
366
123
1081
723
29
402
252
576
43
482
1043
172
912
412
798
195
830
1166
1062
984
408
1278
666
913
1293
144
245
34
834
391
159
281
1242
462
982
1134
83
508
655
566
875
559
795
1319
1306
395
498
927
295
1258
941
415
1275
1042
869
250
571
1061
1025
1094
963
1057
813
627
816
1259
584
285
1336
966
916
1172
1163
200
591
447
1254
236
1205
1089
128
930
592
280
713
1322
468
317
541
1237
249
777
619
109
1090
658
857
413
866
614
1020
78
1067
24
1198
872
931
399
321
335
833
734
1077
145
202
480
197
163
862
126
1337
863
935
970
1226
696
453
773
25
634
1123
661
385
900
796
1241
418
377
973
690
97
972
304
663
53
1189
428
125
936
1083
166
70
104
276
677
206
450
871
469
987
848
129
1119
1279
146
100
923
10
328
994
843
40
82
1136
917
572
898
108
327
1344
222
240
289
1086
93
9
1178
212
141
1068
1224
536
59
444
1214
150
1011
1301
85
692
1247
560
17
955
487
448
590
496
1215
434
962
45
1202
499
367
1332
865
38
598
291
1207
824
1124
168
427
454
369
44
852
288
1268
241
1110
533
517
709
446
880
921
431
1150
1032
1316
870
451
1297
50
256
23
892
119
238
1030
305
1354
225
691
37
258
515
1365
1270
64
856
615
881
1356
753
1015
481
503
278
65
1283
724
1273
1055
607
147
647
778
322
768
506
471
818
518
404
460
569
363
457
641
1047
596
563
1222
19
938
198
512
1261
602
297
626
1156
741
746
313
1289
339
1120
220
8
277
606
89
589
630
1159
1294
637
1143
695
1000
823
975
306
376
216
988
684
189
181
561
1039
308
1357
1307
629
1028
1101
186
672
776
345
842
811
148
233
1037
1313
486
1186
604
791
1295
539
1045
30
213
41
803
378
49
617
127
435
742
784
1154
809
1056
782
766
57
459
1326
7
401
1342
1001
234
95
347
1044
1091
500
1095
1233
42
687
323
757
552
681
102
458
877
770
1284
1175
364
120
27
831
28
731
316
244
351
299
805
1369
1005
1360
1218
209
650
1017
715
422
417
188
659
903
79
1146
642
191
254
264
1353
514
331
894
633
976
640
1006
1204
477
1314
846
701
654
800
489
11
170
688
835
1217
67
332
656
325
290
1108
374
92
989
908
597
502
187
1
876
1096
149
1317
1212
349
608
410
556
246
1192
983
20
1060
699
224
1351
557
815
1193
827
1232
996
22
1206
821
162
160
673
542
425
1305
532
255
1040
694
669
947
114
1021
953
825
910
174
1190
324
48
664
788
485
981
411
1195
864
574
271
711
956
217
292
1364
1184
516
1366
405
493
683
113
1343
979
761
802
1321
380
1155
680
721
1203
832
1029
1244
1079
1300
1158
860
494
466
720
636
384
790
1179
527
1277
703
46
838
1084
1320
628
549
130
611
36
394
88
1073
124
1208
110
84
891
1298
710
1251
679
357
754
965
302
273
140
978
531
1286
1027
379
99
621
192
105
1363
137
853
1012
792
333
138
1236
740
475
269
958
1230
310
326
1145
819
1183
336
616
760
543
839
75
886
1104
1253
686
1144
208
47
185
997
1036
689
282
383
171
203
350
749
373
1231
1107
16
1182
215
814
698
822
505
1138
751
593
1098
1003
1041
932
143
152
279
618
1221
652
705
179
1009
232
196
712
1274
1066
804
1309
1257
967
889
1239
1118
470
346
1296
504
622
433
87
764
1147
952
785
1007
1093
575
1194
547
131
594
354
553
495
1165
1048
31
1228
142
730
275
581
841
728
1014
66
1191
406
1266
1117
231
194
1180
1280
484
599
990
1339
90
758
424
836
794
789
554
1240
706
371
229
968
311
960
951
855
343
562
32
1350
756
1059
702
985
315
463
780
906
1128
1302
1310
564
420
338
173
700
1312
797
1038
1308
1347
920
193
837
103
1262
665
1227
969
610
644
488
510
1026
101
71
525
204
1250
555
529
1149
390
1008
708
134
35
1349
537
135
452
91
219
995
1131
1035
449
330
586
1141
501
844
247
568
588
1290
1220
1046
112
1013
1070
793
535
1346
993
1292
4
407
769
381
544
270
211
1185
301
806
436
1140
625
1333
1092
583
945
227
781
707
437
190
743
964
267
884
122
657
946
205
727
737
534
829
164
182
1367
675
624
461
685
1249
1287
507
933
1031
718
1181
859
648
177
214
1324
228
260
465
631
1243
1063
283
409
1276
585
1345
1210
274
242
1122
1235
762
1129
1260
600
668
98
1281
1100
429
69
511
649
1361
307
314
262
643
