651
1187
45
590
106
930
344
288
1316
962
565
1341
165
168
431
915
1172
592
447
980
415
386
266
256
1319
1085
1189
1176
129
1103
955
1034
914
1134
850
902
136
957
362
1130
10
37
1238
961
166
2
1259
428
356
413
1090
403
880
1163
76
385
1332
852
1020
1337
613
85
999
141
284
291
119
366
1304
1303
655
454
469
474
795
389
870
1323
1254
456
285
1083
1237
1178
892
677
1214
496
1072
226
450
890
1123
1099
248
199
1207
478
1042
1322
676
17
1062
848
287
358
1171
289
1169
50
200
329
667
869
541
872
145
197
180
1094
963
100
365
1234
994
921
455
25
318
895
39
926
441
1102
1368
195
755
5
1215
207
813
335
286
713
245
1124
898
64
883
281
1301
230
1105
317
1025
1285
861
1023
1197
1177
1112
126
1068
1086
81
765
1213
1032
1053
367
666
369
1365
723
948
238
580
704
816
370
1030
942
93
123
54
972
1049
167
840
438
399
109
1011
867
304
773
146
132
163
1142
536
738
53
416
175
1198
601
578
223
559
560
905
847
23
222
467
1225
1018
572
1139
159
929
426
1133
598
473
60
408
150
1245
468
863
377
26
1355
86
1278
1258
873
1148
1255
735
40
1241
355
250
584
427
482
1065
295
419
1270
446
1136
1126
1173
451
418
38
533
372
387
1205
434
849
241
487
717
265
833
591
834
937
907
1051
43
104
909
353
497
116
913
56
824
619
881
18
885
923
856
868
787
1088
439
576
328
320
1082
128
276
874
240
1242
480
1153
862
1110
691
517
634
982
1315
1318
888
897
904
327
771
912
294
237
1127
935
1291
305
225
663
280
940
1311
59
998
1150
444
966
661
1064
414
202
472
3
1164
524
382
1157
1116
1202
172
51
82
412
875
398
725
1275
183
491
499
571
1002
1247
1000
91
729
330
315
711
954
762
71
1170
832
668
15
635
1091
218
181
1359
938
1251
410
819
1363
1273
700
1248
736
502
604
174
465
707
542
1141
949
253
826
32
1280
1312
1185
1350
1230
889
371
338
784
243
693
722
577
475
378
215
1284
42
1299
279
191
543
41
649
817
964
277
703
1180
1046
842
247
751
1243
1040
1019
1084
1076
177
919
1346
513
411
805
1007
324
756
239
960
479
316
1321
1070
737
1179
759
374
645
259
105
567
1031
570
698
672
290
757
1366
523
179
638
216
157
686
812
562
670
632
1101
1118
808
977
1132
792
788
464
1014
750
211
323
262
1095
995
20
463
184
569
701
1160
1338
1008
748
1037
769
1244
46
530
1260
393
639
246
761
107
764
65
1361
1048
629
185
204
990
979
21
307
347
187
1190
1113
945
160
459
486
609
775
488
779
1138
332
969
837
1122
131
1004
1296
194
326
1310
611
741
397
753
1096
1069
953
1288
1079
95
164
654
552
336
1204
910
1314
1120
1217
269
625
1013
714
1145
985
433
483
901
1175
1050
818
1003
1186
582
646
152
1352
1192
776
1195
728
138
801
679
339
319
908
14
79
1309
822
719
421
702
449
673
432
313
587
1295
1143
420
203
1287
1364
73
1289
31
422
1071
509
1041
956
1345
1257
806
600
1075
739
208
688
519
1347
1239
876
932
1256
406
1074
637
140
67
297
52
390
608
228
337
1021
1104
760
1147
1121
846
1114
1165
525
976
1080
814
471
1129
1342
219
345
838
1282
1343
352
983
1356
1300
529
793
823
689
351
69
640
392
257
887
1271
1340
1249
162
1181
665
217
311
746
1137
749
1087
918
528
1131
333
205
231
574
804
859
715
7
797
342
622
526
920
322
539
1017
1236
13
1182
520
221
1194
1022
807
706
12
302
388
516
763
829
581
1039
650
192
612
1220
309
63
573
1073
694
845
271
242
1196
532
553
476
555
354
189
827
986
120
1149
283
1302
1005
947
506
799
831
244
198
220
1174
1006
507
112
1108
409
94
1320
1063
227
618
68
118
1203
605
996
687
1269
1156
1367
1267
503
1229
628
190
727
800
603
682
768
545
988
959
505
1158
380
586
626
1052
299
951
1216
1339
169
272
424
1191
944
325
828
631
621
550
437
906
616
594
48
659
99
134
781
102
747
1144
148
958
493
1232
556
275
301
495
151
1348
477
606
364
360
1056
782
1333
66
425
1168
1228
1223
33
394
293
681
554
306
470
1044
558
839
96
716
1106
683
376
1026
718
602
531
975
103
680
1357
278
1227
547
825
154
511
1261
466
521
135
36
656
310
858
1055
300
30
229
1292
593
1281
490
1027
182
74
708
461
1250
274
137
1327
1212
685
754
844
1200
429
1140
1058
1307
1325
210
967
1151
785
122
1161
101
564
1231
1033
452
1246
62
745
11
997
235
993
780
254
1
724
75
273
820
88
4
401
1222
16
375
213
98
49
877
589
514
894
549
652
1283
1349
143
643
884
404
853
548
1290
1045
855
770
193
551
1221
1184
1218
522
1324
721
1219
789
678
653
730
740
1331
155
445
922
1115
232
774
1009
1294
624
196
561
1154
568
173
89
699
518
282
864
952
251
113
