287
1010
830
1322
1077
824
1018
431
1109
1082
1051
898
755
931
1086
939
408
972
1263
883
929
305
78
1062
930
1148
890
419
455
487
108
517
399
223
1016
291
109
37
773
895
913
667
1020
813
1234
159
369
418
446
1316
1245
1034
1255
942
456
590
576
1064
172
578
1270
508
317
658
816
370
1169
1226
396
238
348
881
1133
359
875
439
361
950
934
146
1213
288
771
386
1202
43
276
619
917
355
1214
948
230
902
795
871
377
450
144
34
441
85
1023
1303
1072
540
1042
899
200
448
139
281
212
849
955
250
454
999
415
285
312
428
438
1102
165
840
434
937
121
723
912
880
56
566
1099
362
1130
734
565
395
3
1011
870
834
735
1293
245
1198
863
58
496
1268
984
104
925
268
1136
76
23
240
1094
175
1278
430
615
497
1025
1275
1265
1049
447
1355
180
61
136
60
1242
440
252
1329
106
1297
928
176
206
1065
926
923
1358
524
1124
468
473
904
39
1247
980
44
150
660
25
1318
787
59
873
1368
1085
1110
940
335
905
1224
1002
295
472
651
353
614
1237
591
372
924
168
344
963
125
1127
10
869
1304
921
1207
559
321
1083
116
897
236
54
368
1301
796
1061
358
482
367
515
123
896
709
391
1285
1090
265
885
850
833
1225
129
713
560
296
1112
765
413
692
365
249
161
1337
141
241
1030
973
199
857
178
1211
5
1105
248
661
498
128
289
423
1189
286
536
1123
916
1081
280
387
970
914
327
443
862
962
1323
1089
414
304
1135
40
936
866
45
480
666
398
572
1067
634
1134
1119
256
994
677
382
24
320
927
1043
1311
738
690
402
592
1139
627
207
53
1088
1336
1166
725
222
1365
462
197
126
1171
328
225
261
1164
426
847
867
909
1177
865
1238
1053
329
1172
478
663
145
1241
992
1186
339
1120
965
842
154
574
46
623
588
300
641
489
48
887
644
77
73
148
543
1037
1132
436
595
1044
531
445
724
1179
1026
918
701
720
1097
279
825
1219
621
345
716
1039
1106
149
949
743
63
1012
1369
232
203
612
864
1015
233
1014
31
1017
1101
1145
534
991
322
1045
466
1165
575
1227
110
789
562
209
700
958
224
35
542
1252
1283
1362
131
331
66
932
990
1221
803
181
208
463
1353
548
228
711
1366
702
568
737
525
429
15
766
383
1084
47
569
759
185
810
804
437
19
6
152
290
806
977
1298
762
650
758
349
354
277
1317
893
1250
664
922
1359
1367
1244
338
1001
160
471
1182
835
555
757
1216
1183
558
352
605
1038
997
1104
551
272
397
624
494
392
908
33
1181
529
84
736
836
1050
1071
435
780
516
1029
642
993
211
1235
609
684
231
1022
1073
671
422
189
1144
1046
1218
719
1048
679
380
30
596
417
192
632
71
526
1349
996
1091
253
460
332
1154
173
407
410
855
511
906
687
187
1190
1256
610
186
1257
1194
639
1302
879
191
1138
1066
727
68
374
606
1360
652
346
229
728
740
546
564
1206
177
1277
371
563
838
98
243
1058
1168
910
593
343
470
1240
969
103
1305
502
523
1200
1331
324
1009
14
901
313
1340
218
1141
1076
505
597
255
449
583
1096
80
680
535
753
340
483
672
270
41
1108
425
577
989
1233
275
1
573
1140
373
164
846
1175
763
603
979
570
770
853
201
618
1188
174
744
274
204
620
1290
1271
797
246
458
920
1347
693
678
646
271
675
1143
337
215
364
944
826
179
1174
1280
134
1309
1115
481
7
1021
140
1006
1243
539
1296
653
325
334
839
1093
699
1195
254
69
1287
323
122
959
1161
1273
633
1167
779
486
772
933
1246
882
311
805
292
1125
1028
625
706
112
137
162
1041
504
903
244
393
1286
1078
1159
260
794
378
32
27
1267
217
49
1327
1348
1343
1272
1339
1107
747
475
967
829
92
812
1357
602
971
891
827
616
1117
822
1040
263
876
683
1228
234
845
242
520
708
257
659
459
629
52
1146
193
1170
545
1184
954
36
94
1333
135
811
626
712
1281
67
357
1031
476
532
479
952
1232
919
1156
1059
828
171
1289
1147
1223
314
307
42
22
715
1079
665
705
219
689
1131
461
786
530
239
421
503
20
581
1261
301
1222
1230
764
330
519
640
158
549
390
877
406
198
1070
1321
442
1185
649
1122
405
282
844
303
714
1063
729
1217
147
151
538
647
1003
554
404
465
1208
975
1155
553
726
1158
142
814
75
12
269
579
860
1253
1128
628
783
669
336
657
1035
488
522
194
510
1361
342
501
350
817
1056
493
801
107
964
1118
587
379
739
1288
1231
648
556
1299
761
768
251
157
309
544
376
807
1121
452
1325
221
1266
262
831
854
947
561
99
988
1047
299
668
1137
1350
732
130
781
102
808
1345
326
188
953
400
751
96
760
1210
1248
1262
745
507
247
21
1363
1212
169
138
235
1292
586
802
4
1092
1314
394
782
809
1260
90
707
637
749
182
1196
645
1192
79
1027
62
506
968
1036
384
319
643
585
662
293
509
1274
943
778
686
500
608
945
