1030
1018
438
441
843
963
1110
1275
129
1136
566
1315
899
692
361
368
387
318
834
58
265
304
284
82
159
348
955
830
940
833
1134
696
119
1259
136
880
165
1293
734
584
930
276
816
168
856
1123
666
328
10
37
237
389
480
1072
1254
167
1088
382
472
402
984
927
121
931
482
536
444
329
258
454
1164
980
875
498
199
1043
601
909
1177
924
139
1301
1130
415
1064
862
709
391
1094
1157
961
580
541
850
146
723
166
1112
771
957
455
1127
798
663
1197
261
982
998
1090
123
1057
725
453
1329
524
61
474
857
863
1214
948
355
962
100
70
655
1241
578
913
1189
1332
93
395
117
161
56
738
917
1061
619
926
1258
916
787
773
937
144
1020
849
44
430
222
904
78
861
175
1105
1083
197
365
1270
840
755
291
236
467
1279
1318
1102
1142
1242
473
1355
2
377
366
676
735
1139
1311
1024
907
1247
1354
1068
515
1111
83
496
427
925
928
26
456
287
294
206
1042
116
508
369
914
50
1124
559
153
24
250
892
478
426
1053
1209
660
359
1065
658
1336
813
690
416
1316
248
1082
598
385
108
1306
824
226
1077
1205
296
966
367
55
412
1089
81
614
591
888
289
195
929
867
852
634
356
677
970
414
517
320
572
125
847
448
733
223
881
497
64
450
327
691
1215
935
440
883
667
941
207
86
286
317
898
871
126
627
1032
540
915
321
0
53
230
973
1011
1126
1166
3
1049
994
428
76
245
212
462
1303
238
202
141
1010
1172
104
370
868
45
241
335
1365
1265
305
865
777
987
1225
423
408
499
439
1081
1237
240
469
25
1062
900
878
1224
59
43
796
1016
34
1201
1255
1358
9
752
60
576
1162
1153
23
921
1337
40
902
446
590
268
1245
17
950
874
869
172
999
1291
870
481
1021
1095
632
624
789
138
381
1195
1269
272
1267
110
471
790
71
555
466
1361
521
860
1066
1305
776
283
932
189
532
1029
345
1137
131
459
879
190
730
626
786
169
502
526
8
1047
464
1096
698
1310
479
90
147
486
21
1244
579
1022
477
745
1233
49
640
308
1055
819
196
384
1141
979
616
253
673
118
1140
702
74
1286
1308
216
607
7
255
494
277
336
264
489
103
1019
1052
737
657
1117
967
63
997
604
1369
184
244
920
1031
770
588
699
845
301
239
564
705
98
1346
160
1158
1229
1091
1261
842
171
130
804
1331
15
187
14
79
1339
727
793
761
1071
603
766
302
611
292
314
1160
720
708
1074
1015
1363
1100
1246
530
1008
1107
325
954
864
669
1271
99
853
1101
971
380
322
409
1262
1248
783
743
330
259
764
802
670
639
279
681
251
30
546
375
376
42
858
1204
567
758
1098
944
1193
495
960
618
726
882
1180
383
488
839
859
983
1092
1122
315
1050
595
247
1036
1313
744
633
1104
69
985
851
1317
1333
352
1087
1004
522
509
818
179
1076
11
721
177
1129
910
763
1159
442
951
89
275
1324
1013
1093
553
846
192
1149
630
986
837
829
543
680
122
162
203
449
901
1352
220
891
792
1345
475
1220
671
1350
1343
1288
772
405
1167
1060
739
465
922
1005
549
411
650
73
96
1006
958
1239
557
342
817
343
949
140
1362
1212
357
124
221
432
323
297
782
583
1338
952
1132
637
968
233
201
638
1146
995
831
551
224
1216
235
751
537
503
1120
28
319
749
1118
420
1227
182
1026
1320
823
506
338
719
556
293
754
331
1235
1294
231
600
1027
605
736
333
654
645
6
1253
87
155
1
1264
981
114
809
687
1314
756
697
1280
1307
246
1200
610
188
134
307
410
1194
270
242
1321
1038
271
1014
394
820
1168
299
838
1131
1364
174
107
112
339
1327
622
724
662
547
433
631
88
1039
617
262
354
570
672
791
989
1035
822
608
406
208
778
94
33
111
781
1075
324
1001
1240
388
303
47
461
602
516
762
800
519
750
360
538
436
1228
573
326
193
170
463
1256
886
12
1287
185
1272
1054
217
988
311
204
1282
16
688
120
718
785
731
67
1073
976
84
1342
794
612
759
893
525
569
938
229
80
775
707
470
337
609
148
31
452
563
1335
659
363
1175
198
1012
306
493
46
1179
1243
458
589
1028
947
151
332
492
113
918
715
4
527
933
156
597
1003
1330
186
1260
1121
19
674
378
243
978
682
347
484
205
260
558
1007
1289
805
710
625
887
1045
1155
728
821
585
1230
539
577
683
254
641
700
703
1328
1186
854
741
211
807
554
1326
768
1309
209
263
648
1257
1084
101
1040
841
714
57
514
644
779
1196
191
1185
1236
1360
552
620
1143
32
1231
1210
267
1218
316
649
1203
884
1281
803
642
228
1252
1046
227
1044
135
836
1152
712
992
1219
568
1058
1300
964
1125
832
505
1183
1266
309
665
1181
404
421
575
351
91
1147
219
740
956
501
213
1184
407
593
894
1192
732
435
652
1059
991
596
599
20
996
422
993
780
490
181
437
1041
72
679
149
1298
959
1144
425
274
945
544
22
810
1063
