1189
907
395
1337
1136
86
1224
930
915
1198
141
430
1089
566
572
734
356
291
126
361
480
613
133
1127
223
358
454
655
1011
850
202
627
1242
286
1215
1197
1049
852
1173
560
950
368
895
39
1030
370
796
1142
1094
1213
355
497
166
576
917
1172
327
1088
868
1099
984
902
928
1153
1065
9
1110
565
56
541
691
328
1329
106
45
987
899
144
76
963
222
261
1323
443
288
1023
973
661
601
667
847
18
840
473
1043
1341
50
37
813
132
765
434
1111
1322
941
725
533
913
426
175
64
1279
890
1245
869
1291
487
536
524
1062
871
1258
304
1238
1315
704
448
1255
1334
966
496
389
1365
252
128
129
1169
97
455
367
615
412
940
1116
935
119
317
1358
26
415
598
431
385
660
29
912
909
256
399
456
423
1263
59
1024
266
972
861
1259
441
200
897
125
353
329
816
248
1275
905
1150
1112
491
320
857
265
888
738
24
258
482
1085
180
795
23
508
3
1123
1109
478
571
735
474
55
833
472
1237
1102
121
1177
207
402
414
1241
51
145
1205
249
165
1057
451
446
1354
658
843
874
498
240
386
873
970
1018
60
865
955
1336
1247
911
1318
1268
289
1199
212
1176
787
1133
1082
312
109
5
285
447
709
634
61
391
1225
238
872
848
123
82
245
824
34
413
136
146
619
866
1053
1285
777
867
183
108
398
54
896
733
1135
942
1134
962
898
305
159
469
439
499
321
939
875
926
0
591
1214
1201
696
276
468
10
752
1209
1105
1178
139
116
883
921
296
862
690
1234
416
900
1016
517
957
578
878
540
1064
961
916
100
1072
1164
1119
178
1077
1211
172
1103
980
1157
974
387
70
38
268
1319
372
723
1162
81
590
428
1032
40
948
396
1311
1051
1090
1301
1316
994
515
150
25
1171
284
1254
1031
1009
602
884
283
639
322
1075
1160
429
1047
1071
501
224
220
774
449
1048
77
674
278
672
461
1146
969
575
695
32
1154
669
332
975
1007
324
877
708
783
215
1104
537
272
769
15
780
986
1262
512
36
154
1158
127
143
233
1101
406
671
932
531
983
784
298
214
732
1190
818
528
47
910
1249
1141
1331
623
186
587
766
1196
721
1184
495
350
1339
463
1175
209
1
84
727
799
436
823
394
91
792
754
79
879
826
638
1228
809
421
1087
991
1029
976
707
521
600
114
616
1346
1216
1079
748
568
1240
525
596
160
951
1357
308
558
1208
94
140
1253
740
876
1147
757
392
1236
675
815
681
274
751
573
618
105
246
1356
1220
679
557
103
1170
1359
71
539
464
135
302
694
303
1327
603
360
503
62
768
953
313
351
118
158
149
579
1289
380
882
527
120
435
1328
75
959
293
1312
357
267
593
781
485
347
805
726
457
967
1210
814
949
242
425
908
442
1227
938
72
113
845
855
1149
477
958
629
1194
946
519
46
744
500
259
323
542
837
164
1272
99
1222
530
854
173
479
555
1212
778
985
375
465
656
597
693
147
407
832
720
6
74
1281
151
548
219
492
193
182
1121
664
1193
633
990
1233
1340
52
28
1188
1295
1058
11
688
490
1330
1338
747
582
471
739
253
189
670
960
838
102
891
641
333
710
620
564
964
1239
703
701
1033
371
645
749
647
1027
546
1115
526
1298
315
1060
381
1264
561
1098
706
945
640
567
724
306
1039
213
729
989
574
458
790
1235
476
538
699
1165
702
205
800
134
745
1367
388
1096
759
808
889
279
257
345
1122
374
297
1054
776
157
1309
728
1302
179
1305
947
1314
772
922
678
1326
460
30
1174
314
1325
697
90
1349
181
49
700
404
1192
507
138
1144
714
1185
1287
198
1097
822
995
952
1045
1035
1307
683
232
98
1181
608
742
1362
300
68
124
802
997
758
229
184
1347
607
606
1069
1038
481
1308
806
637
363
400
1156
1271
470
586
505
684
422
73
1230
715
1026
1004
779
1093
762
156
475
459
543
687
622
570
1277
1223
319
971
705
1114
31
981
1143
944
1269
609
1106
1138
1108
339
1059
1350
203
235
632
417
529
835
510
1232
821
851
211
1092
65
271
956
605
588
1369
680
445
142
718
1167
831
217
761
1107
1324
239
1288
583
604
1056
466
839
1231
331
652
290
1218
1168
760
563
341
152
864
1353
1267
1137
514
743
685
1028
1050
310
1333
550
489
190
1076
1296
340
820
1261
807
89
906
1046
409
227
624
846
1145
192
1183
625
264
1361
992
148
483
794
218
1012
162
556
1100
336
650
746
137
155
8
107
1040
354
996
254
516
1180
1120
1019
334
1364
782
502
1360
612
1251
216
1294
174
535
673
919
122
636
4
437
764
1021
511
599
221
965
27
836
1276
346
196
1155
342
621
270
662
378
110
554
551
968
66
169
1284
547
187
1091
1128
1095
1250
562
1132
171
262
1274
756
130
452
1345
860
19
577
48
722
668
42
1203
545
1206
763
1008
1313
1352
610
277
488
689
1022
22
657
311
682
383
7
844
653
14
643
894
631
1182
594
13
648
316
247
1335
