1064
980
312
1103
362
473
1061
888
3
1297
93
899
862
1010
1214
329
468
51
1368
256
941
1127
961
59
723
387
1053
305
64
1130
430
440
857
984
1142
1105
852
225
935
136
905
881
796
667
81
34
358
873
927
161
167
1002
391
930
1148
431
295
677
418
443
5
856
172
840
1102
100
1139
950
655
1279
1043
833
816
924
296
666
159
1259
1344
1245
861
1057
1278
321
1024
755
1254
1025
252
56
1189
414
883
1169
1329
377
929
560
284
132
399
1265
1049
885
1023
212
207
1237
491
661
109
773
1112
1355
180
897
1306
398
1258
795
765
849
226
1226
1109
428
1255
238
584
76
496
1365
963
499
248
287
892
517
9
133
895
70
1089
1198
416
1062
2
1164
97
1207
372
29
1133
153
787
571
813
798
1242
200
38
1215
413
82
408
909
578
704
497
1051
890
1213
598
1285
450
439
676
335
355
921
423
1157
928
1136
566
320
1094
942
195
709
948
1171
515
1209
55
121
998
916
931
427
865
926
327
446
974
482
454
869
1042
104
900
1018
576
61
1241
1358
1123
474
619
1199
939
1291
317
937
144
403
651
660
1323
86
123
1172
1135
451
139
540
907
1234
725
45
874
353
1126
455
402
1319
1081
634
1178
281
83
385
771
957
245
356
1311
1238
1116
183
249
735
285
119
966
572
878
240
498
291
913
690
318
176
601
1224
368
917
777
487
912
1173
230
1270
258
386
129
925
280
175
438
1067
43
738
962
614
426
222
128
453
1030
870
268
580
178
508
936
1354
898
1303
85
1153
824
1085
1119
592
533
1293
365
1072
850
17
863
973
0
389
734
1082
168
972
359
1176
25
236
54
106
915
294
663
830
970
1211
872
615
847
1201
1011
1202
434
472
24
44
150
868
366
591
261
26
462
1304
1187
1334
1305
437
32
357
425
1196
965
770
71
509
708
298
306
211
668
739
837
1256
91
314
1003
495
1328
246
737
1005
1013
810
49
217
698
476
1190
19
1155
137
247
1009
782
203
292
1008
350
1145
644
170
860
278
1129
182
952
481
715
1078
1052
751
654
464
1338
707
501
791
1231
956
460
371
1170
1115
790
1004
1007
1087
1330
604
1250
606
1059
859
748
778
324
373
1314
802
234
564
1121
701
652
1107
783
943
333
588
131
1183
1184
681
442
140
659
669
764
1223
77
319
187
642
1369
1260
825
510
525
789
1058
1174
73
757
204
339
844
1056
729
470
1158
210
360
1326
879
273
185
1028
351
417
656
1188
743
567
494
220
259
846
213
583
302
1335
452
192
500
308
1356
1108
1362
378
1340
775
99
143
354
1079
1125
597
479
4
645
542
1152
65
954
1186
208
1120
662
603
1236
1280
188
903
689
626
424
643
84
821
1253
774
1288
711
836
422
1040
1179
688
1299
1345
877
680
209
1249
1149
1313
556
1021
229
435
967
1222
433
589
629
1317
149
1230
394
546
1333
1092
726
906
622
853
218
147
36
557
586
977
687
1290
784
1339
270
1044
1352
1235
11
179
1019
747
1269
776
519
410
1026
326
379
1036
310
732
594
938
985
609
160
233
307
214
227
1165
624
215
949
463
1014
1047
102
332
105
1302
633
260
1041
710
700
88
512
611
553
341
191
996
1091
113
1284
744
951
946
90
1096
932
282
763
201
347
48
819
345
793
1218
322
1037
15
198
920
1271
894
712
1248
407
267
293
1066
516
114
63
636
855
1357
221
960
401
531
1251
162
107
120
620
400
552
174
323
445
841
544
1098
7
538
1294
579
390
535
189
264
842
724
303
958
275
151
745
602
1017
466
336
995
1101
397
785
242
1203
968
1093
714
647
779
272
608
826
171
1325
184
1312
301
1360
1069
92
1175
976
1343
1161
625
94
30
1208
610
409
820
1022
718
1195
730
1331
364
224
845
393
346
1151
570
678
794
918
518
788
485
801
521
429
122
263
1267
827
173
760
1349
1363
886
731
1027
1122
1039
742
884
340
808
1160
1353
98
720
721
526
1292
342
548
1143
300
1261
814
432
983
75
1210
992
947
797
1001
186
555
638
315
152
803
975
1050
1132
155
449
664
1361
111
1071
1182
1031
1181
694
641
68
1233
33
695
1045
47
919
269
148
127
807
835
16
750
719
562
703
945
486
767
1147
649
1243
1264
72
979
89
741
1227
1308
769
1351
1206
193
582
74
1228
31
138
1296
889
1185
864
1307
1277
135
1073
990
1212
876
194
520
800
600
854
465
650
534
616
1075
944
648
219
169
736
1033
1128
587
1320
1012
243
1029
297
630
1366
253
1262
1324
1367
1144
697
1217
493
617
543
62
489
1298
283
722
277
475
177
142
628
1104
118
828
1200
27
756
792
28
727
325
254
988
492
1137
1156
349
817
549
1289
673
274
1272
612
483
488
639
822
290
504
458
404
513
80
503
804
363
13
839
1046
1194
514
682
490
545
558
338
1084
908
1295
110
1246
528
1282
1131
910
882
746
1348
978
702
1191
532
621
1000
595
235
22
551
375
672
1310
772
706
21
716
933
1193
