158
167
317
345
133
99
324
184
141
97
456
222
415
205
396
475
169
500
504
283
409
479
315
414
208
428
192
105
533
529
526
311
394
293
275
290
124
73
298
510
81
449
367
148
186
191
542
333
420
550
465
389
101
330
540
168
157
264
108
433
153
132
443
482
137
86
305
502
254
233
245
160
111
346
464
314
515
288
468
165
401
537
379
536
461
334
118
552
543
451
65
82
523
197
541
112
341
109
470
453
139
98
195
375
294
225
472
170
551
114
70
391
84
302
458
507
189
198
545
116
115
243
171
319
423
548
187
546
310
200
120
390
404
547
501
79
387
535
382
538
544
424
30
110
426
444
144
104
430
188
268
316
405
467
322
525
347
474
46
514
219
156
138
250
80
380
296
383
21
69
521
203
342
447
72
438
462
410
67
244
506
221
385
193
505
307
323
47
511
263
368
508
434
85
146
509
361
284
369
386
356
304
266
421
48
491
392
128
150
177
272
106
185
166
50
93
247
499
253
393
442
261
77
337
145
476
312
100
178
450
279
175
531
241
419
119
162
35
332
231
58
14
417
494
242
435
202
206
33
127
269
53
134
429
95
0
90
270
407
348
199
6
406
370
303
487
486
257
103
313
23
260
24
259
2
354
364
215
493
130
271
122
278
176
344
496
338
19
174
91
251
207
489
27
478
265
439
131
436
378
38
56
351
371
220
194
41
31
149
234
17
373
441
262
113
411
26
151
358
5
452
211
3
11
190
1
74
7
366
246
45
381
59
201
357
66
374
274
13
43
4
71
484
12
87
55
20
238
328
96
281
360
29
40
399
182
485
477
94
400
331
61
22
155
481
416
229
340
42
495
213
471
455
326
218
16
460
181
62
480
32
425
230
359
402
255
292
226
446
172
39
432
457
9
15
295
276
10
309
