158
184
540
512
101
448
208
345
475
99
473
81
186
196
89
78
550
97
504
124
168
235
161
498
415
157
465
283
396
389
205
333
315
542
479
57
141
210
533
290
353
136
223
240
324
105
75
517
420
414
180
428
317
376
395
73
275
112
109
195
280
501
336
179
120
285
346
154
549
237
111
552
551
232
377
327
461
118
233
515
329
546
142
287
341
98
209
310
335
422
472
107
524
537
152
545
408
470
264
116
305
314
248
401
70
245
453
541
325
132
139
398
388
288
225
387
84
539
126
535
530
543
65
319
536
135
497
379
294
375
391
528
114
490
68
160
443
469
200
236
547
37
144
525
522
440
438
362
385
30
110
104
521
296
467
308
267
527
52
383
268
418
156
410
212
426
256
289
405
365
250
188
454
239
244
69
67
380
444
138
80
506
514
300
307
304
166
204
361
488
437
106
508
413
177
272
284
47
369
356
421
511
392
491
150
48
368
28
509
146
185
434
85
505
54
261
279
499
93
442
393
403
516
77
320
50
531
35
100
119
162
337
175
247
476
83
520
241
253
446
480
295
445
246
452
439
62
262
19
207
348
214
217
23
331
10
8
255
411
122
363
33
496
159
6
32
402
344
129
416
357
366
58
301
371
24
7
117
0
374
270
59
242
131
44
123
303
42
103
313
355
226
372
181
274
397
417
182
373
163
149
328
74
234
25
321
15
339
378
459
460
95
471
190
17
206
201
429
155
202
45
39
20
407
56
229
230
14
484
406
151
26
22
11
477
61
36
53
432
199
481
436
71
60
400
306
281
213
309
211
113
326
87
276
384
495
354
431
4
486
278
350
1
359
238
370
318
485
218
291
292
269
51
487
483
18
215
130
435
16
176
358
360
249
13
43
338
251
364
3
38
194
96
260
259
231
41
412
9
