414
349
235
293
428
191
205
367
345
223
169
315
449
78
550
192
158
222
92
141
168
311
148
466
184
97
275
500
473
196
353
75
456
317
99
333
210
498
186
89
330
409
105
504
475
81
389
529
324
208
526
510
136
512
352
157
101
401
147
346
248
544
379
390
116
538
233
187
336
109
82
245
232
160
111
137
287
536
189
154
288
183
143
458
546
264
126
152
258
329
243
464
114
84
469
549
209
171
433
305
443
490
341
482
79
70
102
382
254
470
325
68
142
237
132
120
314
502
528
524
548
98
327
423
552
200
388
541
294
507
173
285
530
225
63
198
86
195
139
334
537
462
316
522
221
21
244
193
474
405
380
286
250
30
268
296
300
121
518
503
308
385
104
410
52
224
365
256
212
506
110
447
467
49
347
362
138
527
144
454
72
289
519
67
263
150
505
392
369
106
323
185
434
511
532
146
28
284
437
47
266
304
413
508
166
491
128
76
299
307
140
85
509
488
277
442
93
297
54
253
403
337
145
476
88
261
332
83
393
50
419
162
247
241
320
119
35
178
520
416
159
371
43
2
378
0
355
348
238
321
16
22
309
61
338
17
483
207
91
417
459
260
373
493
71
214
60
360
494
220
492
4
344
471
439
29
42
217
174
295
90
340
303
127
64
381
23
359
96
229
38
36
455
155
485
226
130
486
103
11
484
477
411
276
59
176
211
463
3
215
18
412
8
39
354
202
339
1
262
55
271
292
45
5
249
227
435
251
44
122
41
213
94
14
384
51
397
366
149
15
441
19
370
436
269
31
190
274
318
182
257
164
151
326
351
480
372
12
452
252
25
123
24
406
66
331
291
358
357
481
181
32
445
34
270
402
255
282
407
199
216
427
230
374
234
53
399
432
13
460
278
400
134
431
425
364
27
163
313
