526
275
448
158
311
133
196
148
298
75
283
136
449
210
352
124
161
180
168
540
498
317
550
169
367
192
223
228
394
510
330
105
415
533
205
208
222
157
376
73
428
500
78
240
512
353
333
81
290
517
101
235
465
479
389
456
186
335
544
139
539
68
490
502
453
408
135
314
464
401
142
327
391
107
232
63
294
120
319
346
497
470
398
534
538
65
108
423
285
524
546
501
198
382
523
541
147
195
170
160
137
165
111
535
375
552
152
118
513
537
549
404
547
433
179
225
288
388
280
305
264
245
273
154
469
530
451
183
233
341
461
237
82
116
536
171
84
472
302
310
143
289
203
219
308
519
426
438
322
37
518
239
250
156
256
72
365
462
521
506
454
224
267
121
362
447
67
49
444
30
522
104
193
503
46
244
347
212
138
144
418
69
296
440
413
166
532
272
509
28
369
304
76
47
356
299
343
361
263
128
434
146
140
491
368
437
177
48
185
488
386
85
204
511
279
261
178
332
88
93
531
145
277
476
162
403
393
442
516
247
77
337
520
297
499
100
419
241
119
19
278
29
416
149
350
122
127
3
431
371
429
25
218
234
60
331
113
231
373
1
355
15
318
90
276
446
164
176
227
172
64
384
340
242
6
9
18
257
24
74
270
478
230
38
351
13
480
271
66
36
460
32
493
477
374
194
214
378
359
348
213
26
292
71
5
484
7
174
274
406
22
45
61
301
485
56
494
363
130
59
326
91
151
16
455
43
8
53
87
452
441
303
281
220
370
216
372
397
103
211
58
435
202
252
381
459
40
412
259
400
10
17
492
402
471
358
123
486
33
23
251
309
62
344
34
282
328
483
20
265
0
354
217
155
357
44
2
262
95
338
246
4
131
163
364
199
427
182
39
27
11
134
207
463
496
255
360
14
411
