78
315
293
283
192
333
389
169
223
349
324
167
92
235
330
466
526
75
317
240
517
81
475
376
512
168
420
353
473
141
158
311
290
97
500
345
542
550
186
105
409
498
540
184
396
414
529
161
196
504
222
73
133
415
395
210
180
120
294
237
329
114
423
451
422
232
543
334
408
209
523
171
327
248
264
314
179
258
233
464
549
537
377
139
173
143
548
552
287
502
126
534
82
346
305
404
65
68
382
545
107
84
285
288
461
501
535
472
528
86
102
273
547
189
551
398
536
79
336
468
111
513
497
458
152
98
335
544
200
170
132
108
539
375
490
379
453
147
302
325
319
69
447
525
37
426
405
250
342
256
30
72
289
440
347
267
21
462
316
383
444
527
203
300
424
454
322
268
244
418
521
467
212
224
49
104
518
67
474
522
430
286
503
239
85
392
284
343
509
47
488
185
76
146
204
307
166
140
106
356
263
386
177
532
437
266
491
368
505
299
128
150
323
125
320
54
279
520
476
332
100
93
77
450
253
83
88
337
247
241
175
178
50
119
393
297
162
516
261
344
181
9
53
252
123
38
216
436
36
17
201
271
33
439
34
487
56
71
402
483
87
374
60
432
176
25
172
358
384
373
74
262
351
159
20
359
131
257
58
381
55
61
202
339
295
251
22
321
234
127
446
492
309
18
270
457
354
7
134
463
217
23
411
494
282
5
231
238
0
44
481
366
4
357
220
355
360
431
486
350
41
269
301
455
372
489
6
45
326
441
174
13
66
340
249
2
215
1
218
452
363
477
429
259
406
155
164
206
427
246
211
338
292
276
445
435
306
265
460
213
229
416
226
29
471
400
16
417
199
484
291
370
242
96
378
3
103
122
331
480
59
348
278
364
11
371
95
31
313
24
113
10
190
281
425
64
39
255
94
