133
158
92
275
223
475
517
101
99
345
330
448
376
389
235
240
184
409
136
415
222
456
498
191
473
414
157
196
542
81
510
124
533
352
428
349
353
395
161
540
529
205
466
500
210
479
283
148
394
317
97
550
315
208
228
333
298
334
183
458
547
534
329
523
469
341
187
552
325
287
461
142
513
70
237
544
112
387
109
84
398
524
232
171
197
195
468
63
233
294
258
79
541
490
453
382
537
548
114
285
549
538
528
137
245
160
482
408
319
464
116
154
310
515
346
335
375
198
179
152
404
546
111
391
336
82
443
472
143
539
501
139
379
433
98
254
147
497
536
543
200
219
362
267
104
300
193
49
30
72
250
467
447
518
426
521
188
67
37
322
138
308
380
46
347
144
519
430
405
418
21
296
203
239
244
444
474
52
212
80
256
342
224
156
413
150
386
263
48
509
323
343
266
368
140
369
505
284
356
304
166
177
434
204
299
76
361
421
47
511
508
125
146
128
393
88
119
253
35
93
241
145
175
261
332
531
403
450
297
312
499
247
50
54
442
520
77
162
100
10
384
460
39
328
17
351
42
252
251
14
313
74
43
181
326
295
230
360
1
29
303
44
16
8
492
484
350
64
425
131
0
202
370
242
190
400
357
215
51
435
318
485
366
493
271
483
130
291
94
113
7
397
159
13
217
340
270
163
174
381
281
480
301
60
206
358
338
374
378
354
234
282
22
321
123
278
231
149
363
27
61
372
172
260
11
71
495
155
494
452
36
238
417
53
432
122
18
103
402
471
207
220
40
331
23
481
182
457
45
486
66
306
399
55
95
487
427
2
33
129
496
265
151
262
355
58
31
194
455
15
436
371
445
412
32
255
274
429
127
12
364
26
339
62
59
38
199
276
226
477
439
9
406
259
96
5
249
344
90
