529
293
449
228
73
157
81
389
298
409
283
290
510
345
317
97
367
184
415
542
311
473
517
376
504
75
133
456
414
210
196
168
223
475
330
192
526
240
349
324
180
396
191
235
550
124
498
222
353
205
78
148
394
540
428
101
208
248
539
346
461
195
443
398
530
236
329
264
142
451
84
401
534
233
109
536
464
170
490
310
237
79
63
102
433
153
116
515
139
86
118
189
335
382
273
390
111
245
154
543
209
198
544
551
305
70
535
285
108
280
143
547
225
171
546
98
314
114
507
187
197
302
288
423
132
294
200
523
287
469
472
468
325
160
375
541
183
147
68
379
404
268
138
440
444
474
316
156
438
518
418
405
67
383
212
188
250
514
519
267
300
80
49
121
503
144
426
193
286
454
447
527
462
203
430
110
424
467
380
365
30
521
37
385
125
386
166
511
392
307
343
299
263
47
434
361
413
368
146
323
76
284
185
272
532
266
106
128
491
509
150
177
356
488
253
279
93
476
175
247
77
403
241
88
277
83
516
261
119
531
320
297
499
35
54
100
178
312
450
8
6
151
281
45
11
163
351
457
32
1
159
354
122
427
378
229
103
26
214
291
190
471
399
129
23
36
360
326
445
29
231
249
40
495
363
127
496
43
435
278
131
42
270
282
182
259
370
74
15
55
348
194
429
397
20
25
3
13
400
411
87
358
41
477
295
303
56
16
255
364
459
39
331
51
309
227
485
481
494
234
33
60
149
164
478
155
425
265
66
492
61
58
372
262
31
340
2
260
0
96
220
371
292
22
359
14
455
53
441
10
17
24
38
215
252
366
242
27
176
213
313
90
134
271
381
123
91
211
44
206
328
251
174
350
489
199
406
274
384
202
7
18
71
34
64
218
59
460
201
436
269
355
487
463
246
207
321
412
306
