298
136
466
184
475
389
186
504
367
510
141
290
448
324
293
415
157
192
222
168
317
101
414
283
99
208
550
409
330
315
275
210
512
180
223
75
169
352
353
167
89
500
311
376
396
517
542
349
449
196
473
479
105
498
345
394
540
112
209
375
515
422
336
451
482
79
501
513
142
258
469
143
547
538
490
139
288
63
382
502
120
534
153
443
171
335
118
108
530
548
245
170
305
408
458
497
70
523
391
546
82
379
537
314
236
329
468
341
404
398
264
273
86
115
327
232
346
535
68
233
310
464
528
254
302
160
237
334
507
154
423
285
116
294
524
325
387
541
65
280
107
49
410
462
444
193
156
203
72
519
46
256
527
144
212
474
267
418
244
286
347
514
296
67
385
525
383
430
316
438
250
440
506
52
104
447
239
121
521
110
21
221
467
518
150
323
204
185
106
146
369
392
272
505
508
356
434
177
532
437
76
48
307
166
488
47
28
284
421
140
266
263
361
491
531
476
119
403
100
54
520
247
419
241
145
261
93
279
332
450
320
162
516
499
393
297
77
277
35
483
122
159
366
441
358
400
130
202
95
227
231
26
5
9
339
226
22
44
477
350
42
427
259
328
357
3
27
402
246
359
381
10
217
59
445
251
25
412
309
41
64
214
58
257
378
211
38
207
485
478
66
340
301
0
439
149
492
471
62
360
1
238
249
218
230
252
459
331
270
260
373
351
6
71
484
446
455
432
74
242
338
103
355
406
34
131
29
411
417
374
199
39
174
163
36
7
271
354
399
20
16
452
321
429
494
40
431
265
486
370
481
91
190
493
303
17
372
435
87
19
326
436
32
384
4
262
23
172
344
176
43
295
313
397
213
274
463
90
60
496
220
164
113
14
117
15
127
276
229
123
269
282
425
206
306
364
55
348
487
