161
349
290
324
141
333
510
210
315
415
345
473
428
533
475
92
75
317
186
99
73
136
97
157
311
420
456
78
169
192
367
228
184
500
448
529
449
57
275
208
124
526
196
191
414
498
540
168
330
517
542
133
158
205
394
465
352
302
126
107
288
530
391
535
65
552
398
264
451
468
171
114
111
310
115
160
132
377
165
287
108
285
237
197
183
195
102
524
433
248
546
319
170
382
154
143
173
98
346
523
547
464
86
423
513
458
336
112
334
68
280
325
236
335
515
243
443
541
116
294
490
543
375
179
545
147
408
528
536
137
461
534
139
63
551
470
501
118
254
135
453
72
365
256
454
212
385
503
440
430
296
52
286
474
447
362
525
514
289
268
138
67
426
322
383
308
521
37
347
30
121
506
518
156
438
342
405
519
250
69
224
219
21
444
299
488
125
266
128
361
106
343
76
140
434
307
204
532
369
185
304
505
421
284
413
491
386
177
392
85
28
508
166
272
261
93
145
100
162
88
247
77
442
476
332
279
175
312
499
297
241
277
119
393
520
320
54
450
403
471
435
220
87
259
452
117
215
340
366
163
199
164
492
227
355
436
13
14
217
486
384
417
378
113
123
20
363
24
103
202
446
374
397
373
412
271
431
174
445
416
59
344
42
172
58
370
44
372
371
313
484
381
134
60
246
39
460
176
278
10
4
181
255
45
455
407
94
489
130
493
25
480
207
400
3
251
7
12
495
478
11
18
9
328
249
0
61
350
229
64
427
151
29
485
182
425
19
96
494
34
441
252
194
265
487
354
216
399
457
306
295
206
226
357
43
291
234
214
127
483
31
15
481
26
496
281
257
439
5
231
23
27
17
1
339
2
90
95
406
260
16
402
129
122
301
55
274
53
309
22
242
262
149
477
463
62
364
331
326
