367
315
465
533
192
293
275
168
75
101
180
466
396
479
311
475
208
205
517
415
157
210
124
529
389
169
376
167
345
510
161
290
498
456
540
99
542
473
240
333
89
222
352
298
414
409
97
141
324
394
105
428
550
448
196
184
504
458
273
377
335
135
232
98
535
179
468
453
258
461
254
112
423
115
294
464
63
68
233
408
195
507
451
382
544
170
552
70
197
153
142
143
287
530
501
65
118
549
248
327
154
305
539
108
264
401
375
472
198
147
288
225
469
379
536
86
102
433
137
329
391
139
165
114
341
236
334
120
319
470
245
209
515
537
387
398
547
502
109
200
388
474
447
69
300
212
424
454
193
67
462
72
521
522
267
203
104
250
430
316
380
410
49
37
121
405
385
156
426
347
514
503
296
224
467
188
46
438
256
525
440
239
342
527
509
28
47
263
356
177
421
299
386
284
488
150
368
166
413
508
343
505
532
491
85
304
146
128
437
323
307
185
266
140
419
145
297
88
332
119
403
520
442
337
531
247
277
393
77
175
54
499
100
516
178
162
253
320
35
292
484
230
373
127
64
344
194
313
94
459
354
55
370
66
492
359
74
265
182
199
1
164
41
326
149
295
425
339
134
303
480
416
407
457
477
487
181
113
402
220
417
201
252
318
340
217
53
439
226
399
493
455
18
207
44
91
71
23
29
45
60
159
56
59
242
15
24
431
371
348
0
257
25
9
306
364
211
281
486
190
32
103
276
321
40
485
358
374
445
269
355
350
38
2
163
372
36
123
16
7
360
227
58
117
43
259
478
130
213
231
172
6
483
31
384
129
363
246
61
4
19
62
214
215
452
27
176
495
3
435
381
238
20
10
471
33
274
463
271
249
301
42
351
206
278
427
460
338
270
5
406
39
446
22
14
122
13
262
229
