97
345
283
290
169
191
101
510
529
315
428
240
389
324
475
311
395
396
526
465
210
420
394
367
449
99
105
167
89
498
228
352
504
550
81
161
448
57
208
317
92
205
158
349
330
73
542
500
376
157
353
466
533
222
512
409
180
387
98
79
225
408
377
468
551
102
147
458
523
390
391
126
423
325
183
142
195
273
524
530
305
547
319
288
165
310
209
433
552
108
334
422
243
68
549
179
137
65
153
152
401
490
254
375
143
139
236
86
546
294
382
302
107
173
112
346
258
233
198
388
534
539
443
114
160
189
187
398
544
115
327
154
502
285
336
548
237
536
232
535
109
49
444
503
506
144
474
104
138
447
156
30
80
316
37
69
521
67
426
52
440
267
519
454
300
424
289
212
365
347
188
418
250
308
239
221
527
203
224
467
525
438
121
522
150
48
386
361
368
392
323
28
505
284
437
343
146
204
185
488
532
508
140
85
434
76
511
299
307
369
421
304
128
413
332
88
312
178
35
93
499
531
261
50
119
442
145
450
241
297
83
393
175
403
476
54
279
277
100
7
206
427
211
407
11
306
14
40
252
194
457
43
478
260
217
201
61
381
113
42
19
4
41
417
372
399
59
331
301
32
134
199
251
348
402
429
359
13
149
350
95
493
220
471
182
3
130
340
159
103
370
344
262
354
452
51
484
127
207
129
257
2
131
229
481
39
234
123
328
174
15
459
238
164
255
38
31
378
190
412
227
117
27
351
494
1
384
270
309
74
155
218
12
400
64
339
36
271
455
29
358
489
496
9
202
60
321
477
71
360
364
416
6
172
181
406
411
446
292
295
318
213
10
96
278
242
246
91
20
163
62
16
441
259
55
18
265
291
66
34
463
313
436
371
363
397
22
231
486
226
53
214
492
26
94
276
281
439
495
