2785
294
137
3582
1804
536
2109
3574
4300
1679
154
728
3677
1552
214
1642
849
3403
1451
4259
3381
852
3682
2026
247
3900
4165
3204
1238
4263
737
1953
1147
3761
2210
4088
3180
227
303
2308
3309
3447
1772
3188
1554
1363
3404
715
153
1508
1787
3909
1499
168
1293
895
4238
2060
2936
2277
2441
3353
3069
3203
1094
3641
2073
1093
2169
220
4085
3224
3218
3044
1875
1870
1881
2710
2215
3242
1888
1566
3420
1967
2861
2667
1795
3174
3982
569
684
3033
963
3850
4169
4240
1297
2795
586
4359
3452
2913
2948
2340
280
3024
3998
2114
2097
2365
3477
4415
216
3624
500
626
891
1658
85
1746
4183
4244
2847
2286
2819
4230
382
898
1670
4161
2393
1627
2311
2076
2881
3876
2520
2130
1806
3379
3571
1500
2454
4058
4056
634
230
3343
144
2834
1126
192
3124
3679
1034
599
2536
3453
1695
1765
3726
2121
1989
1731
1026
2188
2400
1523
4237
687
741
2922
3020
2787
4110
556
3387
2229
2342
271
3331
3569
3752
1586
3788
82
482
2446
3362
983
2396
4127
4019
1291
675
629
184
739
246
2047
4353
1909
3273
1773
2641
3100
541
4014
657
3922
1558
4376
1878
3678
3718
2558
1347
3373
8
2775
571
1396
2317
2856
772
1524
1098
4093
1970
3009
3155
3348
307
2264
270
2474
3410
451
2331
366
1164
2450
3187
140
2970
1301
3693
2571
1550
883
1721
2174
3938
3084
1137
2404
2363
1636
4062
1613
3208
2390
14
1675
3854
2347
975
3430
4378
4301
844
2402
4202
1954
2519
1207
894
310
3421
77
1004
2467
484
2367
4064
1387
1825
3378
483
3886
938
1600
3887
193
3996
726
2636
4040
3643
1317
987
2934
823
385
1994
712
1846
146
714
3873
3951
1232
1681
3701
3037
2817
2293
1784
3702
3029
2554
2167
1220
1578
3054
4333
4047
2572
3826
929
4048
2462
537
2782
4271
4314
1183
3497
3216
1105
2735
904
3673
2871
1525
417
1593
1460
3292
3302
2271
531
107
3061
157
1659
3046
3785
2461
642
3323
4345
3488
2818
1515
498
550
729
4346
334
1033
1029
2209
2373
2505
3500
4133
1212
2323
4241
2593
2918
342
2268
2004
1547
3549
581
1461
2654
980
377
2388
3709
1811
4342
3440
2959
2123
4275
4282
3696
87
2995
1440
1368
2942
3611
1948
1950
4123
786
2419
1300
3081
905
2258
1206
1749
1395
3183
3668
749
2997
3371
512
4251
2539
497
4372
3200
458
3810
1215
1904
3360
1175
4393
1455
2900
3642
3057
3809
2587
306
1383
251
3661
3775
921
2493
1201
3794
1824
2166
2789
3940
2449
2465
3392
357
491
3731
2996
3670
914
4401
2822
4288
421
670
1030
2221
676
1650
791
3891
4329
94
3767
1758
1479
1800
1688
42
439
1247
502
909
3614
3377
918
1982
677
3780
1069
2155
4035
2635
4168
1816
3214
2052
1504
1645
124
2522
727
2273
411
335
1251
4207
148
2246
3194
782
4405
3770
2565
1519
3481
4364
4089
1848
1885
623
1358
3934
4358
3548
1631
257
4219
3202
4206
2820
473
3383
3056
1793
1296
1328
3154
923
3133
2238
260
1229
1312
4305
565
1292
2063
2976
959
1457
3472
2726
3466
3784
3889
1170
2665
2824
3340
508
1257
4196
325
3510
1085
1290
4331
3455
4
3247
3898
1637
1865
3749
3
3166
2744
2348
807
1089
3539
2497
2910
738
514
763
4119
1039
3899
557
686
568
911
622
3060
2813
1751
3086
2949
1464
198
2295
4268
253
4257
80
708
2760
18
3867
2314
942
1487
2160
362
1332
3372
3824
489
2650
1915
1065
1983
2600
3012
4412
3653
2720
2585
4442
4052
1551
1143
196
2500
4017
3675
1584
3903
3140
4337
415
4437
4313
239
3531
2168
2423
3318
1979
3243
305
4368
149
1493
329
4326
2601
1653
2833
3393
1219
3402
1840
432
2088
2360
1708
339
3277
725
3398
1540
3644
4341
3723
671
2104
901
3235
2147
4291
1536
1449
882
881
1657
2084
3568
3286
4432
694
3817
2117
3595
4194
1480
879
1630
41
2784
672
967
1092
3967
4344
4164
1470
784
3207
1203
3935
2275
1577
1894
3391
466
2686
888
2632
997
2093
585
2401
2709
3573
3104
1356
2145
3390
950
1937
3072
4151
615
2380
759
2742
2707
2207
935
1564
1530
4071
2898
2758
186
645
1900
1716
1635
4000
2151
558
393
4063
3231
4050
2721
2276
88
2811
2550
2560
1327
1108
570
3791
4070
1662
2149
2807
2908
2300
721
2962
2288
234
4270
1394
408
3085
3836
3622
2014
3370
2227
2841
1136
1272
761
1913
3473
3499
4382
1010
764
3148
205
3156
336
2935
625
583
699
3666
311
2952
3943
4424
3212
2678
3760
1386
1416
1601
787
3120
4191
2859
1682
2357
1426
2689
2137
388
2712
788
3946
135
1000
872
3829
1073
2623
4377
2083
994
1106
2711
931
1450
2224
4252
199
3584
907
954
1606
1685
638
467
2562
3930
3597
2372
2368
2324
3177
1226
860
3458
3382
409
3681
2890
1617
1020
3129
4132
2673
2253
3376
946
3818
1560
3485
1171
1151
765
2848
4315
2568
2656
2057
4444
1920
2563
1958
1159
4320
546
1132
2383
3871
899
1445
252
181
2521
4148
3546
561
2529
4427
1083
1850
4006
113
627
1727
2445
535
2866
2771
3658
2612
2015
2855
398
798
1872
4157
641
3632
2517
723
1589
847
3017
1998
4287
2075
24
404
2316
265
1849
2148
3195
631
2198
3591
46
4208
3241
1469
4024
1734
3893
3193
3960
2604
277
45
1978
3267
3974
1696
3328
736
984
3806
1185
2196
3607
2143
4407
832
2865
4018
4310
2464
2420
740
766
4180
826
3223
4131
3122
1127
1075
2220
1415
3724
2457
960
3222
4242
3845
845
3419
580
703
621
711
2495
2537
1750
1431
1926
822
1802
3055
202
3526
1250
1001
240
1361
2823
2950
1150
2870
1927
1583
2578
4409
3676
2135
1323
3032
2466
1467
3186
4239
3311
2249
1360
1623
2042
89
444
1528
655
2526
3088
1826
1923
3969
207
2051
54
4309
1864
834
3367
2468
437
970
156
3279
4265
4163
51
1812
2039
1221
106
4312
2113
4107
2161
278
3059
4001
2283
1331
893
3750
4234
1381
2005
3423
1014
379
430
3375
115
3789
4098
2867
3205
150
3075
3047
4286
3317
794
582
4250
1851
4327
3439
4410
3198
2788
1335
521
2524
3482
1209
1939
1776
1028
2786
1078
4394
4218
4323
4211
4434
1350
1512
751
4181
1478
2091
1307
3102
1707
3820
1673
2140
4421
4406
4303
659
3172
1095
2041
3105
4188
2880
3601
2124
3729
2480
2354
661
222
662
3325
1195
1189
1971
1629
3479
1594
1448
2992
2607
3552
2111
4357
386
744
3805
3319
2886
3527
2455
2067
1557
3920
1847
363
2508
668
1869
947
1567
3432
4232
1192
916
4199
2882
4243
651
3862
3226
3299
1780
3686
1548
347
516
2126
423
3983
3914
1541
783
1582
3053
1605
3585
67
1289
1491
1819
3181
2828
889
2542
4324
276
3237
1834
2011
1409
2239
2216
754
1053
707
594
3123
4065
1745
2192
2999
2010
59
3345
1497
206
3335
2279
2001
1021
1
1365
3257
3659
3230
2594
1794
1407
2930
2574
2643
1199
4267
470
3602
4139
445
3008
1140
4117
429
170
4298
4311
2567
870
2692
368
3835
685
2028
4374
526
603
1080
1077
3608
1193
1782
3740
953
3336
2961
3830
3550
3919
775
3929
3688
1556
4086
3742
2850
2663
2477
3947
3396
3599
2897
719
2392
3637
1404
600
1421
4026
32
1283
3434
3629
573
2038
1852
3774
1809
1237
313
779
4173
2642
1436
4350
2530
2666
1309
3864
1097
2173
2333
2201
2251
3803
2793
2382
3294
660
2226
2319
4033
1337
1719
745
2862
2069
937
1940
1196
4269
1437
920
44
2778
167
289
2
1513
861
4231
648
3304
1830
3178
1013
1385
2691
1400
2637
1131
3152
2485
752
2337
2128
2874
1929
2182
3772
2906
2321
2846
811
3076
3907
1984
1295
3495
1018
1433
2274
4431
4299
2800
1715
2234
3917
1522
400
1273
2359
381
314
2202
4121
1699
4141
4441
692
2774
2483
2581
120
3068
4389
1903
540
262
3667
2575
4167
460
548
2732
2381
1660
589
1388
1397
3399
934
2776
1432
4154
164
2369
1144
4099
1531
4317
2034
643
1890
1308
3617
3385
4046
2411
2939
1877
2960
4222
2358
1770
1002
2614
871
1245
2327
1934
3083
2746
434
4189
2570
129
2768
974
3843
3071
2453
1037
841
1473
3963
2608
1188
495
2459
2837
3252
2313
3719
374
2032
3260
2888
2810
3211
2727
2630
3312
3604
318
4390
442
3189
3464
1692
4135
702
3470
2938
1739
4248
4197
543
590
527
3615
4292
58
3690
1733
679
2799
2984
2501
475
4360
2902
238
2722
2759
2839
4147
2334
1689
1191
4436
71
31
862
2685
1908
1422
3912
2891
3073
1342
1706
2339
1667
273
532
3954
3058
2619
3131
2281
2022
2079
416
1260
801
4363
2351
576
3576
1655
2914
2398
1282
1265
2356
2541
3170
809
38
941
4384
2078
928
3064
1310
2240
1058
1901
3980
1208
344
2231
2688
2854
939
2435
282
3221
2085
485
2676
3168
4115
3512
158
1003
3249
3016
3098
3493
34
2876
3293
3959
438
620
3145
1241
1703
3498
1128
3004
1390
3538
1999
682
3182
2690
1619
322
2598
2081
1602
91
2428
3474
1728
3626
3606
1458
2894
835
722
3217
1729
2580
1176
64
1362
2424
2958
290
3006
441
3663
2705
4153
127
908
1973
455
2325
2086
778
4338
4143
4091
4076
4336
4308
380
2355
1471
990
3130
2290
614
3049
3303
3245
3839
1976
2376
176
3021
1956
3557
1447
477
1616
2741
1945
3619
70
3236
3283
1111
2779
472
3821
2399
878
2737
75
3695
1898
3285
1760
1338
4020
4073
1882
2671
2762
3594
2912
2738
317
1884
468
2016
3384
1405
3251
2842
3942
2827
4166
2872
1686
2087
1644
2440
3112
3534
3856
250
116
588
2154
2009
435
3536
2261
1910
2132
2773
2443
2335
1267
1534
1752
3431
1768
1643
2439
1366
4426
2512
1235
2429
2620
1374
1709
3238
2328
3358
1351
1488
1977
3558
799
1261
2701
4422
3776
4079
3314
3730
1294
3308
300
3685
1792
3175
3132
2704
3266
348
3612
1604
449
3586
2586
2783
284
640
299
3957
2682
820
2024
86
2482
3523
125
1412
291
1482
2879
2206
1563
81
63
1311
2753
887
1152
3758
3590
2442
2110
2749
4136
2456
617
1490
2478
4398
2835
3825
2068
3932
1538
4045
503
233
566
774
244
1187
338
1907
1483
3875
3872
2232
4078
1322
3811
681
666
2515
3425
3504
288
1278
3342
2589
354
4296
3469
1821
1694
2318
2006
2108
62
1591
1066
874
3471
3781
3288
161
1340
1959
598
166
2740
3950
513
4015
4276
952
1372
37
2717
1640
4430
3417
394
4016
3966
1742
102
352
57
919
842
857
3566
724
211
2046
2410
3671
178
2925
326
48
2499
1874
2285
4445
1620
2195
3492
1942
789
3239
2020
2241
173
2680
3082
680
3433
4379
1785
926
2106
2263
3185
2412
1008
4106
2714
2864
4051
4306
1868
3783
2964
2527
2699
2345
3074
3915
1618
4116
992
1019
4178
978
1348
281
1818
4159
3001
1024
635
1239
1502
837
2506
1036
2375
3127
2101
2171
3892
1757
1813
4025
3771
3201
3927
545
2185
2486
1545
4255
511
375
1173
1544
877
3537
232
2304
4028
3895
29
3199
2644
2569
2395
1102
1269
1084
3832
3563
1101
2142
3147
3467
1316
3244
3577
2433
1149
3265
3039
717
1041
818
3209
2804
4103
564
2332
1154
1116
391
3941
3757
3261
2170
3146
3976
3380
2072
4044
4280
3092
2214
2053
1961
1783
3018
2112
3822
1413
323
4302
3840
2061
1242
3167
1047
3090
1202
1249
3627
1732
2972
1304
3877
2033
2599
1969
2341
410
1100
4002
4043
3664
2973
3925
3483
3141
2616
769
3386
79
268
1223
743
414
3715
4216
187
492
2416
1743
3556
2179
1067
387
1459
3125
4261
7
917
3357
517
3476
2670
3501
2514
4097
3289
3013
2660
2794
2463
611
3981
1114
604
2669
2422
998
4330
2138
3874
204
886
922
3708
3879
3502
3160
1240
977
1313
499
688
4186
266
3507
3087
1610
2532
3282
2687
1181
97
534
544
2812
4235
4328
5
4031
4124
613
3593
2306
4204
1805
426
4413
2889
2071
3097
549
3883
1912
43
4092
850
595
1628
3638
225
2702
2980
476
2573
1321
4012
2260
2561
616
4032
2437
1072
584
3851
302
3274
3475
1712
3754
2904
3462
1155
3578
2796
3587
3744
972
4160
602
1088
4253
2849
1341
2074
50
1345
212
3019
3159
2781
2257
2921
2747
2868
3341
2491
964
188
2361
1962
3902
932
4057
2700
2430
4144
4007
2681
3456
3992
2037
697
3564
4228
359
956
217
4081
3878
365
2008
3777
2432
3716
2816
3735
630
422
2193
4260
3505
3287
1330
2613
221
2494
3489
457
1194
464
2122
4152
4332
1501
3707
1871
3649
1120
2129
1184
117
1932
3706
4233
4220
418
353
1856
155
490
515
345
3150
3486
373
4201
2752
139
533
1896
3158
151
3206
2409
1167
2235
4366
258
3296
494
3866
3448
3786
3010
163
145
2021
695
1656
4316
3990
3521
3401
105
1521
1905
1023
3759
1472
3321
3307
4279
2296
3746
3366
2252
2582
1814
1110
2790
1099
827
577
806
1286
2640
1274
2858
4083
762
3888
128
2694
1086
3446
1854
3291
1892
3743
1891
2322
4385
1027
2469
3490
3905
2448
1575
3509
4171
110
3347
3769
3427
2821
1253
1943
3412
2991
3741
1576
4399
2953
3337
4175
2374
1334
2200
3113
1649
2242
2609
1741
1285
3176
3229
606
3346
4392
2139
3320
2027
988
2832
1674
1162
4090
1886
1993
2243
3654
194
1949
2815
3511
2451
229
3162
121
4226
1574
3327
771
1113
1507
1726
3816
1061
1748
4224
1367
927
1486
2584
2624
3339
3415
2248
2611
2484
101
1227
2535
3904
454
2259
1714
3041
1103
1928
3442
3994
361
2094
1568
1946
979
1831
2826
800
3094
3351
3906
793
2844
2098
1456
376
2163
1022
3978
1325
2338
4195
3579
1177
2116
2272
3738
3988
440
1664
3628
930
1056
1779
330
1722
1938
292
3778
999
2534
2405
1222
3363
3428
539
172
3955
2802
3067
785
747
1070
2622
3721
2725
1988
803
2133
2901
732
10
1810
331
3694
4281
2156
143
529
958
4155
4041
3847
1807
1893
2125
3884
866
1975
1384
2754
2362
746
1153
183
698
551
2731
3301
1125
1775
3669
1339
3026
1452
3232
1725
4150
4403
9
243
2213
1166
1963
4095
2292
4264
3765
3329
3823
3461
452
1349
2150
2310
900
2577
3631
3680
1156
3634
3543
3987
4294
3782
945
3575
3753
3445
3228
235
241
1398
1389
829
123
4283
275
3268
78
4210
182
180
2089
2189
948
4053
1941
1641
3997
1276
1621
902
1118
2336
1281
4122
3106
2194
944
663
4198
316
33
3316
3422
2615
13
1492
3529
462
3300
612
2403
1205
2927
2971
1571
1537
1914
1665
3610
1158
2557
27
1474
3993
579
609
3514
3143
245
2748
3660
1298
1319
3108
1057
461
819
2352
2885
636
2344
868
1352
4176
3647
4416
249
3698
673
130
4100
2926
3945
1925
4149
2302
1424
3118
2981
690
1403
1981
575
25
1960
652
3169
1314
3648
3441
4387
333
304
863
3560
507
3374
1303
2907
1233
2887
197
23
2496
1466
1425
1744
3975
624
2204
1145
4417
1990
1633
4069
2177
1906
4087
4258
406
3713
1684
2556
597
1228
3322
254
1676
2932
4137
2019
3117
3645
424
567
428
2649
1705
1495
4009
4037
2289
667
4290
2911
133
447
833
2181
2591
3651
2245
2659
1839
267
593
2657
327
152
3454
1966
3491
1006
955
3962
3023
1417
226
1570
3050
1704
1139
2583
2386
2385
880
165
269
3406
637
1683
4174
2772
2425
554
263
665
4352
1090
459
2002
1231
2267
3655
3589
3799
3621
3665
108
1730
3002
3636
3126
248
2698
4225
3395
3657
578
1936
4013
2683
443
628
3561
1526
2141
4375
2928
3030
3625
3144
3640
1828
1354
4274
3923
2184
4039
3554
49
968
3520
1573
1454
869
4297
371
1510
2852
524
96
4438
4054
2956
4319
1320
3149
4059
134
3833
2967
3219
3003
734
3937
2256
4212
1647
2294
3091
4356
2309
1720
3971
3107
1916
3808
4371
985
2175
3528
2869
2043
1579
1511
4273
2489
865
171
138
3868
1668
4214
285
4425
4134
296
1873
3800
2090
2639
2627
2668
4414
522
949
3043
1243
933
4215
2452
3683
159
1355
1698
297
3110
1671
2066
1918
2523
3926
3220
748
1596
1380
2658
264
3956
2105
1254
3179
1146
1860
701
1879
2095
308
3798
2917
839
1178
2552
3045
4383
982
2035
1895
3361
2460
1883
4391
1255
349
2438
3745
3103
2233
4322
1031
1168
224
1465
2413
2803
1597
2693
1333
971
3635
1588
3326
3352
3315
1375
897
1081
716
1587
1160
1104
356
1711
1326
2511
3515
2765
1112
619
1710
372
341
2509
3408
4429
2743
4433
2164
242
996
3121
2672
1359
4349
95
1672
2208
2064
993
1045
1082
3609
3553
3255
2618
1186
3710
2543
4023
2391
3535
1955
706
1060
3559
208
875
1735
3630
957
4217
859
890
2247
1697
519
295
3190
2326
693
2510
2801
1200
1438
1833
562
851
177
3711
3700
142
1535
4289
189
1369
2544
924
720
364
4386
2531
1174
90
2180
1666
2553
2592
2056
3227
3972
2384
3234
1052
2947
2223
261
1565
392
3787
2012
1288
678
1076
1718
2305
1691
1598
3052
4420
3973
2492
65
3450
2979
1965
2217
3444
1539
2963
1477
2031
2266
2298
3256
1038
2545
2488
2986
1855
2633
99
3995
2504
3736
2476
2929
1677
36
2159
2724
405
4428
2761
1755
2763
1778
179
3040
1797
915
1542
255
3662
805
1133
319
1246
4418
1439
3795
2625
644
2120
279
3114
2653
407
505
4074
2030
2648
1142
976
1225
1463
35
838
53
1861
19
2983
3297
1141
1921
2518
3952
3570
92
1324
2540
1063
2146
3618
3096
3034
4192
1115
813
2436
2191
384
618
2346
2394
3272
3414
40
3598
2769
4325
209
465
2631
1902
3714
2297
26
3262
3333
2471
2165
2162
3931
283
750
4340
1609
1832
1011
2269
1590
2905
4029
3565
4104
2750
2255
836
504
1599
3508
910
2136
2559
4158
2916
1109
321
892
2766
1632
1410
1789
1046
2843
1781
3751
3248
864
2055
2444
2364
84
4365
3253
2186
4077
1318
2050
3859
1876
683
885
298
3613
3913
4084
2307
757
3506
3197
4278
2596
2134
1791
4348
2458
4249
2590
1736
1972
2421
2860
1370
3080
141
2651
3128
3674
3650
60
1974
3405
1799
4096
4125
1418
2470
2211
3802
4187
3572
83
174
1051
1124
2564
4209
56
1595
3522
2679
2982
98
3338
3813
3066
1306
3853
3259
436
1475
4182
3192
730
256
4080
2065
3011
1074
109
3737
1952
2610
76
3240
16
1615
1035
1485
3747
2621
654
3646
691
2503
2284
2131
523
1259
3518
1529
4108
1263
1268
2791
3792
2634
3869
448
896
4008
3078
1117
4036
4177
1163
824
4179
3984
1651
68
3409
4369
3356
633
1336
1064
962
2728
4223
3620
2629
1580
2551
1444
1453
1740
1119
3496
100
1009
2941
3513
2513
450
3717
3985
2080
1626
3062
2475
2343
4272
4351
3437
1930
3633
2845
3418
1607
1213
3306
1270
2715
1054
2415
2203
301
3157
3562
1043
21
2222
2408
4061
936
3689
3908
3478
552
1646
2178
2708
2588
1377
3977
1179
1236
1025
213
3881
2853
3948
2119
2082
1379
710
3298
1204
3137
1827
3079
4113
2546
3837
664
2228
1484
2695
2745
780
2617
1663
2190
991
1608
1434
3964
1837
3755
1887
2723
2739
1148
3519
3028
1284
2244
2100
2183
2254
2646
3443
3801
4010
1224
2250
4190
2875
1012
2829
3921
2969
4126
1911
1922
4003
3865
3958
2851
1040
2757
1302
4396
2278
587
2770
3031
4402
3545
4213
3764
3048
2502
830
2734
3136
3164
3310
481
3138
3278
433
1017
1392
3773
867
653
1165
431
4066
4068
3250
2755
3290
4435
2003
3970
4082
2377
1803
2036
2481
2225
3451
1753
884
4105
1134
69
767
555
2736
3516
2158
1157
3344
3697
2893
4060
2205
324
104
2389
3139
1555
596
781
3768
118
2099
2863
1044
1880
4307
2538
3725
1391
3838
4334
2473
1790
2895
419
3828
1933
293
940
2696
1122
3460
753
488
3038
2825
3841
1713
1503
4361
3936
3295
3269
3173
825
2044
469
1414
3438
4335
3885
3928
4362
2187
4193
3468
1838
1256
696
646
2048
2944
191
350
4094
4227
2566
1767
3022
1015
3842
1561
1402
3368
520
1678
2957
3457
3639
3555
2282
3354
2954
3857
2262
4138
1817
718
700
1987
814
1373
2366
2924
3897
2896
3524
674
52
1796
1957
340
2371
201
1494
1419
3705
2291
2920
4162
1429
1808
797
2661
986
2353
2472
4021
542
1986
2237
3280
961
858
3151
