974
75
911
3920
1624
3424
415
3396
1984
2286
3029
3006
4303
3057
1220
3155
3817
3060
2710
684
1766
3440
4199
434
286
3181
1092
2712
573
230
1096
2846
2976
3133
1479
3789
2431
1894
444
4401
631
2785
1591
2871
4394
2795
3752
2144
3533
772
119
3688
2536
1445
3304
975
2939
4288
2881
3983
4232
1267
873
907
1441
2558
2434
1143
4398
1616
146
3876
4208
2822
2447
2894
1846
4169
3119
2817
1490
3898
2793
3827
2786
215
550
4131
4304
4118
512
45
3335
872
994
882
672
2062
1513
3016
4141
3353
2206
3273
3318
2308
3299
125
779
2013
2984
3046
1629
3161
1758
2052
4163
1971
3899
31
2759
4374
1147
4005
4211
1841
2568
3661
1499
2572
2275
3584
725
1317
1217
2210
1751
4140
3124
1020
300
521
4133
135
1241
3399
3334
2446
3762
1195
2166
1824
1658
1170
2867
3794
2485
366
4336
2128
1176
2427
3472
2363
3685
3943
3681
669
4242
32
2948
4048
1675
2578
344
289
765
4384
685
2039
290
1699
382
1872
3854
989
2999
2537
3331
1995
1578
2281
3632
3692
3606
2688
3189
3954
2733
802
2930
4164
1087
854
2876
1337
3088
1716
925
3889
643
3390
2818
980
983
1293
164
3482
2854
148
1014
2026
4194
2373
3834
543
1869
1787
2487
3761
1073
2959
2721
1368
740
81
4293
4441
3932
1835
3845
1289
561
253
600
3619
2645
1572
3342
754
4230
14
3740
1085
3699
4360
1528
3582
2000
2028
3279
2859
393
1994
844
3810
707
2965
2820
1440
3252
1482
847
2856
2359
739
1397
1999
2775
879
3531
2126
2958
2961
1123
548
2239
3891
120
953
1331
1706
4353
2779
2402
2111
3116
1132
3392
2767
1066
558
1396
4324
2580
2331
1679
2674
312
1491
3068
1762
2835
3718
2383
2443
2990
1480
3434
2495
1203
3452
714
4268
2908
2400
2124
3558
1473
1915
1923
4315
969
2671
3488
4073
3171
728
726
3277
1681
1098
2108
532
1029
192
3237
3805
2076
3893
3109
3186
250
3596
3193
127
3775
239
3385
2229
1904
1845
1351
2567
751
3585
4062
1105
745
1734
1095
3576
3214
1733
1362
380
1682
2738
960
234
2155
1026
1567
1332
1196
1400
1232
752
1522
2435
2231
2828
2147
1028
934
4405
2459
3163
3470
1512
2367
2279
2086
3084
1307
3986
2706
144
1277
912
3643
2678
677
4350
937
3267
4148
88
1464
4071
1294
2321
3687
157
3379
3276
3644
46
113
1159
77
4091
951
1272
3673
2390
3402
3702
2722
4135
4252
2040
3947
894
4277
1660
2707
2778
4191
2891
1556
2879
1000
1405
3314
3942
3602
1550
1356
2906
2936
3599
1478
3348
662
660
4269
946
3423
1830
247
826
2732
385
1
3009
715
1172
4098
4058
1483
2014
2570
540
3455
2283
2224
2130
4034
1847
2465
1910
244
1390
106
1030
1877
899
3658
640
1347
1322
3312
2839
2497
2666
1261
4024
1982
1777
309
508
2249
3595
3788
2549
3684
4189
486
557
3196
116
1005
477
1515
3145
2381
2690
2419
2054
1111
1652
2897
1715
4407
335
3930
1703
623
3820
699
3303
1559
3421
154
3391
3652
4310
3014
2960
2641
1235
4099
3377
736
4093
184
4291
1727
34
2730
3407
3308
1600
3449
1193
1937
368
4154
3571
3112
1551
1251
158
2137
4020
12
3371
2396
1983
2574
3480
3856
3998
2474
3709
4004
1768
3617
973
1404
3791
2319
1476
3963
276
3373
742
2107
3829
3292
3076
417
336
651
2004
210
2758
1245
4437
1692
1136
2236
1448
916
1667
1540
3466
1654
2009
3666
1784
4329
4000
4107
547
1209
363
3504
2277
64
3431
4221
2240
2910
3275
1745
2866
1215
3712
4173
3208
4421
1229
582
1226
1489
1387
2440
338
388
2665
828
3202
2313
1939
3695
2025
1151
3184
3123
510
4436
3343
3403
3541
4143
1207
2428
398
198
1437
38
3020
1882
246
3873
2692
2650
2337
849
950
4422
3235
1164
3539
2148
1016
4241
2498
3245
3059
227
2198
3772
272
1353
3590
605
2938
3178
2022
3750
1788
2565
3129
3487
467
1126
2093
3473
3281
1366
2059
2768
3536
4263
4299
1206
4317
343
2404
236
1642
1581
374
3257
3372
1989
588
3967
727
1577
150
147
4250
3653
402
3766
1343
437
942
4313
3004
2067
4200
409
4139
3236
1361
129
4309
2091
357
811
3806
2571
3035
1211
3919
2995
435
3156
1998
1655
2508
2102
282
3469
2325
196
1536
3056
2382
1357
2886
4014
2709
3843
1295
928
563
1793
3872
3493
1689
1806
1273
1282
2104
920
2168
3393
783
3174
4301
2197
1278
2586
4017
2890
3594
2051
3512
2737
841
4300
3251
2855
3727
4240
288
2387
347
2215
3731
4168
1759
299
2878
918
4415
2994
3668
4120
4338
3882
2773
845
4284
1457
887
3477
1308
1039
2691
4388
2797
816
3996
1821
1686
2420
471
386
777
1769
1257
4157
1262
3530
3510
4245
2024
2643
329
1360
1520
2032
3328
4237
8
2673
484
2880
3922
3081
3420
2334
441
1849
4251
755
339
1549
735
2705
1617
2806
4312
377
1898
4363
470
3382
280
704
2016
2220
2515
1310
2226
1500
1852
3867
2311
591
322
2372
2962
657
3047
2900
4427
686
2455
2317
3642
2121
2529
237
893
318
1917
2813
2522
3283
2589
1752
4065
3017
3607
1888
2145
315
1053
2348
2221
589
1613
1383
2042
3612
2467
2192
2493
3270
1657
3730
1875
722
401
2160
3387
4320
4207
1940
2677
489
2701
3969
485
3485
2388
744
1078
2623
3682
2744
2068
85
738
2762
2519
2547
778
3226
3369
1644
3148
4067
846
1525
1834
411
4033
4275
1976
2742
149
4434
4114
2520
1290
214
3568
822
2045
475
2784
3870
2542
2454
3474
3012
3061
1604
798
3567
3760
2293
1192
1804
506
2357
1843
3
3591
3540
627
4270
2581
2253
1432
3601
1635
855
941
702
1826
265
1363
758
1909
4218
1447
4357
2934
4341
1601
1311
2216
2746
460
400
1275
565
4086
3916
3880
131
483
3604
2303
4056
967
1365
4085
4089
2418
314
1811
262
2477
2807
1327
1433
3111
3935
4367
1033
325
2760
835
2393
3188
2201
2598
1840
4285
91
2132
3217
4128
3130
1451
3785
1958
1884
760
2273
1903
3637
1749
3608
3221
4117
2464
3940
970
1199
2776
1954
458
2931
4292
583
3748
2604
1010
442
2354
2449
1450
354
580
205
2798
1770
2913
1189
2539
679
913
1469
2301
908
1889
2970
503
3675
1926
694
1399
1973
4001
2841
1094
2114
395
3864
3550
2188
2777
1606
1093
3083
566
1422
1878
763
1504
2161
1435
1467
4110
2935
3355
4368
1415
883
2360
2480
658
2726
4404
2246
2620
1850
943
2771
671
3704
2015
3909
3054
4078
2654
1951
1776
4424
310
3102
1409
3345
3175
1754
3693
3546
2526
1250
4259
1602
2614
3557
1461
421
2288
3419
2637
2439
939
556
2423
1945
4129
4197
1252
115
3165
2182
1001
3957
87
2140
3200
4127
4006
238
2530
2933
4123
2312
1458
2227
1934
1809
168
390
3871
2718
1049
1948
2626
2942
497
1802
4370
2063
2143
3376
4156
1695
2209
794
1144
3629
1436
692
2479
670
759
535
1885
3776
1800
3839
2323
1659
629
1428
270
3495
1150
4337
3968
832
1530
1394
1548
3701
4196
199
4444
3796
954
3573
3749
1864
3548
708
2392
251
2202
1967
3294
642
1013
2005
3359
3734
3242
990
2274
156
3305
4076
2676
3494
1870
1956
2079
3075
1900
2923
1374
3678
3410
2034
965
3982
1631
1696
3497
1299
3667
898
2541
2401
4019
1034
1538
4222
4147
935
468
3900
1650
4431
3862
63
1487
3211
3552
2397
1582
2937
3436
2882
3690
2865
2912
1992
3194
1238
3691
1970
480
311
2512
3961
449
1566
334
3696
3498
273
2001
3223
3140
1637
2827
1385
3807
3086
4063
4331
1546
3723
1772
2006
3991
1171
2647
2316
888
381
1260
74
1037
3875
938
1816
2265
1541
271
1062
681
1065
3286
1773
4165
3464
2261
3676
1848
4423
2011
3479
496
3425
2123
3586
2783
1594
4354
71
2601
3686
1558
799
1002
4382
4346
3058
4075
2663
2675
764
202
47
3260
439
2327
1283
3830
379
404
810
3231
703
303
1212
1048
1427
796
294
3481
4206
3049
1760
291
1248
3581
1382
1593
170
3177
905
1210
1920
1335
2874
2697
3367
4364
3979
4393
1106
2587
3574
1301
3309
2369
1309
3538
3204
1643
502
526
712
2429
3569
4088
3172
4314
4390
1471
1586
3499
599
2268
516
3938
729
1185
342
3733
536
1323
2819
1819
2922
2862
2335
1750
1688
737
2735
2038
1782
1547
527
2656
1771
1531
4183
233
538
3929
4153
2850
4412
1152
1221
3168
3222
530
4265
4376
1208
666
41
1069
1825
2989
553
4231
1460
1589
430
3072
3912
1786
482
3383
66
1493
3826
889
895
1728
3131
3170
3324
675
1523
491
581
4202
82
4119
2811
2968
3285
3793
3085
904
2521
2847
2078
1190
995
959
140
3230
4180
3527
1724
2560
4079
2800
2952
3432
2264
3526
94
2667
186
2088
3064
3453
914
501
58
594
3362
2600
1077
2997
1996
2442
947
1140
3032
749
2711
603
136
626
862
1247
2719
1509
2466
3726
4286
3249
2950
1188
176
3381
1237
2774
1097
2727
3863
4326
719
3849
768
362
687
774
2318
498
3960
348
1388
1719
4181
2081
2113
3603
2810
2782
207
1175
153
2441
4342
2271
1328
2461
1901
3311
784
2978
1645
3934
4018
823
2075
1018
1107
3098
3803
655
4040
1907
1488
2940
3742
4243
3340
3358
3216
2411
472
2593
4257
1867
3413
3323
2830
1421
3266
284
2077
252
2349
1265
1812
923
42
4359
1605
2608
3073
396
455
3319
2199
2167
2595
661
2462
711
1627
222
1401
4442
1032
3429
2870
3534
3729
2127
18
3887
3597
4271
1979
1780
1842
2290
3774
2238
54
984
3624
2445
3055
1129
881
3191
775
3152
495
1670
4161
807
2902
2176
569
1560
3641
4136
70
2619
3719
3836
4030
2642
1563
1685
2689
2358
3384
2196
2872
4188
2347
1497
3739
1564
3325
1075
2376
2041
124
1761
878
2823
622
668
621
2636
2517
3089
4132
1612
2788
870
1947
2468
3233
3416
408
1280
1446
528
648
2110
2792
203
3622
2355
2073
1430
2173
122
1297
1709
3626
4239
617
1639
413
773
3901
3198
2117
3258
3770
3663
2399
4055
1863
277
782
1083
568
2280
451
3914
2083
278
4248
3187
2686
2833
766
2524
456
1630
931
3811
2500
1201
4046
1131
571
3349
2109
649
659
2295
2097
80
2505
2996
788
2998
3037
723
2300
4298
541
3008
438
4344
3824
3980
1924
1890
3398
929
4045
3302
1927
3212
4121
2103
3804
601
3243
4167
4047
641
2302
2072
3113
3201
2125
4044
1125
3438
968
95
2801
1961
976
4283
3463
2972
2564
2724
1649
1678
515
2510
1710
2255
352
4043
1017
2523
1656
4158
1756
2163
3288
952
3543
517
2095
155
2272
2425
3640
4425
4274
1874
869
1831
493
3125
3022
4134
132
1704
1349
1384
3630
2538
4059
152
1465
3213
1236
3703
3287
776
7
2243
84
2269
2603
3313
2391
1916
2925
217
1027
2262
3508
713
1009
1618
52
3705
562
930
232
2019
3669
1810
2141
1052
2653
2228
817
112
2153
1764
2122
1345
2285
2044
3503
110
3350
2639
4262
2615
163
4029
4122
298
567
1419
10
3888
3445
1227
4379
2134
3107
4032
364
1333
2780
4195
756
1249
4108
1019
134
98
2150
1507
4212
977
2499
2973
4205
4397
3295
2136
1828
4198
249
1418
3654
2516
1378
4175
3553
3838
3511
1532
2693
3923
3330
2259
2491
1861
4227
2868
1326
72
37
4272
2796
3268
1391
1035
2657
2756
1321
2444
175
1484
2648
3368
3351
457
2470
2694
43
525
3944
2322
204
3857
2781
1076
4082
4192
2680
2332
4340
1628
1883
998
564
3840
781
2007
3143
2061
2963
22
1868
1705
1608
197
56
1082
695
3219
3077
2660
544
4028
3147
4343
3138
3800
3575
3229
3911
1007
50
1518
1179
507
4072
836
96
4254
2050
2534
461
235
488
3146
4416
61
4080
49
2225
1736
2194
166
3087
1165
3532
4186
4335
178
1571
4104
189
4396
863
2804
926
387
169
2214
397
837
602
3361
2260
1270
1829
1963
545
1086
1607
529
2556
933
1389
607
4217
1997
1683
361
1632
609
767
2616
3609
2943
1472
985
2080
1167
3906
92
1603
3005
462
287
4215
1142
308
3034
3052
4223
4038
1006
212
4096
4365
433
3326
2941
3159
1160
1886
1233
2672
1561
2765
448
4190
1369
2755
4016
3751
698
4328
3962
575
3656
3892
4247
2233
533
3290
1315
1827
27
4430
2385
1856
2545
2413
3847
3908
1050
11
2845
4210
616
3895
3300
2139
3846
1157
857
1182
3883
1931
3228
2826
1285
426
955
3768
4297
2278
3041
26
886
4362
326
2164
4066
208
3354
2066
2750
1429
2652
1298
1993
2853
4435
2588
4371
229
3988
3465
1148
3848
1359
3781
3777
2618
225
851
2481
3897
1839
3491
1024
1854
2915
2414
2525
4233
1420
3050
2832
459
2596
1081
1288
3874
3555
1722
4171
2979
327
667
922
3489
3665
996
133
3680
3291
1935
2812
3860
1911
2584
3306
4009
2379
3405
3444
3754
706
3865
4302
2864
453
1025
1459
1677
1287
1439
1494
1684
748
1022
4280
1398
302
2905
3579
224
3812
4400
1118
2254
3516
2266
2346
2146
2003
376
2772
1486
1071
1056
1741
316
2218
3097
1599
4090
4077
2191
1434
4178
724
3559
1952
2203
2112
2407
1163
1348
3765
3605
2329
2185
3454
3090
1040
2513
2609
3496
191
1946
4322
1154
1228
2655
3118
720
746
1676
1573
2395
4321
2408
3787
3828
1367
1647
1980
4316
1862
3356
2649
2802
3259
689
2452
2099
3082
3869
83
121
2611
3176
1079
3149
29
2974
3627
3933
678
1197
3646
999
194
3570
2661
2569
2956
1316
3520
1453
2205
3253
1162
3832
3635
2887
3735
3080
2546
2953
1425
3634
1611
940
1698
2179
628
1146
3074
1914
3802
1408
476
372
2106
1466
1304
519
1246
1166
1805
833
2448
2751
3621
1922
2728
35
1537
1621
2896
1936
1775
2071
3514
3878
2074
3746
3885
618
1757
4307
2559
4419
3483
1178
3647
0
2696
966
2592
297
3412
447
332
1263
743
978
3246
2613
3866
384
2195
2610
3271
418
1344
4420
1063
3976
2561
2364
1012
481
1336
1526
4138
1609
1462
733
2020
2092
2825
3278
2743
1626
2540
3890
3486
892
345
3179
1555
378
3227
1120
2734
1377
3790
1064
3773
4256
2543
3169
25
2056
79
1896
200
3544
3435
3708
3475
1070
637
2089
1375
2156
1306
1666
3747
5
3010
1411
3013
2769
1274
1807
885
3321
2012
2037
3931
1957
2511
3841
717
1700
1579
1718
464
1240
243
36
957
993
4375
3025
1158
3566
1988
4042
1853
612
1902
3545
644
3450
1871
2579
1502
108
3067
1943
1319
747
549
4060
4414
3254
4349
2869
3881
3457
1372
3461
2532
688
1413
3868
1041
596
4193
1036
2353
3051
4053
3655
1271
1580
1873
2873
1713
4392
2046
1814
4095
3395
3995
2552
371
830
1905
3636
2708
919
3975
258
3808
1506
9
2476
2023
3467
173
4051
3126
3529
3476
3261
2553
932
2287
4279
3505
1737
1545
2624
3633
716
1370
2699
808
1610
3036
1341
4103
3989
1495
369
624
410
3315
3451
1139
4102
436
956
3844
4130
3244
2490
2884
4142
875
1640
3401
1753
542
1161
440
3927
3093
2566
3422
3173
2903
2336
3997
3657
1820
3446
1510
3992
1879
182
3030
4025
1463
1379
28
910
2729
1346
4010
4184
1755
3095
1918
340
111
3755
3588
1928
1574
654
1625
3852
2852
3987
2352
734
757
524
3542
3316
2858
2535
814
3248
1641
3628
3949
2284
3757
1941
3329
992
2590
101
3042
296
4057
1969
890
1646
2981
3039
1747
3502
1955
3150
611
3694
3964
979
2394
1402
1084
2310
2343
161
3028
2851
399
4273
2761
3563
3978
1485
424
3386
4012
1242
3518
3950
3144
850
2190
2944
790
789
2018
647
76
2116
2527
1414
2964
4246
4220
2954
2573
876
1068
349
3199
1726
1352
2055
2909
293
3689
3400
800
3918
2412
109
1691
4213
3795
3142
3031
4408
2065
2489
412
1244
55
3038
375
3717
2917
3092
1892
3108
690
650
4428
2377
1444
523
2183
1279
1116
4438
2507
1392
1101
1266
1665
2889
793
572
2200
3492
4443
1803
1575
2904
97
3580
1857
2433
859
3600
4356
4002
1598
2297
3698
1239
165
3409
1124
1858
3737
1168
285
2115
3079
3561
1590
333
4348
3913
2133
2924
3519
2131
1115
3339
3394
1539
4068
1798
2531
1925
3065
2544
2916
2631
3509
3063
324
4031
255
964
3210
2836
4294
392
981
3972
3639
1697
1393
2557
446
853
633
3822
160
3981
242
2503
3623
762
3562
2745
656
4290
3915
3674
780
4361
986
3782
2957
2967
598
4339
2305
263
2175
2436
991
2679
1576
3894
2193
2120
1313
1668
3593
269
4008
3948
3411
2644
2640
17
555
3513
1046
3904
2875
2309
1880
2509
3427
1817
48
3232
592
3250
2932
389
3106
2808
1424
1562
3101
3525
2237
821
3714
3011
1693
2606
4352
1527
1544
3128
962
1452
1051
1866
3598
4385
4039
3043
4334
2304
3994
1568
2911
3721
1505
3185
2582
1474
179
3837
3799
3160
3650
2267
1949
2975
1587
2416
1790
1281
4037
2815
3831
1225
1906
3418
1833
1796
819
1965
613
1324
1043
427
1334
2257
3167
4411
2723
4366
578
2920
2437
1061
1542
1785
2070
880
1565
1543
3763
2289
3753
511
3759
2927
1055
3973
3833
673
1893
492
2506
2118
2713
4276
57
4225
858
3460
2171
3645
982
1813
365
522
3115
452
2170
2247
3651
4229
3346
443
1305
3272
330
1268
2717
1860
2338
331
370
1102
1110
1340
646
1701
1059
1743
3939
2002
3515
827
4201
4105
1204
897
487
3716
1314
2986
4149
3771
3045
696
1202
2017
104
4061
4069
1585
4395
1859
1410
797
1592
3197
1808
4182
3728
3522
1045
2669
1529
1173
2599
3490
2222
1981
2031
228
3103
3955
4106
69
1121
3941
812
3700
2991
2426
3853
4036
2362
275
2518
3956
226
2366
4319
4351
2634
700
3062
3023
839
1119
1783
4281
1258
4209
1986
2617
292
4097
3265
1133
1054
3162
3587
479
2605
2809
1224
3745
1932
1454
2048
2451
4224
2700
1622
3000
1218
6
3993
606
4185
337
1112
3958
3040
4003
554
3078
1113
320
1503
806
2528
1468
3720
3664
4429
60
2504
3535
3937
1570
1492
2754
3417
2344
1663
3282
4318
406
2421
241
3625
1067
3322
961
4126
829
3616
3990
3284
2458
2980
3001
3851
4204
3135
2752
2345
268
1354
1403
3437
1661
3094
2895
4144
805
267
2100
3357
1930
1169
896
3007
3096
2698
3255
2256
2475
2090
1767
213
825
4094
4112
2646
2747
248
2929
3110
4092
1730
4325
619
3905
1779
3262
753
3618
3307
3970
1254
1015
518
1417
3741
463
3648
4417
3018
2186
3589
2947
2178
2622
1711
3610
2716
771
2983
281
328
2955
865
3263
1748
1975
494
3364
4264
2885
3269
1664
1897
3190
2105
1725
490
1023
2681
2502
4261
1443
1815
595
4087
1799
1230
2375
2514
534
2473
16
4177
4054
2791
3556
145
1255
945
3501
1778
2577
1181
1141
2299
4041
2971
1596
2082
346
114
3164
4109
3192
972
3672
4253
1823
2627
593
2235
3662
785
2307
2438
3027
3814
3713
1091
65
3715
958
4137
102
1044
1990
1074
3442
2736
2043
2740
3151
3406
2142
142
3660
1259
2977
3631
664
99
4160
3877
1456
2187
3764
2058
552
1669
20
520
2816
73
4155
341
3925
1117
1966
1376
1038
78
256
3921
4445
3310
1912
2415
3333
1104
3153
279
3945
1186
1475
3926
3327
2350
3506
3256
697
577
795
1090
3738
2422
4332
2766
4235
3649
1781
414
3732
2296
2053
1738
3141
180
4399
2849
4150
1742
3298
1597
3711
403
2901
1149
3792
4413
4116
128
118
3710
4013
2472
3884
3048
3521
1712
2162
425
2165
4021
4228
1269
3158
3565
454
130
3592
1072
574
597
3697
2430
1797
2306
2764
3547
177
4083
3338
1837
1595
1114
103
2857
33
2158
3117
3289
652
2027
1588
3924
171
1919
319
407
1620
1222
3344
2159
903
3551
3823
469
2242
2763
663
2821
504
304
2892
924
2021
3577
1938
2748
2184
3066
1130
1789
405
1099
2213
539
3879
838
3554
2370
4152
2987
3127
680
1987
2670
1535
3478
2576
2683
3778
295
1818
3209
1974
2291
1521
3137
803
604
3725
4387
2230
141
1832
2907
1648
3783
2389
3507
3019
3157
560
1836
3239
2035
2993
3638
231
117
1194
1184
221
1553
183
100
3560
2633
1153
1962
691
1057
2790
949
3347
3813
19
653
1899
2814
4380
693
2177
3456
187
731
843
350
3736
917
3026
2757
3798
1380
2838
3815
1732
195
3953
2250
665
2492
610
2217
2555
3468
1155
1633
