2317
471
1689
3241
2325
2676
845
1096
1350
629
2572
2388
4382
1388
3100
1530
605
2602
1458
4101
2768
2759
3752
942
1002
2281
2315
642
898
1105
3487
2542
4251
358
3187
2207
3075
1617
3903
2589
24
1003
2042
262
3688
2279
2886
2402
456
2447
848
1594
2378
3594
2229
3957
3398
3479
1650
1001
2562
1066
3303
1021
1844
3704
950
129
393
4239
2005
3806
2251
1557
627
783
2855
881
2961
2933
3691
920
3196
3249
4259
339
1971
1261
1729
1787
343
2650
1913
3590
3789
347
3109
3459
1199
4
41
4163
670
558
3258
482
1643
3434
2782
623
3184
2835
67
439
3929
2387
3599
3207
3372
2224
2130
801
521
3632
3473
3014
4064
953
2147
3068
4394
4406
3312
3276
3533
485
3485
1716
3032
2529
3845
2301
874
807
3309
755
3123
588
1944
2795
2848
1406
2521
2083
1519
45
2143
2231
381
2558
2773
3684
1559
1037
3073
2404
4189
3499
4284
1612
257
3470
1338
3601
1291
1602
3140
1605
684
4199
2732
4423
3420
4088
3308
1172
496
2818
887
1188
714
3223
4107
3748
1586
796
794
2423
4040
2958
873
4378
3825
2867
3105
2199
3358
2155
4128
3796
2434
4405
2742
3369
761
475
1589
3523
1564
620
3283
3960
580
291
617
1441
1317
1777
1189
3111
2978
2647
3539
2524
1470
1361
828
3912
94
3849
2806
3183
233
2073
3236
779
809
4070
849
847
1652
2474
3214
2785
4221
1136
3854
2478
1029
3550
1788
1343
3898
3172
1631
634
3319
1673
3820
1092
1882
911
3311
1522
1994
1760
2948
1209
1685
3458
237
1768
3495
3855
786
1546
532
4432
2382
2999
3155
2355
3803
2265
3967
3536
2997
2580
3083
4035
1670
970
2688
1290
694
4270
3343
4151
3270
3
2300
2431
438
2936
2010
4034
725
1679
3538
3208
3730
144
2497
1251
4309
1635
1531
3824
2996
2703
3071
3119
3557
2938
2554
1383
4299
1759
1446
4180
3652
4370
566
2719
335
2028
4315
840
3245
1241
1416
468
4046
223
122
2632
1642
290
2084
147
3629
1766
3154
2087
1773
3194
1013
722
312
1401
198
4086
3893
1624
921
3573
2026
2313
1089
31
3122
983
2114
2427
3760
3817
3180
1976
2939
477
2862
497
2045
2349
3053
4075
2419
2111
3238
472
872
2107
82
1407
2196
3876
3675
2776
3835
3193
4135
3331
862
4165
3597
106
638
500
2264
1951
1143
2334
1754
4337
3695
2671
3230
3772
1
300
2645
4410
1195
526
3517
1421
1721
531
556
3739
4373
3252
3762
2335
600
3226
2418
778
3758
2149
1992
4269
2236
3224
3021
3049
1811
2585
3749
3932
4250
2879
3069
1540
2798
338
421
215
3979
2321
1159
1128
4148
3696
2215
3584
835
4271
889
1435
2709
3641
3332
1763
4364
563
3558
2312
4196
107
3784
184
2091
1982
1872
502
3371
784
3413
645
2701
951
3776
4191
2850
1234
3742
2462
91
2161
1945
2311
1026
712
1221
4000
662
135
2126
2160
2570
3340
3546
2914
4050
2952
1549
773
2710
348
4154
2293
3920
2271
3709
1190
3293
1550
1215
841
3946
240
1404
3686
1520
752
2586
1442
2871
4288
59
2667
1690
4357
2601
1667
4384
676
3431
3453
3200
1659
1908
318
2363
3805
2656
434
2459
501
206
893
4120
1889
640
2828
3447
2692
3740
390
2520
2253
1845
74
366
2822
3731
686
2093
311
1448
2286
3500
987
4296
3384
649
1653
2604
4045
768
1786
3235
2777
3910
278
1554
4168
3991
1792
2337
1095
589
2771
3429
1556
3130
2398
4441
856
2878
2517
86
1440
1299
2935
1311
1473
2704
2067
2854
3204
3582
2000
2637
2212
42
1850
4222
3526
1478
3887
379
3396
1351
458
62
2912
1973
3419
3152
1272
449
749
2047
3687
590
3375
193
582
2678
2439
400
939
1016
798
3821
2025
2597
2188
3596
703
1751
408
1688
3693
4234
2600
196
2330
715
4206
1904
3376
2500
2038
4372
4265
573
2641
561
3156
741
1085
1606
1252
3624
736
3345
3585
2368
3182
3198
675
1034
2675
1970
1984
2874
568
2328
3102
395
2068
3780
548
2539
1098
1069
888
1926
219
2817
3436
396
614
3607
2663
4367
1267
2894
2464
1890
2197
2626
222
2088
2283
2359
3089
4119
541
3318
1144
3968
1499
4129
1784
2303
3035
625
2397
514
1707
2522
1005
2062
4005
409
891
4202
3723
1235
1282
4017
1708
4085
2077
3690
594
852
844
1660
4313
3891
2206
473
4156
3701
2636
1909
88
402
543
1696
799
540
2593
3377
1623
1715
3323
4312
2898
4329
4079
1613
2876
4444
4293
1292
1094
3718
621
3938
3766
2623
1039
3029
2482
631
1183
2261
2937
2741
1770
3643
2057
1630
1843
2959
3794
313
3416
2060
2900
3591
4363
4166
1875
3088
2630
2682
4257
2913
2400
2530
374
4342
115
1551
3072
3856
210
3788
1548
2357
4117
2169
1731
975
3166
2176
816
1703
1884
251
1396
547
3304
2268
2039
306
704
744
1658
1516
498
2445
202
432
1528
4161
4026
1405
2454
3954
997
2508
2923
2209
1366
1979
2483
3006
1257
4353
260
1214
1581
1342
3606
1846
4123
2249
692
63
2014
4020
170
659
3455
156
3044
766
2549
3682
2705
2846
3549
2735
3875
4317
310
1816
1332
4024
1280
3047
2381
3569
3421
3637
2819
3626
385
2727
1294
1422
3818
1278
846
3775
3612
1709
2135
1538
1745
3576
1310
3602
2587
368
3403
2319
1010
1430
334
4404
2132
3064
1934
1471
309
2779
3873
3251
2722
871
1870
2168
441
137
4344
1749
4314
126
2348
938
1794
276
3959
1489
4359
442
1018
250
2318
2811
3407
2882
357
3112
75
2324
1958
2711
253
1627
4052
4286
3540
2461
2109
3658
3381
2011
763
2479
855
2104
342
4241
4089
4333
1525
2788
1842
2760
1483
495
205
273
1479
2881
1863
2340
1427
925
622
1819
4242
4346
2465
1563
1848
3761
1881
1802
586
1954
904
3231
3299
4436
883
3541
2608
3497
2571
2856
1394
3378
2685
3934
2192
388
826
4131
3275
2792
3830
2446
207
2383
3385
2167
1480
3393
3012
1362
1080
1307
2210
2441
3317
1322
1129
3171
4073
2354
774
535
984
411
1437
1482
3217
2691
2467
3916
1534
1301
2198
2824
1614
4263
1956
2016
2918
2990
2951
124
2872
2239
1739
916
435
3267
2024
894
168
615
1825
899
3886
4014
317
1381
270
1491
2859
3750
3870
672
4230
322
4358
1834
3336
3659
3922
3057
3734
3279
1800
3567
4389
176
4267
2989
3668
3205
2501
2450
3392
601
3389
2123
3863
2612
203
935
1397
4350
1761
4287
1940
585
2762
528
2140
660
2833
2453
765
1619
1457
739
4194
4398
2595
1247
284
153
437
3131
1793
4345
1924
3963
2998
2182
3165
1126
1382
1864
2810
3965
2910
140
2029
2358
489
131
738
2339
1385
1490
2086
969
3974
1500
2930
3850
1582
3896
4291
3008
3999
150
3439
2515
657
2783
3195
3292
737
2965
641
3882
2054
3692
2674
4056
4424
380
2063
3086
1028
120
1515
2485
2173
1147
3614
3477
3862
146
1232
4388
4169
1645
1363
4301
1508
234
2401
158
2232
1991
1140
2842
4153
3257
2908
3679
1048
527
3889
1680
878
1171
3527
3174
1824
247
2295
901
2775
3004
4076
2392
581
2738
1600
3070
967
918
1752
4390
3225
2940
3054
3399
1572
679
1358
167
1950
2137
89
1765
4078
2102
4292
2078
4336
1203
2113
3410
3294
3215
417
1524
2380
4331
4203
3188
3145
3488
3464
1809
2202
1695
1513
3914
2495
445
2786
3424
4058
3733
4140
2108
3404
2009
1111
4055
3980
895
1004
1999
2280
1356
3930
1536
2823
181
4377
2575
1193
3969
1577
2767
81
4282
3370
1578
1461
2897
3084
2861
2962
3810
860
1998
2216
782
4183
791
2620
1237
742
1467
1898
1075
1681
1746
603
3834
1323
1591
2220
220
4093
823
336
1776
38
3685
51
1432
3334
3727
538
3202
2614
770
516
3221
1769
3178
3425
1801
1431
2992
2686
2154
3510
3702
8
305
1201
3909
238
648
1428
3807
2784
1083
1464
1152
2877
3548
2968
608
4401
3305
1293
1560
3622
1033
1187
4426
3037
729
1840
3943
1250
1107
537
1953
1989
3667
136
3055
1717
351
1450
2774
1208
2442
2598
288
4197
4091
1357
735
1176
905
4275
3116
3355
943
3724
510
3719
2797
289
46
486
329
3726
2841
2635
3059
3493
2238
4211
3809
236
4004
3161
3218
3211
3504
4110
3085
576
2166
3942
2526
1309
4427
726
2396
2051
4062
4240
32
1277
430
4173
1368
2480
4434
2891
1762
2568
3402
1449
4304
398
4407
882
1447
3033
4244
423
3663
1295
2052
4200
3061
810
2117
4252
1750
946
272
1132
994
2246
2145
162
2665
1804
2288
1977
1210
3604
3148
3242
3482
960
1426
2151
1915
3469
1533
2547
2440
2677
1675
460
2121
787
3237
1331
553
3901
1127
363
2316
546
721
4440
1865
4030
2466
1196
989
3020
832
455
3203
651
3617
3181
2607
1093
728
344
4305
2006
4421
1312
1702
3961
1365
661
3286
1273
3774
1206
3060
4248
4298
854
702
550
64
4188
3379
2778
980
1400
2890
1937
1728
3619
1637
125
708
2110
1780
386
4320
1920
1869
157
3397
3661
2906
3907
1219
3603
4300
1014
2270
3243
127
959
1078
941
681
1436
4118
3362
2152
3466
2737
3342
2144
3653
4381
3058
1283
1451
3302
1852
4374
44
1151
2314
4006
3574
565
3530
2883
2950
3076
218
4208
252
4376
1877
1601
2369
1782
2643
1567
2456
1706
2800
879
682
3512
1137
1387
822
3233
3811
1812
2127
2789
1917
1455
3998
199
2619
4303
913
1923
2455
2799
3996
1772
2578
3767
3314
4136
4412
3277
699
265
2424
2830
3266
655
3046
3177
3281
2689
4157
164
362
1335
2807
1967
745
4098
3387
3472
1131
4047
1593
2820
3134
2565
707
3839
711
3935
3017
2931
4132
3383
4001
314
1733
2097
3212
1164
1020
214
4219
1727
30
2519
1493
1150
1207
2654
570
71
2360
4019
2834
3247
1053
2642
2666
1062
3677
3919
1275
1686
508
668
3360
1894
1097
909
3163
1412
3449
1826
246
2813
4170
3382
4143
931
4141
3793
1654
4327
3983
1692
1395
3484
12
1547
3676
2015
3681
2327
401
2512
3391
415
908
3785
2793
937
1552
466
2420
1289
3359
2034
4067
4115
1073
1907
4018
148
244
3791
2594
77
4285
54
4181
3986
963
1566
1087
2351
2393
3867
1308
2730
4308
4442
1226
923
1135
216
4422
1386
3644
3081
2428
671
3168
1229
3611
303
4368
1795
58
990
719
2273
355
4099
1983
1948
2103
764
3864
1211
2079
3586
2837
3367
404
4238
1248
928
3481
2536
2148
354
1835
4354
2274
1316
1535
3814
2225
3743
3197
1372
2170
474
3239
6
2112
4029
1730
1011
2892
718
392
2061
2048
710
3065
830
1119
319
1023
2353
1456
2988
2095
2305
762
4246
2184
4171
1475
917
3572
2853
1413
2696
1169
3232
2780
956
3627
160
2694
1521
4225
3296
2193
1384
2426
2341
875
436
130
2534
817
204
359
4369
3066
2684
2247
1113
3201
1726
2523
4049
3927
1122
4264
2631
1514
2832
3288
4319
693
1836
1052
1204
3519
1640
3460
3297
1609
4439
1738
1369
753
3787
476
1099
3351
1610
1330
1082
431
2873
3350
1377
1259
373
1057
346
2831
2849
2764
337
511
2267
2044
2021
3771
3587
283
56
3229
1281
50
2755
1125
378
2905
3149
3415
3097
1012
4108
152
3135
3003
3782
2564
3721
2805
3879
4192
2299
1529
1539
3501
1507
1452
3715
1355
977
3994
1972
1102
4081
3295
1485
1454
3121
2670
3978
1663
2186
4395
3713
1246
1359
757
4002
1181
3913
2766
542
2494
4420
2794
544
4280
2200
3925
1439
2982
2528
1182
3532
2072
341
4220
2621
3995
53
644
1266
138
805
478
559
1302
986
2203
3507
1110
1324
321
3445
1321
1019
3847
821
549
4386
3865
159
3368
2019
4224
3315
522
3169
2304
3514
4179
604
43
3271
4176
492
3468
4174
128
375
1747
3246
2139
2836
3646
2020
1279
2599
3769
1364
2588
1943
3689
452
3551
3866
968
2947
4295
3556
1755
2887
3639
2944
364
1646
792
2577
3722
3374
1651
2821
886
618
1173
2646
3948
4400
674
1498
3491
4061
195
4069
851
3783
3566
2986
869
839
2116
2437
602
2576
3700
462
1462
1573
7
587
3638
2407
652
3320
1481
915
2377
3199
3414
988
2214
919
78
3522
2470
3091
114
2391
3797
2033
4380
1443
2943
3363
403
1112
2037
789
3364
1810
2448
3636
4190
3816
2983
324
3045
813
3153
1274
4262
4429
3579
667
3651
732
2653
3738
2252
1348
4126
3956
2043
985
4095
3227
2765
2065
551
1231
691
3143
2548
2953
1861
3883
1403
529
534
2384
3435
4294
3781
3902
1722
3737
316
639
3989
2222
4445
3605
4279
4339
3511
3255
3529
4283
3015
1905
610
2131
3327
1100
323
4084
3265
287
1938
3141
2845
3972
1839
1157
3623
3717
109
2583
3732
2660
2901
650
3467
2162
2899
633
564
1783
3264
1620
108
3630
1955
4361
1574
1168
1796
331
1543
3443
3547
3092
1873
1590
1580
3146
2475
1837
1732
3034
3703
1056
858
2957
2451
1744
2617
2296
2946
3831
2869
4266
2801
4145
1138
479
2119
4059
4057
3518
3542
4082
1124
903
2750
1962
3869
3945
2394
2967
1931
624
2993
2896
2724
876
3885
1155
1244
3665
4332
2362
927
701
1149
4201
3291
2179
2543
161
4125
4103
26
1517
3486
2208
387
2655
1079
15
1408
700
1775
463
2985
1526
2177
2471
235
3589
1647
3220
4216
2545
4306
2463
1632
697
3492
3103
68
2716
2055
1414
1981
1985
4138
731
4402
1060
1444
3040
1883
1484
3924
4349
896
2857
595
1778
1472
105
175
3063
2278
3333
2138
1233
1595
1684
2036
117
1411
1268
2257
132
2320
2728
367
1148
2624
459
217
369
361
1258
3561
3853
4032
2345
4022
3160
3144
3928
3095
3007
1701
3973
245
2115
824
3284
1240
734
884
1817
4417
2099
3354
3939
2089
1167
2825
3580
1333
3657
1046
1298
793
1753
2336
2194
2481
399
2816
4092
1855
4012
922
3725
2966
2852
151
3043
842
1329
2629
3138
330
2422
21
3975
2925
4322
3250
1668
2150
3210
2533
2326
2101
2634
505
3094
3256
972
2412
426
103
3248
515
1340
1286
3610
3697
1040
1223
3395
4116
2582
961
2070
4036
4290
2532
4105
3802
3669
2030
3274
225
949
1336
3792
326
3955
1161
630
3565
1349
279
1086
797
4335
4011
1876
3031
2289
2235
3240
952
2187
3962
803
16
332
575
3795
1828
1420
261
971
3038
2695
1115
3136
2217
208
1892
3908
3799
4226
3067
1288
3010
2708
3852
4111
4352
2904
3808
2964
142
2122
4054
2189
1798
1599
3620
1570
2499
3352
1633
2924
3921
4182
1545
3649
1213
4113
2731
1389
1465
1858
302
2374
545
3881
2591
422
3113
1373
3812
2164
2552
4094
2916
2306
593
3616
976
229
365
3338
4302
1511
101
2791
850
3884
1518
3524
2298
1896
133
3525
1813
1051
425
308
612
1284
3786
2094
1306
2244
3992
4042
1463
197
785
2980
2502
2035
453
281
4039
52
2843
304
2559
19
3418
3228
2538
3544
3093
1638
4318
461
4272
494
771
3768
1117
2736
3755
1178
1088
3765
4100
1922
450
389
4112
100
897
4435
853
962
4236
1674
3465
1041
3022
384
3316
524
2659
3664
327
2551
1228
3981
1315
3234
499
1054
1965
1946
1227
1993
3838
2606
3773
646
3578
2752
3851
1542
4159
1084
1202
172
370
3080
518
1952
3128
1153
1163
1007
3444
3050
2909
552
3654
3179
2272
574
2142
3157
2385
2178
1022
2535
2243
3888
4016
868
836
713
567
1607
266
866
139
383
1887
1255
2812
3150
2971
2540
1477
1510
1072
2389
877
3708
2725
1334
3950
1925
1070
4013
613
1154
1222
3019
3647
2506
611
2638
1697
3952
232
998
3564
2472
3079
632
13
1544
966
2190
2018
4051
414
3736
3005
2082
4217
2092
833
249
37
4172
1104
1492
4096
3949
3078
2223
2504
3988
447
440
1818
748
3151
4228
2611
2486
4137
183
2977
3993
3720
2814
4149
3386
3052
4195
118
598
3815
1344
978
2344
1961
1120
2929
1671
3894
3987
1928
3513
2864
2064
228
1045
2956
3714
4160
2379
2610
1676
2090
3984
2134
2175
3944
2105
171
3074
1608
1975
3306
665
2699
2700
1371
1468
4254
1626
3747
2889
1988
3953
2191
2430
1121
513
2644
3301
2125
3173
23
2410
4155
4177
1879
1139
2815
3483
1856
1304
577
1025
3025
360
2510
2662
936
2133
2469
509
1320
3456
2338
1141
2618
93
1354
1895
418
504
1218
3753
1740
0
49
1579
2237
1076
428
1725
1742
1562
3537
3290
3711
213
2452
837
95
3985
61
1789
3897
1649
1912
815
2307
457
2640
4087
2561
2955
1987
4083
349
2027
4003
177
2395
1823
2514
3087
194
27
3757
3746
488
3417
1200
493
102
2680
2747
609
2723
637
3101
688
3756
2790
90
2266
3176
2008
3125
3001
3672
1891
2804
1683
1957
1568
4430
4146
3555
2932
519
4347
1224
1622
4072
3543
864
3114
3426
1553
716
1919
1285
3915
1871
4385
1854
1897
647
3906
3798
769
1880
776
3822
3515
683
2907
3645
3705
2473
169
1803
1243
191
3450
1585
3048
4256
733
2584
780
4053
2292
3508
2484
4223
3751
808
1453
750
2366
1160
2573
636
1807
2991
3337
3764
1592
1656
4258
328
4227
2893
1641
2669
1698
3777
3936
2639
592
940
4289
4109
3142
3613
584
1015
2012
4102
211
3997
4104
4416
2491
3598
4316
188
2233
3741
2544
933
2425
3026
2840
73
3442
3680
2291
3990
2516
2672
1378
2409
2553
3408
2260
3937
241
3503
4375
1785
3640
944
4348
2860
838
3890
3575
4414
4028
145
25
2796
3330
3344
1628
1225
2204
3365
3117
4365
3077
405
285
1047
2661
3462
825
406
1239
84
2652
3405
578
767
1933
1162
3857
320
867
4142
3553
1424
3219
1838
1853
3357
1669
11
3380
3754
3263
345
1043
2436
1505
2322
3090
3000
2180
2098
4379
1494
4214
256
356
3448
3282
900
3185
2476
2370
2262
3625
264
267
1249
4122
3062
3437
4060
2302
1860
255
2875
3411
2927
3476
72
2417
2066
4010
2403
709
4097
3013
2509
3310
3321
2080
200
3735
110
4261
1902
3790
1827
507
4023
981
2917
795
1186
2603
1166
2364
92
3848
1071
4077
1318
4007
3489
2975
533
619
3115
717
443
3096
2153
209
179
2458
3036
2309
1391
2525
653
352
863
3933
1737
1918
3126
4043
1576
2605
3190
1398
2444
948
3832
2769
4321
1964
3108
1916
20
1156
554
231
1346
562
1068
4233
221
2408
2205
1942
407
1339
112
4204
781
1781
2003
3428
1575
2625
1165
3461
4144
3800
865
2556
2740
190
2761
2858
2211
1980
173
1720
4209
4438
1063
3655
2569
806
2405
1064
2920
2156
394
1866
1502
2826
1341
1038
2844
1736
3409
1886
2981
1735
3269
4351
3600
3082
1061
4178
1393
2413
111
4162
1184
2049
4425
163
3528
1532
1008
29
1118
371
1561
296
2071
4391
999
2729
2503
1042
3837
730
5
2106
3041
2687
2421
98
2171
2158
3272
3254
3633
4215
673
174
3300
1036
4247
3478
2496
1091
1713
1419
3463
1459
2679
3268
3278
3137
4413
1059
1527
446
1911
1625
964
3660
3744
3446
2754
2259
1565
945
1936
2118
4408
1114
3905
1969
1180
3002
2963
28
2165
1714
1466
520
1254
2863
1194
1402
487
1103
3842
3588
258
3341
3339
297
2269
420
104
616
1035
2756
4008
2802
2297
3244
1743
1146
1596
3505
1174
3745
829
804
1379
2282
99
3496
4229
3628
2416
4235
1859
1712
2781
3451
3609
3877
1797
3366
2489
1767
3280
2002
2668
831
4175
4025
1044
3011
2772
2555
1932
3926
654
790
3253
2649
2838
857
3110
2954
1434
2343
1966
1906
2185
3923
4021
1603
3841
1648
1597
3618
3918
2648
4184
2386
3535
690
419
155
4213
2715
1367
890
292
1990
2664
2507
2829
3823
1997
3801
3562
2241
698
3716
3307
996
1857
3042
3976
991
212
3844
3911
1588
2332
141
720
2414
1799
1618
4198
1805
1314
2903
4009
143
3707
1935
3971
2973
4027
3759
3648
3412
4031
33
1960
2213
2350
4187
298
523
3931
1808
1974
2375
2438
2734
3683
3970
3860
123
1815
3346
724
3634
3828
180
2713
2915
1678
448
1555
224
3698
2181
39
3394
35
1893
2702
4325
1271
2245
993
4330
827
3577
2007
678
1425
1303
4255
982
1941
9
2490
2361
1831
10
2868
3401
1677
3261
1691
2250
3592
932
2979
4428
1666
4411
3347
2146
1326
1611
663
3662
2230
4074
3904
3438
2100
4387
706
2023
696
743
2058
1116
295
2803
3262
1380
1269
2974
2120
97
268
957
166
2590
2460
1829
372
1748
2254
2921
2633
746
819
2129
2415
3322
2248
464
36
1664
2945
