2710
2692
2325
3073
2676
3498
2117
63
2677
1489
1447
1824
1199
3692
728
1087
58
3876
2933
4071
1267
1940
3098
1010
2992
1445
1362
1982
3207
358
1788
989
475
3089
1488
344
305
3267
883
4
1499
3047
668
872
1631
1567
354
1191
1440
1226
3424
887
1441
3477
3423
3643
2689
3637
2420
300
3331
712
1458
1889
2176
2813
2295
3776
3474
4407
2565
1885
1816
1455
2950
290
1734
2051
791
1312
2697
3178
1550
471
4110
2277
1907
2456
3224
1421
3850
1437
1093
196
3967
3312
3540
222
4252
2877
3907
1548
2093
2226
77
1522
1840
1910
1073
1792
2671
3455
1261
3770
124
4164
2771
2428
2103
1238
3734
1882
3568
1870
1904
1624
2883
4313
2220
1363
2800
2404
2882
1536
1782
41
2212
766
3175
47
2041
4006
4055
1062
2339
411
1908
3969
1898
3691
1343
3388
4098
3449
2906
873
672
1992
1480
3332
4133
257
3070
881
1890
4067
4180
3980
4431
2390
379
4161
2273
2859
2542
581
1190
500
3870
3302
3533
4151
3709
2897
306
4301
2088
3793
3275
1282
3171
1723
4153
1089
421
4115
600
2202
589
4143
2965
3845
3416
4034
670
3035
3686
4357
1097
3550
3033
3626
1519
2996
1773
2558
2783
3901
4342
4309
12
666
4208
4191
4424
3504
594
648
3974
2820
3912
1293
844
3549
3273
429
1014
1878
2331
238
456
2495
1322
1884
1188
2280
4048
3243
81
2154
3119
342
3163
2380
2650
4189
2600
4188
1390
3663
2268
1872
4311
2782
4091
451
2880
2110
483
193
1365
1039
252
1692
315
3960
75
590
2367
1659
280
3130
498
233
3120
2453
4388
363
3376
3371
1283
810
62
3336
3917
4052
2406
1189
423
3396
4382
3245
4270
156
2550
3198
856
3910
1586
1192
1449
621
1430
2994
3871
2595
2598
1733
2283
2144
2675
1802
1617
1217
4441
3943
548
841
854
937
1667
1278
2317
4129
3615
651
2449
4293
3072
2265
2485
727
3393
3383
904
738
2240
2355
3017
2891
1834
2182
823
2581
4045
3233
512
1600
2169
707
3155
4422
3081
3392
2744
3584
3954
3432
4394
71
649
3794
3742
2632
794
2229
4275
1708
1623
4436
198
1512
1083
1395
2923
2315
3699
4240
309
3546
3982
334
4442
42
1310
1291
2574
1431
2480
3811
2938
923
1546
3601
2396
1374
1001
1237
1786
409
3935
4099
3867
3539
3695
3594
4337
214
4040
997
1150
339
2701
2961
1515
4427
591
3624
3810
742
2726
3900
4336
918
480
3602
3464
1427
942
726
1696
861
2276
244
1513
1635
2691
3236
722
614
3922
1
4410
2236
2340
1754
2073
3789
891
1616
2376
437
583
735
432
1018
477
1196
2149
44
2198
1209
758
4065
4166
2145
150
1399
2811
2517
482
975
2368
3109
1523
3724
1232
565
1979
888
1652
914
905
2000
318
1750
3849
1843
3308
2431
3183
88
871
3382
2462
3780
239
2589
1262
314
3304
2109
3968
3105
2841
4312
3237
66
3696
3251
1105
157
107
2722
3303
1028
1894
1927
2373
912
3940
3340
2083
2641
4285
3775
1850
2161
2047
64
1332
1170
247
3319
1235
3258
1999
1642
694
441
3085
3614
3644
250
192
1639
2224
1812
1867
3718
1386
1709
3037
4329
501
4004
1727
4291
1496
2464
1784
1752
1947
4086
4368
2067
1211
4242
3186
546
4157
2910
1877
2398
3384
4141
2798
70
1296
3205
4381
2854
2775
1077
1581
1948
4014
3390
3830
2028
2209
3111
642
4237
1572
1509
449
393
3916
2024
4089
1821
3485
1387
1794
840
1771
3235
2022
2519
1929
1002
1433
1143
3932
2441
1013
2830
2989
1107
1229
2749
1644
1490
4058
1493
2690
2636
1967
1945
1582
3573
3032
954
3929
106
1719
1317
1688
1300
1397
2881
417
1865
4056
2587
2865
59
1128
1504
2308
1915
4047
2768
2833
4078
3044
2779
566
3466
623
2567
2806
2424
1021
1248
1069
2604
2349
3482
588
2085
1690
2016
251
3373
67
1241
3358
3530
2894
1331
547
2102
2949
2365
3076
2586
3595
1780
2888
3979
1273
2152
774
3909
3951
2797
3843
1670
2157
1558
4370
3806
2828
3919
468
3016
2822
1800
3216
1825
3675
1636
4299
951
514
585
4393
1404
4132
473
2643
3534
2862
113
1746
2709
2381
3419
3191
1702
1923
2686
3403
3211
2293
901
3854
3203
4199
2274
1654
335
1460
1432
681
787
3156
1679
1034
4271
3772
2637
1953
516
784
2454
413
3824
4241
601
582
2137
3270
1337
1152
3116
879
563
4354
1655
1347
2867
2735
938
2818
811
608
4232
4062
1717
400
4030
799
2387
752
3788
3526
1637
377
2238
3311
2215
3385
2874
1852
2846
557
874
878
1215
1295
659
137
3752
2706
3469
215
1758
677
4333
2372
2423
2842
2010
3309
984
3523
2898
4384
1863
1327
86
3398
176
2363
1323
3809
4267
4296
3204
3826
3661
4287
338
4136
366
3538
2835
2135
2038
1497
3864
4423
4127
4135
2382
2685
573
2742
828
1976
4338
2411
186
2124
2143
626
2091
2789
404
1917
1762
1448
3673
2998
1080
3059
2626
3318
2029
765
2127
14
2318
3447
2467
1926
3512
669
1715
1195
1650
2239
355
2962
1991
3123
2388
1547
1763
3377
3666
741
3317
2427
3378
312
3430
2457
2172
119
4035
2666
2759
2978
1584
816
855
1604
569
3597
990
2440
288
2850
1881
1280
1900
3225
135
2290
2206
2231
466
536
1111
1415
4123
4154
3740
31
3283
2823
3231
916
1516
380
2077
2075
2435
289
1164
1875
1129
1250
2337
662
3818
4050
45
2922
2478
2733
2450
3495
3733
3252
4373
4251
1127
4327
2521
1749
911
3014
3999
3241
3622
4000
699
527
3134
1630
3
1844
2997
4360
2788
8
2130
1020
1405
3202
1614
2001
1971
136
2005
3882
2602
3221
2601
1277
553
4117
660
3421
4183
1140
4308
1613
502
3277
1645
1245
2232
3122
3305
4120
253
3807
3200
1026
1275
1297
282
3766
2026
1594
3612
3596
1998
2461
3399
1551
348
485
570
2777
1525
1658
3436
3856
2727
2123
2140
2786
1469
3084
3983
4389
3819
1554
3324
240
4076
1308
3607
2934
908
4305
237
2261
2264
775
3947
3299
2547
4421
946
4372
388
1208
744
4070
3196
3834
822
3930
2792
1901
4024
2970
3731
3488
4323
3557
1381
640
921
1673
1760
4131
460
1851
4079
3827
219
1407
3071
1446
1085
2011
4202
1219
3145
3473
3767
2568
1483
2013
1685
3266
740
3276
834
3603
4073
550
1739
772
299
3367
1151
3873
4248
2526
4265
2578
1212
2197
2483
3334
755
3576
1819
657
3896
4377
3102
4046
2360
1416
1066
3687
3056
2445
2505
3086
1350
3659
4238
1657
1000
1309
1290
4239
2111
1335
2482
928
4350
807
486
2311
568
3642
149
1078
3796
4064
631
3088
206
1478
1578
2935
3214
4221
4085
1201
4207
704
761
1299
2872
3487
467
3536
939
260
2562
537
4244
395
146
2774
2151
1396
2585
497
116
773
3177
4121
1147
2392
1989
3323
4148
3470
3104
385
2334
925
184
2958
3170
2281
2121
1366
2234
3785
3748
1687
4231
4404
1903
170
2160
684
3348
3791
3591
1695
2328
3531
2931
4324
1400
894
416
1538
2608
1003
2400
1220
2682
4118
3188
2767
1793
1924
2174
4165
1065
2221
2942
80
362
2455
220
1265
455
435
1467
3222
3567
2032
777
3212
2960
2271
3668
802
310
2288
2784
605
2968
4432
987
4364
398
1729
3946
202
1765
1699
230
638
303
3314
2738
3004
3161
2819
1016
580
754
1210
2541
4230
603
535
3719
561
3008
3653
3839
1934
4406
1185
1728
2434
4444
2575
2515
1956
46
2500
4346
719
1772
1442
852
3569
4168
2477
1257
1566
950
739
3899
4140
1123
2678
528
3379
1126
54
1951
2442
4367
2940
3410
1338
538
1939
2419
1689
1533
402
1549
3181
675
521
2402
2207
1292
3057
909
4304
1252
2580
2900
835
3599
3817
1759
3434
2760
617
3054
1136
2084
4405
3803
969
682
1358
4344
645
3581
3009
168
1563
2054
1766
3180
1450
3617
2155
2520
122
286
2378
3658
1357
543
2393
725
2630
1577
599
2313
1092
4167
2721
4378
3100
1984
148
3453
3863
3548
3590
3452
2536
3667
508
484
1643
1471
2009
2656
343
273
676
1680
1552
2359
1528
2508
3690
1176
2778
2855
1716
1769
3046
1294
4107
2210
291
898
2512
246
941
4434
1761
723
1342
1435
3920
2253
2147
826
2270
3805
1601
920
934
1811
655
2006
1098
3611
216
1560
2216
1770
1864
3606
849
770
556
870
860
2173
2593
3049
3249
1144
4206
227
277
2324
4303
3294
3682
2321
2537
2785
3420
3431
2348
2479
3353
3493
3693
3429
4292
3679
351
2303
3991
4315
329
3677
2196
3887
1531
2737
2834
129
4019
3148
531
85
620
2817
3458
390
3632
2323
798
3387
3914
74
2730
381
820
2128
3165
3629
1221
2704
2848
207
3024
2645
438
4001
3574
1135
2097
702
4194
1801
489
3494
1328
3247
1187
94
4114
495
627
2354
2399
4310
2314
634
3124
3053
671
3582
4018
3862
540
3075
2300
2025
1795
3285
1301
4219
779
4341
995
1137
3961
1681
3872
906
1426
3500
3012
1707
1534
571
3484
153
3069
1845
1721
2913
3829
2674
1973
1593
801
2999
3712
2052
24
736
532
2758
2720
1888
2549
1768
576
2401
3957
4398
210
1491
3583
347
994
4147
259
643
154
2711
2069
2871
2086
4401
1508
2667
2301
2571
127
386
1731
1605
2707
2635
586
4440
931
3168
2466
3749
3552
1272
236
3821
3404
2015
3133
1172
2810
458
2446
3880
3083
558
3676
1383
408
3187
715
3558
3729
87
1159
4181
3335
1994
144
1682
2703
4320
2275
4139
1095
3342
38
1476
3804
2948
3586
1457
1247
3407
3372
3934
848
1848
1382
1409
2976
439
3064
2132
3986
4222
1653
3893
4033
745
3154
1422
2673
3129
1920
1806
4203
2930
2356
2741
541
1473
1351
496
3279
1970
2487
3055
2418
1385
929
3006
3510
1954
1583
1193
622
4263
4075
3963
3029
1591
2665
1075
1131
3194
2369
2188
336
203
2465
3440
2793
3481
18
1479
2358
526
3820
1606
1353
3825
788
832
4128
4286
1804
3758
1470
4196
2279
3215
2990
708
3020
3571
3891
4234
943
2937
2918
2902
2246
3480
4245
895
4317
2773
4218
2397
3360
2912
1482
3112
1751
764
970
4284
3242
4026
3704
4437
1388
2342
3886
34
470
3223
1627
711
3068
1703
396
4163
2330
3942
1787
4169
759
1869
2522
2837
3208
1694
51
4288
2078
3459
4250
317
2249
491
3325
4345
510
2327
2319
2642
1557
3425
2623
2079
218
2787
89
2654
4376
1675
3362
1030
3375
1260
3260
3060
4211
3996
2501
4173
1461
1428
2619
4314
364
298
2291
1321
96
1148
447
839
577
2904
4371
4335
3556
731
1043
2577
4184
1833
3700
4396
3067
1974
4408
917
1711
2452
4419
4280
392
2185
3433
1736
2544
3271
487
2094
443
123
1595
636
3837
2414
4150
3812
4392
865
3298
1587
3438
1743
2662
1186
3322
2374
304
1465
2873
4349
2801
3756
3958
3655
1320
155
996
337
2241
3744
4122
2134
2309
613
1649
3080
2344
611
1537
3671
4319
1722
1046
1503
3255
33
4290
3451
1785
4195
3344
3773
279
3446
1218
4210
2725
523
3490
1757
3921
414
4031
2780
1544
3563
612
3141
961
1892
2644
1242
2884
3048
2796
3023
1392
145
171
427
2225
1521
4236
2954
4306
926
453
1599
1122
592
161
3842
326
2708
1468
944
2754
4077
2320
804
1424
3840
1810
1115
3002
2915
3848
2304
3173
2564
604
3950
3101
831
2723
3274
1555
2769
2332
2506
499
2492
818
1818
3296
1876
507
4126
10
1027
114
2770
3800
674
2413
79
3683
2272
1626
3502
743
1744
511
2633
3289
4216
121
1615
3321
4028
2125
919
1344
2138
2555
3280
3997
2146
3589
1918
4307
101
3038
2887
345
2473
1060
1622
3501
3783
410
2907
2179
4399
4226
2863
2142
1202
574
2868
1839
2437
1545
1608
3412
3885
3040
231
3476
319
4385
1181
2252
2576
4418
1279
863
2475
2408
3579
3672
3463
2853
3031
3516
3888
179
1163
4186
1975
2903
1893
43
858
4330
2889
957
2791
753
1774
90
4369
48
3609
2170
3646
595
3310
4159
598
3414
4003
3697
2341
3240
1036
133
1486
630
667
3732
1936
1620
718
3153
4187
2748
3698
1815
241
518
2540
4043
1393
328
3623
1921
2159
4049
3654
4096
3442
2489
1905
2377
2217
3268
2545
2514
3636
3264
4332
2684
1231
1110
3858
4224
3790
2499
2150
4443
709
4171
266
3769
1240
3028
1676
3137
1373
132
1224
3931
3741
696
1100
3261
2222
3333
4435
370
3537
3454
2693
2755
713
3162
2525
2765
1102
4235
3506
3042
2603
4411
117
2248
4174
436
2766
2218
3110
4256
793
3115
572
1666
1672
2618
3401
412
2901
3406
1997
2030
1609
1472
1256
15
1732
3290
2458
1798
3532
2616
3665
2941
4009
597
3492
1779
4146
201
3034
998
2410
1955
3990
3787
2056
2194
991
900
3778
2739
698
639
3633
2513
3802
3179
1124
283
105
2588
1922
1268
750
2946
3244
4425
3722
3846
4246
3879
232
2353
369
2717
1130
2070
1133
2463
3108
2695
3338
2426
2294
2729
3468
504
3063
3025
3707
2436
61
2292
446
2189
2055
1054
2809
986
3948
4108
3890
2875
1957
1693
1928
2211
1529
4413
254
2844
2916
2153
1316
3092
3765
4172
69
2617
1474
4362
2200
2716
324
1174
332
927
333
1259
4278
4272
1855
1413
1969
579
1738
341
4106
1856
3764
97
4262
4343
2651
1064
1153
191
4318
3966
3808
3262
717
2177
3509
2430
3838
3710
4109
249
3542
1674
1987
3555
843
976
4111
27
624
1452
2255
1897
3648
3327
1860
3754
3928
1084
493
3913
981
269
1225
3977
3411
188
2986
628
331
1180
2191
875
691
1117
3952
3117
3713
632
2750
3518
3559
4061
1243
1962
3822
3366
316
2724
1966
3030
19
3815
539
2385
2187
529
197
4027
646
2306
1081
552
4289
4029
3394
3565
3185
3465
2065
3554
1223
29
732
4355
1391
1767
945
2074
859
1518
560
3229
1959
3945
3157
1233
13
3833
1791
3003
1166
3508
1330
469
3300
474
4225
4138
3878
1178
1502
376
1244
4081
4179
584
3357
683
2640
1302
3097
2488
426
821
2119
2924
4072
962
1157
517
806
39
4015
1059
1408
3062
448
3341
2061
3757
2326
2409
422
1640
3503
2852
1879
1118
4021
1017
1022
1663
1714
1755
3007
2018
2019
2183
3884
2538
2305
4090
555
2233
1116
3329
3939
1932
654
2090
730
2714
53
2298
2895
2973
3911
476
867
2981
4152
790
3908
4328
378
1287
1861
1246
2596
2371
1055
827
1943
1429
2734
1149
1665
1074
3514
1008
4053
2136
2627
1668
4395
3505
910
1822
139
4044
2652
1324
9
1038
3725
4339
3956
2660
2237
3566
3248
710
3051
1090
3159
1270
3902
3973
2516
1796
3113
3491
762
3860
1912
3645
330
1576
2310
3441
2343
3883
2491
2899
457
3992
4386
1370
3865
3176
734
2757
3894
1868
2543
3613
3844
542
349
4276
1590
2925
387
1113
1492
930
3147
1276
3364
2122
297
134
1052
2460
4160
1741
3877
2972
352
892
3199
1814
1341
2496
3904
440
1748
1019
2979
4352
864
4302
174
1333
2230
327
1266
1298
2421
647
1443
1346
2611
4198
2223
1012
1315
4212
3714
637
1691
1162
1661
1154
2664
56
1285
3356
3564
3489
1035
1303
2486
200
3816
795
340
952
420
3706
3106
2072
1104
3528
1194
2003
4113
2494
693
2531
1051
3600
988
700
4037
1775
2256
3771
141
4094
992
1871
1968
4038
1701
3801
1177
4104
724
1076
2053
4438
4213
3467
1364
4223
418
559
593
2384
221
1439
838
3751
1683
295
2613
3103
3363
2259
3831
3197
1618
2133
2893
2282
2046
4209
519
1648
4273
3798
1646
57
2696
3052
3631
780
1410
49
2510
1859
3400
7
4264
2821
829
1057
1883
1375
4430
109
3588
4214
2622
695
3674
515
2027
2297
3705
2049
2116
1376
3851
1139
2213
3090
40
3351
2670
4205
52
36
293
4428
2987
4215
2181
16
4066
4229
1873
1580
375
1542
3634
4255
274
1506
746
3944
850
3380
2391
3219
797
1318
99
3209
209
3857
1168
596
360
1417
4351
3445
2649
1838
3374
281
1720
3814
3941
111
2532
389
4092
2802
2228
3408
3278
1532
2254
3001
21
1326
2736
964
663
4365
100
2932
3405
2106
2790
2163
3126
2561
1935
2184
1253
2089
1336
4227
3417
2048
2417
1222
1288
3970
4074
2375
1735
1040
520
2831
1571
979
4201
3027
2036
1463
4190
1866
2836
3306
28
932
3572
255
4130
1348
4249
3227
1099
110
3422
1378
3649
2680
3234
1933
3448
2977
3605
187
2964
225
3239
4321
405
2156
2502
3354
4361
2307
1411
3050
2139
3039
4366
1047
978
3797
3190
1874
1778
323
1621
1228
3647
1891
716
1009
2553
2471
825
733
1664
509
1165
1070
1972
3828
4051
1902
1697
3005
1306
3478
3859
3435
2247
130
3905
3462
3616
1511
2118
2843
3220
1783
3869
2098
1704
922
857
3206
3128
2638
948
2552
3164
481
2266
0
3852
3895
102
1313
1281
2860
1042
877
3768
1671
697
830
2141
1797
2592
3717
2064
3232
4439
1495
3077
805
1952
1507
2917
2386
178
4032
3529
1896
1340
372
1985
1505
2020
525
513
2208
213
1817
391
1389
1831
169
4080
1596
3511
4084
3095
2971
2982
1651
1146
3114
3352
1880
1597
3010
2287
2534
2416
2661
138
2805
4433
3460
1264
545
406
478
2573
3295
1477
4417
4204
50
3019
1961
4145
1510
3041
824
2250
3475
2175
3513
1204
2043
3610
1574
3026
1887
2433
108
3078
3777
3158
1990
3578
159
1813
2432
3915
1414
1263
1372
1377
4041
229
1071
4124
2590
2672
3881
84
1588
1941
903
3936
3350
896
263
3228
3259
2752
1543
2528
897
4095
3562
4155
562
4185
4391
1167
1718
383
1011
665
1526
296
3832
2751
3715
2448
3978
890
195
575
151
2988
3365
4054
2747
212
1527
2851
619
2511
371
982
3975
2021
1607
1418
1050
287
4012
2395
505
3847
2096
3976
933
163
1354
2591
160
479
403
1726
3897
2947
4105
1963
1475
1419
320
587
837
2451
2394
3630
35
2100
2370
2379
2551
2825
3711
3716
3138
2235
1061
2985
275
3861
1023
3428
353
346
2579
2523
3575
3874
4158
3923
2657
1965
769
2804
3139
1380
868
3792
3136
2896
1160
1570
1730
4233
3307
1886
2728
2838
104
65
228
756
2605
688
2219
2415
2763
2204
4400
2364
803
3263
3444
3746
55
2956
2509
165
1713
3142
2105
1611
3265
2927
1781
2120
95
226
2469
2412
243
1911
606
2840
2527
1827
3703
4176
2668
3269
4059
3169
5
993
1453
384
3094
664
3346
656
2624
4103
1349
2193
1213
522
3096
3627
4082
1286
2296
4420
2975
2653
3544
23
4295
2920
1454
4142
142
1466
143
813
4325
373
1993
175
2350
2178
3656
2162
3984
1072
1598
2698
1006
1823
1698
1434
2599
3962
424
2263
2794
1747
2548
1862
301
4178
3955
652
869
2815
971
2366
2165
2422
3736
1134
1790
4134
25
3418
885
4023
3737
463
1753
2858
2905
3150
2648
814
2628
459
3545
2284
3745
4217
4340
3507
3330
1041
1501
842
1156
1155
578
1858
3395
800
1352
3443
1249
1916
2195
1369
3415
1025
1592
1120
407
1647
808
308
1197
1931
3866
1517
1367
3694
3964
2625
789
6
616
3521
607
3639
3337
977
3282
20
1056
955
60
4039
3515
2944
217
3570
3288
4036
884
3087
2955
3823
1254
3284
1641
1145
706
78
2808
3738
4193
2849
4007
2058
3347
4294
1438
2826
2969
4387
2659
2885
2484
2609
3127
3519
292
4281
1832
22
2071
3160
1462
3386
4042
3680
1899
2966
3598
4100
3620
767
2832
2928
2033
3272
4266
492
2743
940
748
1610
1638
2646
2112
3580
2322
256
321
1182
3339
2533
2812
3763
1216
2101
4375
866
949
1114
3151
1274
851
1562
4097
1857
464
1895
3315
4083
2444
128
3121
2681
1284
2017
4403
2438
1837
2476
1044
1807
3937
1930
2131
3906
1314
3660
3987
1398
1227
4279
3461
2566
3551
1942
2470
1088
3553
781
4416
2035
180
3813
92
2031
3592
2943
2336
3535
3291
1082
3457
182
3301
3146
2957
3456
2583
1402
4283
2269
1255
2772
2864
2740
235
4025
3651
3015
4010
1938
3759
3638
3577
4379
268
2892
4060
356
3074
2615
549
3981
4087
1161
2278
2066
1086
2490
3253
644
4013
1355
3640
4247
3320
2243
1805
2715
3795
419
3036
248
1561
1925
3496
258
3079
1960
1710
3543
3933
285
425
3799
245
2504
1808
1205
2991
2713
785
2518
2037
3985
2921
242
2260
1829
3022
2099
190
4177
3361
3326
1914
2700
4175
3995
3657
3953
2092
1684
2919
3210
2829
1198
609
4220
93
2582
4253
966
1725
2190
1632
817
1494
1138
3892
2983
812
1980
