3935
64
987
2249
786
4191
4423
2325
2749
1308
3455
775
2424
715
2865
2854
623
3687
3686
3132
3319
4329
3260
1360
3653
3392
931
2623
4056
4132
2773
754
702
3331
1536
1593
3177
4257
641
1834
2536
3652
1956
4110
4444
855
3581
4211
2880
2635
1601
1381
1226
677
913
1470
1250
3205
3485
467
2104
1144
2339
1540
1843
2009
3663
714
46
752
2406
766
4098
738
88
742
719
1415
583
2497
1479
3070
826
590
1821
3824
3481
4431
4363
1699
2691
937
3826
4269
965
3839
124
638
1637
2598
1232
4265
1234
1111
2428
535
51
3569
3760
1578
3733
894
1560
3211
3517
2572
3073
416
615
2846
3421
2273
1719
1245
3541
1097
2498
4394
1616
2324
1311
3439
2192
2434
4312
1426
3379
546
3104
3049
2102
561
2585
3493
773
2601
984
3345
2333
3349
3100
3718
2149
679
1016
3453
1289
3959
3212
4389
218
528
2856
219
4292
3504
4354
2881
1010
2819
4424
3530
503
1515
250
2788
1328
2006
4058
1844
946
86
1093
3679
1771
1877
1357
974
1406
1547
113
1247
202
3954
3328
4358
508
3774
2931
81
3830
3060
1407
2399
3402
4063
1830
2148
3539
2313
2935
2837
3495
2515
206
4117
4244
1945
468
3930
3676
3429
1272
2876
1541
3788
2753
3069
2823
3416
1480
2597
2677
4147
685
1229
2482
1092
835
186
3526
4301
472
3054
4415
2642
2479
1191
3469
2446
439
3134
491
726
2722
1455
1572
30
2841
4070
8
2719
3829
466
3123
1680
3785
2238
441
906
989
170
71
3355
1884
1999
2894
2075
2400
1624
1405
1889
1983
2508
1802
2990
2493
1137
3946
1903
2537
3098
3724
661
63
1948
3458
3270
778
3277
2830
760
18
3203
3348
107
3644
1013
1278
811
2303
3500
2174
2041
2870
2091
2674
1673
994
2906
1089
2461
3081
4221
1872
3204
4259
2686
2221
3377
1800
625
3856
4089
3286
4200
1283
879
810
4359
1187
1028
541
1773
3033
1847
2787
3382
651
1129
2054
3695
2215
3447
290
2160
1695
4360
3017
1003
506
1108
3619
4243
928
2270
1069
2028
2390
1127
2478
908
740
1058
1924
3459
4407
3622
2913
1804
4442
2457
725
4169
1525
3626
1937
1657
291
260
3020
4252
3378
3325
686
1461
1087
299
3998
2103
3614
2108
1923
1030
2038
3758
3784
3053
532
4194
75
210
2121
4062
2997
712
1039
3775
4390
2712
3893
1548
4304
1915
591
1193
4121
3821
4153
2201
2441
2419
2351
2143
1929
2995
588
2127
3568
3200
3432
2140
1496
380
2976
276
2188
3849
601
393
282
1733
2768
1199
2524
2910
2152
3523
2016
4346
125
4115
848
631
1793
1132
888
2487
484
510
2029
2
1150
234
2026
91
140
3850
2083
2619
2575
2347
983
3673
4373
1241
3089
1958
1460
312
2261
2675
3241
3085
1342
3571
1954
215
600
4372
1920
2882
3632
3294
2040
3436
2738
3336
2806
1809
3404
2793
4050
3666
707
2891
1126
768
3682
2800
1356
135
722
1631
1083
1812
2182
4131
2196
925
2376
3267
3942
4333
2774
2549
409
2607
3086
2312
882
94
2999
1864
3004
1358
3607
1176
3233
2898
860
960
4267
2239
2571
4118
2847
3641
500
1690
3739
2647
4308
4427
2902
1450
1846
1399
3919
620
4046
306
3819
2443
3979
1681
2052
1458
3719
1875
847
536
338
643
4309
2057
2643
3772
2612
3014
4412
3083
262
4129
3548
1412
1752
874
621
2373
237
1716
1368
1096
2933
1816
4143
3318
1440
1489
162
3512
3266
438
3731
4250
3359
4219
127
849
1295
2039
3693
1549
3302
3242
1909
916
704
2051
2154
1898
501
3729
3466
3195
763
4
556
708
1062
581
3845
2382
3390
2554
3181
953
723
4167
2011
2232
3932
3597
2834
2462
2439
4404
2224
2076
2512
3303
2449
3820
1841
205
3766
1299
801
3789
1337
2574
1390
4368
2199
1307
1164
286
1729
3699
1982
379
3969
3317
4285
148
1037
363
502
2727
3510
4432
3193
2813
3299
1630
4076
2450
3035
761
1940
1020
2908
1445
2626
852
2355
2216
2197
1869
3171
3353
2828
4326
816
2359
788
2169
2689
4196
278
3182
413
303
1217
3780
244
2378
2587
2368
2440
1650
1396
294
2779
3430
2068
1878
2059
4298
70
77
2013
2795
2861
4342
1552
4123
1075
150
3582
3276
548
2340
1777
1754
3637
1301
3531
1363
2318
2000
887
2168
136
1416
2666
4093
901
1863
1080
3991
2778
1085
203
2109
3470
3358
239
3472
2397
2952
2123
1639
3156
2063
3324
3275
4275
3675
2817
3207
1591
3803
2900
4231
671
2166
668
1927
2563
845
1551
840
2429
3938
3381
745
1195
4238
259
2567
4367
1885
199
3752
3770
4286
1882
1970
402
3891
585
2530
4440
1852
4353
4073
310
1014
1457
1482
2519
2595
1849
442
4422
820
4376
3602
920
1688
2081
2110
4323
3982
2005
737
844
3249
1034
1490
3425
2785
80
271
2654
2767
4000
4181
2198
1513
3864
3668
1053
599
2709
3807
1992
3574
4055
1768
4426
4393
3360
1432
1845
4168
3642
2147
3534
2594
2934
473
1128
2789
2117
1971
1995
3340
3449
3397
2300
342
3612
1746
2132
2073
1614
2456
846
1473
1262
1706
404
1977
2744
1260
2667
4136
975
1801
4406
2387
782
676
2600
2316
3198
398
1709
3068
1280
2411
3617
2349
1750
3221
4188
3965
3223
74
4030
3145
2418
2703
2315
4357
1792
2961
799
2833
2001
1947
1707
1251
1347
2114
2045
3806
603
3629
1998
2144
1292
2589
42
1135
1612
4378
270
672
2641
2265
779
2835
4206
3362
1105
4288
2989
2855
1401
1500
1642
873
2157
1000
582
4065
1581
2678
2872
942
1516
516
3
54
2360
3257
2398
214
3487
47
1374
3238
58
4052
2107
2950
2782
784
3606
415
4189
3643
586
2402
1910
3217
4314
2888
314
1143
3910
1238
3701
1835
2264
2874
1784
252
1497
1745
2673
1322
3740
2231
2968
1291
1558
526
834
3834
1550
1032
3224
2321
2786
3898
4017
1005
4173
4139
401
2890
2145
1004
530
605
2918
3281
1727
3681
914
3016
1686
3184
1654
3702
1
3875
711
2959
2520
2517
2948
1643
2877
3776
339
265
3237
1026
3914
4128
3810
257
4364
1350
3968
3734
1203
1252
2477
3216
4291
963
147
3586
2951
1441
1343
3389
3957
2455
1991
1531
3974
3396
3670
3434
455
3037
1257
682
480
1728
1018
2014
3194
421
1206
3900
1073
576
1703
4202
749
2314
2965
357
2676
120
735
1586
1293
2580
2996
3391
2474
4305
2842
2733
38
1994
4374
1717
2380
699
1021
634
2311
2822
288
3887
3494
649
2268
3215
2650
3929
1437
1172
1499
1623
149
3124
1577
119
451
2330
2226
3304
3473
2645
1761
89
3305
236
1865
904
3611
1645
1282
358
1602
1107
2392
2797
4222
3314
432
2465
1692
1667
4341
176
3871
3424
1297
3867
1048
2025
3371
2593
2401
1365
4151
3825
2505
3796
3061
362
3189
4040
658
2632
2701
445
2246
1361
3369
2467
1400
4344
1811
1312
4242
3934
2824
1765
470
4287
2356
233
4203
4001
4141
2383
3862
2500
1976
3590
2365
3601
3166
44
4237
2777
2085
4018
934
85
2034
3168
4119
2113
3967
1190
1582
1653
2775
2328
1106
2850
608
3585
4310
3131
967
1446
3208
284
3175
1652
3059
822
2682
3075
783
736
3335
3021
1655
2984
3709
1131
2897
489
3917
305
3827
721
2936
2521
3251
3882
1851
2275
1762
2078
3712
1605
1658
184
417
3980
1826
116
2483
2771
3388
444
1600
1296
31
954
614
347
3624
935
4441
2839
1483
4183
3112
3750
764
666
1795
1188
223
3006
918
997
1840
617
4166
385
251
995
1538
4282
325
3961
828
2529
1759
580
2550
1065
423
3367
4313
2202
1769
3410
796
4164
2453
2290
4230
899
1566
3064
2581
1300
4409
3071
2279
3399
2354
3188
912
3603
3236
309
4327
3375
4234
1894
2485
4047
929
939
2992
4035
4311
772
2704
640
4154
158
3055
2404
1436
3678
662
1613
4324
563
2323
1215
343
1772
1209
3692
3122
4268
3046
12
911
3385
2608
3165
755
4014
4180
458
482
3099
3608
973
893
2923
1760
4020
1819
4140
2539
1248
3413
1670
2234
3440
2759
648
1421
2357
2088
3178
1353
131
2614
1196
2526
4434
4006
3152
2097
3999
2962
3749
791
1950
4127
856
1702
4300
3920
941
156
3312
3658
3332
1002
1267
1519
3691
898
4067
87
557
878
4410
1467
3583
1317
2369
1464
157
456
1951
247
2295
3916
4421
3311
1770
334
2274
1979
4277
3056
3791
3854
1679
729
1212
4232
3477
2358
871
2862
1675
3896
2604
2949
3133
2004
3886
3044
238
1449
67
1235
681
4197
3308
1890
895
1967
2720
2522
3116
41
2758
153
4165
3889
1192
3960
1901
3174
3155
1782
253
1973
3384
3557
2209
3536
2705
2560
594
4338
348
2271
62
1708
692
2792
3012
3558
3986
2015
4263
1448
4248
4148
3996
3047
1095
2547
3667
1523
1327
1564
660
429
3183
2111
514
3279
483
3387
4405
959
1140
3372
2656
4133
2998
3225
4078
1151
4303
1469
3088
3129
1825
889
2022
126
3342
2742
3907
2137
4135
1493
1522
1758
313
3546
1662
3538
883
3872
2342
2810
354
2277
3245
3214
1917
2636
2372
1687
2317
1265
2227
2047
1533
3899
2459
950
521
2630
1382
1332
2940
240
396
4241
659
3235
2735
1488
694
1715
1824
1433
3373
3983
3202
2442
318
759
589
4170
1294
1636
3191
568
1881
1066
486
2447
2288
2665
3805
1978
4245
553
3172
629
4064
2495
543
3533
3880
4099
4350
3196
3285
2827
386
3130
3552
4336
2280
2818
809
3576
196
3793
687
2602
3661
3794
2859
3873
3109
2126
3105
471
2396
4370
2958
2867
3584
1077
3258
550
1766
4107
3008
4293
1395
400
381
655
3120
2281
1362
3761
527
1323
1528
1183
1556
2079
1867
1210
2393
3218
497
1850
1780
2930
3009
3407
4088
1842
627
45
2970
3452
329
3943
2258
496
921
1078
164
2220
573
2454
1926
3474
1098
2978
2283
1731
1520
1491
531
154
1171
2798
4156
1617
951
1001
3550
3283
3383
703
460
193
377
1422
2848
1094
2176
2062
4071
1739
1476
1907
751
3334
2578
2388
3876
1404
2151
841
32
82
3567
2558
2206
335
1430
322
3901
3292
3273
739
4271
344
3499
498
2690
2565
990
2726
4086
2276
4101
872
449
2423
2286
4075
4114
1524
3479
167
4240
2730
3247
3909
3343
4331
2468
4382
1794
622
1049
2663
2820
3688
1237
3903
770
2024
1504
4381
2710
2445
2883
435
1583
4161
168
3309
3549
1848
2922
2010
2067
2762
3140
1913
2319
3420
2721
3704
374
1939
2431
137
1696
477
1508
272
2784
3467
241
2821
1334
2717
542
4445
2262
3630
2430
175
789
1930
1122
1886
2307
1326
1738
2165
824
3513
2389
2237
2184
596
724
2037
2492
43
2963
3159
613
864
3744
2851
1562
842
732
3501
833
4302
3364
2534
2089
1060
785
3561
2146
756
3881
365
1683
369
653
1284
3705
3525
1969
3840
4340
1495
2590
3592
2021
3995
3908
2486
3005
2284
108
1828
1231
1810
2244
2684
3665
3735
880
720
1980
3765
21
2309
3888
3717
285
3507
4266
2780
420
1827
2794
1067
2694
3333
3445
4134
3623
1081
3655
4041
3450
481
1157
463
3220
3564
3095
1255
3437
1987
2840
3253
4092
2072
4290
812
3411
665
3547
2395
1897
2973
1354
36
3110
2292
1444
743
3535
3797
4418
3783
869
1224
3030
4162
1076
1378
610
2142
2633
4171
3627
3532
403
3327
3097
624
3329
3837
3244
57
2715
4419
1665
3315
4061
3228
3150
859
1184
4391
3269
1691
1990
1570
2538
4400
3786
3683
4059
1732
3651
2298
3408
4235
2809
2179
3566
1279
933
3857
3949
3287
4190
3927
998
1138
4080
2629
2463
3741
1896
1256
3067
3050
4095
2002
1336
264
863
1141
1949
4217
26
4330
3972
4430
179
985
4229
3176
902
3351
1914
1204
4016
1661
2422
1112
302
2849
1025
2627
3094
3297
3007
2228
2981
1051
1698
1902
604
29
843
330
1264
3851
4125
988
1038
533
2241
221
3745
3989
3153
2518
1511
2986
1705
367
4306
575
730
295
2525
2540
3262
2904
1598
2193
2027
2640
2621
4105
4260
2917
1103
1932
819
4262
1542
2012
545
2804
4395
3800
160
3787
2815
1836
4081
3438
3928
1807
1393
1452
2928
3307
1246
2814
1666
2844
4051
4003
1114
1007
3278
2125
3756
2129
452
2082
1254
2090
3579
4253
2639
165
3405
3310
1912
3577
2911
3860
3746
1899
1227
1911
1286
1592
647
731
2599
3350
349
619
1641
1518
352
2816
1674
4072
1608
4155
4348
2943
515
2514
2609
3728
1521
1379
971
4060
2743
2122
2019
4038
3554
3074
2222
1646
2346
2353
3605
1046
4160
3978
3409
3689
99
2185
1544
3580
3101
3062
524
1647
1071
151
4192
2352
962
3036
3483
3680
1545
877
3645
1298
4178
2371
3522
3400
4039
2953
4044
2366
1964
3136
2412
513
2556
1925
3628
2120
2488
110
927
1345
3598
2662
4413
3769
1084
3764
2808
2511
2254
1797
1082
2141
1047
3239
3427
78
2350
2892
1676
1543
2386
4334
389
2941
2322
1921
4228
2781
1456
1712
3027
2617
4187
1607
4397
505
1376
945
3732
418
1130
3209
37
867
3295
4205
3815
3646
1781
1418
3832
2248
688
3087
3022
3848
333
2618
4096
2532
3640
1411
3694
3620
1156
287
3634
353
2139
4347
1425
49
2750
3902
2625
2551
3268
2644
644
13
2225
2243
3933
1116
3261
3356
964
1837
3937
4097
1785
4402
1981
3918
2159
3981
919
2622
3970
4387
2588
25
1764
3551
3990
1462
1059
1384
4159
940
2956
327
2966
896
4319
1634
3066
2638
4328
1720
3926
3144
2857
3115
4247
2957
2919
320
3542
1174
1466
97
1285
2408
1832
4176
3778
776
2646
1086
4179
4201
1340
3890
3588
1133
2433
102
4186
101
4210
139
1618
3777
283
114
1669
1271
448
2545
3139
1454
2074
4258
2657
2573
3822
2053
3700
678
3038
1165
4074
966
3505
1651
2099
3457
3859
549
1008
917
3562
3011
1974
4213
595
1993
3975
2048
1072
48
2921
2407
2136
1748
1668
4411
2628
1737
2579
22
53
2670
1230
2991
3706
3616
2868
3478
3885
790
2017
407
1597
2796
2955
1372
3790
1391
2255
1155
1579
3041
4375
3441
2415
4031
2158
1871
3955
3078
4274
3173
915
4399
3248
1779
3118
406
4255
4349
1517
132
3844
3779
2613
3274
2306
2700
3162
4352
4204
1649
539
3572
4276
2259
35
229
1484
2757
1507
817
2031
1349
1158
2092
4144
3489
1177
3476
4225
3506
3015
2394
1892
713
4053
1017
2987
1173
1535
4149
1938
384
2503
1822
2043
3625
1710
3149
2345
733
4339
3511
4068
2907
2668
522
1585
1316
4429
2863
1371
261
2299
992
3508
56
654
1492
3987
2417
1757
332
2903
2490
2739
2305
3213
3010
3635
808
3107
226
2507
1088
296
2932
1302
4332
2770
2023
518
3589
633
1753
235
490
3976
750
652
1963
1968
4365
1855
4318
2304
350
4090
3721
1115
3755
1333
2909
3962
1118
2944
3272
2658
324
680
3344
2285
4369
683
3045
3671
217
1052
2983
228
3936
1031
2294
4175
383
426
3631
4362
419
2702
2080
4246
1091
4223
2426
3406
2611
1783
462
2472
1413
1823
3853
1553
242
2263
412
2655
551
3958
2825
4013
4396
584
3509
3492
212
4385
1743
1868
3674
612
4043
2887
574
1856
3988
2714
392
602
982
1537
2566
258
65
1453
1269
1148
17
1438
3337
3618
209
3812
1817
2190
2282
4281
1153
1481
440
3422
3529
172
1398
4008
507
3025
3185
3460
2826
838
875
72
337
534
4084
2208
1621
3135
1796
2615
1955
805
2985
2967
827
646
1242
979
2502
716
3106
2118
3639
2763
3003
1367
1315
2790
1244
11
3339
1962
636
804
1040
3179
2747
2693
2975
424
370
663
1501
3593
2007
2745
98
2413
2257
814
4054
3169
109
2925
2414
3023
2596
1603
1997
3883
1472
2853
3428
443
4195
673
1986
3869
105
3080
143
2631
2766
3521
830
1620
1320
3952
2100
2153
1942
2708
2070
4023
674
1775
189
2544
1125
2679
3544
1169
2899
1740
564
3219
3227
3442
3716
2531
1056
3966
1124
479
4152
1494
3763
73
523
4321
2256
1420
4408
560
2624
1434
1918
2379
4297
2267
211
932
3465
3570
2329
1873
1626
345
83
3823
1011
1377
2320
2211
1423
1042
3368
865
10
1778
3002
3282
4122
1632
3868
3895
544
4087
656
2561
213
4224
1664
696
2223
2838
2858
1587
4028
459
1055
3486
3904
461
267
1070
793
4172
3096
3259
1859
3039
208
1443
292
747
851
1160
4392
3738
3555
2506
1916
1510
632
2344
4214
3462
3289
4010
1202
1477
3444
4077
4439
2448
1109
2569
1475
1236
1027
1373
1439
1833
245
1798
690
3621
4022
637
592
1891
2138
1697
1110
1313
69
884
465
28
3993
813
3931
511
509
4146
1565
3143
2845
3879
2065
4414
1181
639
1735
3321
1314
1239
231
3924
185
4212
2105
4380
1814
1163
2729
2926
2458
1961
3254
2576
3091
2791
4142
328
4307
3609
2969
2362
2510
2133
3537
2755
3394
1369
993
183
825
2924
3543
1100
2680
2475
3842
597
269
2634
4316
130
1288
2980
3714
3127
3801
4002
2484
2438
2205
254
952
1725
4283
1774
399
839
3000
3720
346
2035
2982
3284
178
3443
2098
4182
4351
3633
609
3711
1154
96
4294
371
3906
630
936
3846
4158
1569
204
2669
4094
2213
3201
2046
3192
3042
3984
3816
201
717
197
457
3725
33
3265
635
1064
3828
1905
279
1263
1120
3013
3941
981
3051
364
394
1392
689
3743
4007
2287
2896
3128
3697
2064
2756
2974
2977
171
1893
4273
818
3939
1906
453
4428
248
4438
188
961
579
3114
706
2864
4126
2030
1941
3587
2115
3771
1935
2020
562
2516
1319
373
2112
3117
1879
90
1325
2649
3636
4100
957
356
2432
1711
2683
152
3028
487
469
2247
1527
1700
2055
3352
3052
4278
1198
2553
2920
100
2905
3164
3841
691
3108
2740
3019
476
2716
3503
4049
1862
301
1609
2235
1015
3948
4254
1218
2509
2341
4280
2018
3707
2361
3831
3660
2436
757
667
1678
2603
1359
606
1756
1006
1182
1339
1866
2164
263
892
2895
60
1648
2557
2964
4083
492
1142
1506
2242
4198
121
1575
968
1074
2852
15
2094
2616
1952
39
2499
1573
3288
1429
1258
3090
1281
999
4150
948
2805
180
3833
2648
3814
976
1194
3648
4295
268
1474
3280
3157
1755
2470
3264
1167
2736
1671
1829
3858
2403
27
3415
1574
1876
3433
3418
173
174
169
1287
1303
3715
474
718
1638
1789
3953
1321
3395
2106
2748
3753
2187
3435
3650
298
2061
4256
3759
1672
4185
2410
780
2979
2058
2471
104
3813
1380
1043
853
3578
161
2699
3985
2752
2033
3137
3138
3031
628
1943
2425
1965
1514
3799
3255
2610
2056
2761
2200
762
2476
1346
1408
4215
493
3346
3672
2195
978
1693
4443
3838
3475
446
866
2409
868
3782
4009
3736
3977
1580
308
554
3210
378
2302
361
4325
517
3921
1259
2831
23
52
4042
1714
797
436
1113
387
1146
3077
2245
3923
2672
4403
433
2860
2527
133
1410
697
3894
1168
3502
4416
3001
3296
1102
2451
3847
117
3300
95
1883
2119
1818
3698
3792
2734
2252
134
3121
3446
2764
3082
3773
710
16
650
316
2116
700
3992
155
926
3454
1736
19
4015
3565
1134
2491
1555
2725
3093
795
3997
1121
3710
1857
1068
2134
4279
123
1599
3911
138
3146
4433
3197
3610
3781
1933
422
3298
2385
326
1009
2374
3361
232
2278
3414
1402
3448
1180
800
177
2661
2651
2416
1539
4379
806
3925
3877
1596
3347
4420
4425
519
3063
4272
2681
2181
4216
1677
454
2175
1035
3944
4032
1090
3657
2713
397
410
2096
3386
2194
4012
1375
1741
748
3656
3754
1744
1975
555
4137
375
7
587
2171
187
1805
1704
4335
4027
2695
3040
1403
559
3866
4184
972
1117
1803
1502
4109
141
3490
4138
3034
2772
1355
3232
2003
5
3250
3802
3354
3125
2338
3865
4111
803
3516
1041
3338
3142
111
2036
3320
1205
2559
3654
112
1928
4108
431
4036
1019
341
3167
2289
145
2543
3366
4227
2724
2972
1414
2801
1197
2473
1306
1532
930
6
2945
1747
40
2481
1576
4102
3160
4130
3808
3519
3496
1959
977
3190
1815
427
3126
1249
93
3263
4249
1054
1149
3330
4366
611
1854
3575
1839
450
118
598
2044
321
1595
79
821
2652
4106
734
3559
1036
1162
3158
1640
3401
2364
529
3306
1225
3514
4435
2659
1348
2592
3206
266
3065
1485
1179
4066
2230
2885
3380
297
2214
2291
163
885
3316
243
3798
4236
3363
1276
2843
2296
525
9
1044
3026
447
2204
1730
2189
68
3973
996
304
2219
3768
695
2183
2095
2660
3461
3647
3491
2391
1061
1253
