794
3226
2937
1978
963
4071
1217
2014
1804
4360
382
198
1089
1018
1971
3155
4410
832
4148
1226
3999
2768
2819
1548
1126
1337
1469
218
3421
980
913
3440
4291
728
2595
86
4131
2626
3049
2572
1278
4368
1816
1552
799
119
651
1624
2127
322
1765
3942
1761
3203
546
1209
660
2710
1709
2423
2806
251
3569
1564
2151
4093
2381
563
4401
3803
2167
4154
3283
1567
3534
2249
878
2239
435
126
553
1687
905
3699
1900
2550
3334
416
3055
3889
3596
861
2797
2970
4239
541
4286
1206
379
2749
1707
4376
2962
3821
1989
1800
355
939
1654
429
1513
3112
942
2913
2828
1307
1366
2933
1014
1404
1386
2449
2833
1471
3464
3084
3614
3335
4035
1299
755
2001
3161
1944
2443
3243
965
3526
1241
480
342
1467
626
2897
3129
1479
4374
2319
2202
531
4384
237
4323
417
4139
1395
2650
124
2701
4415
2989
3920
3748
3319
3345
2147
1976
1994
1140
2914
2434
2419
2365
953
2073
1758
3311
1889
3704
1476
894
3891
1062
1948
2517
3733
3487
4052
4017
889
1482
3856
3230
2081
2154
1323
3020
3270
1604
1956
3224
3132
3740
3539
3541
3152
2580
3571
4299
3
390
1432
959
1078
2441
841
223
2935
3122
2063
3324
1731
2554
2404
1092
1881
1335
2335
823
2424
2558
4373
1277
526
4427
3919
3622
4230
2274
2918
4442
3182
1924
2028
1190
2097
3458
339
411
1519
788
1350
2315
1777
826
3653
764
2712
3156
2793
344
895
782
4359
2261
313
4357
556
583
1667
2886
4127
1792
2447
666
3864
3089
4353
1752
2140
2837
2999
617
1049
946
3305
778
1251
336
1578
2784
2314
3189
2052
3134
3195
1033
4099
4329
3806
514
2357
1390
1658
496
3901
3969
2775
47
4388
2016
2009
847
3166
1273
1267
3360
516
4147
3818
3378
1522
4183
2786
1977
3811
1143
215
540
4075
3431
1021
1401
4110
3193
2738
1396
2890
3791
202
3807
2431
2512
1724
449
271
677
3824
4004
2581
4341
220
3870
3225
2477
442
916
4086
608
4338
950
3809
272
3679
1650
3712
3362
3207
1237
85
1631
3258
2688
1782
711
2075
396
1825
70
2331
908
921
752
846
3029
2759
1702
2586
3608
4107
2316
4064
2062
3517
438
4381
3177
1872
3836
2665
2383
1681
136
3495
2647
4197
3277
1745
2157
2862
1447
3035
2549
4441
1096
3202
466
3871
1660
362
1433
2321
3175
4240
2110
568
3410
300
935
3946
1652
1247
2719
1719
1442
2372
4327
309
1290
3293
2126
1947
3922
893
3991
938
363
1750
912
2637
3796
3403
3854
4167
4354
1083
1644
500
1516
2454
2598
1907
3770
3399
1830
1729
2744
1636
3903
904
658
1028
3348
3686
265
236
3407
1746
3233
3930
727
170
1940
2600
45
4422
4188
214
374
3932
259
2351
3205
2810
2406
558
2671
3323
2563
3309
2718
1261
2464
3102
2562
1870
4370
1512
2182
253
1999
3303
4241
2992
2906
491
723
2478
3675
537
2526
3165
2950
2107
156
3057
702
1834
2685
2848
2450
3187
32
503
2201
2730
2773
1449
2774
3530
129
2206
4055
477
2215
3701
1381
773
2440
3276
2678
4324
2910
640
2541
230
3223
1643
2866
377
207
2462
4275
1950
2674
1293
4067
3767
643
4257
31
1428
1984
2005
766
432
1362
3285
2882
1901
2281
2948
3900
3488
4076
722
154
3017
4005
2642
3760
2846
3473
1970
594
222
1688
4153
2111
828
2251
3145
1863
1525
532
2397
2354
354
1272
1802
4078
2388
4336
262
2996
3376
2834
115
4118
679
2349
906
2497
3775
1032
3968
1998
1566
983
3317
1448
1749
3752
2799
3568
1322
2847
4141
951
2762
648
2453
3299
3793
1297
1093
1809
1001
3308
1689
4271
1215
3047
1703
538
1144
3388
1026
1095
2085
1427
1508
777
1421
1890
3024
741
860
1342
2824
1696
3820
4169
2894
2411
2435
3148
205
3237
1996
834
2505
4222
3371
3119
1515
4412
3603
2704
335
4034
2137
310
1849
3817
1685
1436
4331
1431
3085
67
2602
3060
816
3960
807
2209
1445
3021
657
3217
3776
3059
184
451
1152
4250
2958
2359
64
2093
1343
395
1257
2428
1328
4001
879
3557
1869
1589
708
4199
2691
3690
2760
1004
1351
881
822
4404
62
2236
3692
787
3726
1769
1487
3174
2132
1075
4424
4063
1600
3739
1409
3109
2965
3668
3601
1080
1312
1185
3695
672
4267
1801
3325
1296
2273
3281
3469
923
1694
4101
3349
2402
2258
4207
984
786
4168
1193
289
1546
2741
3574
4277
3573
3606
137
1441
2340
1531
3191
4263
645
59
1291
1819
1446
288
1172
1360
1440
318
1
969
2220
2938
1170
2276
1913
2872
3402
2798
58
2767
4312
3171
3909
495
3273
4018
3353
2842
2643
784
3215
3691
589
4000
4133
368
625
3430
1864
3863
907
4048
4196
2373
1065
3304
2690
1489
357
975
2224
4315
348
3497
3168
873
199
3154
1605
772
2079
3076
2038
768
561
4296
2376
2787
591
3383
3536
2641
2229
4389
761
1617
3719
3718
1405
1850
3567
4115
1034
2939
1560
3959
1734
4173
1583
1773
485
2455
2367
3294
2623
920
2128
2324
1840
4304
1327
2949
2356
528
3552
216
3172
1534
1682
4398
2152
3685
911
1229
848
3068
80
4232
1851
149
1613
366
1189
1751
2253
46
3447
3510
2400
3054
1010
2265
997
4026
3312
4079
3730
1788
246
735
671
2047
290
3331
4143
2530
1549
1003
4170
2104
71
707
1867
506
2871
2585
2997
3772
882
2334
1910
796
257
2086
3286
338
3336
3998
140
497
1540
2607
622
3070
856
712
2280
8
2823
2197
3130
4333
1983
4252
2952
472
738
434
2519
4163
303
4161
590
404
742
973
2121
3032
3512
1591
2737
692
3957
1208
3789
3540
4045
2270
3453
2930
3661
775
4251
4311
3484
2123
498
3377
2380
4120
1301
2923
2788
3221
2601
751
779
3372
2399
1136
3012
2022
2333
2330
3123
615
3843
3373
286
1762
2785
4313
2753
3849
2029
4405
4364
1338
4019
4135
4180
2446
849
1171
1992
44
1037
3419
162
3641
3899
122
4050
3983
2880
4320
2542
385
347
3835
2675
1670
2686
3615
1635
1430
1763
41
1098
3954
386
811
1882
1875
3098
4363
2456
1586
1904
1105
4382
3504
2317
437
4040
3666
1265
1176
4033
3673
1496
1637
4358
721
1786
4056
1536
1358
4268
3632
2529
3482
3318
4194
2667
4020
621
2323
1106
3332
2238
4089
3222
2303
3181
210
3845
3072
2145
4298
3046
2188
3180
901
1289
278
4394
3485
3170
4437
4070
4310
244
4265
3398
2010
3830
234
4390
3550
760
3882
1353
1995
1806
3014
3328
3494
1132
3133
1659
3116
441
1016
603
774
2515
3212
3678
1721
739
1716
3120
4203
1639
2666
2300
2593
573
393
2480
669
1368
2148
3839
2632
4314
1292
1754
2807
113
1455
3774
3855
413
1077
2301
1715
3105
3302
1692
2482
2135
2771
3624
3480
642
2084
2042
2567
3967
1394
3241
2318
164
2604
3943
1030
566
4200
2487
783
4326
2608
3626
1150
3682
4024
1187
1147
2568
3370
3784
186
2537
2861
2855
2445
4378
1497
3424
2232
3667
2495
1085
1795
3459
2746
2578
2004
2295
2891
4423
2088
4156
75
1675
3499
2149
2168
4242
2597
2174
3619
2059
3471
3914
3867
1551
1097
2635
1252
3898
1557
3355
312
1039
3188
1491
1219
486
2392
3359
3033
2968
3527
1606
1845
401
147
2369
1387
158
4284
4245
570
305
874
2520
193
4444
1655
2312
3037
699
3523
569
2673
1490
89
3827
809
758
3064
1087
1437
954
3546
3111
835
3583
1478
3481
599
3083
1151
2835
3249
260
1356
535
1556
135
2587
2575
2720
167
3163
1013
4434
270
4367
4237
2854
3681
3245
144
684
1612
1131
1523
1630
3477
176
4293
3455
3436
914
3257
2275
2339
510
3688
3576
66
1464
3279
967
1939
1294
1593
1723
2382
1483
989
358
3834
1653
1473
2789
38
3594
475
2630
3907
3548
1183
1929
2703
1250
3804
3893
2325
3912
2877
2279
888
1690
2234
802
2522
1915
1069
2709
473
2813
3872
3390
1699
168
928
2777
2779
2620
3595
3184
3343
1903
107
3825
1772
605
280
1196
4287
2898
4014
2060
2959
3896
227
1885
1499
2474
1191
1363
2368
1538
1934
2277
2067
2172
1451
1541
1835
3862
3611
1435
1927
634
2000
1673
2994
2311
3493
1717
1533
2467
820
2940
3794
2961
2733
1601
4292
2057
601
918
1412
4393
675
3644
3204
4231
3531
2198
1695
484
1953
1898
726
2240
233
2619
3538
2705
2984
219
4432
3385
3810
2076
2721
4372
1920
2508
4219
2108
3731
2268
1979
1878
3581
3420
3009
2820
745
1614
1245
576
2466
3251
2521
3947
3375
2264
2732
4269
4062
3709
3805
3986
1129
1841
3762
1248
1524
3617
3470
4301
1137
2722
2612
1480
2328
1199
580
736
3723
2006
1201
2283
1282
1686
704
1048
2169
181
430
1594
2363
2876
1094
334
4342
2524
1865
3392
1848
3659
1884
3183
4189
2113
2682
1787
240
2221
2
2216
1111
116
2087
1844
715
4406
855
4157
14
3734
2677
2226
3389
3088
1559
898
3996
1547
862
299
4073
1195
3980
852
765
2498
1188
502
2032
460
931
2109
4308
1214
3416
631
1058
2199
2040
3979
960
3449
1357
870
1000
1238
2398
4128
54
3381
3963
2570
1991
668
4151
4098
536
649
1406
445
2594
1262
3358
1821
2358
681
2936
3008
3586
2439
3434
943
686
3584
810
294
2207
1706
4259
3186
1852
3099
315
676
4088
4132
600
1260
150
2841
2390
2888
1175
3211
3397
4164
4030
2776
763
2902
3780
3558
148
4165
1374
3582
1509
1066
3425
974
2045
2676
2800
1679
157
1581
1203
883
3658
2827
1397
1877
1662
1657
2692
88
415
306
871
4058
4344
1220
1232
3663
3131
1460
4282
63
1759
703
4166
42
994
2879
2401
1572
1308
239
456
4305
1347
1550
3200
2124
3393
3391
925
470
1811
2870
18
585
3387
582
317
1020
2867
2026
1388
325
1383
1951
4317
2160
1450
1426
3819
521
2091
941
1399
311
550
3216
4121
2083
2103
2501
4123
192
3086
4208
2636
2144
467
3198
990
3069
620
3876
1954
2196
2290
120
2286
891
3267
489
4440
1616
482
3260
3604
4065
670
3369
3500
3396
934
74
2387
1739
2995
571
439
3696
3965
3016
1766
3758
947
34
291
548
3452
3629
2539
2758
277
2792
3236
3684
3974
2355
3061
1400
3935
250
2393
4244
2811
662
3727
3292
641
2493
77
3235
929
1923
2442
2210
1504
4285
1457
4006
4119
2990
1488
2173
471
1642
2830
2041
1520
458
408
1894
1309
2859
3749
749
729
586
2347
2978
1300
508
3938
2024
3829
329
2627
926
2170
128
1456
93
2131
2740
948
1345
1088
1494
3011
3674
4290
2796
117
3931
2974
1579
519
1389
2509
3475
4391
1344
1568
746
2763
3537
902
1965
4279
4260
1050
3694
3127
187
1076
1392
4375
1070
2362
833
1505
4302
1935
2599
3757
724
2769
3511
1134
2048
2957
316
2556
138
4369
3598
4261
1570
797
4417
1661
1838
804
4057
2183
2909
554
1168
112
1743
1756
1738
2708
1177
2352
1067
2869
850
664
2061
3417
1040
2943
4084
243
361
3958
340
1420
1585
3714
2338
3648
4178
50
1124
4281
2475
2116
1246
2284
771
2887
511
3091
542
1022
1157
1611
221
151
4306
3707
2661
2353
2745
3291
2391
3255
3786
2259
226
2971
971
1755
630
3315
2250
2425
2644
446
462
1393
204
387
3118
3045
2651
606
2020
2142
1693
2631
1506
2377
3746
523
3877
1595
2832
2305
1145
1492
4258
1710
3197
376
302
2150
3689
1346
78
2662
808
3338
1936
21
3295
819
1410
4387
3108
2557
4159
1797
3167
961
3737
1222
1116
2895
33
2588
2185
4349
3841
3246
2017
2002
3625
1081
2414
2374
1997
1019
3884
2573
3018
2838
3623
3600
3501
1664
3502
2920
2794
2194
111
1236
1831
3831
609
3271
1529
838
1253
419
4399
3327
1230
2244
248
29
1521
3253
2141
3289
1668
3300
4013
3973
3883
3664
2836
1569
4012
1355
1855
1268
4036
2896
4254
3878
4059
1318
3013
3268
2977
1974
1468
327
2473
481
2285
2660
1726
3442
4414
843
3987
3339
1828
827
3833
858
1518
2484
2804
4137
26
2893
2916
696
2502
159
2885
3522
3646
3755
3972
2433
319
3301
1942
1678
2056
3022
1205
1638
2639
1891
2629
3003
2715
1138
3894
1883
1799
2716
4217
1814
3647
1925
3141
5
3508
2058
3333
562
1725
195
3066
4193
333
2175
2278
1109
1227
1790
1284
3751
1061
2189
3792
4124
3092
4022
1223
3618
1810
499
2577
3515
3244
3955
1104
2954
2653
3657
1015
3639
1853
3859
3937
1837
2903
1213
933
1025
2801
2860
2924
830
2928
1349
4210
459
3428
2267
4379
1839
68
3897
3813
331
4172
2840
1651
1325
2750
4042
2412
3254
3296
3486
2421
674
3665
16
3634
579
2379
1757
3015
4274
718
2546
1369
225
529
3185
3777
1074
469
2506
1677
123
2297
464
2649
2780
4334
463
60
3609
1373
1603
1580
1027
4054
1423
447
3364
20
1224
1741
110
4383
2648
2053
3079
1921
595
1120
839
3781
2507
367
1443
3048
2304
3911
1938
1626
4150
880
1919
4190
4108
2204
3444
3456
701
3970
3895
1634
241
267
2361
4396
1598
1462
188
2136
2146
2826
4430
4102
996
1962
743
3858
4403
1200
173
1012
1249
275
3579
3565
2095
2695
3005
2584
1714
4092
3269
4175
3451
1418
3078
1036
98
2494
2343
3150
320
2699
2921
3680
364
1928
731
174
900
982
2072
2698
4134
3096
544
2605
4039
3566
3406
1402
235
2518
321
3513
976
505
2857
255
3881
3908
1730
3956
890
4413
346
2187
4113
3320
3256
3322
1276
2292
567
3278
3869
57
915
108
607
3082
2683
4445
76
1102
618
3052
636
4097
3518
2256
3779
2669
806
964
3990
2306
1964
4179
4192
3380
72
114
414
3365
3357
1683
1517
90
3274
3115
1902
966
453
1880
2490
3921
3650
956
194
27
1302
597
292
2364
1354
3795
2579
22
3087
274
1444
2066
3743
1952
2555
2582
619
1781
73
1535
1705
3437
1868
3716
3234
1263
4041
426
4295
2790
2766
1324
2065
3925
1576
4402
4011
1817
2982
2389
79
2260
1895
2031
756
2003
53
1046
2241
1285
917
945
2513
2770
3038
3408
102
118
279
1233
4077
4283
1911
1963
452
179
1319
69
3993
2294
3351
2254
1101
930
3433
141
160
3411
2527
36
1169
4347
3797
4187
577
3457
1071
1742
1121
2248
2591
1059
365
2112
3927
1791
2853
3250
242
4278
2548
1391
3310
2036
326
3580
534
1474
474
805
2200
978
559
1981
2469
3769
2991
2163
986
3866
604
4174
3923
3206
1060
1180
4053
1100
3027
261
2616
1857
3672
3949
635
476
399
985
3026
391
3514
3771
2257
330
163
2927
1475
3705
3199
3578
1463
3722
1833
2986
249
2911
1990
3261
2162
803
864
1501
4294
1146
4348
4158
3529
2138
175
406
3952
2190
3448
3616
3655
818
1785
3802
3426
4386
1571
4224
1555
1972
3450
1023
1808
4439
1453
7
1281
4214
254
3587
1813
2658
3337
1818
2395
3478
4420
478
1174
2329
2844
637
3169
3971
4262
3374
2033
972
433
1084
4266
1314
2511
3248
3944
2055
308
3329
1125
3121
161
1486
1704
3783
2180
3814
2592
1610
1532
1114
3588
3290
479
884
3577
2739
1987
448
4061
3264
2129
560
4015
3853
457
1079
552
4008
2370
1269
1225
4126
3483
2973
3321
3463
2533
1306
3496
1103
922
2523
2106
1615
1737
999
4226
4090
1419
95
2158
998
2725
4335
2272
3964
3461
865
2552
2222
1671
4009
4443
831
2638
3697
3519
3409
3110
3521
3346
1628
3489
3879
371
436
1918
1181
3065
2516
979
1264
1091
1815
3563
522
2298
2208
3394
800
2713
596
2863
3753
3220
1502
2625
1031
2486
4416
1545
4016
2481
2096
624
705
2941
3747
407
2944
2967
3703
517
3812
3438
932
3190
2672
2432
3209
1477
2341
1429
611
1438
977
2344
1588
2864
1425
2489
2873
2320
885
3848
4307
422
2496
733
4209
3815
3107
957
3114
3401
3368
1348
962
1711
4380
2628
228
1204
2583
3706
3902
3347
2543
829
1822
2115
3847
1562
3467
440
2646
2503
4361
1823
3844
1674
936
2781
3025
4080
405
3735
3228
1807
3698
2764
1378
3031
4438
4029
488
3627
650
654
3977
2346
2659
3525
3542
836
2332
2576
1565
2098
1553
2050
109
4351
1587
2037
1316
837
3635
2375
3415
3139
690
2652
2747
1641
3030
789
328
1133
3023
1315
1186
1672
2090
3913
1663
1599
2436
927
2851
2444
4027
1975
2046
3744
4205
403
4144
1011
1042
3918
1778
3892
1608
2680
2171
919
940
3520
2966
3435
4031
4060
2021
1255
4397
1873
1367
2458
572
19
4264
155
2985
212
697
2266
3000
2235
2736
3135
1239
177
3476
3708
518
4184
39
332
3062
2237
369
3554
487
1748
2917
301
663
143
952
84
4176
2981
4408
814
3282
1149
2980
1876
1352
1575
2448
3852
1732
1452
2687
418
3028
2858
4100
1858
2724
2413
4272
1377
3151
4138
2684
1622
1503
293
3162
515
56
2191
587
266
15
3645
2904
2089
4411
3113
2947
700
1043
1897
1933
2165
139
3720
1820
4318
750
2972
3366
2743
3128
3842
3874
716
2139
3446
695
3553
3671
910
3157
821
2488
3857
955
4339
2027
4316
1860
3787
3213
2802
4162
575
1526
693
3103
2035
520
2621
3201
3610
3861
1173
1596
1720
2816
644
10
4044
2255
211
3725
1980
2843
1510
4392
461
4032
1735
4021
4069
3117
13
3316
2849
4025
795
876
4255
103
1130
1254
1472
4003
1057
1887
3094
2287
3146
2071
208
1511
877
370
678
981
263
3764
2945
1454
359
2289
698
1514
4235
1465
1286
4146
578
493
3759
3441
2987
628
4038
598
2499
1054
298
9
389
3491
3651
3906
3715
4352
1656
3468
2657
3010
4429
3427
2606
2754
859
1646
4142
4332
2463
3905
166
3656
3344
4356
4125
28
2868
1113
2514
4152
2118
4297
1376
1946
4215
2634
2082
717
1633
2633
673
1139
3361
1495
384
2437
2611
2492
1722
551
1417
1861
1669
245
4276
217
1321
1117
383
492
3462
1270
1063
1744
1154
1380
2553
3090
4082
2243
507
3711
3885
1856
191
3039
1618
3962
3460
1740
4228
23
2757
4428
2919
4186
4366
3363
65
3147
3142
182
341
1625
3765
1700
1914
4185
3950
132
2309
3503
2561
48
3528
706
2525
1041
2975
2394
992
101
2164
564
3621
639
3192
2430
1064
3287
4247
1364
1424
2901
632
903
424
1115
2655
2932
3560
853
4227
1932
3728
2223
1542
2417
1165
1086
1334
3506
3837
4043
2963
2979
349
392
3992
813
2907
1156
2213
285
3095
3263
1906
35
2310
2043
3575
2772
3490
3559
612
1871
1866
3350
2955
2296
2326
55
1370
2405
2615
3572
3928
133
3915
652
2905
2734
1231
3160
1414
3352
1966
360
25
1320
1119
3106
3562
2371
2133
1955
2700
2262
4010
4289
1466
3669
2018
1099
1341
3800
3239
683
2094
3001
3798
1736
3713
869
3851
2205
2569
1259
2809
3176
2679
1805
1697
4236
171
757
1142
2299
710
2218
1055
3492
97
1047
1931
3354
633
3144
2693
3505
1303
3042
776
4328
134
104
1258
3640
3272
1017
732
3386
549
2100
4419
2214
2825
3149
4049
3778
1590
1035
3229
37
180
584
4195
372
3904
201
2702
3822
2120
2122
2007
3418
1228
1862
2640
3768
3953
1218
11
4321
443
1155
2510
2964
545
152
1753
3926
4068
3158
224
142
2408
3240
1803
4395
1484
4096
3754
3985
2956
3631
1957
2410
1684
4037
525
1632
2476
2808
2915
1242
295
1691
420
4074
4355
1304
2179
4253
1006
4362
3356
2609
4385
2875
2925
3080
3745
1905
1158
268
1141
4149
3002
450
2023
762
4083
3721
2184
1198
3210
3832
3840
185
1403
2350
3262
1266
197
2291
2755
2729
1592
2242
3465
169
1009
1796
52
1481
524
1701
1832
2829
2559
1082
83
3838
680
3007
3532
2969
2613
2064
713
3966
96
851
410
1986
988
1498
1718
2177
2181
958
1052
100
613
1274
3636
2134
3164
264
2815
4145
394
991
1118
3984
3445
2538
2491
1197
2694
2384
4023
2535
4256
2230
2470
2105
2821
4103
4225
3313
3126
3074
968
2186
3259
2407
2092
49
2030
2415
793
734
3638
3989
3613
1783
3507
431
3443
1943
2263
4106
3995
3125
1339
2460
1044
1434
1045
3138
1162
189
4223
3945
3400
3040
297
3941
2892
4105
781
4182
1287
753
2603
4072
6
592
730
769
3801
296
2714
2681
3936
1056
2452
490
3808
1930
2884
2282
3738
610
691
1874
533
3036
688
3330
2451
1574
4002
2953
3265
4130
1288
356
616
2889
2929
1789
3093
2748
3041
2178
1340
1916
352
3535
2728
748
1182
2696
209
2618
1607
2812
378
2080
3543
785
