2127
1337
2505
4070
4180
895
2872
3075
2236
3912
1447
344
3789
3903
4354
3909
828
2824
271
136
1400
3729
679
1457
2334
2554
1322
2224
4239
3576
1746
3830
536
3676
400
1358
1083
1003
4141
3258
1811
1482
878
2558
4062
588
164
1048
2358
2274
2897
906
3983
2650
3059
1280
1491
2006
1132
3571
942
1237
2378
2578
351
4117
1478
1971
1754
668
1470
38
686
744
3615
2196
3854
1723
2914
1188
1199
1395
541
4153
3875
881
2261
3602
3302
2086
2419
2034
2787
4107
398
531
4248
3699
2323
1290
1108
1655
1422
2608
2155
3124
417
2103
1267
147
2022
3379
1594
260
438
1512
1190
4363
1151
617
2369
3523
2042
1105
3145
1777
3133
3784
3247
3498
1416
2530
1212
430
357
3867
3585
1602
2445
3658
3088
1232
1686
2819
2902
3214
2994
3876
712
778
1845
739
1401
888
1323
1787
1458
4368
154
3531
1307
729
2572
3951
951
2730
2968
883
2054
460
2810
3739
1619
1353
4308
3217
1245
2686
3980
920
4202
1528
1653
2998
2602
2145
2073
3819
4381
1030
510
2001
2215
1350
822
2253
223
2594
4203
2013
4194
1412
763
1581
2677
1020
3825
738
3207
3455
305
3385
233
3180
2536
1556
2675
1159
2063
3086
4001
363
2
1910
3319
2900
1066
4079
4075
1703
703
582
3452
2387
471
3392
2435
2597
3740
2839
1826
3603
3807
1018
2862
106
3131
2567
676
845
3731
3205
2879
3882
3342
4285
640
3608
3311
3017
4030
278
3371
1830
2497
1944
196
3413
4271
116
4000
3324
413
3440
4014
561
85
2749
699
2906
3129
772
2439
3388
395
2738
1523
1699
3275
1612
1078
3172
3235
3803
2251
2466
1863
1029
671
1128
2710
4287
1004
386
3772
1451
2331
1234
2666
3398
219
3132
1170
2040
1770
4300
2782
485
3178
4393
122
4238
158
1786
4284
4119
3586
3419
702
1343
849
1262
3954
1235
2293
2575
2519
719
526
3541
727
1915
3119
2798
1999
4432
1488
3216
3099
2201
687
573
4237
4191
3512
810
1690
1809
2462
3863
3377
2870
811
198
2443
1433
2855
3402
1294
500
1865
442
1804
1558
3583
4323
3818
2493
4165
907
1221
2311
2978
2477
995
3335
2102
2942
2620
3493
3762
605
1771
4298
2673
2483
894
556
2024
4398
62
71
1889
1842
1196
1812
1604
1442
3614
629
4263
54
2340
2464
2052
239
1920
1673
911
253
2786
186
3084
1989
3730
1265
1328
3709
1903
1388
1356
4167
423
4120
4359
3482
816
3387
3111
2598
3687
1877
980
1261
820
681
1332
246
4
477
2399
3423
1096
1870
751
4292
1296
4088
801
3369
2110
1908
2952
170
2114
1848
2776
1759
914
3175
799
912
1467
3236
3943
168
2830
3061
1073
286
3929
2589
342
2465
3617
2335
4206
1929
3181
215
81
1637
4250
429
4169
2199
3396
3495
1538
4219
3251
137
3328
4099
3198
3237
1394
3880
4091
2970
2351
1094
3293
1629
4110
3123
1566
1631
2176
1642
1551
2308
4207
3539
1187
2719
1760
3641
622
2295
2823
3742
3196
2478
311
1601
4026
203
2392
2268
2726
2151
3690
1534
322
250
2580
4269
3724
3006
1455
3900
262
3170
4073
126
3785
181
1708
4390
2742
4133
1435
2249
931
3047
2424
45
3120
3349
3886
3029
1624
4234
207
4267
2612
2799
2727
1365
2216
1357
368
1801
1098
1201
641
569
2140
1211
484
2091
1085
497
3204
2996
273
4275
4222
3381
2076
4313
841
3273
721
3187
3382
3245
82
299
3064
2948
3607
1220
3679
3917
2537
3012
4286
115
4384
34
2908
3898
2459
2107
1335
3675
4394
234
603
3661
4259
46
2206
3685
4293
4121
947
2078
1473
1013
1546
3604
4377
1996
3308
3085
3733
3982
2393
3584
4423
2688
2665
2704
1716
2220
3688
2085
553
798
3749
1441
608
3447
2778
1217
335
3464
4132
2741
2820
3140
2871
2524
1150
871
3967
18
4245
1802
1934
527
3014
516
3500
2689
338
3134
3887
3546
4350
87
390
3504
2275
3186
2467
2130
1559
3060
2290
1407
3378
2788
1702
874
2508
3969
1404
583
557
1524
502
3188
826
3573
1978
1550
4127
2950
1616
4404
934
4221
3986
1089
563
796
1493
959
1297
2976
670
2312
3499
3791
1275
343
1421
1734
3809
1131
2586
3304
247
2273
4342
2137
1560
2342
514
1901
916
1982
832
2960
385
3076
1219
2026
396
1617
2837
1976
445
3957
2450
401
2894
259
1361
2388
2420
1733
4040
2461
2423
766
42
937
467
1992
2720
1496
589
2348
1645
3637
153
3998
2330
3590
2174
1591
2277
546
2842
1984
3479
4382
2117
411
3619
898
3574
3130
3155
2441
2866
2888
3843
4156
3016
2209
4231
2005
4326
3449
586
1894
1002
210
3922
381
4358
2807
2376
3112
1869
4093
939
409
2595
953
3991
2997
2922
2762
1998
355
1751
3212
315
1843
2636
3850
3668
3780
765
1127
306
176
1500
777
997
1406
3896
2735
786
3458
1289
2347
240
3712
4444
2280
2456
1973
1953
3599
4410
4304
2784
2161
4282
1540
1273
2877
2084
3267
2718
2328
1095
2135
3510
3767
2678
1312
24
2674
4181
2434
2789
4309
127
742
1193
4135
784
3961
4303
1907
276
184
3622
1251
1053
3684
694
439
2317
2144
1840
3032
366
86
2992
2549
3752
1995
3935
3276
755
662
2128
2773
3098
3862
921
3466
2059
3309
1692
2935
2938
125
270
4338
2663
1909
1300
3391
1795
44
1207
3870
1310
4407
1093
1904
3348
1688
3286
2827
1694
2264
4065
1721
496
1898
1509
3194
3421
486
3195
2192
1593
4170
2390
4004
3325
1606
2550
2783
470
672
1644
4333
1769
571
4241
1945
3058
935
809
1847
860
1731
1183
2744
3470
1605
1659
4370
3761
3734
1107
2515
625
495
3477
4277
1397
1635
2898
4434
3020
3231
2108
783
2667
2051
3549
4441
3474
4017
1846
491
2918
4140
1788
4252
3899
3393
1189
1460
1994
2149
3891
30
3358
740
2238
4376
4018
3946
2365
3384
1448
4211
2321
3071
4123
4020
3049
1126
2404
2565
3652
3200
4183
3163
437
3222
3469
2087
2706
1772
1464
1195
3626
1825
537
3484
3471
3552
840
1884
2025
2077
4168
2737
216
1937
2936
3727
2286
3102
3750
3241
950
669
4270
3430
3979
1623
3595
1092
3817
3788
4251
2529
2160
570
3473
3189
3416
2560
2372
3947
1724
1272
887
3930
2383
1252
1405
2000
1381
1685
3404
2882
3390
3224
2453
167
1077
807
1241
3766
2234
1033
3760
3691
3839
4048
3481
4199
3148
1950
1058
3370
3432
1890
4315
4047
2604
3663
987
2797
3550
4311
3682
220
2166
3281
2079
862
3670
990
1483
3596
1979
1687
2093
4118
585
4305
3242
1278
714
475
918
600
2083
659
3223
379
1311
3996
456
2359
3345
1226
2774
3089
2995
4166
1541
2327
4188
3581
802
4019
2642
1445
3238
2856
4331
3221
3774
3704
2641
1867
1552
4427
2585
4388
3249
4131
2028
2271
3910
2337
1564
4076
3678
4147
2109
1958
4367
2854
4240
2811
2316
2795
2930
3367
3624
1983
1171
1504
3299
3171
3152
760
94
3719
548
4052
140
601
615
2501
119
3642
4424
2512
4329
3459
1387
1250
329
1479
291
1143
3057
1584
1954
989
1719
4046
3726
2367
4085
1111
3820
1147
1614
2931
1005
4005
1834
3215
1520
2587
3116
1900
1209
4050
735
775
1727
1650
67
4045
728
4058
3776
2498
2182
2697
3055
3260
3536
4218
1301
540
2878
1282
483
1531
162
1192
904
2600
2933
3072
2004
649
547
2563
3362
3920
2198
852
3331
2709
2828
770
1430
782
4064
856
303
2240
2314
2401
3718
265
2468
1347
2711
872
14
1864
3373
835
1715
1563
318
3569
634
3230
1185
3568
3073
1308
2913
3673
1745
3191
1766
1039
3323
1409
1386
2111
1589
3336
2521
3024
3677
2411
404
2701
2746
3606
4089
2637
1295
435
2418
2014
91
3893
4327
4353
2834
244
3054
4078
3182
2202
1461
388
3485
157
2047
451
2833
3856
2999
1667
3806
2427
1888
3021
1490
1533
4357
1763
1176
1366
2859
1850
3723
1639
2685
684
3914
3343
4291
1238
2279
4320
749
2760
77
1729
2835
2300
873
1709
1469
2246
1065
758
4373
2227
206
791
288
2313
3314
983
2428
969
591
272
3667
3233
566
2656
1299
1567
1487
3517
2396
1872
580
1977
2542
1206
3334
2962
1432
3793
4344
543
752
2075
2232
1689
47
1926
2690
2301
4288
1636
1382
3225
528
1681
2068
2442
3424
3907
2169
1582
658
909
2363
290
3453
307
2691
1878
1761
736
2861
2959
1476
59
66
2768
3070
1882
1923
227
2373
236
1782
823
3701
905
3165
1293
1331
2785
2645
965
925
1016
4337
2607
4101
3834
1026
3942
1
4034
2455
2485
1106
480
3873
631
963
1140
2643
3826
421
4163
2147
3283
2517
723
4115
2011
3692
2570
3318
2402
4230
1203
1508
2883
4006
3591
458
3965
1627
3292
1248
2126
2283
3901
2949
4312
434
4161
1525
1075
2400
2197
1360
455
1991
1374
1351
2571
1021
309
1554
2623
4345
2759
3849
4208
2212
146
4136
251
550
193
512
1749
1436
4157
1428
3266
1780
4336
2231
1841
4437
4409
3193
2029
289
1327
3439
3558
218
1137
861
1152
3340
3332
508
1768
1215
4098
4067
3597
1752
2265
3845
1758
64
3376
1924
2647
3431
1675
501
4164
2495
1885
2676
923
3397
1750
2440
1536
4024
3821
3429
2270
2867
2009
2381
3855
4389
252
2431
393
2753
1658
3643
3959
4412
970
32
913
2568
1728
3488
675
3530
2705
3083
2406
2721
314
1028
3693
2303
4086
3068
3203
879
8
1000
3748
1851
3775
3582
2487
3827
1844
380
336
473
2038
754
2806
2325
2157
1794
1277
657
2104
1257
3312
2097
1080
1652
4154
1037
787
3305
441
759
2771
3294
3758
4035
3004
1515
2207
3794
692
2479
3166
3974
3
402
2817
643
2324
1660
1516
1939
2562
374
2777
651
4296
779
1062
237
3069
257
741
2355
3810
3372
4033
2574
4415
1630
3919
715
994
3644
1499
2067
2990
1613
928
901
3104
1849
3702
1214
2626
4242
2069
2940
1069
2380
1175
4421
2779
834
1852
1317
1967
382
2474
711
1956
3009
2148
1881
3612
3611
2354
2958
1707
1947
1776
1806
889
2792
3270
774
1970
3122
1875
1600
3527
3557
2965
2813
1164
4200
2630
655
3211
3277
984
1530
704
594
722
2143
2822
1680
282
1706
3109
3666
2398
1773
4422
2682
2934
4143
1522
3659
2360
1471
2547
1913
4346
773
677
3425
4128
3183
449
1446
685
1577
3403
4301
943
1427
416
975
4317
1696
222
2707
113
1489
565
1792
2923
3037
3202
2758
2123
2045
3538
2349
1229
1136
3044
107
415
4244
3156
847
498
3925
4366
2831
1796
2953
2031
4106
139
633
2566
4126
897
3515
2887
2187
886
3142
2991
1408
1608
268
1420
1899
3562
875
3508
2693
3339
3798
17
1173
3561
986
2973
2729
3565
1980
1079
505
263
3117
1730
732
3284
1320
117
4443
518
9
2728
1434
141
584
1276
3764
2683
3147
2747
978
1160
4347
2509
3861
142
833
2481
944
2408
3269
1063
3066
3720
2985
3939
76
221
3082
1333
3705
2713
228
1270
3228
3883
3101
2035
3026
321
2415
3094
1157
1607
2532
2203
1683
1886
2122
3721
2379
3635
211
3700
1921
1803
3179
3368
1568
2662
1120
544
1007
4225
3890
4152
2660
1855
11
56
2012
2754
4060
4090
1665
716
3489
2816
3683
2516
95
2437
2633
1369
2098
4162
3296
3022
962
616
4235
4051
52
3553
1223
3030
1477
1775
4375
2975
2533
2230
1204
1571
789
910
3813
1922
1833
2065
2494
4113
966
2223
3522
817
2548
4254
2049
3316
3936
4039
2195
3992
4397
3121
3832
3736
992
880
1968
4306
3460
867
1943
1315
3352
1288
647
3570
3137
575
2649
3013
1722
185
2531
3467
609
4029
3520
2469
1990
1336
3831
431
2470
3274
1148
4177
1704
1873
1165
4179
2584
3483
2096
3027
1130
297
977
562
1339
3150
3518
2370
3050
3605
1184
3261
1472
453
4266
2410
1285
3755
361
2112
2875
945
2386
3662
2655
105
1895
4096
800
1236
1661
896
2218
2756
1814
2695
3418
3042
1986
4402
3545
1506
2904
4036
2765
1985
2257
1055
3657
4031
410
964
123
1634
1264
1163
1964
1736
3857
1597
2433
3888
4379
1501
4392
2413
2903
35
733
1119
1269
827
2089
1304
254
2579
2964
2291
2899
2613
1391
159
1411
3703
3239
2919
750
2893
2545
108
2853
1764
2724
2535
1514
163
864
1860
885
1700
2046
3769
3126
2072
3815
2395
3038
3554
3313
4343
6
808
1603
50
747
1831
3792
1384
804
771
4124
1465
3958
1507
3428
3411
1009
1326
2684
2125
1628
3078
2092
2957
998
549
112
683
2184
595
304
2352
3437
982
4105
644
175
2263
2680
1573
2272
1562
2504
3394
4260
2672
1246
23
405
2436
1466
2071
3847
1050
425
1274
2053
3511
1931
2254
3427
1113
3036
805
4032
3463
1329
1015
3451
2189
1905
4278
2926
2907
3851
3255
2491
3868
4430
4112
2603
3448
792
3708
231
2924
2056
4399
2101
821
3908
121
487
2237
2928
1621
3846
2099
1036
927
3897
4280
328
3786
1345
2993
3926
2925
3735
1822
4387
1031
4210
1936
2055
3501
831
509
748
2927
2136
2425
4144
188
1666
1334
340
976
1767
1364
1997
2282
1253
2302
3588
2840
2766
3984
2638
2036
610
1484
208
1797
2133
698
2409
4013
4175
2977
1109
3833
3713
2983
1133
3746
83
3995
3298
2917
1352
2222
696
3065
863
1233
3985
2217
490
3465
1161
1380
4038
72
4002
4295
2463
1580
991
2490
713
2573
2090
2284
2869
673
2292
2190
3866
174
2299
3502
3067
718
2389
3118
1341
2821
3167
316
865
2248
915
3246
3587
2171
194
4122
2460
2385
1099
1518
3282
462
4145
3025
1510
4023
232
264
266
3589
2905
3442
3164
3329
1174
837
869
1902
4365
525
1883
2849
4077
3822
3307
2605
3578
3011
4009
4193
114
281
3797
2889
1377
2969
3366
3927
3631
1988
3620
1839
1829
1535
4146
3747
3093
653
399
717
376
3640
2954
701
2345
53
3000
243
2920
4272
3962
890
3757
296
3001
1475
3128
225
3486
433
3592
3645
3765
2473
3007
3015
4142
3005
145
464
930
3636
2023
4187
1785
4316
1444
4027
1046
618
1403
1438
1647
3443
3948
2832
104
1259
2576
2278
360
21
3002
1012
3579
3513
2366
1054
932
2444
2421
3844
1410
3220
3262
2700
884
1807
37
3505
2343
2306
1576
3800
3823
1061
1896
3756
1110
2694
2629
177
825
1933
4385
406
746
4445
327
720
3051
3787
3412
1891
1155
1879
1008
3768
1287
4290
4134
481
3966
4007
4049
2763
394
2577
3143
2615
1701
1598
1325
4349
504
2362
2336
2812
3160
1354
3646
4233
1874
1218
1454
2708
4328
2661
1011
628
1668
2061
4220
2033
4111
4190
3528
3357
3906
1732
1817
57
2350
2981
3347
2106
1243
3253
3114
3450
2341
3547
3955
3149
2740
3087
4213
248
2003
1074
4053
1599
2105
3278
61
2017
2021
2405
2715
2657
3110
2297
3616
1019
427
101
1224
795
2757
552
3904
4334
572
2391
3564
551
2361
1918
3717
4249
4094
2364
1778
968
2095
3651
1853
4083
2064
152
68
3229
3457
2599
2285
3650
2037
4025
3405
3950
173
956
1035
1177
559
3874
55
2551
1027
370
330
3711
3326
1443
3297
295
515
4174
274
3777
1254
3344
201
2696
1263
4138
2974
2255
3153
1697
1156
4361
1121
4116
596
632
1025
3491
3741
3063
4022
1324
1494
607
2644
2394
1959
646
2020
1952
753
2590
1038
3566
1868
1044
1179
2538
111
2611
705
1837
567
27
1962
3227
3062
619
1186
4256
2211
2181
2371
2159
3113
446
1823
349
2791
4439
1082
3280
1757
2289
1993
1091
1452
578
2310
2191
1789
933
2204
4391
4066
4011
1805
1532
4176
4097
2858
48
4276
2267
2915
2094
1389
630
4408
2162
2761
3799
1914
367
373
533
352
797
493
29
4160
2414
1367
2966
151
2514
4215
3125
1609
3354
65
1043
2628
2058
2648
2353
3395
815
2929
2986
1162
2242
3364
955
3259
2610
4416
3848
2178
4348
16
2503
2194
2895
2475
1714
3330
697
2803
3753
3206
2214
2617
709
1595
7
1249
1892
4351
100
664
3852
2525
4072
1808
3972
1124
4205
2843
3445
4396
542
3136
204
1122
2044
69
2664
3902
1024
346
436
3435
1791
4137
2769
3327
1935
249
492
4330
3135
678
3759
2801
345
3892
2544
3475
3337
1104
3911
3401
4084
1316
1180
1646
229
2851
1502
762
1588
4318
836
1205
1906
1040
3524
2027
1041
3079
2175
1919
4054
2412
654
1463
3300
2115
1941
2200
3841
3525
2653
2561
689
1517
731
3744
1284
3710
1462
2725
3289
2146
1286
4403
3989
1912
3937
781
2208
612
428
1100
1149
3634
2186
2596
780
3923
1103
2755
133
3176
3199
2852
4435
4226
4102
652
1511
3351
2979
3115
952
2304
4228
1798
1592
1856
235
2043
2139
1158
1045
217
3295
3953
1569
597
985
2838
1799
440
4419
478
190
3580
293
1911
426
2030
3414
1375
2808
691
2825
3732
4041
2296
1790
4184
4172
922
803
1146
96
2496
3532
2403
3665
1648
2100
3572
3680
337
2233
1084
919
695
4395
793
3040
36
255
3023
3778
371
593
520
3138
4125
1718
4325
3988
2256
3422
3039
3361
3514
39
2489
3209
2235
4418
1893
2885
2507
2896
511
3490
4100
28
4059
2857
4369
688
1139
200
3790
4236
3350
2502
3877
3837
2972
420
1498
4294
3990
2640
4008
1743
3521
4283
143
1154
1138
2805
1810
4150
2750
1321
494
1527
2499
1378
1756
2164
3814
3664
256
3444
2944
3240
422
3853
4182
3185
414
757
4104
1726
3543
189
3941
3716
806
2165
2438
2018
302
287
110
734
839
333
1379
3356
4362
3971
1279
3722
3884
3627
1553
375
4279
2845
3689
4261
2193
637
3859
4171
2752
3944
1693
724
2048
3263
118
2250
447
3808
4044
690
155
988
3563
2492
1574
743
3159
1330
2259
3476
165
2781
1742
3462
364
326
412
209
2417
3838
1081
3341
3842
3869
2932
1359
1230
1783
1537
1393
2669
1042
3885
191
1047
1957
285
1972
693
876
2702
1258
2734
624
459
972
1857
3306
1134
2183
1565
331
1202
924
2909
812
43
2486
3628
387
3828
611
2384
1672
3496
1871
2228
2484
1641
397
656
2326
79
224
957
650
2622
3322
99
4340
4335
4016
1651
507
3031
3321
1712
2488
98
4428
1961
1418
4273
3994
3697
2374
564
3779
3232
2569
2796
3737
3092
3346
213
539
2583
1271
3144
4158
2156
4247
4253
680
1060
2699
3197
814
2916
2546
3456
4195
1596
1373
2510
2634
3151
353
2963
3492
1838
2543
178
2432
1781
1216
4224
359
3542
4433
2751
4217
2163
3516
979
1064
2523
3272
3320
2338
519
859
465
598
1070
574
1942
2555
3745
3649
461
706
2451
424
2416
1526
2731
2559
2681
3108
172
1141
1539
819
3993
187
1974
4185
1088
2458
4095
1314
3048
3894
4043
602
2050
4087
1414
180
767
2714
3610
2921
2814
635
391
2506
324
829
1740
838
2213
332
4061
1474
1017
4262
1256
2082
2329
241
319
2252
1072
587
3386
3964
3924
212
1897
790
3441
378
1117
2844
818
1349
936
2616
3931
488
3879
78
2955
3478
3783
2019
2716
1376
4212
1854
3694
3956
4028
2119
4413
958
1545
1737
2743
195
1371
636
1887
3415
2377
2892
2588
463
4081
3291
2606
2967
996
279
1068
90
2941
1051
1059
2527
3080
4383
1459
3598
1118
2621
128
2426
1153
3310
3264
1555
1101
4255
4012
183
534
3639
813
4322
2802
1071
4109
84
2294
524
1468
3454
269
3103
3446
2452
4386
4371
2901
3860
3973
1975
1402
22
3290
3556
171
663
1774
3915
2177
4429
2448
3169
1090
479
4246
392
1925
4425
3127
1960
3656
2873
2008
577
2956
2639
1946
3738
3107
3406
1198
3970
1125
529
1969
1398
1302
2748
138
1711
1633
1439
166
3003
2670
4130
2066
1928
1268
499
1587
3795
1755
1255
1115
1116
1932
3674
476
3773
2305
4201
917
1638
1056
3192
2158
560
4380
298
2659
0
2564
3097
3593
1615
383
4319
365
523
1319
3213
1067
389
3380
4420
242
1543
2472
981
3933
4214
2070
3575
2153
3728
3655
3301
1669
4302
1691
850
308
13
3801
3544
2179
555
245
1815
902
1424
3754
2244
1620
3248
3812
1529
3288
3895
4037
3041
3408
1966
2116
1423
3028
2864
1676
3654
2618
1698
1832
1618
3010
2592
1076
3921
4021
4297
1705
3781
1492
1197
3363
292
1930
160
1240
4274
4289
3271
1145
2430
454
2668
1222
604
1720
2794
1820
1827
3672
2476
4103
842
513
2770
3949
2624
1167
1495
3714
4307
1828
1579
1213
341
1949
4003
419
1429
3077
903
2141
1735
2860
3671
2739
3981
2736
3374
2946
639
3210
3529
1413
2309
2627
2780
