4251
176
2997
3811
3947
4064
2942
3806
2441
755
2675
4398
2277
3549
3805
967
363
1830
1175
313
4232
550
3517
2373
2563
537
1448
3477
3500
1278
3504
1706
402
3122
1000
278
1368
1461
4024
2834
51
1483
3416
3242
2952
338
3294
2674
1073
2109
3729
2015
3527
3960
3064
2894
32
1323
918
2839
4421
386
1552
921
2123
1
2665
3497
1493
1295
807
288
3839
2774
1301
1020
4244
2084
1350
3155
3382
2210
3458
4200
1875
585
58
4374
3358
3370
2753
1062
2793
2549
3116
3793
4019
3533
3658
1093
1421
3951
1945
3709
4393
712
2107
3464
2453
3583
3690
4219
3946
1241
1926
4117
2321
1786
4203
3979
3323
4406
2497
2324
1530
3667
2783
1547
2984
3471
2886
1787
4088
1989
322
3590
1409
2948
2102
1560
202
3836
4151
668
497
1655
4404
181
3684
2151
2456
4065
1523
220
1540
260
931
107
3854
4030
676
458
620
85
878
2113
1365
1840
3887
2000
2897
1147
2446
240
2877
4409
2560
3784
2388
648
2574
1708
3016
1867
778
1983
2303
4127
415
3275
4292
1907
643
1999
3796
1849
1428
1399
4299
1217
2623
3311
3075
2130
148
199
291
1126
3373
250
1489
4034
4382
2949
2779
3367
2866
3393
2354
1904
1455
2434
4291
18
3177
2144
2067
2317
472
4052
928
3449
75
3047
4245
4107
3692
3922
2505
2726
3362
860
2124
1948
485
2727
752
4310
3343
2325
4288
3072
3752
3821
1885
3312
2933
227
2759
2381
380
626
1199
4437
3512
2902
847
1643
2813
4350
1686
4287
2697
4326
862
2176
1447
995
2268
1096
2093
2311
3586
1405
2934
2029
377
2517
339
1878
2512
2587
1356
1703
571
2542
342
4093
725
2465
3596
1003
362
1353
4422
2450
3983
2883
66
2508
1549
508
796
3170
3207
2114
3641
711
2004
24
856
2424
3439
2898
3073
3724
2951
1612
835
3758
3788
1300
219
2992
2636
3898
368
3205
395
2411
2881
4231
751
3929
723
2418
570
3681
3909
3494
2994
1183
2226
651
2976
3423
2712
4410
2348
54
1970
946
3602
2206
4305
4120
3061
816
1642
4218
2600
2960
4376
1908
2429
758
939
2236
2968
2828
3267
2091
2079
763
840
2462
146
3392
1107
4282
3086
3037
2232
2378
530
2710
2147
1232
3236
318
1277
3772
1500
344
2635
1826
1550
2558
1089
4166
1852
244
3249
810
3057
2959
1536
1884
3766
3425
3
749
158
4434
290
1132
4329
126
2443
3767
548
714
2912
599
3761
672
2085
1136
2045
4129
3377
3033
4121
760
3187
889
2536
4344
1097
4017
3154
1467
3014
1695
2148
1075
3402
1032
1307
3305
3102
1739
4241
1105
627
416
3914
881
3637
1746
3360
1947
1172
1151
116
1995
3493
3421
2604
3247
503
2239
2671
553
3424
1721
2005
272
2768
2022
1660
3582
2149
2340
798
3221
71
4086
3907
4384
2280
1144
773
94
3447
2145
4101
2589
4118
642
2626
409
325
2157
2811
1733
590
3473
4333
205
1976
2515
959
3930
547
3998
1069
1192
398
1137
1842
502
3569
872
2970
3702
3774
4267
1749
740
307
1685
4378
2390
2682
1128
1894
1381
2097
3385
3276
4358
2337
3383
2140
385
3163
1806
3436
3940
736
3204
2689
2935
3996
1083
2383
144
3942
1909
215
1002
3070
3035
2572
1680
4141
3172
4119
2275
1636
891
3495
820
2271
822
699
2841
4252
280
3845
2331
2480
899
2961
898
3688
3606
2335
2201
2363
1687
1358
484
1433
2273
3088
2678
2619
4405
989
3111
600
3120
2427
4067
1430
1001
1958
1731
2013
1207
2565
379
914
1504
1490
558
1516
3695
129
4314
2601
286
1150
728
153
1992
556
4364
2595
2318
4073
4035
3691
3699
2487
4004
1939
3452
1881
3916
489
2062
2459
3791
282
3855
2787
444
2688
1882
4239
1819
196
874
156
1877
3499
655
3830
429
4191
1206
721
3004
528
1556
3666
942
2347
2862
2038
722
1515
207
3012
2025
782
994
4263
2396
3099
164
543
1682
1335
4368
4426
3675
2127
1251
1386
3017
855
154
127
3119
1616
1442
1675
4153
4133
3332
1745
1176
566
660
3168
3943
3046
2930
2143
4394
576
1751
4099
1627
4317
2077
4388
1458
1436
2081
1850
3369
904
938
1690
1991
1140
167
3480
3742
2279
2479
1846
3200
3148
259
895
3273
86
3607
3965
1723
2777
791
2168
2856
3615
2607
1066
3817
540
1400
677
4284
2367
845
305
3803
735
3230
4271
2937
1478
4243
2028
3653
3430
442
4058
941
2530
4211
2529
2161
510
786
3701
430
3889
684
3541
834
923
2358
41
2846
4188
2108
703
59
2121
3472
2643
2039
4346
2614
1212
4
4234
666
3673
4354
1557
1528
4432
2216
4381
2312
3536
3299
1135
3760
1841
784
1077
3243
1297
1724
432
2830
44
1727
3917
1189
3982
3378
2703
912
3434
4045
1577
2906
3546
3129
303
3398
3810
1978
1280
3281
2032
1013
2908
1623
2871
4001
908
3270
2393
4071
3834
772
1387
206
354
4098
3029
2817
1487
909
2690
3104
88
2562
1780
203
390
2360
4089
64
2594
1480
3334
3258
2485
2198
625
1777
1782
1917
1761
3020
4424
3498
184
4020
2870
2541
1639
4197
768
2042
2420
671
2440
526
1578
3238
3581
2806
3178
289
1127
2265
3870
980
2738
2126
2500
355
1092
4315
2923
3054
3174
2913
3576
1415
2308
3900
80
2215
2737
3403
3081
3100
2455
975
1338
2612
309
1801
1292
879
2474
3775
893
3629
1291
1692
3049
34
2879
3595
351
1984
2520
4148
2962
2103
2457
3548
2758
4139
1426
1488
63
3599
670
1201
1956
2495
2040
3161
2586
2261
1794
601
67
2630
1328
561
1719
2677
4423
3843
3083
315
1080
300
2786
1979
1594
1416
3624
541
1273
62
990
2167
3963
483
3399
2848
236
2152
4048
2642
2330
437
3231
4140
3626
312
854
2398
3381
1940
3932
888
4164
984
2276
482
2356
3825
849
2999
583
1098
1581
622
3372
4431
3130
3193
3704
2423
2238
770
1770
3202
2995
2746
1497
1589
2521
4296
3208
3109
1395
3384
2705
2207
2274
3055
3762
1427
4168
3131
2014
546
744
4238
46
1312
2270
3567
2882
1363
739
2914
913
122
2837
3348
3419
3006
3632
954
2376
1382
1210
3353
4006
3876
3484
3336
2493
2567
4441
3459
3292
2637
2477
8
2867
262
2057
2051
237
4033
953
950
3619
2483
4132
47
2654
1788
2059
2086
401
1533
216
1566
2313
4183
617
1317
1404
2249
1048
1870
3608
2593
2782
586
1816
4359
4373
779
1802
230
3534
2333
3679
573
1934
2847
2578
4165
82
3098
4050
2174
1432
218
3780
3391
1470
30
3485
335
3345
983
311
4338
336
1203
3180
3668
400
1512
2397
3189
1591
2721
3359
2785
1499
1793
1689
861
3410
3661
3849
4114
3696
42
3686
826
1804
2382
1385
3235
2795
536
1245
2554
707
905
1123
3432
3872
3614
192
1441
3212
3550
591
4248
3552
1864
3687
3584
3850
1973
357
3009
759
2478
640
421
1843
3820
906
4143
2598
934
3191
1440
4046
3961
3195
2182
4156
3967
1401
3021
3134
4180
1600
2501
2778
3112
246
2288
657
2087
1619
1342
4222
3285
2998
3938
1171
3573
3166
1923
2117
1835
4208
1108
294
1776
516
3279
81
1898
2447
1262
4257
1967
1812
2054
3466
1924
3226
1129
168
3873
2950
1554
532
1332
343
2835
2650
1635
3277
1601
3611
4415
531
3145
726
1920
70
4265
1310
4277
2392
1765
4360
1275
1143
2401
2464
765
3056
14
951
1049
1294
3749
1998
582
737
745
4128
512
2442
987
3835
2295
1406
2439
4202
4230
754
1586
2293
741
1652
2026
2328
2720
2498
1431
3044
2685
3085
3309
3340
4311
2797
1637
3387
2842
3718
901
4301
1707
74
608
1351
358
3980
1951
3594
1531
3396
1211
2539
4170
629
2192
1525
2231
1422
2910
3390
2522
2585
3644
2
4154
413
1311
4357
1451
3867
3186
310
764
1018
3325
435
2355
1996
3058
1763
4389
634
140
1617
2570
3739
538
3912
3218
2315
3328
4268
4063
943
907
2537
2435
3531
2735
1662
2314
659
3574
1193
1257
811
299
1889
137
3723
3032
193
3349
1396
1824
2571
4269
120
2073
467
1471
277
3068
1667
2128
498
4163
965
1977
2197
3864
1309
3198
3140
4123
3856
4323
2931
1087
3474
348
2137
1834
2667
1750
2011
3182
1247
3920
3224
3999
4331
4076
4040
3342
870
1214
960
3585
694
2602
3776
1994
1469
3379
238
1811
3957
2775
787
3539
1016
445
1476
1593
3863
2686
131
2327
3252
2319
970
1865
2891
91
3510
614
1583
1900
969
2771
1028
3211
2719
1037
1759
1235
2034
1261
2052
4293
3557
3165
1065
679
2958
2369
1508
271
186
408
3482
1670
1308
3156
3670
1971
4285
925
1654
1716
1982
685
563
2833
3303
1953
3084
1248
3317
4440
2792
935
1509
1513
3750
374
495
4308
3105
569
2264
1014
2788
2172
777
1095
715
1944
1645
3530
3934
1717
4304
2132
2246
4377
2936
4270
2063
1563
2468
1613
2575
3071
276
2069
3712
2104
3470
381
1397
1847
1769
2874
916
1903
3540
2827
1559
1034
222
3260
2253
1004
581
2784
1282
1343
480
2316
3603
661
3601
2220
2466
1950
4345
2524
3123
2406
2939
1809
3968
2188
675
3413
882
742
4173
1572
1058
2454
3891
475
1584
963
2110
1026
704
3804
4014
3730
317
4363
794
738
2742
1800
404
4286
603
3237
4110
1863
3663
2900
641
3355
1449
4309
3604
1094
1629
3901
4390
4372
284
4320
1435
4055
2799
2865
3245
1760
708
3685
2016
2519
2762
1913
460
434
45
848
1479
527
2068
1728
1606
4206
417
1460
2404
1362
3523
1360
1734
3420
3225
3597
3591
1624
2730
3215
471
2221
1729
3404
3622
802
1758
3196
521
1446
265
3304
2824
4442
2365
3731
1450
1754
1631
1659
1702
621
801
1033
894
4313
1078
3558
1482
1209
210
557
4056
1331
1390
306
170
2202
4221
594
4131
1238
1347
1541
873
3740
252
31
1771
89
1679
3571
1688
1910
115
3293
2732
3880
4237
3388
1164
937
3132
2776
1699
3910
3324
1159
3991
477
1267
2709
2706
1327
136
2550
1237
2229
4115
4018
2876
686
2060
1825
2428
2196
2711
491
947
3076
3824
2449
2965
3440
466
3969
2663
4085
2075
1190
1366
3954
1322
1872
1890
1784
3789
2645
2861
2467
2342
3233
1937
3188
273
883
456
106
2301
911
1752
3974
1491
3469
1582
3008
257
2744
2240
3217
929
788
1250
2078
1927
3089
588
3251
3794
3819
1915
2990
974
809
4207
2691
1681
1520
2818
4427
2597
2169
2399
2283
662
2258
3829
1219
2822
4240
1630
3862
1605
1929
3302
3069
2798
535
3981
4402
447
2729
4399
507
2745
1783
130
3925
3087
3268
2715
1803
79
793
29
69
833
3634
2489
279
2963
76
2507
646
2211
3783
1918
1346
1968
3159
3926
1620
3093
1647
3706
3462
3650
706
3141
1711
372
2869
842
72
3192
3563
2964
1665
4246
2338
420
2980
3115
2511
762
2757
2561
2056
425
3478
2662
2700
1315
1517
3786
534
2244
1748
2296
4433
1634
2306
3598
1379
1946
3456
3646
3535
4397
962
652
998
2639
2915
2868
3274
1336
1722
3361
3091
1805
3945
3654
2946
1228
1676
3463
3347
1130
2621
275
3363
2332
16
4061
3143
3720
3489
624
1268
392
1628
3625
2164
919
2370
73
2533
3027
2141
4130
1043
3859
3162
1756
2551
1031
2986
1486
340
1255
4278
52
2213
2694
574
433
55
2756
1319
1125
523
4392
2790
665
160
2987
28
3364
3147
4172
3927
180
3491
748
504
1785
4083
3513
867
1597
3852
3519
2252
1133
1218
123
2736
3787
1916
731
331
3683
851
2755
4179
2928
3707
993
1529
2748
320
301
231
2956
2545
104
2531
2680
4195
151
3792
431
593
4096
3018
2836
3547
1807
1364
981
2142
1579
4160
2924
1371
1963
2136
2920
2977
3529
3290
3636
9
1434
1204
3609
2857
2919
2184
886
1316
99
3544
365
2146
1197
3354
316
4261
825
3844
324
2119
2653
490
50
2576
868
2484
3781
2257
3026
3710
121
1355
3103
1060
2266
178
2884
3732
2395
2695
4330
3219
539
797
4158
4102
602
691
2840
2379
356
511
831
1931
2947
800
2250
3561
2617
2020
865
359
4439
2687
3860
924
542
2599
3832
3149
2269
1419
4280
3179
3199
2233
3743
1414
1173
4051
3341
4347
1302
3097
4229
4411
487
575
3645
3269
1149
2362
2194
3816
1472
217
3306
2634
4176
618
3857
877
1856
3971
2391
1070
1045
3853
133
595
4043
2723
3580
3301
4334
2190
152
226
1975
3417
2750
1691
403
2180
4321
266
3972
1306
1625
3741
3984
1928
4146
2259
263
1747
1672
169
1936
3114
3948
830
3038
3815
2185
3953
1453
1961
674
3167
3559
1263
3254
1640
1669
892
68
1114
2766
3737
3185
2048
819
2627
2967
350
3754
2153
3151
3610
2731
2304
177
1330
4084
3146
3094
663
1285
4077
3505
1213
328
2588
3265
2200
4227
3291
2975
1334
3250
2458
319
3460
4111
2486
3978
3566
2438
2754
407
2769
2033
3227
4066
2716
4256
3220
1718
2214
4226
2909
3895
4262
2863
4413
1876
612
922
3828
1521
3346
4443
961
4375
1046
1456
1384
1367
2527
1492
4352
2309
4162
667
1914
3213
35
1585
1827
3441
3468
1246
1962
479
1990
2991
3144
2717
1254
1242
4152
2610
2112
102
988
2408
2873
474
2471
1061
936
1959
863
4365
2310
3990
346
3135
37
1507
4095
1101
3117
1713
4385
1148
3995
110
2133
4105
1040
224
2763
3139
2377
353
201
3256
3764
1621
2061
790
3138
857
1859
443
200
584
806
161
2181
524
2371
2021
1656
330
1985
1284
465
3698
4053
1779
3001
3438
1475
2284
1949
4297
3190
1178
956
3067
3630
3714
4214
3296
3052
4011
2941
664
3315
3975
549
463
926
478
2609
4247
698
3065
1281
4142
1067
1668
1036
1459
3229
1932
454
4028
3556
3090
2510
3475
1911
3694
824
4039
716
1063
195
4205
4430
242
2247
3894
2451
3735
2982
1329
2805
1378
2591
1925
1113
3964
232
3023
2386
3703
204
3000
3928
1855
2343
3587
3680
3537
3746
2577
3697
2764
397
4438
3674
188
3282
4290
4192
1068
632
65
3442
2649
1389
968
2433
2829
2066
1184
228
518
3973
978
817
2781
3022
1828
3874
3745
3506
2138
4174
3913
3798
2491
1902
1609
446
274
462
2684
3970
3638
2262
1757
4209
387
3153
4319
689
647
2294
100
743
2698
3656
1375
2353
2082
2223
2896
2679
3031
1587
1796
3937
2564
3713
1590
2652
4253
2658
2475
1571
25
7
1115
1341
428
1223
2285
3736
3422
60
3851
2490
1799
1340
1576
750
3524
915
2584
1424
1737
2566
4082
2071
1988
4316
488
1182
2473
2364
4254
876
371
896
805
1485
101
4322
2385
1608
1714
321
3157
208
2849
248
4220
1966
4274
1269
2911
394
499
2049
182
197
2514
639
2278
2101
3520
697
3721
1912
2502
1514
4386
1042
986
1015
2046
1861
637
3011
2260
3409
4279
1086
2476
1622
1369
1090
2302
781
1304
211
3769
3003
3931
3588
3976
2125
4325
3542
3259
2796
2092
3808
2405
1298
1227
3297
1678
1891
1735
1102
2361
866
985
598
4435
3555
3892
785
2044
552
1755
2752
2628
613
1831
1056
2702
858
1481
2605
2546
2903
414
1674
2292
2255
3966
979
3778
293
955
297
3747
2131
1815
4100
3386
1626
3394
4178
349
957
308
212
3516
1082
592
2430
3955
2437
3401
1633
1778
1124
2681
2812
4155
4198
880
2494
4041
1443
2019
2416
2804
3911
3079
2528
332
2235
1372
1008
3572
1705
3066
3127
3366
2525
1007
90
3107
4356
3412
1484
1166
1897
2129
812
1588
2927
1024
3554
1919
1730
1810
1797
2099
4281
1180
1054
690
4010
4007
3605
2426
3110
128
992
4210
1452
2064
3096
103
910
295
2651
836
616
713
3655
2178
2403
2187
2506
1767
1259
2543
3551
4340
2518
3861
1418
3562
20
2422
3669
2394
1198
1047
2425
3833
2860
1022
2973
1753
930
4126
2272
804
2243
1700
3665
3885
3823
22
2955
175
2670
1651
1858
1167
1403
3443
753
3490
2228
2624
1157
4134
2205
4306
1118
3814
2815
2080
3962
4116
2375
3278
3865
2993
2901
1935
2523
3672
2904
4418
1671
3989
1055
4080
281
2241
3689
2983
1420
1099
3532
1463
2699
2191
4395
3841
39
2858
2336
1142
3262
481
1880
1177
4081
2988
1569
1618
3019
520
1271
2096
2116
688
1439
33
4371
1969
3988
696
4428
952
3160
2629
2481
4044
4021
2772
174
2885
1980
3592
1883
159
1697
3715
2844
4213
83
3476
2832
2509
3234
635
1380
2366
1408
3662
769
636
3246
440
2540
1712
628
2100
4429
733
4349
3284
225
3300
3744
2070
1074
405
991
2825
3264
3522
1391
4015
3327
2035
3600
2724
2499
1321
1120
92
3623
1352
1684
562
3108
1808
2384
3579
700
4255
2170
3451
1231
709
2660
1860
1791
3042
1339
4106
2693
2655
3993
3878
1646
2186
3618
4112
367
3800
209
2809
1041
2864
1993
1725
1243
1873
373
1117
1286
3518
4445
680
3647
2374
5
3197
2907
2532
3633
3374
4335
1402
2179
3890
1506
4307
2299
1822
2122
1899
4104
4264
4235
1781
3664
900
1503
515
2555
3722
3627
2852
513
337
1740
3985
3333
1345
1224
2095
3350
610
3418
49
2696
3507
2177
2916
3427
436
3228
4217
3616
427
4072
897
578
4212
2218
1829
3415
917
1683
2892
3310
10
933
3356
2297
2801
296
2436
1839
3790
4137
2816
850
2037
4355
2791
3101
4159
2544
1930
1205
4260
747
254
1088
412
3560
4233
609
4049
3564
2985
3822
3738
4113
1857
245
1574
1892
2203
3313
2470
424
1438
3043
3997
1333
2002
1121
4145
2417
1411
940
2557
171
3028
1064
2222
3239
1498
3050
2925
1349
884
3126
4420
3039
2638
606
944
43
1258
4027
494
2193
525
4031
859
1429
607
3113
3812
3433
559
1019
3725
3454
1743
2504
2072
333
1596
3395
2895
1738
560
2917
2036
1879
461
1462
1444
3921
2003
596
111
890
243
3365
4190
1701
1789
376
3631
187
2953
3263
3176
1122
2106
2030
384
1938
3877
903
1532
533
2217
4266
2556
1038
3261
4351
1544
4029
1393
3759
3751
3248
4272
2714
2657
56
1741
1103
4273
40
179
619
829
1417
2765
369
2957
4068
141
1896
2421
3705
932
1775
1562
2407
1921
1158
2889
1249
718
2053
1325
172
2516
166
3902
2115
1790
1997
1592
2944
2553
2415
4224
1720
3950
1599
509
3797
555
4348
2230
2843
1518
3958
4175
3136
2282
3771
1270
2592
720
2089
1035
1663
579
448
3405
2158
1392
3515
4216
1638
3435
457
98
96
3511
323
815
982
4414
2747
2644
57
4236
2263
48
3651
3716
3036
1853
3992
2708
814
1573
3150
3918
345
3640
717
1641
705
971
3010
3164
1535
2625
3578
3842
1561
885
3795
2615
2875
1987
2538
2050
3649
1076
493
1732
4009
1555
108
3708
4022
3593
1501
2932
1866
1502
1222
3048
3502
3977
3528
604
3944
1960
3635
2094
132
3352
730
1264
17
1165
4184
1565
3002
4417
1955
3711
2043
4032
13
587
2298
1119
1941
1607
3240
864
780
1615
2569
4138
3125
1174
2739
3467
3461
2664
450
1887
3840
3866
4366
4124
1146
1348
1818
1161
544
2954
145
964
1837
4283
4223
1964
2661
2921
1186
476
3169
469
2559
1071
2548
3445
143
3437
1139
2669
1359
4008
1510
949
656
2535
3034
2341
3728
2346
1230
2055
1905
1580
78
2613
869
268
1423
1314
3351
3271
3483
1303
3525
4289
4302
4276
1425
117
2640
2256
2579
945
4150
134
2195
302
4396
4400
3908
2307
792
3272
4295
1112
2134
2058
3813
3209
3613
1820
3074
93
3406
3496
298
23
1344
2065
2320
3904
53
2248
304
2413
2943
3941
1474
927
1025
3092
1813
1664
2448
1266
3095
3368
2929
19
1598
3339
3106
383
808
756
767
4036
3799
3915
3121
710
2410
3756
3521
109
1145
3906
3063
1511
4204
4042
1726
2969
3287
3879
2606
1943
453
3924
757
3570
1104
1537
492
292
1276
2150
1742
2740
4057
1057
3514
1632
3295
732
3408
2981
2648
2452
4171
4090
4318
287
1141
1274
258
118
191
4332
564
2683
673
554
999
3501
1051
112
2305
3051
3078
4109
2492
1823
4060
976
4425
1216
1009
1933
2118
4103
1116
2219
3128
3329
3015
1575
1011
1153
1239
3994
2770
818
27
2163
1957
2352
2139
519
1922
3206
3543
249
3316
21
1972
1774
545
2573
4403
3232
2189
2534
3628
4149
1202
3509
1454
1044
1318
2971
3288
3080
3717
2633
285
11
4125
2409
683
4193
3660
3801
1305
406
1610
1568
3330
838
1052
3444
795
1134
4416
1494
4379
2412
1376
734
3411
1200
4362
2622
3897
2472
1110
1539
517
3939
2734
1155
2120
3837
4215
2156
1526
360
2659
1886
3753
