2301
3692
4006
77
2087
2468
1013
2563
782
2940
2530
2047
3855
3072
921
206
59
4141
144
1695
882
2811
1085
4370
3474
1534
3370
764
2382
3120
2512
3718
967
107
2132
1593
872
931
2283
794
317
2735
1801
1108
3597
491
3907
2197
3477
381
1689
1400
441
2759
3382
614
398
3699
2467
2712
1394
3309
3116
1311
4405
377
3670
343
4296
3791
1491
3273
4119
3811
140
2104
3184
2399
3372
280
774
1848
749
2978
2207
402
89
305
1690
1300
3308
2275
3207
1089
3481
1144
3267
2062
963
3148
1624
1207
2348
728
798
484
3549
4129
907
4353
2325
4024
122
3410
2994
115
4265
3154
2110
4153
2057
2457
3526
3606
681
3403
1884
1951
4415
1245
3235
862
3595
1098
904
3979
735
1973
2234
1619
1188
1343
2418
4048
2593
1208
1
2445
489
3071
4207
1337
1427
3163
918
2398
2147
2786
4245
704
1467
325
3789
362
2688
625
576
3104
679
1489
810
1878
2746
1396
4410
3098
1703
4338
4238
2097
801
1176
739
1195
2113
2354
2279
571
1549
196
3533
1404
4434
4073
4426
2950
3258
2367
404
3531
901
2891
4110
1643
3008
3821
3402
4331
620
1127
238
2678
4345
1627
2067
3701
783
4374
1152
2428
1291
2913
4071
3702
540
4384
3658
3362
3615
4196
1564
1724
3541
4288
685
1440
879
3413
1715
3032
4019
3734
738
2355
3102
2738
2562
1903
4368
4000
246
4393
615
181
3644
873
2641
306
641
2500
2216
3292
2026
3682
3951
282
2314
1049
2161
2674
3452
2461
1261
3122
1830
2867
4070
4382
1323
1297
458
4421
2276
2381
2727
1187
322
1034
3909
1436
2890
1578
3599
684
41
3194
975
1945
1451
3058
3957
1257
2339
661
207
3679
645
3504
1277
3293
1358
2393
889
1201
3069
2300
3376
3875
1290
1002
286
2273
3762
2505
3959
4358
87
1457
4046
2268
135
1863
3130
1904
250
4412
3776
2568
3827
2347
3540
4363
3223
1080
2442
3312
3057
1199
2881
1212
761
2997
4315
3429
1087
3335
2984
3582
1847
14
3388
2922
1473
2542
485
566
357
2173
2311
1802
1131
2508
3233
3912
2647
2103
820
2009
773
1670
3818
1784
2404
3340
1220
2144
3724
3390
4305
2580
4222
2822
1613
167
1455
594
3304
3819
1729
2837
537
881
3614
2753
725
4329
583
3423
2565
3124
176
2281
1107
1721
3397
3864
2697
1432
314
2711
834
466
3180
2236
1250
1295
4173
3021
2497
4203
3727
4078
3260
473
538
3632
1867
1885
1686
3086
3500
1386
1765
841
2939
1771
1299
983
257
3739
1824
3325
3424
1552
2842
2850
1970
947
3726
2231
3619
4200
1083
4300
1136
666
4147
4194
2155
3603
3889
1164
3530
4312
660
3075
3349
390
4267
3901
1126
2246
2923
1850
2357
2137
158
2123
1504
675
3334
1522
1881
2369
2380
1584
2206
2124
46
1760
4293
3999
239
1458
899
265
2841
313
737
887
2834
1694
3171
2005
3886
3617
1482
2201
3766
106
3900
4422
4350
471
3916
655
315
2376
2645
2340
54
4390
1999
3943
1996
4377
2368
1415
244
2824
3224
2673
2792
3342
3774
4114
401
2378
659
1900
3202
4309
168
3495
1381
3673
2229
2209
1541
1688
1073
45
799
752
1431
2918
1617
1908
2581
417
363
430
2086
995
707
959
2013
1901
3231
4121
2961
565
3930
294
1252
252
186
3436
2520
4277
668
85
2083
3203
4033
1777
2554
2773
1129
1159
3129
2549
1488
2906
3061
3421
3982
3785
528
4017
1508
760
2788
3369
1654
4
2586
24
3332
692
1301
3546
1328
2455
1094
2910
669
527
2478
251
3384
954
2154
3835
3105
2431
4357
694
416
3085
2084
2908
2608
3241
127
2068
1516
726
234
1470
2572
1869
3527
1843
3377
3899
1001
3733
2862
3641
4208
396
2474
1811
3820
4157
712
1751
2045
811
3938
874
2220
3826
4132
3612
2060
1062
2466
1531
1984
1338
2440
2989
276
1461
291
2388
3236
4232
2872
4239
2317
1746
3681
3186
4120
2635
3863
1566
601
1731
1175
2293
2675
2446
1135
2952
3302
124
2117
3574
3175
1577
1604
3482
3012
711
2149
3004
1865
1382
3498
2671
2774
719
4098
832
4248
2706
1388
1910
1844
2871
70
154
3059
4275
146
1940
2396
2682
4291
581
3187
1547
1523
472
2400
1685
2199
4165
2589
2039
3375
311
4143
1430
3793
2221
1515
2575
775
2429
2441
4127
2198
1849
432
3586
1766
1350
3770
1497
1953
2598
2261
4389
1499
1383
2578
1728
3464
965
3499
1267
4139
2547
3319
510
3215
3471
1977
4088
3221
3676
2397
4191
1754
421
3637
442
942
1206
2570
4378
288
81
2411
455
1793
4444
1842
4324
74
3458
2879
2337
3862
236
3183
2465
721
3168
1614
1894
2480
3469
131
336
4252
3836
1852
1890
2817
3571
2093
1170
4292
2806
496
4282
3539
1260
973
786
1770
4244
791
1171
989
1979
2737
2785
3198
3073
3449
1289
477
2768
1924
3373
354
3932
2937
3882
1496
2721
437
626
2239
787
629
3383
908
1374
3510
2182
3871
702
2968
4231
3473
3100
1248
3318
1605
2704
3872
4320
3178
845
2143
272
2077
1631
3216
3576
3251
2238
4271
2038
2965
2166
1437
3730
1773
4135
3177
1449
2078
1217
222
2701
4123
2157
247
116
938
475
548
1021
4407
3947
1567
4301
262
273
3534
3328
1875
4040
1460
708
2797
1368
937
1479
1786
3029
847
1819
1308
3420
113
1907
740
2614
846
855
1238
1956
4211
1189
788
3243
676
12
1426
561
617
4089
1559
2232
670
1967
2515
2962
1147
2663
3455
4221
3685
3014
590
3155
1283
4299
300
400
1692
514
449
1667
1551
1636
3336
2459
970
686
147
2240
3133
1699
1275
1029
925
3109
3470
2930
2435
2798
987
3245
2677
3281
1948
1772
1877
3624
1920
1589
3431
642
3659
3266
2288
4257
1594
1525
1679
1471
1464
1000
2707
1030
4202
4372
3064
4373
4437
215
3189
1020
1809
2999
3017
1870
3174
1390
75
2612
1513
1132
2449
1053
4206
4140
4269
1478
3205
4091
953
2383
2335
2710
434
1363
4333
2691
1591
909
2776
1816
526
4364
777
4197
2760
500
120
355
3398
3416
768
1448
334
3896
883
4169
3119
1282
3
844
1528
671
677
42
4047
299
3898
3696
4327
3558
2258
512
347
3550
878
2224
1702
1825
3834
3749
2585
1123
3237
63
3378
3324
1365
1493
4230
1476
2265
1214
129
303
2424
2477
1406
2052
1039
1312
3569
3740
137
3538
4286
503
2102
3622
3998
3684
2823
3345
916
4062
622
1623
366
150
3873
237
4268
3191
546
2420
3035
497
3591
2866
3242
1075
3825
586
2942
153
3867
1706
2316
1635
2859
444
4093
4086
3922
1934
3285
3817
563
30
502
3629
1629
3425
3601
3170
1840
3653
2521
4065
3214
1707
4131
840
3046
157
3006
368
64
2315
3667
1519
3088
3200
2041
4118
203
3493
67
3161
233
3849
2359
2295
770
4323
1749
1769
3257
1939
4367
307
2387
2720
1806
4441
1923
4035
1637
3775
2111
1976
2996
2358
1982
3678
3358
415
3140
849
1601
1442
3750
2040
3497
2847
1653
1612
2456
3568
2839
2632
4151
170
2483
1262
31
1917
3226
3719
1846
3935
2539
4154
541
4076
1882
220
1524
4311
1335
4075
2419
2828
2874
1273
778
2960
3893
3983
758
2121
3488
3903
4308
2878
923
342
2880
682
1032
2081
1655
589
2051
467
744
634
754
2373
605
3661
385
816
1652
2128
1235
3089
911
271
4423
4005
729
2861
1435
1926
1058
3331
2650
4128
2524
2782
3430
1804
1441
2620
348
4219
2028
3099
38
2215
2820
460
1768
1422
3967
745
3583
4034
4310
126
3230
1026
2995
1172
568
852
3055
2686
3584
3371
3891
1362
1483
3536
1645
2482
3668
742
289
2935
2406
4303
3479
1927
3188
18
935
3788
2519
3691
329
80
4064
4133
3211
3217
1708
3404
2667
1950
2749
1296
2079
1782
3212
3208
4188
3381
456
2536
91
82
3690
822
1185
2558
1193
2933
3283
2000
451
585
3677
1221
1037
3172
1210
2073
125
3548
1717
2360
4251
4052
1401
32
4440
582
2690
3642
1644
1192
312
1954
960
3196
699
906
1445
1792
1546
1520
3275
1958
1512
2334
2762
4156
318
483
3917
3009
3359
2212
3929
2835
2779
2550
3303
3407
3723
648
2733
1241
3731
1835
358
429
1351
3044
802
3602
4241
1660
2771
1183
3758
1739
4342
2830
2719
1727
905
4234
3286
8
941
600
1294
1487
2167
1128
640
521
2912
1657
3794
2931
335
766
2016
4398
136
3839
2742
1469
3070
2327
1428
543
309
1033
2454
2689
2290
980
727
3712
501
3360
4237
2938
4404
66
3919
4298
3611
3845
1909
2176
2795
3517
2114
2011
755
4432
3761
3887
2959
3581
4406
3986
672
2854
388
2976
1709
3391
1680
1292
1812
3396
2607
4388
1097
1915
3305
3083
3748
47
382
3830
934
1557
3843
599
1758
1309
888
1387
929
3567
4326
423
4394
1558
2636
3249
4431
3687
2643
2567
2630
1780
3996
2127
2898
156
1682
3453
4045
2998
4020
290
2800
3666
2992
1581
2827
3824
2888
3829
1540
3914
1229
1360
2280
516
3663
1795
3270
1606
1237
4018
2401
835
3961
2462
779
439
3809
1759
413
1750
2990
658
2029
44
826
1327
3276
1014
482
2730
3076
149
4442
2902
2024
470
1446
1583
1913
2571
3742
2876
1272
1572
951
2855
553
4170
3980
3604
1191
1093
2321
2775
759
3870
270
2227
2793
2692
2025
3222
4341
3111
2145
4001
2253
3182
1342
1353
2423
408
445
3974
860
214
3557
2331
2744
871
591
2308
1421
2810
1048
2447
339
558
1018
1395
3399
2877
2856
1278
184
2088
4344
1602
4304
3447
3608
1841
2479
2529
920
2152
4050
284
148
4055
3195
1834
3068
3053
1681
4136
2685
3181
3963
3247
219
1642
2676
765
1929
4056
687
531
2464
2286
2654
2666
338
3439
2495
2277
2758
3132
4085
4240
3965
943
1659
4166
34
631
974
3081
4284
2303
253
2767
3643
1077
1794
990
1530
715
913
411
1151
1010
1385
3796
3054
638
848
1412
3767
1536
1752
2948
3440
2059
2349
3432
1332
4163
1357
3806
2726
3134
2108
2541
4401
3193
2135
3472
3805
3686
2970
3294
119
2900
1095
1150
1761
3954
3393
218
2594
4313
608
1586
2356
2174
2833
1405
498
62
2313
2949
2665
3709
162
2818
1137
2168
379
723
1356
4218
1851
1944
2004
2783
2312
2365
4115
2210
2601
2434
1028
3590
3946
1989
2085
4317
1317
240
2318
2202
1433
603
984
2107
2069
570
2799
1787
3166
2192
1696
2034
657
2501
1310
4117
3968
2126
1947
3804
3016
2709
2091
277
4026
2485
71
4263
1226
3484
3587
3605
4009
97
1838
446
635
3981
2826
4174
3646
4195
1403
1370
3190
4402
3897
118
3725
1213
1022
2095
3881
1393
1179
49
3417
1475
3475
1084
2272
2322
1775
3244
922
2055
2503
3600
242
1677
2476
3344
2928
3868
3689
4092
2947
926
2175
1741
3220
2115
1897
4027
447
3578
1815
3944
3994
2569
331
1333
3708
1622
2566
4080
3113
1683
1993
2668
3757
35
1704
688
3773
1246
3706
2184
2027
1263
2475
2177
2491
1118
2153
2920
128
4349
1972
68
2907
4149
1575
3290
418
3337
2723
4212
15
3256
1167
4145
1031
515
464
1668
2653
3993
1955
3928
4294
3501
1270
2471
3179
3908
3566
1239
4399
731
78
13
1854
4205
564
3268
1691
776
2964
19
4069
2843
1017
350
2344
4016
2484
3633
1664
3713
2925
961
1722
2307
3609
1316
1510
2350
955
292
1571
2437
3627
2943
2345
3795
3320
1072
2809
1805
1952
717
696
465
533
4392
3454
2421
3717
4037
2332
839
750
1160
1318
2481
2223
981
3694
1371
2189
3092
2561
1615
3144
2791
2717
1112
3173
1779
22
420
4262
1452
3737
1892
1568
805
4283
1061
1714
2805
2751
3840
2631
4328
1124
2993
3361
61
2757
4216
4111
3565
428
3800
2639
4253
977
4276
1501
3077
454
587
1836
111
4176
3779
4249
2235
57
4113
1044
1859
3052
1618
2263
2901
1553
1495
3042
2228
2120
689
3977
3722
3697
3648
209
3883
243
3428
3150
3264
159
1024
2584
2896
3142
3005
4365
1364
996
1608
1139
880
2204
1423
3988
367
1997
1012
3103
1783
2966
1243
2739
3575
2765
4227
1791
3665
376
4419
2860
369
4356
1472
3395
296
2096
3339
1726
4130
189
1194
3672
95
1231
231
1122
551
2371
4190
3228
3329
3507
1919
3741
2556
2217
3048
3857
359
1555
241
4126
1928
3039
2543
1902
353
2638
3894
3405
143
4332
1542
663
757
1595
3650
2506
1621
2125
3848
4272
4109
1047
2338
3792
3710
1110
902
1796
1027
4042
3745
1710
2278
36
145
1414
596
2469
427
1986
173
534
3015
93
2099
3707
2725
1134
3763
4155
2183
2852
1839
1661
414
2832
3563
4258
578
2618
1799
1369
1006
674
3828
1896
476
3879
2766
3013
2761
863
1305
3822
932
1197
2915
2185
611
1284
2159
1456
693
2089
1438
3063
235
633
3176
1130
917
2200
1628
2193
2983
2808
463
2831
1115
3272
2070
1592
3904
453
4171
3838
372
2150
188
1138
3022
2845
3093
1355
3201
3505
3801
490
817
488
1486
2036
3771
3160
962
4036
3435
412
520
3588
1202
1874
3952
341
2282
1861
2592
2734
4418
3408
1561
2535
957
3556
3067
2885
2416
340
33
1936
96
2625
1609
2305
2715
851
4178
2857
493
2511
1125
3921
3978
3997
373
1056
1141
4319
3003
1757
3841
1468
1336
724
1537
16
3746
3783
1985
1443
632
3151
3415
3937
2868
3669
2413
3259
27
3465
267
3007
2728
524
1527
991
1375
3101
1411
3846
1119
3913
613
3939
3753
730
4385
4201
138
2133
2436
1348
90
3720
896
1288
2750
431
3823
4279
21
443
2080
160
3890
3065
3096
1090
2790
616
3255
1974
4162
1091
700
584
1632
1276
349
3851
2863
4417
1038
2426
217
1218
3623
2326
3518
680
4072
2538
3365
4228
3248
2362
1633
2679
109
4204
3521
2230
1988
187
297
2633
4226
1814
2956
966
2255
3560
1153
2794
1514
4297
3638
944
769
504
2205
3551
1354
1334
356
2889
804
2019
3716
3278
3579
3229
459
1598
940
4362
1444
2944
2065
4053
2058
647
481
1340
1060
1165
665
2627
1100
3490
1678
1585
3714
3561
1820
3028
697
1676
958
653
3232
232
4396
2389
598
4334
4247
79
619
1466
327
567
2031
161
2780
3765
3529
2289
4116
2655
612
1484
4187
2669
406
999
3547
1377
2573
3751
2343
2170
1963
1109
4416
1502
3992
328
1588
1025
2616
1168
1055
2146
2606
4011
4236
4435
552
200
2724
654
1408
4184
1402
5
2008
324
29
4214
101
1912
3031
4021
1887
2254
505
1832
2754
1535
1942
3045
2071
3964
360
890
3448
3950
23
452
1081
1891
1866
1638
3958
469
3386
383
391
1459
4371
499
3433
378
3989
2414
1269
4428
2954
3926
25
575
1315
1230
180
3911
76
3254
1086
450
1574
4229
2702
1104
507
4100
2499
2090
4295
2527
1146
1539
2646
877
2222
3781
3357
1573
2611
1178
1384
142
3802
364
1532
2379
3649
245
3860
1753
2557
2195
2534
1015
2218
316
2991
4124
3925
2528
3107
1611
165
1121
2624
853
1669
2603
1074
166
3023
1599
1822
2463
3639
2844
1828
2002
2142
3948
1713
2975
523
4220
330
4029
3931
574
2853
3764
792
3197
3034
1050
255
3703
1736
274
3468
4395
3621
4339
785
2609
3660
3030
2716
1298
982
3949
4150
718
20
3438
2815
4223
1114
2297
3307
163
2851
4215
3080
1607
1148
4003
1697
1223
3700
3645
2664
1580
1656
1425
1035
636
3664
4386
4340
121
3535
1857
2745
3322
2657
1200
2219
812
65
375
2243
1155
667
3915
808
2284
639
781
1462
2804
4134
2329
1184
2298
4090
1818
2043
1485
3347
910
3878
2985
2615
1933
3137
3351
1873
3139
2713
875
10
1649
3301
2007
3832
3657
1040
39
2179
197
3636
4177
1916
2003
2513
819
2796
1304
1625
3192
3859
1797
2926
2858
3394
2510
4054
4343
3476
3799
2892
2982
3219
248
3036
3941
1264
2190
3450
3136
2266
2492
915
1712
2695
2747
1879
1735
3091
3157
1429
825
2812
2460
3927
2644
3300
2098
1517
1222
1922
133
3635
762
2781
2112
2050
4289
73
518
2061
756
800
831
1693
211
2118
1544
606
3589
2731
2588
112
3078
4049
3662
1990
1807
1959
174
172
4193
178
1279
3117
1725
2020
3593
110
1258
179
440
3743
3768
864
1481
3683
2849
3955
3489
713
705
3651
275
3442
1737
3732
3508
2412
1860
1281
4280
3618
2409
1149
3613
3790
1829
3906
2772
3711
53
436
771
461
815
403
175
1526
3918
3628
3580
3984
4261
3462
842
2955
2987
1932
221
3496
1158
4059
1648
1529
709
838
1324
2953
3108
3554
2533
3316
2756
2186
637
3287
2531
1789
2825
3261
4375
1626
2662
857
3966
132
3844
264
3985
971
1858
4182
2033
979
3519
2755
4094
3522
1798
1420
3962
1914
3209
2241
652
2408
4387
2659
3306
2211
2909
2302
337
2661
4361
1748
2518
2838
40
4439
813
843
2208
3446
2672
1492
3147
2816
3126
1145
2544
4097
4210
1154
332
3654
104
3169
4438
876
522
1474
1256
3001
3831
1041
3441
1868
3289
836
789
3511
2106
3842
2129
1051
4172
1823
2590
4039
1698
1007
2049
3002
1254
978
859
134
3090
595
2225
2292
1596
2613
3250
4041
3924
345
2957
3457
1880
2030
869
3461
2162
1911
1647
1352
1376
2552
2394
4254
3097
1925
479
3545
1314
2681
4255
3018
201
1790
171
2136
4400
1781
2605
1506
2640
1744
3812
1597
2651
3025
1454
4348
3808
1373
60
2056
1817
3885
3705
3185
1498
2803
4125
1987
892
1398
4397
2375
3506
985
2259
3400
3210
323
4379
1743
4321
885
683
2285
3680
1494
4256
4057
3815
3418
2361
1463
3515
3631
2919
1329
1349
560
1372
3313
968
1177
1855
4158
3330
3869
827
3874
803
1943
4023
1899
3026
3847
4074
298
3288
3050
4160
2385
610
690
3282
1640
3598
1379
1253
3542
3463
1853
2044
927
48
4306
1620
2903
3990
1113
1059
3296
84
3206
474
2021
2100
2119
3366
4429
3933
281
544
2980
3074
919
3970
2245
2486
542
1198
1009
1266
1117
2496
1242
3010
2582
448
3040
3630
4411
1921
3414
2163
956
1711
4246
3158
818
1810
706
2840
3213
3759
2048
897
2648
2660
1718
1378
37
2548
2213
2407
3478
513
3333
2829
3866
256
1180
1082
1705
3544
3861
2422
1505
4425
1391
790
2037
1755
3227
3038
1935
2927
2046
2895
2559
3787
3797
3975
1274
1895
1883
1738
387
3149
3011
1966
2494
1099
4185
1965
261
3520
618
304
3346
4318
2621
3445
1163
2971
3406
3354
4347
1730
1962
2472
2203
2178
4025
69
1941
1204
4408
4096
1244
4031
3401
3972
3460
2564
3451
2131
1684
3444
3625
511
2410
399
1756
2899
4038
2553
2191
3528
3356
2700
2171
3066
2458
384
1641
1477
123
1036
1205
1181
2066
1070
3564
2540
1233
4008
1142
2545
151
92
2353
2658
4335
2946
3164
3852
1054
2979
748
3837
3167
743
2101
1042
56
394
3698
9
1076
1511
767
4142
2432
1646
1068
2683
1663
2374
4060
2438
1174
2945
3562
2821
2180
4198
1521
2967
319
1216
3000
1732
945
2836
407
4391
2366
3027
152
1856
3778
3094
2415
3987
2448
3338
698
1968
3833
72
579
2617
4015
3062
28
2470
3640
1224
2770
3095
3315
392
1182
2074
2384
1570
2514
4274
2164
2764
263
1052
293
4061
2451
3936
3234
3295
3141
3813
4122
868
2053
903
1023
1545
4307
4369
3143
3291
4380
3467
1046
1116
4102
182
1325
3721
986
2244
361
492
1063
3756
3350
1590
108
3079
824
3647
604
2649
228
3814
930
545
4235
1672
1157
2181
3411
1410
285
4414
1674
4433
1255
105
2628
55
4138
3892
716
4032
2699
2391
554
1981
2141
3532
1957
1392
2237
1439
1259
190
4013
602
295
2977
352
3087
1380
976
3128
1344
858
4012
3146
1569
4260
3456
539
2018
1565
3513
2921
1064
425
177
2094
2740
4103
1417
4105
3537
26
3159
797
1228
1133
1587
3110
678
1774
1778
3199
1949
4175
1827
2905
1345
1720
2364
3514
1088
3043
139
4225
1961
821
3265
2507
1161
1169
2242
2634
3634
3865
4209
279
2523
630
11
4443
389
269
3553
2092
2687
1418
525
4355
1946
3298
212
2577
806
4084
2693
3138
1319
886
1186
4083
3412
1886
3239
1103
3041
1634
2304
1367
3426
2444
1008
2622
4290
2473
2969
4273
2875
830
287
2684
549
1905
103
2306
2386
884
2122
2139
3976
2509
208
1964
2599
2257
936
1302
1326
1931
4330
229
2591
204
2801
1306
1862
1249
3284
3616
3577
3973
333
3363
1419
1320
2802
4104
3492
1287
4108
3106
98
371
2748
3051
701
2869
2488
2269
2736
2873
4233
3326
1576
1543
