2224
2240
3658
512
2643
2645
3942
4167
855
3056
745
162
4085
1733
2521
480
1396
4202
1694
218
1826
1151
2137
3602
2442
156
2393
3396
3912
3817
4157
2464
594
2580
882
2570
2820
3673
3270
473
810
4243
1516
951
3497
1013
58
1234
711
3550
2960
362
2978
1686
2732
2703
4432
1066
3863
974
2800
1695
2962
2331
347
290
62
192
497
942
3793
3215
1191
918
2515
2108
649
4001
1956
1581
1275
3584
400
1709
4239
1150
786
1309
3273
3594
1945
220
3980
2554
550
3727
1034
1003
1637
2251
2279
2942
1688
2009
4309
794
4048
2798
219
1777
3629
4405
4056
3526
1322
4323
4368
77
2268
2704
2372
430
2140
2340
2149
2397
599
2026
2327
3083
2010
3376
3021
3965
2585
1283
1953
2758
987
3161
455
1863
1212
1482
1241
223
3729
2623
2111
787
2283
89
1062
895
3214
1001
2359
2994
4075
2923
2229
63
421
2771
3085
2293
3283
2854
643
423
2497
4046
1136
3959
3390
3558
3276
164
3750
1812
2041
2737
548
86
1947
1342
2598
3536
2457
318
2587
1552
355
3684
2847
3119
1245
2505
467
2890
3947
970
3436
2390
3758
3712
1294
1976
3293
2086
137
1546
2741
4377
4123
2859
3111
2382
67
3586
3826
648
2445
214
1347
2792
3112
2145
557
1787
546
70
1265
1129
3668
738
2992
1289
4197
2324
1387
1958
849
4441
1541
91
569
980
2493
1394
887
4421
2970
3154
4407
2568
2709
3340
3325
1446
2253
3867
558
1428
2871
3767
2874
3761
2001
3834
766
1583
2424
3504
1277
3652
570
3242
1232
666
4285
2173
4345
3702
994
38
2866
1094
1358
1295
2912
3156
3398
3641
398
449
2524
170
4284
1395
1619
4329
3891
2198
3568
1490
4341
1940
2686
4070
2363
154
1078
735
2290
1707
3827
510
682
3804
1351
2172
3682
1317
983
1564
1215
456
2168
3986
1782
3387
676
4270
2999
2004
963
3049
4078
374
1401
3675
873
3477
148
1211
2313
4346
1910
1290
583
3348
2025
1894
536
495
4238
2085
3186
4164
975
3184
3595
1617
3914
894
1650
3105
317
901
81
2833
1522
3882
3723
2654
1221
2881
4139
899
553
3061
2356
2539
4389
642
2236
2898
4221
2720
714
2045
1601
210
2029
2102
538
2319
2128
3686
3421
1847
277
363
3482
4381
3681
2697
184
2280
3267
1920
3286
727
2063
282
3308
3342
2571
3168
2144
3217
3998
1809
2667
3382
3872
1623
1207
2690
3567
2738
1843
2057
2996
1645
2778
484
921
845
3009
3407
3198
4035
2959
2872
2126
2918
1926
1095
3946
3058
3304
2308
703
2913
2097
2746
2712
2207
1548
929
4363
660
34
1467
1069
4378
466
2376
193
2155
437
4000
2819
2423
1199
2022
2811
4353
1226
3474
4287
1992
3182
1105
931
4251
923
621
4440
401
671
514
4166
3670
3889
2665
687
2246
1441
1496
2547
3809
3624
82
1331
4076
1630
3
291
1350
2380
3372
1093
973
3957
2167
508
1445
1937
4222
3191
393
3772
4393
1450
202
3692
3824
905
4401
3752
3583
3336
4315
1551
3223
537
3839
2642
3171
782
4374
614
692
411
3196
1382
381
4286
1461
1978
1203
1238
4234
257
3017
779
2508
2558
4047
3452
1053
1566
1917
1029
3854
2300
51
3590
3384
739
1867
3431
1834
3909
4384
1137
4248
659
1422
4203
4147
3887
1982
4014
1731
848
1659
1865
2188
938
129
516
2883
2062
2015
3784
4050
1436
4118
2483
113
1127
1143
2529
591
3235
2888
601
4093
1763
203
702
2784
1004
4300
2685
1447
150
2563
4189
2691
2522
2788
791
3004
1792
1487
2011
1652
74
3821
1770
4277
2744
4404
4231
4091
1217
2612
368
2733
1536
1058
1405
2931
4269
715
12
3203
2774
585
1237
3530
238
3102
253
125
4170
2216
4196
2274
1819
1591
2016
1361
1582
2034
854
2601
1848
2087
2342
3033
3230
2914
1904
3204
1464
2435
4299
3243
2461
3212
3678
681
3211
2519
2877
4004
4114
3012
305
3466
3020
4442
1898
1111
3742
2465
3299
1308
408
2663
1970
3498
1612
1531
1272
3383
4354
4194
891
3820
491
4288
2940
3864
3954
131
3922
1689
530
271
1749
2220
2271
1967
4020
1915
273
3471
4005
3899
1909
1559
708
2856
2500
2132
1219
1801
3281
54
3607
344
1560
472
2051
4098
1048
140
1804
3064
759
2333
357
3266
3968
631
3690
4151
959
106
2238
46
2013
2349
3494
1760
1696
1765
3596
2701
1360
1550
1870
4436
658
3419
1908
1421
4313
3791
3999
4350
937
3459
1108
1991
64
3740
3726
3166
2199
1984
1214
4101
775
898
4359
3818
1631
1627
2315
2197
2760
540
4019
1577
4372
2176
1374
737
2835
1824
909
3218
1682
1500
3075
2855
627
2446
4161
1934
1662
3132
310
3241
1357
2850
1415
3679
3440
2948
1343
3032
4107
3152
1385
752
3245
3324
3487
3659
1065
1005
3488
390
2418
3124
2081
3856
4132
950
1356
586
280
3730
216
3008
1816
2536
939
1602
309
2093
3362
4140
2047
1884
2014
87
94
1451
3643
2541
588
3145
3189
502
2632
3225
802
3615
4026
784
2878
2196
4304
1251
3581
2767
707
3399
3098
2861
1727
4338
4398
4301
3691
4237
2261
1491
4293
1426
1846
1642
1776
1267
313
3699
2335
3849
1210
1717
2117
723
2301
3780
2069
2719
1437
4245
870
2934
1083
250
3424
1768
1037
402
4312
379
2429
1989
325
4067
576
740
4240
694
2989
1525
3332
278
1470
1842
1432
3531
2607
712
1889
2495
2154
669
409
2549
2406
1499
199
4370
3177
920
66
4282
146
2127
1327
1449
2169
234
2258
807
1455
672
1135
3940
1811
2807
2360
2542
3967
2365
2676
3060
1126
2487
2777
3392
3963
3585
3733
1404
906
1098
2827
1489
429
2879
840
580
404
3576
1703
149
2626
1014
2783
1983
1849
2882
2837
2530
761
1106
2688
3626
4412
2880
841
4242
3355
1195
4252
2876
969
3439
343
2867
1448
4265
2793
2270
1913
506
3208
1515
3481
527
1089
2312
3880
2182
774
3632
764
3086
1528
1636
385
4337
4324
826
3180
1175
1977
3614
1939
1140
3661
3493
568
1092
3916
1999
590
2276
1196
751
2620
2075
3612
4065
2711
181
2705
2575
3685
605
1794
3760
1901
468
4388
1759
2388
2143
3539
2742
2398
4410
2593
600
2400
1549
3788
661
1520
3901
3983
2902
3969
3910
1556
329
3938
1699
2121
4207
265
4062
1220
2797
1719
4121
1624
1681
1766
2839
3604
1530
1252
3644
2479
3934
44
2578
2439
3311
3693
834
4267
2786
2818
2227
641
3303
2419
729
749
3855
3541
1328
3429
1806
741
244
1835
3896
1409
3775
3237
1430
2160
2157
1702
1132
844
3480
3349
3014
2314
3819
272
2411
4326
2498
3534
186
3830
444
157
2317
2630
4434
4208
1479
801
2383
4409
3129
3187
3637
4317
358
4148
388
3069
3982
2468
634
2455
230
1558
1332
3979
4314
168
2636
489
3140
2759
4423
2288
4364
2318
1971
377
4415
3377
1229
3047
1353
2450
889
2678
2454
2550
1658
3533
4257
1039
3917
3996
861
1123
1312
3961
788
3527
3930
2787
778
1497
2726
1994
1190
3188
1534
2842
3279
1261
3378
119
3907
1606
916
1758
1508
2949
2357
3464
2358
1087
158
1189
2311
396
236
1476
1593
3068
1563
4358
1786
3381
1085
913
3805
1460
2753
1780
725
2595
1519
88
3037
2166
1644
1208
1557
3473
3695
1844
662
3796
4110
947
4426
227
2589
1929
893
41
3116
2077
3165
4063
3397
1021
2952
2404
535
2104
2249
307
1784
1513
645
1002
617
3285
3331
127
2265
1903
2950
3057
3178
541
4271
1629
4244
3900
2846
59
1310
1257
1716
744
2951
563
2597
2441
3676
3053
3845
3216
3470
3748
2174
3929
719
1480
623
941
3054
3076
1400
2485
1673
246
3762
416
438
1107
3794
2434
2107
3548
3072
770
3893
3319
3510
2937
1293
3238
3569
3035
677
1523
2906
1875
2325
4079
196
2560
2682
284
2602
1772
3731
684
1751
1998
3122
2848
4336
3148
3591
3920
176
205
8
144
2976
1605
460
2997
2316
1653
625
3222
3375
2399
1715
615
2581
2103
2762
4127
2273
1572
3369
3582
657
2886
4298
2147
4219
1388
2789
3328
2
4133
3044
3195
4344
1171
1397
1282
4406
289
2933
2968
1458
1869
4241
1795
3611
3423
3538
1773
3862
2328
441
765
1614
4006
1533
1613
832
1944
3642
2130
2677
2674
1882
1337
1802
2078
2201
3358
2666
1323
239
3472
3175
451
85
4180
3499
2206
2323
3016
2151
2520
1728
1147
32
2707
4394
2834
2060
668
3247
1793
1406
622
3170
2865
984
4117
2339
4188
4024
3059
1600
1307
3314
2040
2824
2373
1301
860
4131
3617
1745
3155
820
1888
2028
1540
3249
798
1185
2785
3224
2727
4143
1567
3843
2000
2381
314
3403
4017
2586
4099
608
2608
4367
1750
3006
4086
498
417
107
4034
3207
294
3123
2079
2334
2073
3367
4055
3334
758
434
4331
1723
2467
1280
883
997
835
14
2202
2810
336
2369
3071
75
3353
334
1018
2671
953
1979
2501
2347
2427
1192
4154
4427
2768
2936
2059
3960
1247
1954
704
796
1845
1080
4206
2935
3785
3388
4310
1363
1762
322
270
4292
262
3932
1670
1206
908
3806
3258
3236
2295
3024
638
2456
2779
1183
2482
1852
3789
3666
3739
1020
2710
415
2402
315
1032
1386
382
2574
1951
3500
1643
3070
2351
3552
1299
532
3416
2822
2054
3810
2480
2614
3603
2939
925
4033
259
380
2722
2675
1381
3200
603
3898
1512
911
240
2817
4275
1075
3134
2600
1841
1297
3389
1427
3252
4183
2052
3312
2431
2032
1457
1800
2210
3871
300
3275
470
167
3088
2782
2897
1734
3825
3485
2401
1291
2604
1187
2083
2998
2718
3734
3133
2565
1416
3181
2264
1248
1442
1761
3608
3951
3696
777
1655
3172
2367
2114
2572
4136
31
348
1097
252
1365
629
651
928
828
2392
1096
3835
2619
458
442
1273
3557
126
2113
3055
3719
1296
1654
3622
3130
4156
3345
2641
2656
2961
1435
3120
3574
3766
312
1872
528
237
1128
773
3776
4382
482
3391
311
116
2005
354
4200
1878
124
1201
3420
1594
4181
4120
3100
3343
2594
783
3302
3724
1300
2330
1690
914
3379
3803
3183
4165
699
3131
571
1948
3919
2894
1431
30
1471
3257
556
286
2965
4128
582
1073
3226
1473
878
4342
1639
233
4211
222
1547
1584
1687
3807
965
852
306
1635
3309
3163
351
342
3251
2281
3875
2042
2234
18
2387
4088
366
881
4291
4230
1706
1159
2930
1708
432
1771
1164
4263
2232
1412
943
1973
3597
1292
4327
1851
1692
3385
3870
2900
3517
4
2749
2039
721
846
566
547
3547
2963
4335
2680
2544
383
132
4049
1526
2289
688
2183
1507
2693
1648
2518
836
885
4413
138
3924
1828
3545
1027
452
917
3272
4387
143
525
4195
4175
2177
919
2134
487
1700
2582
1302
4247
1893
3852
4082
4190
232
3703
1258
1955
3400
3415
1255
3737
3337
1279
1799
611
2425
3853
3438
986
652
1511
4328
2540
3949
3316
4137
111
790
1569
748
3475
3185
1968
795
716
1165
1012
2892
2809
961
1839
1574
2825
3117
4262
1895
3409
1155
79
3126
1102
4144
2943
2476
1180
4349
3256
2065
4229
1115
261
241
2158
3457
463
3706
2416
1813
141
1391
4011
2740
213
572
1045
1276
2640
4096
3164
1067
3937
972
830
831
1377
365
598
1598
2853
331
746
10
2469
453
3350
562
698
4392
2895
2655
619
3906
3433
499
1186
3028
3625
97
3518
3831
3981
991
519
2266
1501
69
197
1611
1506
2244
2499
2008
1103
3713
2362
464
1666
159
2624
450
2507
2545
3150
3097
3329
2966
2559
139
2971
1916
2506
683
2070
1921
1592
117
151
2018
3707
1041
958
4155
1249
9
2991
320
1167
419
4348
534
705
2278
3722
2772
175
22
3234
2379
3507
1861
93
3386
1922
805
2745
2648
3808
3639
209
1545
2884
4106
1986
2781
1969
1718
604
221
3764
1831
1040
1485
1161
2699
813
610
3623
2955
1633
4369
20
360
4122
3627
118
613
267
4306
1376
3144
3015
968
3537
4352
2195
2131
1597
2241
48
3566
1319
1059
4066
3091
673
2555
2178
1620
1741
1452
142
2341
2700
944
567
245
3978
180
1990
33
376
3067
2256
1439
1384
1748
2590
2218
955
1263
2954
825
3038
3955
1827
4112
3993
701
1166
1974
1820
2297
3923
177
952
414
2329
1855
405
1371
1529
517
709
533
1057
1315
2953
281
1957
3162
1705
3151
505
3346
864
3448
710
2090
3239
201
644
330
40
837
2436
3529
2190
4361
249
2458
101
3361
2634
1521
2228
4174
2723
1064
2116
4010
1456
3143
391
2899
418
1965
3491
3801
3506
4319
1346
1961
3769
3621
3113
1158
459
1134
2343
1484
2153
3454
4104
1649
356
3813
333
3948
3107
43
4385
2245
2873
4061
412
3001
827
780
3941
2417
803
2694
1036
121
4012
1609
3489
1313
2747
26
992
2739
102
3254
2187
1324
1330
3338
2282
797
3972
4283
2027
1987
1316
52
971
2702
1562
2120
4003
1858
2757
1856
2403
2012
3802
4290
734
4402
2125
3976
3521
1753
3435
1756
1714
2194
3921
3357
1832
2037
2490
2606
3928
4008
3860
555
3783
123
3631
1466
806
2509
838
3554
1573
493
4220
4160
876
4418
1339
3956
886
2184
2921
3708
1607
1417
3315
2200
3228
559
1168
1125
23
4177
1023
3227
2371
425
1747
3950
3800
2019
4193
1785
3159
367
1224
90
13
1420
2551
3005
1805
2305
1535
2805
3043
1678
3694
3065
2136
326
57
851
2652
730
3654
4356
4339
1725
2064
2556
3050
2284
231
469
2525
2421
1665
4145
3773
4433
3297
1683
1284
3118
3640
3287
933
226
1608
3333
1133
3630
2928
1537
407
1462
104
1736
465
3671
2679
3579
3173
674
1130
4258
3322
2115
263
2191
720
2141
821
323
3027
2185
3904
1980
1266
2909
1142
2248
717
1017
2320
1052
3650
2617
731
1656
1959
3018
3462
2748
678
1640
915
4340
2189
2609
185
3300
1402
3007
3556
1897
1935
1194
4214
982
302
3610
1684
3939
1202
3456
1179
1031
3327
3219
1803
2548
3087
1505
900
2433
2082
4113
3878
2211
927
492
3564
3975
2816
4116
3897
375
2050
4044
92
1146
3812
2263
2023
308
633
4187
1561
1047
1527
1355
1138
481
3232
1410
2979
4094
1722
3589
1615
1720
4435
839
3728
1019
1008
3301
1579
2765
2094
511
1270
27
2591
977
3655
2893
1737
179
3522
3905
2528
2583
757
853
3502
1349
4380
1110
1373
2977
255
2412
2858
3153
1244
936
850
3271
2649
3079
1434
664
3662
389
2262
1873
2761
3269
4126
1389
1025
2610
410
2981
134
4332
321
4281
966
3781
713
1223
1118
2615
420
128
3306
2118
1072
3844
650
4198
110
3778
2629
2180
2573
639
1408
4029
4254
2584
36
1148
4072
2511
2801
3341
2579
2267
597
3822
815
3380
1354
2338
4009
3532
208
3744
691
3366
542
2139
1378
962
999
2941
3565
1197
1122
3885
522
4445
3544
3944
3562
256
653
4215
4134
593
2336
1914
2755
513
3638
1632
1963
1964
4039
2415
370
1603
1669
1587
3883
3647
1823
3765
3721
1891
3609
3441
1693
1518
3994
3282
863
1425
3468
2868
1101
718
910
4090
3023
84
1838
3714
1359
1892
4400
3884
2204
2285
2306
349
2725
3031
2644
292
2838
4289
3952
504
3861
3330
3268
1054
3992
76
1055
1141
235
1145
1807
2523
3169
1942
108
507
2622
1314
2046
1465
182
3025
2802
3888
1740
1933
3689
1743
243
3138
1380
4443
824
1575
776
3019
792
1876
4038
3931
3157
4179
3553
3476
544
4321
2756
926
3620
105
4274
998
4172
4100
697
3832
194
3717
1946
2272
2657
4124
3460
2101
4149
4022
324
2389
3115
3121
3427
2851
2919
3528
3513
3508
3262
2925
3496
756
4383
2171
2489
2967
4226
1370
1112
1320
3520
2646
1492
1874
1233
3364
2974
3771
2695
2031
2364
1735
1076
767
4125
224
1883
4102
3313
2470
279
2920
2927
2714
1154
3197
352
3790
3971
3090
3646
490
3326
4210
1713
4159
4184
4027
1925
1084
2885
3201
1599
1117
3745
579
1418
4109
3229
3987
689
1628
1091
1930
353
3797
2864
3600
2803
316
2639
3160
4043
2255
3833
1082
3128
1860
3628
2036
667
5
1198
83
2887
1710
1318
3240
1543
1182
3881
3838
2170
2684
2863
2096
3114
4025
964
39
2044
189
732
1398
3490
996
3725
2159
753
1972
1393
2510
3405
880
2696
2904
99
4375
2661
1204
3320
4236
160
554
3509
3572
3519
3605
981
2543
2836
3846
2451
1906
1243
1997
3199
890
2616
2988
392
2138
4051
2242
3651
606
2370
4278
865
978
4081
72
4273
254
2422
1334
3777
2843
1966
520
2905
152
2163
3700
387
1791
818
2534
3000
3927
1472
2985
3063
1833
285
373
3543
2298
4391
3446
68
665
1674
359
1993
2916
564
2223
3444
163
2430
3002
3577
3984
440
632
902
4351
3837
596
4365
2631
3551
2814
3570
3108
1565
3110
287
1732
1622
814
1757
2217
1329
630
1796
461
4366
2048
552
3736
53
1481
2472
4097
3290
4294
4264
3259
743
3840
2527
327
3095
3356
2514
866
424
1730
2621
2299
2053
1443
3814
1392
1936
3042
3467
624
1555
1798
340
2222
2391
1789
4002
577
3368
3443
2405
949
1580
293
1905
274
2618
4053
4439
4227
1274
2366
319
509
2791
1625
1779
747
397
976
1336
618
454
145
2717
3799
2100
3970
1775
646
2576
2947
2332
3842
2734
3246
4031
1626
3966
771
680
3307
2233
2230
2754
1661
1985
1514
1886
3753
2659
3141
25
3363
1411
3106
3264
2146
2993
29
1015
551
166
654
3486
301
4217
2533
1216
4408
488
2531
2395
3841
4138
3514
1822
592
1423
1568
187
3082
1542
1109
0
1104
3743
3048
4399
1857
868
1306
1988
7
3351
2852
2599
2061
4316
2043
3985
2831
447
191
248
3711
2736
3786
545
2672
892
3908
3815
2546
2243
1899
2764
165
1271
4015
3408
3011
4403
114
55
1960
875
922
3868
2557
1100
1774
268
1303
3953
1372
2386
1931
896
3787
1646
2250
2203
2310
808
2491
1239
3660
4246
1178
2252
2072
690
1704
3618
1742
1641
1459
3022
3418
985
3751
647
2463
3206
2829
789
2374
2448
1181
932
4355
4152
2259
2956
2611
2633
1321
587
2092
2035
4307
2292
4397
2003
3039
2142
3040
1114
2770
3890
2763
2903
2002
2414
1006
1941
3289
4084
1854
3092
96
3973
1298
3945
1268
1949
1287
956
15
3142
1230
857
859
940
3428
3933
781
3263
3278
1369
3989
1305
4416
2254
637
724
3296
1060
2804
3503
2957
1042
3525
1475
1738
4074
1494
4428
275
3759
1866
1576
17
3501
2613
2235
19
2007
37
2219
1348
3426
195
3674
1810
269
1570
328
3401
4182
3374
3732
2452
4205
2972
462
833
3062
95
98
3077
4322
1149
1011
1981
3779
2915
3137
3559
433
3995
3347
225
1061
3093
2193
2106
3190
2475
3716
1767
4146
2260
11
903
1610
4261
2869
361
171
1079
2481
3720
3442
1113
4054
346
2658
304
1119
2973
3669
3958
2257
2929
2122
2049
1618
1912
264
4347
2437
1862
4176
2975
4255
4037
3139
609
1088
2669
109
595
602
3962
2875
1814
2346
3179
696
431
4185
1256
4013
1326
3598
3593
2561
1438
3149
2513
65
426
1269
3026
2857
3255
2844
427
4059
394
3865
399
173
1044
1070
1943
2849
2812
1153
4108
539
1264
4057
1367
1162
4371
4425
3902
3587
1345
1698
2133
793
957
1236
4036
1647
2385
1453
2426
4318
2377
4430
1242
3213
2055
3478
332
700
1090
4212
2564
3516
2307
4395
4041
1726
2099
3757
2588
3051
2662
2350
1063
3344
2713
3288
3879
2181
3578
2924
296
1173
4224
2375
2408
3635
948
2907
2980
2179
1502
4279
842
3866
2653
3220
1124
1341
869
1919
1783
2294
2494
73
172
1043
2987
2832
1701
178
4111
4223
2488
1932
337
518
155
200
1454
2752
4233
1755
3417
663
1634
762
2384
4249
616
2660
2577
867
1571
2410
3657
1046
3763
3291
3034
1205
1879
3672
2592
3915
2162
1074
2438
1711
2896
4178
3649
369
2074
3936
1213
3101
372
56
1588
1333
4150
3406
2794
3511
403
2056
2860
3483
2309
3535
1495
2683
3754
2247
1344
6
2845
584
3877
1139
1975
1022
1121
3411
1050
2326
2750
133
2020
3437
3575
1663
1163
266
2492
479
2964
2946
2129
3828
3451
2030
3633
474
578
2214
4158
3250
1880
2080
1068
2071
1414
4417
3041
295
4295
3209
2344
3284
4429
3869
130
4069
1532
2535
1691
169
443
3616
3524
1638
4362
785
1778
3339
1595
2743
3634
2821
4419
2751
1829
4201
1544
930
2504
229
3926
1486
1081
1952
3515
3874
3505
3414
3857
3280
945
3450
3823
1160
1424
3964
4028
4032
190
2569
2664
1744
