1301
4230
162
1586
3391
3145
4123
3410
3898
2324
230
3069
42
1768
411
2819
2778
3323
1619
2597
581
4191
1098
995
3548
1283
921
2908
2935
1540
3049
749
3124
1769
2841
2246
2994
1924
2111
3399
2682
1382
2173
2369
3942
215
1629
1772
3585
502
638
989
3223
251
471
1347
4040
2157
4129
2293
2497
4346
196
2365
676
1995
3917
2251
2317
4286
2722
854
2423
156
546
2004
2520
1762
351
2897
4194
3231
3954
3122
1851
2318
563
3804
4421
1390
3224
2045
719
2400
3774
3054
794
1643
415
677
1591
782
3770
2650
625
721
1690
3644
2038
4441
1277
89
538
3824
193
140
343
2419
1536
3552
1754
257
1407
3345
3986
1001
3983
1136
1675
908
1232
741
1685
2989
3809
1293
3856
2495
1750
503
2632
1401
4350
1442
2068
2380
3607
451
2212
3292
3530
723
3384
3419
3447
2922
849
4091
2354
386
472
357
126
2867
1731
135
1343
4415
591
4239
3481
2880
3594
2477
774
3029
381
2767
1841
2787
2147
2368
2585
1388
3540
946
3934
4164
3534
3152
3682
1493
914
2319
872
855
2992
666
4026
2614
3493
2874
535
4030
3788
1549
2321
826
2856
1578
1381
2965
59
1770
2620
3388
3729
2039
2823
1441
1108
276
3397
2996
4320
2215
2612
3348
2331
4259
1187
2442
3242
2128
3733
4252
2387
210
4327
1844
1309
4035
1557
3266
1328
282
934
512
3238
3371
950
483
2474
227
1624
4033
3667
2466
763
1729
878
614
3308
2568
2132
4073
3581
4381
2009
3314
692
3637
377
4221
765
3053
3642
1727
2440
983
239
1800
773
626
1982
1956
3472
3617
4358
3177
1657
1593
4326
2866
2196
1546
754
2313
2459
1212
3076
374
4390
1209
4344
832
1976
2677
3204
2886
3999
2334
2482
3281
2224
1776
1533
2570
2290
2166
3583
684
2894
1558
3035
1437
4241
3517
4268
3979
2593
3383
1947
1353
1541
1300
1973
870
4183
1734
310
2689
2999
2124
2541
722
2862
432
1013
437
1825
3965
2161
617
1010
2333
4151
496
1564
1362
119
1317
3471
3470
3257
294
444
548
1500
34
951
615
385
322
4056
1867
2360
2483
497
318
2399
3569
1428
4317
2654
2390
811
2029
3758
744
2786
2850
2727
2076
2602
2705
1250
1085
2151
3546
3586
2998
3930
799
893
3784
670
4200
543
2275
3748
1308
694
1053
2198
2690
1816
3453
844
2283
1497
682
4206
1612
1577
768
4432
2877
147
4299
3504
2160
1944
4263
4196
2093
2382
2601
2876
1999
3882
634
441
2898
1686
1257
1994
3332
1786
4336
2779
2025
3668
1953
4310
1073
1835
4384
470
1396
3817
4394
1261
4005
335
4101
907
1708
205
3112
4232
1749
1513
2042
4166
303
1602
1670
1409
4404
2401
2726
3693
928
3615
2188
3608
1878
2758
871
2665
1188
2703
2906
759
2586
3549
1183
2024
1292
2902
398
1746
262
931
3429
2348
4311
480
339
395
608
1436
3367
1164
1872
1093
3140
770
176
75
2359
1247
314
4388
3325
2028
3947
3165
1563
2325
2077
2192
484
4199
3932
1170
416
906
3187
4064
3180
3641
2674
1520
170
4291
3766
246
816
3075
2574
3597
2202
2135
1801
2479
2229
1195
3207
1356
1605
2589
2847
3573
2913
975
3016
2542
2467
1123
3863
4181
845
570
2078
3835
2232
222
2450
1849
4222
3358
3349
468
2575
801
1062
3420
2148
3957
3452
3181
2800
3381
3247
4231
4114
2707
4055
4110
1282
4401
3695
2126
1600
1845
3203
1105
2837
3864
1470
2398
3252
3194
3202
1458
1089
1766
137
244
4345
2315
2984
953
2918
912
711
2455
970
557
1601
3499
4208
2480
1385
882
2563
1900
1984
2865
2737
2539
2505
1870
3982
742
1087
3237
305
4240
1552
3193
1032
1132
278
4133
4163
236
3064
1582
2859
2086
655
2428
3021
3740
88
1083
3891
3974
2730
2109
1234
532
122
2930
1358
1550
46
3536
920
1877
290
3673
198
2572
2811
2197
3073
905
4161
1412
2793
3294
408
2337
482
2268
1406
2558
4405
3794
3730
64
260
2022
809
1662
3624
2462
3129
3825
645
1207
1904
1739
1431
2833
4251
2604
309
3485
3123
270
58
2210
2960
3172
3081
311
916
4165
3749
3670
1888
1245
4245
2356
4304
358
2952
1780
3375
2978
2936
1882
3464
3603
1028
167
2774
2226
599
4063
1311
3750
280
3632
300
1066
3304
1037
2456
1548
786
233
1172
4257
164
2137
284
1852
1092
1291
2645
737
186
3466
4017
4271
2536
2485
3676
3072
3102
2016
1687
2547
1804
4238
1811
2671
4001
2807
3342
1784
3793
772
491
338
3523
881
3612
3324
3727
3968
1998
1617
2347
2107
2079
2303
1903
2140
4139
390
1695
941
3359
576
3704
85
3595
2567
1889
1335
2418
3829
2854
3008
3355
2465
1724
3582
2846
1655
3796
4234
3267
4440
116
4118
1680
237
438
2117
4410
4427
4156
1289
4119
541
3922
3901
3845
783
253
847
1143
1723
1795
4287
1189
3666
1446
3488
1107
873
1395
1487
4203
779
214
2376
648
969
3012
272
3893
2349
1967
2487
2006
883
240
3225
71
2404
129
4006
317
2060
146
1432
935
761
1095
3174
671
4331
846
2709
1144
631
810
1819
661
3134
2355
1018
2773
2562
184
2057
766
1696
2828
1848
206
3387
3191
1927
726
44
2478
4398
1331
895
3393
4372
2381
1248
755
4376
3568
2431
2104
2447
2397
4219
3811
3319
41
1508
2933
2961
1
1923
94
2704
2848
3538
3088
3943
1929
3270
1159
4169
874
4131
148
449
1583
265
4341
1760
3805
3056
2034
3200
775
1069
2686
1653
3170
3576
580
1262
1237
1703
2881
3020
3960
1992
2123
1773
2339
3696
2822
4128
3104
312
861
3724
1265
2900
704
3659
601
3299
3195
939
3328
2441
3099
3533
3886
277
3334
2810
3251
1077
2231
3614
2434
714
4298
4153
2493
727
1457
2663
2454
3712
125
2512
1480
2910
2279
4065
4315
4180
2940
1272
4004
1394
3826
3850
2457
3760
3305
3723
1616
3218
2647
3009
2308
4329
3691
3688
649
413
2227
4136
1014
1604
2710
3178
1235
1631
3130
2085
527
2340
3083
4312
3889
3601
1679
1559
1427
1080
1435
3133
2938
1901
2666
2839
2738
2273
791
1471
4288
3154
2806
1688
2396
4018
2239
4296
30
3873
2587
4024
199
3423
3318
1005
2578
289
3070
1519
1075
960
1397
796
1958
1021
3909
1745
3061
3767
2720
2623
2673
1210
3086
2537
4250
3275
238
3929
687
2216
3285
1002
3611
2110
2818
1267
2797
3235
456
2760
2519
2939
1885
3131
409
3389
588
51
2968
514
582
2517
2784
1260
658
516
2323
583
218
3626
2501
603
24
898
764
207
87
2265
3186
685
1917
1673
1483
3731
2997
2121
4098
1689
1863
1692
3512
2013
1937
1516
2145
181
288
3599
3188
3331
841
2087
3500
3155
594
1488
3567
1752
4275
1278
3531
1033
3286
561
2626
1761
2154
4426
3434
3761
1469
382
2149
366
286
4211
3458
2560
4368
1842
1971
820
3336
3776
622
3403
2959
571
3369
291
3803
313
1642
2571
3718
668
738
1185
2753
2201
2047
2209
1728
2635
2834
2667
3377
2688
3661
3775
250
528
3872
660
2295
3071
3980
3221
2598
1939
2392
2842
1004
3276
1191
1482
2221
929
3807
1322
848
466
1654
2891
1623
3166
3372
1374
4337
1450
3230
2067
120
679
2549
1171
1151
2040
388
1445
3557
223
1065
4047
672
2768
4168
1196
3690
2312
1884
3343
421
168
1026
4300
899
2439
1106
4019
31
3596
3425
3876
1447
107
1338
2274
247
2949
735
2595
1802
1721
984
965
943
3498
1606
2052
531
2742
2300
2914
1020
1694
4120
8
3068
3827
2732
1977
3912
2630
1759
1509
1034
506
1150
3474
3497
1220
2795
937
4117
1449
2923
4269
2446
1567
4079
1127
2744
2976
2062
2530
3658
2367
590
1733
3484
3663
81
2108
1709
273
3098
4382
458
1175
1365
1430
2000
4121
2014
1206
4442
3791
3629
2314
823
3473
1368
862
1363
3539
963
1706
3404
807
3055
2199
1152
566
1794
959
4437
489
2777
3574
2091
1989
1554
1792
657
3440
1280
1589
1954
736
4034
1387
3558
3482
629
203
2270
2207
1782
348
2600
495
997
2888
3089
2406
4242
3279
1310
2264
2073
2059
3820
2316
3678
508
3378
1049
3961
1951
3037
1238
485
1351
3004
1342
4293
729
828
3392
1273
1652
1659
540
149
2581
2871
2378
3818
2937
891
1448
4363
1699
987
662
3914
3677
3396
623
3379
1843
355
2388
537
3216
4141
3335
1426
2051
1524
1907
393
4359
1496
144
3591
573
2824
4115
4189
1490
131
2144
4407
586
473
1875
2281
1078
1910
3006
3046
2351
2168
1383
2182
70
947
3312
82
2286
47
3105
4076
686
3653
980
115
1464
702
2817
669
3996
3821
1203
404
2958
3120
2950
202
91
344
2789
4086
643
3175
2498
354
54
3317
2032
1534
1547
3100
2383
3353
1950
3449
627
3951
2692
3413
1806
1715
675
1551
1096
445
3849
3762
3236
4360
1433
3772
2330
2580
1627
1840
380
2249
2798
2372
2995
4389
1214
3439
2363
3479
3373
1978
1644
2656
3416
4377
3243
4354
1809
3871
136
3182
3810
4374
3875
620
585
2641
3701
4070
1016
938
2970
1473
3084
2167
1400
1996
14
798
1926
12
788
63
1898
2636
2735
745
2041
4370
18
460
3899
2524
3541
501
1128
3686
3217
3183
3390
642
751
2001
3622
2792
4062
2
4423
2114
3742
2327
1530
3302
2130
1251
2220
708
860
77
2373
1788
4188
1323
3685
4197
4431
2912
1399
4154
74
1523
3526
3407
157
640
4436
3168
911
974
547
2719
1455
1639
3969
3606
66
558
477
3058
3111
3382
4045
1915
1909
3946
3967
1192
3687
439
4014
4378
1491
1416
1275
498
2701
605
4067
1850
3734
3510
2676
2872
4167
4207
3215
1707
1140
3590
442
3283
973
1131
967
1531
1979
3684
486
3675
4089
1048
3032
1312
3910
4422
4282
2870
550
2990
1460
1307
475
4202
4132
3940
3887
925
86
2169
1751
3469
336
2619
1479
2011
3836
739
3459
1215
1763
641
2706
1765
3184
3789
3360
3189
4444
787
3211
707
4148
2685
2258
2010
402
923
2271
4267
3834
3870
2711
4046
3156
1630
3309
4099
347
1528
1386
4140
2855
3900
216
3726
3260
778
2879
3681
1405
3208
1702
2280
1360
2594
2741
4357
2508
3245
777
3602
2054
1327
2143
4071
3370
2529
1515
1716
1415
3709
2113
3495
1793
3233
3785
192
299
1467
3550
1983
401
2827
2962
852
4308
856
1717
2799
38
3163
3198
725
467
1193
1058
2103
3033
430
2830
1834
1297
1758
342
2637
3604
2550
2878
904
4
4284
4107
740
4434
1294
2553
2616
3127
383
2473
1139
3364
1402
2471
1334
4130
972
2490
1857
2320
2294
1683
3268
1156
2731
2702
1017
652
3442
746
3011
4142
1756
118
2734
554
982
2082
2448
805
2869
331
2343
3553
3400
705
4233
212
2925
2627
191
1270
4178
3418
2532
1465
2421
1931
3117
2895
3067
2617
4025
2973
1632
3437
3326
962
2405
97
2071
2825
16
1378
7
2809
1474
971
1740
3881
4396
3822
4276
1544
2228
2410
903
1585
1115
524
1081
4084
956
2066
1109
3002
2391
2438
3741
3973
3417
3717
2142
3167
481
1943
926
3837
4262
1319
4016
2162
3206
808
1743
3137
3857
1656
57
1736
263
1684
1532
3783
1086
4042
457
1110
3544
462
2756
885
2622
138
1646
2310
1242
3977
2302
1987
4195
3264
1896
2868
869
1974
3092
2681
2488
522
2194
2551
166
4307
4124
667
4228
296
1355
1403
4152
4023
647
3052
2095
1649
2122
3561
2452
2257
3649
3580
3010
1543
678
3151
1626
2092
3598
2407
1569
1964
2475
359
1886
2953
1648
892
452
1503
21
2362
2272
843
1575
1526
976
562
2816
3000
2662
2893
2158
92
2056
1507
1975
1367
4009
3797
1104
2629
4430
630
2299
3683
3885
3018
26
232
4116
2954
1862
4103
3958
55
474
1340
2544
3970
3800
4328
607
1074
1620
2916
2510
1079
1592
22
2470
2814
1767
1922
639
1346
2646
2716
4355
3923
159
2262
3790
1831
853
3703
2370
3562
2552
3038
1119
2892
3623
2941
4297
2714
1960
3502
1444
3754
1700
509
2254
3874
2503
4273
90
391
3259
3949
4213
706
3310
2248
3890
4325
2012
2366
321
2178
4182
3814
3144
2652
1070
2504
2492
3344
3454
1807
1364
1112
2982
3878
1957
2983
930
523
1130
3566
3110
201
4379
1153
258
2214
790
3711
2163
3728
2699
3291
2659
3697
337
3475
3158
3892
3589
249
225
1597
40
1661
4066
2769
1117
3351
1710
1568
1832
2561
3320
1006
733
4036
316
3374
4069
999
4087
3713
3669
1527
695
1454
3664
2858
3964
2436
968
2857
3997
559
1628
478
3879
4008
3655
513
3327
4097
1116
3136
4201
447
3428
4125
174
875
1122
320
1972
3722
3543
243
2801
1514
3792
4362
1376
1570
2546
163
813
2791
3514
3838
3936
1722
405
1466
2118
3097
3610
1121
23
1266
2829
3160
4281
3422
3074
2596
4235
397
958
4111
2884
293
1668
3921
979
2610
683
4266
2751
2266
2540
818
3149
1145
2889
2413
1498
1912
425
4438
579
48
4439
800
993
345
1230
1823
2687
977
2379
1897
3587
1162
110
3289
771
117
2729
1651
3220
2136
387
2728
2284
493
986
3565
261
2513
2309
4278
2134
1231
2955
2282
2094
4082
2385
1369
4319
1932
2507
3781
2928
65
4392
1067
3295
3162
1182
152
3833
2946
1040
1813
4220
1744
2187
1186
4332
2611
4258
1968
1057
1837
1064
2836
628
266
1438
1676
1615
350
4253
2080
517
2631
2921
2725
2679
2230
4403
1671
1542
28
446
3352
3522
2780
4051
281
3394
3491
4347
2472
1925
3660
1233
827
665
3106
857
4400
3555
364
3456
2754
756
3883
100
1701
1949
3944
1965
2386
4104
1410
863
1393
1571
966
2815
2469
750
884
3031
420
3301
2322
2624
4137
4229
1879
479
3338
2863
2374
2907
2528
3505
5
1425
1481
1046
1099
4029
3894
3575
1326
1302
793
3744
95
2723
3101
3042
1161
1486
3926
3126
134
4102
3971
1720
3409
812
1822
2341
2252
922
4057
2243
2796
3956
4179
2557
428
842
1517
3972
877
4031
1113
209
3490
3547
2375
3435
3665
1167
2460
2527
353
910
1665
3103
465
83
1638
2945
241
459
3700
1803
4149
4399
1173
2840
806
330
448
1038
4443
534
3457
4174
2694
256
1677
1133
515
2664
2021
3401
2361
2484
427
1314
1764
1239
4334
3841
3746
96
121
3228
1254
183
654
4215
3640
4369
2924
3868
3150
2975
717
1009
624
4177
2185
839
3620
1325
731
991
792
499
4272
2929
4413
2899
3415
3329
830
469
1255
577
4134
1419
2233
996
2649
340
2672
109
1216
2496
4224
3786
539
3091
1090
3842
4348
2292
618
4316
304
4209
2133
2247
2329
1456
3535
767
2043
190
3662
1936
1088
49
1942
2451
151
3185
3859
2344
2065
2875
2713
919
2305
50
324
3468
3616
4013
1484
2186
2947
3121
2905
3030
3271
689
3003
3244
1411
1271
865
4021
574
175
1737
709
2638
3884
2633
3261
3627
2543
2640
3828
825
3462
3904
1666
2415
2007
155
133
3630
567
598
1158
2175
3953
1418
2120
4003
1930
2755
114
1179
3210
3631
4027
1783
1082
2957
2781
1101
1590
189
1618
1595
3330
1502
1052
1911
1316
1565
2417
3915
4223
1860
1916
3463
1061
3753
1475
2518
2981
3764
4145
2278
0
2764
4330
2244
1545
1375
1791
3041
231
3925
3040
616
650
4340
11
1693
2150
1236
3853
4090
1726
3639
4160
1163
454
1423
2576
3532
494
718
1240
1829
2050
1180
453
2832
1805
836
56
1529
2591
1959
179
1380
948
1169
596
1855
4428
99
544
2444
3339
1146
529
700
1895
141
3250
29
3563
187
4106
4092
1808
2698
4068
998
864
2926
450
2615
4318
2736
60
1284
1810
2338
4339
4387
105
4306
4256
1044
3978
1200
3815
3801
349
4225
4146
36
2116
592
2903
757
2064
2977
4074
3987
803
2019
292
1962
4366
1011
1774
3501
2963
2350
3521
1969
2966
2298
3924
4226
2020
1228
604
2072
1966
69
2180
3316
1827
3039
3988
4037
1775
208
2873
4028
308
3778
132
4205
2204
279
507
3579
165
3433
1704
3443
3107
593
78
283
3995
160
1276
1398
1555
2100
27
419
3461
2008
302
3918
1076
933
2242
696
3169
1938
3027
1521
3411
2564
1672
1420
3287
1697
1963
2745
1494
3625
3043
2724
2255
2177
2534
4290
2538
373
716
762
2476
2058
2184
2648
3895
1946
2191
4186
3065
1022
2190
3680
1202
1518
1941
4126
2179
1778
2395
2053
4039
4425
2287
3143
890
3747
1647
3519
3138
84
3256
4041
1820
2993
3928
3516
4210
2353
3905
1599
1477
2750
3962
1060
235
369
2481
3981
332
1579
1345
2098
4349
2885
3773
1036
3866
4010
2887
367
143
333
1246
2414
323
3832
2119
2660
1596
3763
172
1981
3045
4351
4361
664
2964
2433
406
1051
3173
2988
3239
3737
3716
2821
3990
2864
519
407
1883
3347
3503
3556
646
2743
440
3441
3515
3506
3671
789
3551
1384
3745
1194
204
2986
1622
3577
2548
1354
3618
1580
3844
3529
4185
3063
3048
4391
1321
3689
1141
4227
2044
431
4435
1472
3600
1027
1815
2808
2235
1259
2389
2486
2426
2030
3588
1318
817
3509
3812
1607
4187
3674
3984
43
637
3492
2849
217
3735
2577
3079
242
1439
4255
1007
1625
403
1443
111
2896
3263
1574
3438
680
3525
3545
4283
2241
2002
37
4171
3933
1174
1610
248
346
4247
2566
1990
1874
1705
2932
2250
1730
978
4365
4122
3888
2901
1264
1779
4053
3989
1873
776
53
1243
1045
1330
3354
1501
4144
2458
2289
3705
988
3368
1790
410
2183
1836
295
3365
297
4176
2844
2336
3395
4429
1871
1452
3315
2740
2412
3426
3698
2826
360
2851
4264
2852
1389
3913
182
463
414
213
1785
1134
3865
2625
3153
3813
3931
2559
424
3633
3254
384
2991
2425
1468
1535
2684
2717
833
1008
1269
1609
3985
6
932
1817
2831
2159
1669
490
372
3636
4112
564
3321
4411
1611
1227
3483
3157
3994
2218
674
1102
177
1349
859
1041
487
3363
3298
3113
443
3357
3732
572
1725
2971
1244
2129
2506
4198
1598
2046
2164
4395
1453
3802
2683
98
3093
1952
3847
197
1833
2695
2156
211
1035
900
3489
2364
748
2048
1839
139
1050
3948
370
804
3448
1197
2089
1798
3638
1757
606
3759
3852
821
399
3255
1698
3023
1935
3001
2213
327
1160
3769
924
228
3337
422
545
1738
15
3672
3757
2805
4007
2437
1880
1303
876
3787
1279
1063
3560
4261
9
2125
2979
2112
2555
2306
1324
2165
4260
1019
3720
732
525
1408
691
4402
2237
4081
35
3743
1621
130
4192
1861
1664
2027
2651
3751
2035
688
4343
2582
2790
1298
1114
504
2139
4054
1339
285
961
2911
2346
2090
1333
3199
2516
3771
4352
3313
1988
3219
3240
2037
3823
1429
2644
2491
1588
1634
2031
613
1392
2181
2927
1288
1866
1205
838
3248
3966
361
173
3572
3537
267
769
3816
1124
2403
4417
1712
4322
1892
3840
4302
1718
3467
3082
1980
2269
2967
1184
301
1305
2061
1225
1735
1091
2803
3028
985
4108
1640
2115
4138
1118
3634
3164
2055
3524
896
552
1359
3708
981
653
3496
1797
13
837
3851
1711
2416
3192
1372
2972
4012
964
1142
555
3795
927
1933
1678
4190
902
1166
549
1859
1031
2987
1068
1165
4059
3094
3427
2860
1138
1641
4015
1025
3013
3511
2307
2680
4049
2223
3197
3486
2036
3253
2260
693
3941
3645
464
1023
3939
3350
633
2408
1741
831
3846
4109
2606
3736
3559
1253
1329
2772
245
2766
93
4011
2794
3542
578
4080
747
3706
3080
3284
2747
2531
4280
2765
1997
4038
2141
2352
4420
795
1854
1893
1914
2499
3025
68
2146
1742
3755
1853
2845
936
4445
104
673
3077
1714
2489
636
3408
4096
1561
4375
412
2033
1218
734
2583
1799
3300
1024
426
1961
3141
2761
584
713
3128
1043
3897
180
2693
17
1691
1463
3108
2525
1286
785
275
1434
1918
4105
663
2592
3507
3282
2943
753
4217
858
25
1306
2332
3992
2049
229
2748
3564
274
1856
1986
2556
3651
319
1178
4095
3613
619
518
4193
3227
39
1148
4022
829
1747
1084
72
3906
3777
221
461
4060
1315
3290
1348
3269
3621
2131
2296
3361
1344
1417
3460
341
3518
4295
1633
4397
2763
3877
3280
4294
4385
3179
4249
3945
3274
880
4043
3765
2422
1155
4433
511
4184
3508
3147
2917
123
2326
3976
4274
10
1379
819
2974
3648
1608
730
1753
1168
4212
3139
4083
2523
1993
2267
915
4335
1224
4002
2200
697
1921
1181
1955
3246
3406
551
1056
3445
1902
4175
2304
3412
2222
3848
2099
2956
3738
2804
2590
1485
1071
3135
2377
3647
520
4094
780
