4440
1904
1762
1924
4333
2937
1441
357
2045
4244
3688
3882
1435
81
4432
1679
2466
3393
2128
2283
2303
184
34
4367
3788
1708
679
3382
3702
2950
2279
3546
4075
1234
3760
1889
719
3533
761
744
3202
3189
2034
3100
136
2392
1029
931
816
2319
203
3835
2776
1840
888
1206
1136
489
4056
1467
911
4199
2549
1351
2733
1954
2315
583
3075
777
2399
621
3748
516
1581
3439
1382
3156
3991
2960
3216
1768
3986
1496
74
2894
3785
959
3081
3058
1652
2774
3388
2369
3548
2547
3231
1616
131
1787
576
4001
2424
2420
1982
2022
3161
1602
71
4231
778
2032
2198
786
722
343
1450
3226
4374
4180
3355
1795
939
237
3742
1290
3601
4157
4107
1449
2449
4354
1890
2314
432
334
2517
3293
625
1215
2984
62
2088
1885
3943
4286
2286
2806
809
137
970
950
1516
1784
2841
997
558
1327
3696
3789
1488
3571
4267
1126
2712
1865
2602
1523
3120
2663
2828
1297
4141
3607
54
662
983
2998
1670
3726
4085
1473
3237
2427
760
1830
2393
1910
1427
2196
1782
230
537
2813
2701
1247
2388
4064
351
626
1175
3084
4019
1825
115
4200
3983
2647
909
871
1577
854
2783
758
3830
1563
2312
3308
271
589
3550
3008
1412
1229
1332
468
1913
556
1219
3233
2220
1644
2313
2215
3642
2563
4218
1727
1447
3335
2246
2934
3938
2798
2419
3186
1869
1499
946
2060
3980
1311
1083
88
1939
2468
1097
3690
541
3131
1566
1342
1241
3182
2542
2862
4409
2311
435
1512
2445
2429
1806
380
1196
2453
2637
3495
1800
1533
1522
122
1289
4089
2541
2930
2087
2026
4370
3305
1977
1033
4207
3867
1457
3331
2114
1639
2288
2575
318
4412
2188
2536
4166
3803
1951
4338
2441
2132
3979
3619
4358
1888
1881
207
3900
3037
2908
1095
1934
329
2149
2785
566
1572
1760
3863
1847
3060
2201
4202
1192
3286
1613
2479
3749
3922
603
1809
676
2788
2771
1642
2358
4058
2990
2600
8
938
2210
2440
3612
1631
506
1802
2360
557
3217
1759
2083
2630
754
1983
3349
2461
3512
2040
1601
947
4284
3474
437
3178
1761
2918
277
3998
3360
4388
3225
1763
4110
1558
1673
1567
2258
2898
303
58
313
1409
1049
3109
878
1238
3709
1123
1292
2656
4047
202
3774
1
2818
3163
782
531
2406
601
3750
2595
1211
974
2357
2176
1195
1528
3470
2251
2574
2539
1751
638
1132
306
2706
3174
2881
4156
127
1917
1442
4014
2354
3404
3218
1605
737
4024
4018
4285
3887
291
1624
2387
2526
3719
4241
1018
1487
1863
3098
401
1030
3171
1534
2589
2166
1500
1734
4203
3488
3594
2515
402
2726
4259
3230
1681
411
2854
3145
2642
2537
2224
214
1214
1152
2057
1956
120
1717
2939
2710
2936
4129
3661
124
1586
1758
2601
904
129
4183
1872
2632
3204
1852
1971
2015
1947
4131
798
2316
3811
3784
1490
658
796
3889
715
4128
2464
2722
3054
2340
455
1310
1786
4114
755
752
3235
570
2922
3006
355
2883
1929
1386
2612
1724
470
4394
3585
3935
3864
3678
586
3088
788
286
4017
2800
3032
2839
2024
2078
2240
501
2077
980
181
4293
2339
3392
4327
4147
3850
2076
2143
703
3420
3632
2759
3602
2593
3056
860
460
1687
2508
2524
2290
3195
2604
2274
908
1226
2363
3914
2568
210
1662
3371
3086
270
3390
2565
1137
3123
1312
2124
3482
2280
2608
925
847
1426
3257
987
1696
3776
2117
2147
1458
1014
1766
655
381
4314
3071
3641
363
2006
193
4341
3758
3727
1262
393
4393
3695
2777
2435
1536
591
3102
3836
2795
2103
3205
2848
1688
605
4382
3336
1387
496
862
2086
3359
471
3402
2151
3687
1077
3004
3494
3896
1600
3942
3960
1170
1996
2232
3283
764
1811
3608
686
260
3440
745
4093
2938
4148
742
3497
1777
2381
3855
2782
3583
240
4373
246
2276
3119
3477
3376
409
198
3317
787
2732
1733
3016
1513
661
4211
3381
3723
1680
2152
4309
3954
2787
2522
3573
4206
1739
1643
2807
2067
984
921
3682
149
1020
4269
943
4415
3699
3673
3731
2978
408
1400
342
2434
3472
3258
1385
2719
2890
2169
3424
2859
1645
441
3403
3498
4164
4251
289
4045
512
1003
4344
3849
2324
3012
2342
1187
759
42
749
1252
684
784
368
2842
2995
421
2327
727
3057
4336
905
2742
294
3903
2773
1431
2443
969
2028
2482
1075
3345
1478
3419
3175
3947
227
1004
3194
3870
3676
1001
1927
1350
1524
2768
2635
707
832
63
3076
3180
2157
344
4181
585
1989
4441
1129
51
3552
2348
2051
2334
723
3624
2084
3876
740
4099
2372
3375
3961
2855
4275
2439
1307
1660
2607
1260
2268
4034
315
3940
2626
2013
4052
3739
4234
3963
2174
631
2970
1366
2786
2692
3740
2689
4245
1209
3279
1446
2823
1816
2837
561
3679
162
3222
4303
1703
4163
1550
416
438
3567
1843
1497
1754
2910
2397
3584
668
377
550
2113
2110
617
252
2789
362
3
3965
2160
85
2202
257
1338
1707
3009
870
3311
484
568
2325
135
3569
2721
4331
41
934
77
1394
1026
1407
2454
3596
2271
4357
1092
157
1365
845
1021
855
2281
3112
994
3385
2867
2493
2645
1087
666
1374
2876
3425
3224
3761
645
642
810
3677
708
1841
2038
2231
3212
1189
2197
3168
1363
4119
3762
4310
543
1721
2846
4118
2697
1188
236
94
2293
1682
483
4308
711
538
4167
3396
1461
1538
3500
590
2173
3035
1504
3319
220
4427
1037
1343
1875
4239
3334
3064
265
3591
4311
472
253
3827
1460
1191
415
390
4401
4169
1578
1908
2447
4208
3806
2321
395
3891
669
1404
1405
3416
4350
840
1080
528
2059
1635
2376
1416
3044
2373
480
532
899
32
2323
894
2614
1612
3839
1849
3487
4168
3530
3466
4431
2619
2673
1746
2182
3626
3770
4078
288
1582
2485
2104
1010
2455
2041
641
1210
3809
3266
2234
799
2871
335
963
3343
848
2951
413
1551
500
396
1476
1900
599
2861
1509
2833
1920
2792
3675
1005
1294
467
3033
914
2835
125
2206
3277
4004
2737
4423
3821
2753
4257
1540
3856
3324
783
973
2738
2900
205
4033
348
502
3485
2093
1199
3667
1937
2686
4406
951
4404
765
4000
2962
1948
2428
1619
4230
2333
4421
4248
1695
2830
1335
2888
1821
2500
1293
3932
1422
4219
1066
216
2227
4050
3372
3538
3252
852
1958
1907
1470
3996
2097
1108
775
1353
4123
305
634
4389
1308
3302
3299
2650
1715
600
1078
3215
2300
3152
4390
2209
3148
2144
3780
379
1686
4026
156
2355
3367
1401
2140
1729
1208
2727
581
2824
1877
1000
1940
2784
2570
874
4143
3968
872
2411
856
1548
1016
2161
3615
2270
148
386
3055
1300
1973
3893
3069
1479
2446
113
4313
2029
2580
4035
3668
1277
906
659
4237
2238
429
907
3122
569
3684
1945
2498
2383
2365
1723
67
2063
571
1530
1953
3312
1564
820
417
2992
3599
3527
1296
3181
1657
2620
497
2571
1984
1689
2331
967
536
3124
3387
444
1261
3576
770
3397
4071
2666
2877
1835
1028
912
2478
339
1272
477
4154
3597
250
942
215
3132
3134
1812
3791
423
3539
4368
176
3373
3480
620
451
2308
1483
3049
482
3389
4121
4070
960
1032
3590
430
4436
2091
2130
2874
1745
901
2760
247
45
3073
4040
238
2
3273
553
2404
70
3459
3693
2674
2847
3917
1190
2301
2758
2456
1584
2495
3999
623
547
1347
4063
3540
3458
4091
2480
2688
2378
498
1769
1147
2127
1185
3247
2025
918
3574
3047
1728
3929
1381
614
1826
682
4127
2010
107
2317
3606
1301
1623
1328
3436
473
3558
385
2623
2636
4173
1073
239
3211
312
2554
2335
3871
4442
3733
2330
2402
4329
382
3104
2000
1135
146
1436
1232
3447
4378
670
2102
2678
3557
794
3469
1275
3772
1699
692
4299
2744
3413
1773
1357
3909
1221
4312
3281
1842
2952
1903
2011
4364
1105
3604
218
4250
530
3214
2935
434
1515
2337
1848
2423
4268
2720
495
2401
24
677
3432
1360
2665
1519
1491
2081
937
3188
4296
2746
3652
563
2671
4301
3549
1164
2643
2654
3294
3165
4270
704
1415
3824
687
322
2039
1150
2192
779
736
2994
2749
965
2465
3493
1299
4222
1127
2062
3020
1604
2368
2762
336
1128
3196
2418
3303
3901
38
31
1776
1909
2942
702
1557
4088
3957
1851
3391
1508
2811
3517
75
4342
59
3353
3208
3105
735
2069
2155
1107
2236
1273
1257
158
1915
3974
89
726
4271
3184
290
3099
4377
2154
398
2521
3818
2221
3670
3183
3449
1589
2253
3053
4240
3292
2109
929
2207
3014
3068
4405
233
3796
3421
3617
3659
1655
2467
4005
608
4291
4359
3834
1901
1283
1493
2585
388
763
1794
1039
3455
1560
4221
1356
699
366
2275
4086
2912
2709
941
1034
721
3752
1309
729
4300
1771
1437
1591
801
4133
2961
535
3686
1048
4232
3260
3430
879
526
2145
3378
4287
844
1750
1654
3658
4067
4046
3029
3464
2703
2976
822
3568
4139
4238
1317
1143
3285
2047
4282
1251
2685
2718
1445
4317
1430
1594
2923
1970
4196
2940
1207
1295
4132
3794
2442
3534
1395
1627
4304
2199
4151
442
725
3342
615
712
1396
1440
1667
3172
738
2578
3862
458
2111
1546
3251
116
3318
1864
4337
1685
3200
1998
3880
325
4345
1176
1617
1629
2530
3807
2872
4030
18
2249
3471
3526
2880
828
4277
2913
299
1069
46
2767
358
657
192
4135
3275
3154
714
1637
1388
1002
3724
3685
1248
2667
1752
1706
920
1250
2085
1058
2827
2820
1323
1659
12
3825
3920
514
1979
1111
2996
3951
2870
259
3712
995
3586
3398
891
1749
491
2865
2676
276
834
2999
694
773
466
2572
1520
1792
251
1432
4243
2562
510
565
627
66
2879
1159
338
3629
2512
1471
873
4020
883
3873
1469
4165
1547
3021
4407
1552
643
811
456
4434
3959
347
3130
2520
3348
14
2914
3245
3907
766
3155
2168
685
1085
622
3793
284
3328
1106
3805
1217
2068
4305
3614
1265
923
4376
3332
2462
119
2730
3969
3238
648
4055
3270
168
1193
1361
2933
404
2550
2931
2382
3276
3309
1291
3875
3358
3729
881
546
1650
2477
573
140
244
728
3061
1172
3473
2073
278
916
311
272
4189
882
2318
3383
2380
1819
1694
1653
2328
3479
1804
1098
1999
2567
2587
2137
3072
2690
206
4079
1464
44
307
2107
2856
154
4298
861
2560
3919
2597
4381
640
629
106
309
1824
4101
2349
1245
4076
4372
846
1692
3691
219
2004
2704
4424
4188
2295
2505
1151
2172
527
2052
2878
164
1144
3133
1433
2817
1844
1587
304
481
1832
3635
1959
2185
839
1925
3521
4235
3535
2543
1611
383
2954
1423
1169
3773
3621
3513
1610
2230
3000
3509
3026
2122
3159
6
915
2869
3107
2112
3705
2346
1886
138
1720
1182
2679
3782
3516
2583
955
2743
4108
1767
2066
1596
3815
2217
27
3463
3613
492
2489
1592
4176
3732
2285
1883
4366
2892
494
1874
3118
4435
3634
3315
4015
797
1529
2552
4144
3121
1783
1130
3725
2412
279
534
867
102
4043
104
1628
808
1859
2808
1088
2496
1933
1974
4010
1104
2375
359
369
2534
142
790
1384
3239
4416
4090
4049
1133
4281
4084
3743
1429
2801
2385
4215
2282
3052
1838
2278
2700
1326
2320
3700
3405
3913
118
850
2018
988
2050
4229
2681
3062
3045
1871
2299
331
3507
4060
992
3454
1166
3031
183
1325
688
327
2046
446
2555
3018
4262
2988
2724
1779
4347
869
2979
2259
3240
3106
1047
3263
1542
1336
1818
2494
2425
3322
880
4335
1239
3844
3427
2590
1099
2702
2250
2296
1854
65
2413
637
3973
145
4102
2967
452
3616
1371
696
2599
3505
1052
552
151
324
2857
3103
2511
2756
3799
3759
3039
3278
1906
3320
555
838
1079
2134
1640
2907
2588
1955
1398
2616
2146
1364
509
83
1024
4113
4228
3501
225
2181
986
2546
1862
175
1121
3926
1705
1986
3374
3927
2310
3337
4009
4124
3010
2162
171
3648
1456
499
3556
1222
2244
4109
3883
4399
1027
3674
3136
575
3209
2955
3716
4443
4152
4321
1086
567
936
2640
646
1941
3640
2993
1375
813
695
1778
3707
2031
2516
1663
4417
673
3042
3575
1074
2904
364
2921
4256
978
4082
1484
3486
1916
2391
1316
731
367
2472
1810
1443
1120
2947
584
2055
3565
922
1287
160
1141
522
674
513
410
3147
1573
356
743
949
2953
1340
1474
3508
69
919
1420
1828
2101
2506
3993
3351
1833
2027
2074
2284
84
1425
330
958
3338
1179
667
1198
3219
4184
644
1118
117
3561
4158
4365
2361
464
780
3518
999
3151
1880
2625
1968
1045
4283
3923
700
1928
1103
803
885
1228
384
4061
49
762
3475
346
36
996
4041
1622
1022
545
2551
1011
1379
2164
2070
1603
520
1936
2033
3651
2905
110
1935
2503
1722
182
2405
2836
1110
3409
333
2903
3683
1160
3327
3664
1055
1146
15
1858
78
4397
1837
3462
831
4280
3861
3994
2853
2061
1930
2523
3050
2048
264
1040
2889
1031
4054
4306
2064
3282
2294
2242
3812
2469
619
197
2843
275
2981
505
3625
2781
3210
865
53
3437
109
462
4420
3551
3751
1672
1119
4330
3287
1043
3079
971
4003
4013
853
1861
179
3350
405
3456
4249
2204
1608
4352
1165
1380
1266
2734
3822
4433
511
297
111
720
1981
2370
3618
4414
1902
2829
3981
3394
3065
1817
2668
3636
1227
4386
4253
4042
1463
1008
1424
578
2100
2463
3798
1259
3562
488
1574
21
2893
25
3158
190
2559
1249
890
3414
2023
3365
4392
2417
650
3465
457
1537
2513
598
792
4295
73
1966
1648
3528
4318
3043
101
3038
3352
3138
1007
428
2262
2540
3905
1391
1743
897
2195
2490
3656
1373
3329
316
3041
420
1646
2661
4103
966
2615
292
3630
3865
1288
3592
2603
3483
1070
1938
1570
3665
4227
2561
1091
1060
2983
3025
3933
50
17
1543
4419
4032
1178
2926
132
609
372
1156
610
4205
1698
606
1367
2646
981
1168
3077
827
3271
1677
4400
1115
747
781
2213
68
1145
2932
2579
716
281
2092
2395
3937
1246
2426
3476
821
1046
2184
544
2183
3272
4254
2222
159
3545
2158
507
1962
1116
806
476
2302
3040
2403
1919
2329
1418
976
3786
3756
2980
2247
2510
572
2096
3347
2072
3605
3435
1082
1061
4125
447
1142
2203
4319
748
2644
3519
2272
1218
1315
3092
2389
1829
2901
3306
1753
756
698
209
628
1860
2256
2438
2803
1173
1392
2257
3944
2653
93
542
2190
1279
1641
1905
3589
2452
1345
2153
4371
268
2170
2287
664
2770
701
4226
2345
2975
2267
3491
842
3446
152
3173
1827
301
2740
2362
3412
3149
2237
3019
2289
2860
1305
1334
2657
2125
187
389
143
3953
3623
266
1204
3246
523
1781
3078
1683
3598
427
3030
1893
4351
3885
1304
639
4100
141
1378
3127
90
2814
3962
993
866
1051
3067
1921
4217
1244
3341
2982
1544
785
1481
4192
2241
4025
3787
3164
4322
2863
2307
1562
2851
2305
3633
1268
4023
2754
61
4212
2884
3978
443
613
4276
1502
3298
2514
829
2175
1666
4137
2649
795
3654
2825
4187
2141
2053
2309
3971
1932
876
2415
1100
3728
4445
461
2844
3931
3490
4302
2917
3461
1157
697
3555
3117
3838
4429
1352
1167
3438
2525
3125
3600
26
2187
249
1341
1240
2826
3647
3269
2769
2716
529
1258
957
962
562
3295
2037
3795
1585
1990
1713
3301
2838
595
243
3028
4097
519
2920
1009
1949
1134
3001
961
2911
1243
1256
1324
3262
4348
3143
2723
4072
3952
4037
1952
3831
4272
1891
1969
4246
1735
3697
3542
29
2502
1711
180
4039
263
1887
2444
3645
1303
3928
226
3411
2119
39
1618
4081
422
3537
3316
1369
4273
23
28
1158
2573
1349
825
2030
1139
1068
2008
3380
1823
2245
1615
345
3816
4334
706
1076
1918
4369
2966
2200
4130
2943
2189
1693
3904
4057
3924
4428
419
2448
1318
3503
3418
3848
2664
9
3808
166
4316
37
16
952
2739
3847
1472
2729
2945
1633
352
1439
2896
4162
43
3015
1790
424
1730
3997
2611
2564
616
453
112
560
4343
3408
2687
1419
2326
2816
1041
2566
1965
248
2648
185
2131
3126
2336
2432
518
592
1664
1006
2035
2532
1897
2451
4027
2618
254
3714
604
1269
900
1281
3984
930
97
10
3115
2235
1155
2660
2924
3972
1225
1372
4425
283
2492
2436
2090
2194
2129
624
3738
2763
3346
4126
19
56
4279
3720
1704
4175
3176
539
602
3655
2228
4051
105
1072
3884
1015
3063
1466
2377
1414
3297
194
155
3213
1798
3717
2484
399
1896
3114
2963
2120
1527
3066
2344
3254
1946
3939
1017
4210
2772
1539
3985
1625
1064
2662
2832
267
3157
2852
3162
1684
4111
3022
3869
2986
3941
1063
1084
4307
2044
1912
1344
2306
1580
255
2895
1599
3988
2715
3428
1148
864
2527
504
1411
3547
3290
3460
2658
2755
3894
2225
4142
1521
3737
998
1355
1588
4411
72
2971
517
4087
479
2831
1230
3206
426
3945
211
2353
2728
308
1741
2211
169
1736
2714
4204
4150
3832
3660
3563
100
3496
2764
4116
1526
2680
2633
1943
418
587
323
633
2481
2885
1710
328
3814
4059
2538
1911
579
2610
1071
2260
2177
1102
4383
693
1855
321
1791
3890
2672
1042
678
3478
4012
1186
3628
293
139
3587
1789
4274
4355
269
2263
2179
3190
4332
4038
4031
713
0
3866
406
4104
1346
3802
1506
4430
1595
3888
3992
3763
1492
1359
394
3002
2332
319
4146
1271
2422
391
1348
837
1988
2486
3524
1597
851
1505
836
2985
3080
79
3259
3192
1665
3797
1408
2098
2338
161
3721
1774
433
3722
1181
4356
2371
1651
577
2150
3779
2099
134
2322
2269
375
972
817
463
3706
2471
1815
2095
2219
1725
378
3657
1621
3698
274
917
4216
3492
371
4340
3128
3011
2343
3841
3139
4362
229
3578
2840
1012
1993
4261
188
1274
4106
875
982
1475
2394
2535
4289
927
340
412
689
2790
4408
1019
3529
4011
1957
490
2509
3442
730
1270
361
3023
1697
3444
4396
1571
812
3753
3745
4172
4122
2605
1718
2591
524
2557
121
665
3976
1438
1216
1264
877
35
819
1839
3860
2205
3415
884
1656
2695
815
1023
1866
242
3506
2791
2944
652
1059
1454
3990
2684
130
2292
2659
1402
4297
2916
2544
2036
1747
1757
3146
3417
22
1807
1276
2780
1286
3958
1452
1799
241
2873
2576
128
926
1117
403
2304
3554
3339
2458
431
2864
4264
1109
1044
2533
3036
2556
1114
2683
353
407
178
4418
3433
1485
933
295
653
2631
1154
4177
217
2476
2693
213
1253
3936
1486
2408
2858
3087
231
2214
1755
1579
3255
2374
2628
843
3280
2433
2899
2696
4155
1961
611
1223
173
2058
1691
3110
4186
596
3261
3451
98
3160
3713
189
95
3489
3321
1393
910
3736
1674
3005
2218
2991
3671
2634
3764
4260
818
1620
1284
2652
1568
4233
2410
630
753
1634
1025
2639
4223
3095
3544
1330
618
3220
1545
2582
4029
4092
4008
1321
3572
4395
2629
3747
1149
1561
767
2473
1453
165
1598
3264
4387
2341
350
3511
3955
2804
1972
1714
724
4096
2717
3289
2987
2655
33
1785
654
977
258
4036
1607
4185
2761
4361
2116
3741
4413
3344
4438
3610
1255
593
2488
746
3579
1678
191
1980
525
425
3564
2518
3288
3445
2766
2159
3386
750
3090
2528
805
1876
1377
1177
2973
450
3361
859
991
2887
1038
3135
717
2165
1797
4159
337
3094
515
1236
1161
2082
710
2248
2223
1737
397
2118
474
1853
208
1609
1501
3422
2553
945
341
1732
1090
174
3101
2849
1417
487
3330
1831
3185
3141
3244
3356
896
1205
2748
705
1333
3426
3274
1963
2366
1701
3248
302
804
4080
2191
3646
1590
2136
1740
108
1101
3532
1669
7
1233
172
2809
4193
2416
709
2624
448
3650
656
2752
2698
1507
3560
612
3878
1700
320
3777
2974
2977
1057
224
607
4325
3852
3566
2592
478
3093
2929
3989
3765
414
1298
574
3199
1942
92
3326
3837
3828
2609
4149
360
55
2043
3921
2821
3769
177
3313
1569
830
1873
2972
1462
3801
1468
1756
2020
2409
1764
2745
4022
932
3949
459
2430
2364
3851
2925
4439
2731
195
533
2384
3074
4179
769
1813
663
48
2255
3229
732
2548
3007
3833
3457
3593
4002
2606
1376
3950
3197
1931
1320
3227
902
2012
4174
13
2915
3364
3995
232
3406
3649
2352
376
824
2071
2186
1495
2386
1174
2019
3559
691
4339
1465
4138
4083
2569
4105
1676
2751
2407
2507
1742
2007
924
868
1370
2584
228
3588
365
3027
4198
2460
3874
3703
2725
1744
4028
114
2106
3142
3823
3514
2138
2815
1805
3970
4171
3620
3307
3964
1153
2713
