1214
4119
3539
3102
4136
1760
535
1342
4300
729
1812
4232
489
723
1546
860
1703
1283
3935
2666
3292
2865
3124
2930
289
3186
3661
2124
3317
1923
1252
354
3512
1624
2202
1405
2900
1708
2231
150
1642
2645
3850
950
1483
2635
2301
2823
167
306
3702
1520
3014
2498
4203
1652
1220
558
2738
3487
1440
2290
4415
1327
3276
1409
4107
2161
3546
1188
1366
660
2526
2500
1563
3770
1267
2160
3389
4363
1461
651
3098
2465
1901
3453
1471
2084
157
1488
2059
1534
1150
2253
1058
1386
1657
67
1751
3854
2867
1164
3177
726
2594
3242
207
41
2152
1680
925
1458
1381
1358
2453
170
721
1556
615
658
1709
3624
2799
3576
2688
3440
401
684
3675
2636
3247
149
1614
2597
1337
3666
735
849
1688
685
239
4143
1780
473
862
227
4135
873
3429
44
458
4033
4165
4389
2172
3922
2419
1338
1945
3277
4168
3684
445
1659
2940
3597
220
3606
393
3085
3204
704
312
3382
3235
2547
3582
437
3652
1804
475
1289
2782
3829
3447
282
1991
500
4320
1716
2711
4005
398
4045
1915
1296
3960
4131
31
1478
483
1482
591
1699
512
2215
1219
516
699
1550
2586
4110
338
3668
2440
3420
246
1715
2580
1387
305
2913
4099
1771
799
2434
2508
1811
3691
3940
3112
4064
1670
3056
4048
3594
3458
2016
643
764
1489
1627
1784
432
186
2997
1971
526
388
1332
3217
2258
3035
2949
3378
1552
2970
363
4412
3607
1872
3909
4132
1436
3196
2704
1226
2709
794
2034
3360
751
4287
3699
686
1746
467
2401
3709
1470
1770
588
77
3493
4374
3863
2733
2313
741
2818
3359
1566
1522
257
2047
94
4098
2069
382
4407
4058
1132
8
1577
2522
1967
3044
566
4056
3419
3485
2015
215
1430
1509
4265
2948
4308
1842
649
347
1039
934
675
3601
4410
2387
2554
4035
4381
939
2339
3370
601
2774
4277
4114
2876
342
12
3436
2045
3373
752
1201
943
1850
502
2014
784
4427
4344
3055
140
3237
2931
1208
4423
1863
894
907
834
455
2271
2850
550
1512
2542
4065
3305
2028
2073
4267
3612
3785
2081
1128
2026
3692
3021
3392
2449
1721
2952
738
1451
2495
2396
1143
3677
1977
2085
4073
3376
3731
1347
3748
1524
2337
3959
3404
2210
4199
763
4432
1924
4270
1998
510
1217
409
3682
1690
1558
918
4431
2951
4170
590
4196
2424
2637
916
580
2562
1000
2830
1487
3876
4296
2718
2819
4014
1300
3168
3119
3318
3430
2038
3659
3531
4342
2340
3484
3687
2706
1956
3222
1758
3488
4372
262
1049
1374
2342
2040
379
1847
1053
2701
2881
3839
3377
1583
1247
707
1606
2240
176
4115
3260
3494
766
2833
2431
1865
571
299
3886
1095
2735
4088
3154
2399
3236
913
1016
1888
3991
3273
4350
3399
802
3166
1126
1613
2785
1578
791
193
3266
2283
51
1135
4314
3324
4208
2009
1877
1238
912
1655
413
2608
3009
521
3749
1729
82
1763
2914
3372
2632
1830
832
75
3472
1953
1020
4019
1273
1211
3825
1792
1159
758
3968
1195
2549
38
2354
2742
85
501
1696
911
270
770
2595
854
503
846
2671
2879
820
3459
482
1004
3423
2400
1172
4376
3073
2541
1297
1394
3969
3805
638
3482
116
2984
1644
1291
2520
563
2429
2462
272
4219
2273
1944
2837
2227
3286
236
1075
841
4437
66
3225
4309
2910
928
3983
2619
1496
2834
1183
3961
2351
657
772
1849
856
2822
4001
2891
973
809
2039
4067
953
411
3550
294
1351
1317
4004
4346
3299
3967
122
234
2600
3449
898
2976
2286
2720
307
3203
1604
2789
1554
3965
786
3319
980
335
621
4426
1695
1772
1739
541
3068
87
2380
136
2145
1773
3788
608
1196
1307
2423
2411
4298
3974
4222
3216
1415
4050
3431
3996
3384
2936
3617
2276
3221
4
3495
1533
1192
4120
1085
727
2372
3391
3479
2707
1479
3632
760
4271
3303
2442
2067
1170
1992
3789
2902
970
905
3165
1290
3156
4310
1523
888
329
4148
351
914
1769
3104
506
2393
3343
3161
3827
1437
3211
692
1140
3712
2593
2906
666
2397
3191
54
451
2295
2682
1623
2398
1776
4404
2032
3069
3071
3780
3033
2274
3432
3208
2958
845
4323
1237
1251
625
3586
3064
874
3891
3285
3573
1493
74
2691
553
4377
2108
1660
3596
659
1029
1795
1951
3355
1540
3134
4305
3152
2480
1362
1062
1617
4063
3348
1193
30
2989
2093
3353
2872
1591
3742
4121
640
744
2457
3791
2721
1034
1077
1368
1685
2088
1654
671
4331
2103
3340
1093
1450
62
1717
3820
2793
355
471
1845
1519
3568
2630
844
4230
2841
536
715
2571
3381
4390
4384
3131
2686
1662
1616
2933
783
942
1144
1448
3871
415
4275
2795
3806
4157
1636
3957
2474
1750
3410
2356
779
508
1147
325
4030
2487
3140
2792
2828
661
1187
629
2786
2454
3693
4269
1898
2246
2654
4293
3388
1809
439
423
4268
181
1995
1073
879
2147
4151
1210
377
395
1308
1882
260
777
1457
3896
34
3402
4288
1467
2402
2550
2331
3538
2347
2612
2642
1727
4245
3481
3739
3856
1851
1309
2135
3830
965
3541
1395
4329
3810
3304
1069
290
2874
1673
2206
1412
314
3076
3690
2726
3207
736
1844
1528
3811
2727
2378
3163
1292
2697
1098
2428
3794
2965
3046
938
2589
113
681
2447
2212
2842
1687
2355
1282
1745
1759
1920
2221
2013
430
3834
2130
1983
408
2004
4101
1401
2317
2121
3719
1602
1530
1427
3734
2234
251
58
3704
682
1864
3772
1681
1382
3774
1189
4211
605
1927
3328
2157
70
3574
3223
368
989
1361
2994
456
2898
2623
120
91
233
162
358
669
565
416
3174
2567
2866
614
3129
1984
4263
2813
2776
497
4034
1123
1021
969
2922
2143
2521
310
3020
1383
3784
2894
739
168
3819
2238
561
4017
2529
908
89
631
1262
947
3599
2999
2746
3696
1541
1728
88
1605
1108
485
1765
694
315
1904
4079
1734
1630
1733
2806
2626
761
148
4197
4243
3455
3205
4128
1536
1843
1294
3183
362
3567
4047
4317
4200
3130
3619
4326
4089
2939
1199
2515
3818
2817
237
202
807
3133
2418
2575
2315
303
3109
1723
2010
3233
2197
848
2871
2439
2762
3681
486
2483
2968
434
3215
1428
1277
828
271
2604
495
2783
543
1612
1754
4164
3075
63
570
1950
870
3946
1048
2123
2275
3947
1825
1001
2959
2459
3807
137
1777
995
1235
2539
1311
2501
2732
3473
967
3309
1432
3200
1508
2479
3214
1445
1802
1560
3910
2333
887
3241
906
1846
3452
3224
3195
3396
1241
4006
3750
2140
742
2348
1581
4163
1706
4166
2890
3504
1973
2758
1707
1870
4239
3006
317
2392
822
4367
4285
291
4085
2229
2249
3835
2614
2328
334
1265
444
2467
1557
3383
1645
3099
3024
527
2854
59
3932
1260
4394
3626
3061
2373
3726
1399
573
2311
2934
3466
14
765
3004
3887
3637
129
878
548
3629
899
2942
1766
4075
1234
2265
1250
4167
1900
2226
3084
2029
4401
3480
1185
3279
3100
81
1190
2587
2308
1593
3644
1151
2168
131
3081
2281
218
477
2878
2647
1449
2367
2117
1917
2888
3843
3180
470
1875
1442
222
1221
3323
3500
3663
3527
1301
3070
719
4241
1406
1979
146
4252
2689
3281
3762
1331
2703
3425
4299
1078
4046
883
2665
124
1476
2578
617
199
3413
2995
2169
655
1878
3729
737
1136
2349
2773
2787
931
4378
1469
253
2744
480
3954
3986
4093
210
576
4304
1819
1549
3302
531
2132
2923
4312
45
672
3919
2468
3057
386
4141
4218
240
4238
4024
3249
3517
872
3497
3257
3603
1631
1257
3584
778
3916
3963
2517
4156
1499
1761
1014
280
2239
1682
3824
3817
4020
3037
3434
755
230
642
1559
1094
787
2497
1940
994
2775
3379
4240
3017
871
2382
2798
2880
1643
2042
1890
3086
1032
4070
2800
1816
466
2166
4315
1619
203
2568
2083
3218
2318
2063
3998
3258
702
3267
2712
247
3718
2760
4161
1385
3332
1601
1719
1129
1731
396
441
3335
1431
1089
3464
2025
3523
2466
2078
3012
4180
3943
712
1594
2079
4181
959
1435
2406
318
4406
840
796
788
4422
1441
1323
4052
3060
782
4405
2677
4206
343
2730
1312
1762
951
3642
3016
3175
975
2404
774
1396
3796
583
1834
4221
984
3760
3643
2749
244
648
1976
3727
2992
3804
265
1929
4368
2839
3393
855
2251
3367
1363
2024
1206
3557
2087
4292
4147
2022
1328
4133
3776
1175
2570
2602
1105
1152
32
3938
4333
3385
676
64
4360
2057
3608
3230
3855
2261
600
677
1970
3184
1525
2314
556
2996
2176
4123
1548
1869
847
3416
3685
1096
1821
2369
1500
4388
3999
4091
2820
2835
1422
366
3552
4353
2109
3793
641
3345
1926
1894
1958
2650
4364
421
4154
1261
1191
219
2643
3604
1584
277
3571
3397
24
1801
2810
404
2006
460
2062
3358
3912
3362
3826
3611
4357
86
2173
2198
2144
1137
2558
3226
3914
1515
4076
2365
4078
1065
2114
810
1473
1948
1460
3898
2485
468
2086
3676
2883
1531
1446
2446
1800
2877
3499
3334
4282
288
3653
3390
2771
3089
2897
1107
599
276
2861
4291
1421
4441
2847
2052
3752
3047
1353
775
2127
3053
2368
920
496
322
2710
2537
4440
2607
42
3314
1030
1686
537
1127
3198
154
2148
1589
2961
929
627
309
3849
2464
2477
3864
1788
3723
3252
156
3155
2435
2908
2859
3872
4189
4359
1018
2855
1356
3767
2111
2741
1989
3088
3730
4040
250
2
816
357
4354
2077
1433
963
106
2524
1013
740
4140
3181
3122
3775
3920
668
3901
582
1513
2128
2536
1280
2001
3678
3903
1639
990
3243
1794
2224
2280
1572
3123
1908
530
4169
3331
3049
1999
1343
2759
1097
3530
703
2319
3311
2174
2998
2581
1002
2685
3845
3471
216
2388
2678
164
568
4311
1667
1910
1248
153
3188
4183
3622
835
1207
2102
4000
2493
2675
4018
1
754
3836
589
1694
3212
4259
1357
2321
540
4257
1978
2563
1232
2051
1028
449
1650
1360
2236
679
1033
2068
2097
300
1447
3951
4436
3245
3407
417
3132
2676
528
1003
1322
2719
3283
1087
3369
3641
2455
2778
2220
2209
1010
1947
3809
3178
47
198
3275
442
2807
1209
3679
4202
3889
1903
2188
2601
3758
4324
3182
4207
4026
1582
1724
2565
3116
2450
2359
4327
18
4139
1203
581
1245
3581
3979
2445
259
3803
1005
273
1551
1538
4345
2155
1996
2598
3540
1404
2482
585
3549
687
4086
184
2149
768
1600
3615
4188
2288
1679
3424
532
861
1295
670
3526
2585
586
941
4286
3403
2110
3602
2300
2137
1547
4129
3498
626
3470
513
1043
2921
345
3927
3114
1941
2826
3269
1117
4057
3683
3970
1465
4254
644
4325
673
979
1047
2338
2564
1318
2438
4366
1871
4280
3674
3041
2262
4227
1378
3307
3435
3990
1537
4013
593
4290
2858
2812
4332
2278
3489
4010
628
903
264
1671
2502
2769
1380
3199
3648
2200
1367
1501
4176
3890
3878
204
1138
3468
256
3327
2739
371
1145
3445
2559
1781
2658
6
9
3394
2657
4159
2668
4348
2195
3672
3984
3703
189
525
4369
2852
3003
1125
4011
2070
95
3773
346
2915
61
4283
1059
1672
2503
422
2869
3010
3577
2904
1818
1785
1774
4185
1344
1579
108
1204
1463
3040
1638
858
361
2518
3097
1006
4109
2473
3621
2304
3366
461
245
1966
1334
1418
3966
2801
352
781
3781
4289
2007
2219
504
1139
3093
3799
2863
4145
4213
3451
2458
3352
4383
2864
2699
674
971
111
1886
2523
3792
3380
3842
1588
1439
897
443
3415
1071
1370
1336
1333
2496
1063
1730
3698
68
2851
3278
2633
1222
3656
3507
1620
2885
76
1562
372
1705
1050
1744
171
3950
2370
2033
3560
2100
1121
2089
2627
1284
1186
3860
4061
1161
1648
3738
2640
1828
867
1285
3051
3936
1698
3271
2106
25
1099
4146
2185
1202
4278
2386
2391
293
877
2156
3521
3094
3645
188
21
4355
3802
1599
709
457
105
2159
407
2484
1539
705
653
1611
560
3066
678
3259
2947
1697
596
2860
2257
3356
1678
1076
330
3964
637
1906
2426
3707
4066
2919
3736
3953
3333
2991
665
734
3895
4171
3543
17
1714
507
474
1912
3884
2986
1389
1148
948
1242
1423
1902
499
2451
130
1778
5
1474
4328
900
1691
706
857
564
453
1874
902
2687
2579
359
1064
3765
1510
1789
213
1683
2158
936
3019
4095
3671
957
4016
519
3476
1420
492
1815
2345
720
1377
134
2752
3344
3711
4365
3028
2985
3509
2618
656
1200
2621
4392
2987
1051
3892
1738
1330
700
1803
865
452
4319
2624
2639
2804
1341
1930
269
425
1429
808
4209
3313
2475
3579
2843
1346
2298
3987
2105
3851
2516
1684
2573
2617
3514
1677
1408
141
701
29
3018
376
555
1514
2905
112
769
69
1443
3065
2655
3777
2748
3411
3125
4306
1352
3306
1535
3513
2190
3433
1303
1113
2019
285
2972
302
121
3544
3289
2343
1298
1783
4150
3542
616
3268
2043
2409
579
2698
1134
647
459
790
1861
2082
2634
4297
1468
3127
985
1177
35
1194
1720
1163
1274
4178
3456
1817
1156
3783
2901
1438
36
2048
3808
165
1264
3852
3620
4416
3007
2492
428
4387
3853
1868
258
4334
1664
1391
836
3857
1814
746
2917
387
3036
3428
1622
201
1569
3282
3095
2896
762
1988
3764
3190
4380
3496
3450
39
103
3575
3090
4413
1044
3832
1116
4318
1506
2463
1231
4060
3446
1855
2509
3491
910
1492
2437
1713
932
2903
2695
1985
2112
4144
110
194
3361
859
298
4041
3981
369
4249
1011
440
3747
4049
1518
182
3902
1590
1239
364
2802
1632
1997
3879
592
1592
3126
4266
4138
3463
956
4022
2020
341
2138
2170
231
1153
2326
2403
3680
1568
2772
981
3972
3610
2756
559
4273
776
1255
487
2661
3027
2577
436
1411
2146
394
2481
3220
3881
2528
132
2911
3958
3248
3167
2046
3301
940
1860
4160
562
3962
3262
2415
431
2747
850
1711
3564
606
2430
1371
1364
37
3034
1228
308
1045
180
698
4433
433
7
2189
511
2470
4408
3185
992
109
3239
4015
4253
3101
3921
509
2350
3113
3201
3904
4053
1955
1180
1122
1165
1321
3414
597
3350
3363
930
4258
2225
1807
1052
3149
518
2681
2320
3153
520
3628
397
1061
2394
710
152
100
4158
4137
2242
52
139
880
1287
1302
3263
1110
384
2838
2129
1259
2845
4294
2436
817
3151
151
4307
493
2291
2832
1897
3264
1928
1472
2180
2653
1527
4186
4371
3763
175
145
3697
4074
2214
1375
389
4036
829
3118
2507
55
3924
1017
4023
3427
522
2410
53
1980
2205
4152
1372
3756
1640
868
392
1932
2412
1009
3627
542
10
326
2955
4059
4054
1628
2353
3554
3486
1960
3609
1112
2150
178
378
4008
2384
4397
4395
4043
3441
1968
2763
1027
2527
1109
1829
2099
2569
1167
767
73
876
2591
3649
2766
275
1893
4112
2101
93
3993
3572
1484
797
1340
1503
3759
3647
1856
1823
174
2292
635
1160
2546
1663
4102
420
3298
3144
1969
1609
819
4335
3418
757
2613
1025
1580
2346
3923
2027
1626
2425
1216
4083
1392
3664
1753
584
3949
2489
1757
2422
2555
3528
1542
2557
4122
2929
3694
1570
2821
610
2134
785
2928
208
1102
1740
2361
4201
633
4375
833
1130
3106
1349
919
1517
2486
1935
2713
3638
427
1424
4172
3600
255
2975
1743
1634
3735
795
664
3162
3522
4103
4226
1718
3506
4002
72
3650
3710
1268
1054
2153
3503
4229
1119
2615
60
1725
160
3737
2018
4399
3588
3625
1965
713
1621
830
410
1281
2927
3555
2259
827
2791
2988
2540
3754
534
2476
1726
2098
3931
1254
3556
2638
2956
3320
1060
825
2622
2765
792
915
2186
3043
4385
1676
3107
2754
27
101
3633
4077
1853
2066
863
1495
1925
2920
3976
993
2037
1963
1873
3565
274
4429
2761
4233
1197
1266
2909
1993
2287
1398
2407
2284
2740
2244
2416
4177
2141
3725
3015
3406
3296
92
884
3210
3395
123
3338
1444
804
578
1732
3213
1498
211
1651
1767
1618
890
3078
2809
1056
375
650
1057
2267
2055
2717
2683
917
1286
57
1952
1244
4223
2250
2136
2266
1041
4361
3948
3933
166
3837
3206
4105
2531
2966
340
4247
3448
3002
2490
2979
3467
1414
4225
65
3326
3022
2945
3865
2884
3483
90
2183
1974
3741
4009
1866
3169
611
1304
1038
4205
3945
4224
3592
321
1329
332
2245
2680
3426
4039
40
1576
295
4276
3444
3812
2932
1879
3465
724
161
3755
1040
1114
2248
399
1173
4124
3868
2662
3786
1315
3971
892
1712
1544
4351
2233
978
3669
2670
789
1798
4012
3848
1184
2389
3337
328
478
753
2543
1319
1791
3578
283
2584
998
4272
3757
3135
2916
3422
287
1316
999
609
4343
3354
3545
2272
3746
4445
2868
1661
353
414
3502
3492
2116
163
2030
3955
927
1236
3346
2625
4193
3769
1314
3551
2983
225
3011
2583
885
4113
952
78
1258
2094
4149
4069
2751
2993
3814
3110
1104
3013
1246
1737
1179
1369
1838
4125
191
1141
1305
1023
2035
83
2946
748
3096
2963
2679
2260
4092
383
143
463
2755
2374
4182
2061
3978
3840
4279
84
2525
1154
1975
1833
49
3288
241
4411
2413
4235
2452
2187
4425
3975
3721
2362
350
2071
177
529
2184
3219
391
104
2924
3173
1402
15
3705
1481
1822
4322
2056
1475
3928
2341
3284
3409
1837
680
2606
4214
212
1990
1936
718
2095
3918
3062
2164
716
604
574
1896
1313
3844
4003
2534
331
2074
3926
2535
1182
549
2715
3150
1921
3662
991
3290
454
3535
1914
3000
2491
1857
26
4443
4162
3519
98
3209
1668
1899
3753
4281
3157
2237
419
2592
607
3952
2471
2745
2294
2222
50
805
3146
226
1831
3894
2371
4274
988
2204
2588
864
2023
2628
3310
964
1981
552
577
780
3768
1081
3630
2694
3722
349
996
2731
1012
2309
806
618
2366
697
263
1425
3635
505
598
1178
1603
2504
2971
2307
4116
4031
1526
2815
4038
2305
2002
4068
320
1922
1905
3142
2243
3801
3253
2893
533
1082
4084
16
2887
4220
2590
3234
4403
418
1103
169
4087
99
3616
3717
242
3841
1646
43
646
2072
4420
4210
1253
3580
654
2322
1271
2652
232
3634
4134
1607
1561
1813
1070
3732
4111
3442
2831
2269
4302
958
1174
2716
3280
4402
1339
3937
2191
2021
3623
619
1031
1972
696
2684
1213
3315
316
636
2506
3646
2969
2599
1118
1839
4104
1987
4179
2165
476
4262
2605
1042
155
3443
2556
1507
1320
370
4396
323
1181
3077
1543
2444
966
1710
4339
945
4192
1722
1115
4081
3158
3790
2302
1742
48
1022
324
2254
1410
2053
2329
2790
1521
3787
1700
3994
2096
4347
2693
4028
1466
4246
3287
3524
2448
2660
3925
2814
1587
2943
1647
1155
2981
554
2743
1223
831
3462
851
1055
33
1858
2553
4430
1854
1263
3437
1453
1959
142
254
1269
304
1764
3330
2211
2178
3800
2142
3351
4428
2433
1146
2194
3297
1610
4264
1665
2889
1233
446
3115
3347
319
3501
2925
1354
4362
426
1230
200
2044
949
1597
3743
2012
1345
2203
2031
3771
56
2513
4400
4414
4097
1306
3520
3547
2217
1434
1276
1158
2133
1384
3518
2764
2179
2090
612
3147
3639
842
20
1701
3795
4126
3822
2750
732
2545
3176
187
221
523
2122
1532
406
1090
4228
4190
2552
3846
2162
2017
717
2139
3823
3908
1198
365
403
4082
3255
800
691
1887
1555
4007
639
3847
3992
3164
235
2729
4130
1633
3080
3103
3593
1456
1962
2208
4379
3364
962
1598
4321
3461
2781
138
3728
481
4418
3025
2964
2252
1656
4349
4261
2405
2853
3295
1666
114
731
1007
2664
2967
2977
4044
693
2235
2256
266
301
4216
3778
3553
4051
4195
3888
173
2213
1919
2631
3475
209
1946
3660
1790
3067
3508
2297
875
248
1072
2805
2336
4174
818
624
3368
1068
1775
3244
243
595
1149
3412
3708
2796
159
3654
551
1565
743
3417
1256
1086
1608
2119
3714
3108
3438
1836
2816
1218
3063
462
2728
2533
922
683
838
652
3179
2944
4037
1805
3030
3160
1074
733
2849
3197
3128
356
3031
4025
11
3365
813
1799
488
4215
2840
3613
360
2651
1024
2926
3457
4255
1911
2460
3561
79
3232
2432
4100
3052
2472
896
1079
2285
1008
2417
3143
3636
3883
2780
448
3563
249
2646
2115
1325
3859
1986
575
1133
632
3715
587
3861
812
2538
2036
3798
2844
479
1348
1459
3516
539
4419
771
3291
3838
3139
3265
3869
281
1166
3117
613
2603
118
1169
961
839
2544
3720
3816
2408
3240
853
4256
3192
1035
3038
3941
3640
117
3386
1916
3605
1224
3815
4094
279
1142
4021
3341
3779
2171
1595
3048
3977
4090
2395
2649
4212
267
1101
