1652
1864
421
1132
3453
240
2264
1049
368
2685
3596
1450
3584
832
3281
758
4431
2288
4311
3963
3762
3967
642
2011
528
2316
3109
3273
1211
1092
947
244
3393
1750
1530
2226
845
3739
2667
782
2859
1257
3804
2431
768
3907
1095
2822
3652
3348
1105
1939
1220
773
3914
124
468
3811
4079
3701
4360
2811
937
2276
967
553
605
3123
3258
2240
4285
679
3362
4191
4437
4381
4237
3675
4091
2454
496
1515
3285
4183
4240
2220
2900
975
4252
2161
692
2642
1567
3396
3331
556
2795
2445
4107
532
809
2239
1267
2123
4129
1428
1455
1847
4440
726
149
796
2984
2701
1762
946
3189
2480
3825
14
3512
1520
1801
2632
707
2968
547
4405
918
4317
2578
3111
1688
2246
2151
2324
3684
2041
3942
2221
882
2124
51
2283
4384
148
3021
1262
3247
2888
1784
107
2767
591
1644
2550
4052
1811
2382
3871
651
2137
514
929
3870
638
1800
1681
4291
737
2874
1593
4098
2461
3449
1426
3805
3957
3014
2865
1994
1135
4161
1297
2688
2565
625
516
1399
3410
2563
344
835
4046
4014
4287
1793
3979
300
1867
1983
1491
3056
3275
4406
3730
874
1183
311
2934
3919
1077
2542
558
1295
527
3471
617
2777
1541
3749
1416
2042
347
1338
3130
4422
2010
1830
129
3776
4268
4115
634
2848
3070
3643
862
989
1029
2784
1937
3237
3044
1686
1600
282
2594
1275
1382
3557
2635
645
3469
4086
3659
1214
3750
4441
1250
4156
1195
2216
2891
3742
1421
810
4088
2568
2081
4199
1385
888
849
3487
278
3152
1572
3181
2726
2712
3098
3054
2918
3574
2376
2675
1461
4019
2870
2810
1317
2149
1761
2930
570
75
2400
905
455
1645
1343
4085
658
1516
1582
3991
3420
3679
855
3183
1619
1208
1703
995
1885
1660
2236
980
1849
3233
3552
1191
3119
2721
1707
3807
4093
1034
3830
2359
3459
501
1519
1848
46
305
1792
1196
1745
576
3603
1523
4164
106
3370
4143
291
205
2293
1513
913
530
45
2063
661
1882
1617
44
1396
3686
1356
3817
1500
30
2001
236
1176
3477
1401
4269
3245
4374
2068
38
3824
2939
1694
3429
252
4358
214
631
4121
400
1347
627
382
3571
4005
193
24
4035
135
3818
788
432
253
1291
3704
3731
1140
1591
4342
761
3251
503
4271
3434
1451
828
2630
3727
4346
3399
2251
2093
2275
4211
889
4073
1780
3864
2334
3120
3534
1351
3667
2419
1953
740
246
935
894
445
1909
3875
1478
3277
893
660
4139
1232
2328
2940
939
2117
315
3493
1164
3834
396
1752
4324
2258
1560
546
778
3891
4141
1028
1193
475
3148
3916
1898
3523
1777
909
307
3810
2707
1311
164
4063
1301
3770
938
1409
1731
4359
1400
1226
974
2054
2620
3318
2823
1357
1894
3134
4300
2719
2468
2026
1026
1390
3083
1642
1342
2575
1852
899
2842
820
4382
2424
586
150
521
3573
2271
1405
2776
411
1929
1690
4188
1085
1679
1995
1846
1374
772
4018
1322
88
4241
4337
4426
2861
662
4282
921
4114
265
3608
1865
1150
2604
366
3140
4065
2521
1488
2965
3836
3292
1097
2005
1229
3624
2879
3413
3012
1578
2671
1283
176
2360
3622
3863
362
1447
2759
374
2799
1631
3484
125
2574
2549
2783
506
498
1093
3829
2674
3105
2485
4248
2462
4298
1203
1940
4368
2234
3369
2950
4323
2676
1844
861
1069
4350
2758
1770
3854
565
3241
2641
2998
738
1037
313
3794
1476
548
3161
3785
1667
834
3055
2383
3060
3431
430
1841
1643
4020
2828
2349
4140
1296
3903
1977
2522
483
1058
2052
2039
3222
77
4133
2457
722
1032
873
3020
1727
571
798
1075
4173
2598
770
223
4423
846
1612
1189
2423
3024
1765
3191
3548
755
1548
3540
2735
1888
1365
186
47
4259
2339
3969
694
3314
3319
210
3088
2789
3766
2169
1430
2995
1884
237
3740
3294
1470
3611
2709
1806
2841
510
2862
1734
2937
1875
1996
1629
1442
3299
1483
1010
822
262
2589
220
4313
2351
573
2249
3760
2300
2593
2073
614
3381
3029
34
1881
2261
1540
4163
3099
276
2601
4230
1870
1872
3046
1658
1557
3379
288
3761
2253
1460
1657
1272
1048
2645
277
140
2788
3498
471
1493
1824
2710
906
2201
3709
2083
2354
3960
2111
3328
3053
3752
4314
2997
3855
2401
4165
2144
2040
3536
2922
4310
603
1147
467
2128
1998
2004
2265
3930
2062
2773
1769
4320
1843
2286
1435
386
62
144
4166
1111
4243
2894
1394
1368
4197
1422
3943
811
3497
4250
1210
1170
1787
970
3527
2270
1583
2420
1308
2890
2348
3872
58
3893
3982
1835
4357
3392
1366
840
473
1307
1020
435
640
784
1751
4078
3568
3619
2529
2365
444
3416
2355
4407
2443
2526
2933
4336
4284
126
1013
1004
923
2059
965
1547
2547
4062
1910
3195
3912
1786
4075
136
791
4288
1944
3549
3591
2778
3216
449
1199
82
1289
735
3215
4303
216
415
3102
4270
2558
3666
687
2813
89
2147
3132
1687
2727
585
351
31
1499
1212
206
2732
4378
2554
1003
3733
2614
3006
4442
1265
3569
1682
3873
3249
3303
1692
4132
2196
704
2387
3180
2478
312
3385
754
2771
1089
1458
3488
2654
1473
2855
3455
4309
3558
1509
1559
1292
675
1947
626
3017
3791
2442
2034
1469
257
816
4026
2130
1766
1913
3729
306
3424
460
3526
1080
3174
3658
4308
2976
3081
4058
801
2704
3607
1729
2069
643
879
3367
708
4128
2113
1584
2746
2961
2619
2373
2562
3419
2787
2047
2333
2014
329
4434
2626
1107
676
2464
741
904
4047
2678
3218
764
3615
2172
4304
1078
91
3546
2227
184
1550
711
659
766
702
2912
127
739
4389
3223
2665
1440
623
2380
8
54
2315
3959
157
1363
2126
2174
1604
3500
3661
4265
2402
294
4333
41
3131
4353
3856
233
3470
920
437
3236
4221
2936
666
1982
671
2311
1851
4181
580
2663
1589
1773
3009
729
2537
3452
227
497
582
1217
2515
270
2312
2612
2290
1788
81
787
429
1819
2785
4345
872
1717
2846
1299
2102
2798
2453
749
3687
2121
4218
3421
1464
1623
2952
338
1016
954
2871
3642
2314
1001
1999
1556
3035
2483
1293
1300
2418
1816
3075
1958
4004
1350
765
3047
1159
871
1889
2107
1850
3934
3788
4101
3061
199
1673
3304
1096
3124
1073
3826
960
1388
608
2536
363
1842
2530
154
3951
1877
4157
881
3177
4110
941
3644
2666
3909
677
247
2872
3375
2500
3968
1721
3342
2188
2160
2427
1053
3243
3214
672
541
1245
1915
712
1549
4412
3850
1215
18
1021
4234
401
310
895
3821
3204
348
4169
563
1188
1144
4305
477
3530
2818
3383
1923
1577
1490
484
1332
536
3538
1479
601
2585
1821
2820
600
1512
1387
1310
1480
3780
3226
4206
3211
3404
2280
120
2692
388
802
4329
4239
3724
535
1201
3436
1699
4401
1241
3932
2006
3999
1106
3677
3466
2512
167
198
4331
1404
1137
2951
2902
891
1708
2340
3397
583
3626
1606
4118
80
4167
1809
3423
3069
1127
404
686
2742
260
1328
2466
3016
1528
3510
2824
1252
398
715
2850
1282
3194
4196
1261
1605
442
1
3602
1126
2637
3499
1187
1794
2
4017
2686
3377
3175
807
2392
334
495
2807
3495
1294
1039
434
1739
2623
2097
3819
1706
1659
2835
215
2078
3691
3481
1723
3359
379
1546
4076
1863
1715
1662
2277
4292
4117
4363
59
251
3182
1768
1973
4231
1724
4244
1108
1335
2753
2636
3876
1018
4001
1782
2076
744
3193
2730
649
2032
1248
3407
3371
3340
1566
2198
1277
3723
3089
3581
2390
1840
2398
2321
1984
1448
2406
1695
4424
1449
3086
1653
951
2960
2854
2923
1967
1237
3464
3207
2722
997
1083
2143
1431
1558
526
2706
2779
1361
883
1206
1630
4055
3076
2711
1386
222
3231
1209
3172
721
456
682
390
480
2084
4344
3073
2157
1327
870
1696
2327
1951
4257
3311
2308
1441
2882
2690
3072
1637
1014
3517
2994
3324
458
3323
984
3922
2199
3184
2741
3887
2877
538
3748
2830
3188
1795
3286
203
3033
3482
1260
3202
393
3203
2948
3129
1487
860
2718
4222
2028
1903
3186
2363
3601
1358
4427
3699
752
1467
1247
2135
2358
3692
1976
2600
898
2434
987
1675
3032
3391
3388
3900
2455
2396
4024
3355
2774
4277
2782
286
1273
3165
3637
3632
1971
3839
1746
3898
2166
3595
4232
512
3612
685
2786
74
3961
3796
742
3447
156
4056
113
192
823
70
3360
3200
4148
2273
1812
2045
3668
2608
377
3774
2313
1702
2347
3302
2908
1353
2949
3071
3166
3653
402
3198
2369
3682
1709
736
912
2959
2182
1655
3058
2878
2467
4067
1482
2440
86
775
990
2029
4219
4341
3719
852
1970
3212
4327
2015
2847
64
3886
942
3378
1207
4367
2060
85
2697
3910
1406
1834
714
1432
3696
1098
42
786
119
2935
1772
2691
2450
3145
2493
1716
4251
914
2906
2330
1754
1128
983
2992
854
2703
3685
2192
1531
2428
1524
3614
2989
3104
3702
380
3225
2999
3432
3882
131
303
3820
777
774
4207
146
2357
4135
4376
3576
2372
71
170
1878
1412
4033
4200
763
2508
2342
3889
751
1360
3276
4006
4432
928
472
3345
931
1900
3402
4245
207
3954
1601
2682
3049
1551
2067
489
2447
3309
1172
3827
2744
508
1192
2155
844
878
1602
2103
1143
2996
1000
3373
1760
439
4123
887
2176
3599
2281
2602
2456
335
1238
168
485
4312
137
2749
230
2356
2883
3170
1825
2800
1908
3845
3695
2479
63
271
3252
4
1826
1331
2570
3641
4136
502
537
699
728
1979
280
2167
620
2335
3332
3862
2393
2148
2016
2505
3168
3334
219
4089
3305
1030
3663
4299
2110
648
3670
847
550
2224
3317
3171
1934
2881
3439
2650
799
2597
621
1920
657
3057
4050
973
3059
969
4070
901
2587
4099
2279
4180
1563
2075
3678
2109
2022
1991
1719
2337
2595
4147
594
566
1776
2572
4153
413
423
2238
668
2689
1362
841
719
1381
1733
2978
408
1290
3196
2834
589
2079
2607
158
3940
4189
4071
3606
3384
2898
1992
3293
1522
1945
1312
2501
4370
3775
1033
2206
3440
2762
4390
1978
2154
3567
1758
4203
2876
1650
2411
3398
3806
2958
3485
3789
1564
760
2197
2077
2656
2705
3116
4151
3726
2168
4000
250
1383
385
2738
826
2439
2404
3604
2209
2303
2013
3112
3585
2229
3154
2088
1508
779
318
1685
3
3325
3793
239
2140
234
3178
3238
3896
950
2768
2519
3279
2931
4131
1397
723
856
3155
2580
2880
3590
3676
3504
2517
4030
2837
196
2856
4315
2733
3224
2459
1525
3974
2793
3260
581
2942
2338
2971
2921
4233
2780
776
706
2843
3150
2543
1230
3689
1700
2740
1738
1216
2698
1177
2194
3082
3092
2410
2804
2716
1833
2544
2241
2633
2136
1411
3866
1781
3924
337
2917
604
93
2577
3364
4069
2306
3948
1477
2694
469
1791
2120
3344
2973
4152
2624
2957
397
4097
2736
4273
143
3860
1367
3664
3990
1828
2911
877
2953
919
4283
1718
3832
644
3936
73
2609
3572
258
2966
488
1182
1895
519
952
3529
524
3263
2702
4433
39
2119
3271
4125
1288
3532
2516
1505
1046
3783
2700
3386
4041
152
1115
1906
2717
3444
4023
2967
1081
2743
1333
3125
3746
716
897
256
109
2090
3779
1408
2030
1569
494
1862
3327
48
3939
2310
1514
812
696
3908
1873
4352
1413
1008
610
4061
3859
1914
2394
3949
3034
2426
3350
3146
2829
3773
3468
55
2929
359
1742
3547
732
100
2638
443
598
4413
1853
2649
3027
412
1778
2538
2596
316
2181
1163
3162
3728
2185
330
2693
2020
2731
1987
373
838
4160
1789
2035
1313
2298
2772
4429
4229
827
4383
539
155
1015
2452
988
1990
3414
964
1454
1264
3503
747
3669
3255
4074
2018
1456
4144
2017
3877
3633
2023
1249
3672
2162
857
2476
3645
3409
2728
3018
1603
2986
520
1640
3878
1459
360
4321
552
3792
2528
2634
2599
60
2546
3706
632
226
2657
1101
1785
2646
3329
1860
4010
1197
3958
4379
705
673
1568
3519
628
1372
924
3437
3646
3635
1303
3649
212
229
3341
1036
1691
4247
436
425
418
3895
3798
4022
624
3962
3159
1389
4411
724
654
4260
1006
394
1204
3356
3433
3822
302
880
2765
1597
1103
172
1200
593
2384
15
3228
3790
2437
2757
3655
2590
896
3545
2291
2909
1827
3717
792
428
3616
2320
1562
3763
1932
2752
3751
1767
2801
2794
927
301
3627
825
3065
958
4204
1287
2506
859
4294
2156
2781
839
1579
4249
476
3563
4332
447
4106
2106
1981
1815
2412
876
534
3623
1270
2095
1611
1952
2699
112
2278
2766
2845
69
3580
1671
1756
693
1838
2403
976
3254
4435
1302
2927
781
3973
1744
2889
731
4214
1348
1376
1134
2204
213
1820
224
376
2969
886
3197
3753
2751
287
2490
4003
4190
3671
3721
3708
2640
1166
1213
72
1698
1370
3412
1748
1099
2947
22
3315
102
1414
3755
1576
28
1664
1704
1713
1109
145
2222
4213
2540
1043
478
4159
1118
353
2287
3656
3210
3852
867
1179
1886
275
2473
4280
190
1122
4192
1091
2463
178
4104
1628
3448
1121
1985
1651
4054
1355
1933
2072
2285
804
1025
982
175
917
868
2584
11
4011
3683
139
1928
3697
2972
1057
474
3511
2887
3565
4366
1384
3435
2389
1346
1595
2489
4105
3588
163
1042
1632
2139
3754
2008
808
818
2272
4066
3802
185
3284
132
375
2566
1829
1017
3628
424
1472
2195
1570
292
2885
3759
1040
3354
1424
1281
2840
83
453
3890
2499
1398
2033
326
3837
3808
3665
3227
422
3301
3828
1468
364
2066
595
3577
2350
2569
138
1638
3401
304
1239
4083
1494
2946
3700
4109
4224
1298
3022
2100
3735
2696
900
3884
1697
3063
1565
612
3041
3405
3045
3507
3578
695
2142
1410
3906
2074
4205
1720
3000
4227
1285
2750
753
1839
166
597
2021
2101
999
2415
843
1574
602
3096
465
2925
2012
3361
4108
544
249
2043
4362
1542
956
718
4322
440
2094
1120
2131
2816
182
1224
551
479
515
3002
875
2713
3262
2715
1184
25
3975
1462
1755
2115
1936
1354
2171
4210
2615
663
2217
3609
3290
4012
1823
4013
3797
1919
2802
817
4146
2653
3956
2230
43
2451
1539
3192
2553
2116
3259
3800
4175
851
452
2187
2089
3994
1012
3561
3160
697
1271
2470
6
235
446
3298
4112
1326
2545
1735
3001
133
509
1571
2503
2471
2556
1902
1263
2213
3264
117
2255
3173
4439
2208
1336
1553
431
574
2177
2184
733
2170
3158
3232
3185
926
1168
410
2639
998
389
3621
2260
2857
274
3496
3337
981
1837
3287
3520
865
2071
2513
4375
4176
3865
1796
2583
3074
96
3553
3456
664
279
3926
3454
2954
4216
3127
225
4361
2175
2510
3446
1316
1775
160
1174
2163
613
2007
1443
2343
1227
3955
1798
4100
3559
1153
4356
3605
3654
3674
4082
584
4028
165
1753
1074
606
3338
1797
2564
1244
10
3147
463
121
955
3234
4081
986
2432
3823
3992
698
701
1648
3799
1585
2659
780
53
1592
3339
1466
1160
3139
4274
2050
1960
1202
1871
1732
3710
1225
3461
2297
2747
2664
3579
2158
1086
4402
3944
3551
2875
1064
399
3660
2307
2899
3313
3465
2496
2243
2621
795
1330
4113
1352
3492
2724
3705
4195
2809
361
4289
1527
1019
4021
3460
1364
1178
2815
3879
321
4053
1813
2183
3913
2561
2364
2852
3167
3744
1683
3953
1608
2223
2430
4355
522
3840
4038
2603
2680
2098
689
1154
2579
3128
1035
4264
4425
1319
3240
487
263
803
29
3720
79
383
636
2235
2901
20
2616
1503
1055
690
461
295
2769
76
806
3149
406
1510
3801
1641
4255
2002
4348
1084
1705
1975
3625
578
65
2618
2790
110
1142
3475
2655
1349
3521
2407
1501
2336
4386
2964
3366
3831
3113
4155
863
609
1620
4392
2893
2755
1665
2868
656
4395
1024
4116
805
4087
4246
4096
2165
3250
1392
842
2502
691
1942
2991
3747
183
1993
1116
341
3987
2125
3716
1418
2385
356
4428
4419
1941
1113
1615
1961
2352
221
1481
1044
2814
4198
180
647
1790
3933
2046
4080
208
1626
1314
1492
1258
3904
3368
3925
992
328
545
188
3564
618
241
2748
2532
4185
3036
1070
1684
2979
1507
283
2849
3394
611
1286
4319
3815
1138
255
4134
370
915
2658
350
1857
2377
4306
3346
1647
2092
201
2805
90
4343
1256
3090
4150
529
1674
2552
2190
2294
1836
3417
3422
533
264
978
3589
2980
1822
1532
2617
3322
4297
3363
3764
885
3351
4090
33
2761
3280
2832
2262
2433
68
2061
1666
4162
824
2150
1916
3989
365
297
4126
3777
345
2916
3741
800
4369
2269
575
3765
1646
945
1817
2734
3647
3015
332
2413
2122
2118
890
3782
1656
493
2056
4418
3905
3320
3888
3952
4445
1517
189
4278
2588
2831
2099
3984
4396
2551
2417
391
4138
1962
1736
3894
195
4178
92
1246
2511
296
3795
1341
1609
4279
2186
4403
2379
3300
3153
2622
1544
3199
104
4385
1678
991
730
403
2838
3897
996
507
793
232
2305
4122
419
3892
667
3937
2164
2070
1866
4043
3330
1141
3121
1148
2627
3737
4102
254
35
2362
1545
245
1949
2391
680
2346
1340
1117
1423
4186
1268
3005
4130
713
26
52
674
1088
3261
821
1419
2977
2860
1925
4335
3528
1529
3297
3515
3981
4060
2408
1051
3007
2386
2191
884
420
653
3915
2332
577
940
4307
2582
3107
3650
3722
4209
1880
2836
298
2903
1511
3537
1240
319
762
1125
3555
3769
3848
4281
3997
1304
2159
4262
3031
2484
4365
3126
4057
2080
3365
194
3570
3931
2963
3639
2193
118
3993
4027
1254
836
3490
1198
3011
2326
1486
1701
2631
2405
819
646
1067
99
3698
4430
2920
1743
1345
2252
979
4228
1722
3316
3209
3911
3136
2919
3972
3694
3087
2371
3114
1391
2525
2629
2869
1935
4182
2796
320
837
3631
2292
4371
4420
36
40
1119
3067
367
462
2218
3978
3874
949
3478
3137
1669
3306
710
1402
3295
505
797
1946
1393
111
830
2375
1420
2670
3103
3927
1158
1324
3662
3640
4443
4438
3483
2345
3442
4397
2374
2606
1774
2924
3395
169
3505
2065
4111
3157
3219
1329
542
2915
2592
2053
293
1747
3971
2214
3566
1814
2180
1054
27
1133
813
2129
2904
2863
4215
1403
1161
4217
2329
191
962
1465
4172
2247
209
2770
3587
3110
3282
1167
3253
3463
3970
3091
3841
523
4029
23
4049
384
1969
187
831
3030
3288
248
3026
910
936
3443
1634
392
1173
1980
3010
4302
592
1764
2523
3213
1943
4212
1963
1061
3592
1124
3491
1931
4290
2714
261
2844
1076
785
2943
4124
1968
108
37
750
4261
2153
4254
1573
3509
869
1375
3248
1855
21
2708
454
2993
492
3201
1222
2534
1181
1938
1485
2725
815
3524
2892
4380
1377
2211
2610
3842
1429
2460
3714
2576
3562
4347
1799
3135
4339
3352
1710
1896
2064
19
3976
2409
3141
101
2661
1972
352
3768
4391
1233
1194
142
3108
829
2112
1007
1737
4272
3713
1155
2436
4330
3833
450
243
3426
2745
2322
3814
1868
3025
1045
1955
3902
267
4295
985
596
1417
3062
2044
2821
1911
3256
4408
3575
2448
211
966
743
1974
1861
1378
1561
3118
3265
3038
1598
3506
3847
4039
3039
4037
2944
3707
968
3756
1693
639
1063
3291
1922
650
1741
3514
16
1495
1112
2672
1930
3406
3593
3711
2200
1805
3380
3400
4145
2826
3418
4072
3508
1438
340
2416
1596
3079
748
1139
1315
1997
3244
2853
2985
4325
3095
3415
2491
3051
4025
1145
1344
633
5
3613
1966
1535
2205
4158
9
197
4416
407
2668
2873
0
972
2344
97
1672
1253
3771
1453
2096
790
2956
3357
853
517
405
2019
3522
2987
369
1162
4334
3269
217
3052
683
746
2244
378
1149
4094
2146
513
2055
2245
3543
1921
1060
1180
3620
3040
2189
2851
1740
2941
2469
3535
1452
1130
3857
567
2988
3853
3918
1832
977
177
1918
4201
1009
3556
387
3868
4340
1434
3518
4349
2669
2504
2299
1052
4253
4016
1588
1905
414
2803
3246
3220
3516
2895
4193
2683
2764
3307
1321
4256
1439
123
2494
331
1373
4174
2248
490
1279
281
2425
3502
1059
2926
459
2179
665
2591
2444
242
3272
930
3438
2533
3176
525
1266
1964
4059
1854
4103
4008
2651
833
1068
2228
1320
2421
426
1022
4266
3080
2983
1726
4044
1269
103
1444
1205
3966
141
1169
3881
1555
95
2763
3858
159
3229
2472
2791
2825
4007
587
2282
961
3743
3634
371
4092
993
678
3738
3164
2289
3179
1498
1677
4417
84
2366
3296
4142
1276
2438
3374
2754
285
50
2031
56
2233
2049
3636
3598
2203
1306
3923
3428
757
457
2492
1371
1157
4400
3094
3347
