1128
2258
435
3979
2589
363
527
3599
1028
974
1108
3959
2396
3658
2010
3539
3899
4275
196
2060
995
1428
2152
4099
1760
2938
4269
3359
3590
3942
3105
470
1191
4436
1900
707
156
1143
4341
1311
262
835
2083
546
1382
959
3484
3089
2220
168
1617
2906
12
1660
528
2387
1386
739
1496
810
3334
2767
2558
970
735
3311
852
1519
3059
402
480
1300
2930
1363
289
4363
1847
2685
4431
2323
1020
2167
934
4005
4018
2935
4147
82
2883
686
1795
3389
3709
277
1533
2457
1401
941
157
1188
3644
456
445
1065
216
1995
2774
2718
2356
2998
3896
1480
325
723
62
2147
3533
581
1746
1214
286
1872
2459
4358
1251
2028
928
442
925
2721
239
3178
1353
3336
1190
2283
768
1707
765
4263
357
4310
1556
1497
2819
2388
1208
588
3653
3903
2517
106
3236
2834
458
929
2720
666
88
3819
4248
3458
154
2585
3464
2411
1299
550
467
2013
2677
1002
4406
2937
4165
3186
2519
2663
3767
2398
382
1337
923
1001
901
2620
2897
2360
1635
2290
54
752
4250
1237
1412
3695
3131
1309
4237
826
4244
3421
120
203
2806
537
742
1907
307
1416
887
2978
3
500
257
3774
811
973
377
848
3068
1642
3198
67
3922
1427
2032
1939
2989
1152
1033
149
3430
2399
1773
2480
1292
3914
2807
2210
1850
1212
4265
1358
2726
1848
1431
115
1601
2891
4378
1096
1627
3154
3829
3195
2215
3961
408
368
1234
685
4338
1312
2908
3029
711
1327
4259
495
1407
3568
3780
313
888
3663
193
1014
2369
1523
2771
1733
135
4136
3086
1765
3854
1584
214
1387
622
4120
921
3696
2656
766
482
1782
140
3729
1171
251
1267
502
1589
907
2568
3266
3586
386
2313
2449
222
236
3258
2598
1295
2650
2047
1982
2303
1189
2339
2149
3100
3404
1473
638
4170
1469
1397
3480
2238
3733
1458
3871
2234
3212
4098
3349
2768
344
1357
2931
3573
3770
1600
3762
2828
2333
4372
355
1515
4156
1721
1520
2117
794
796
3156
4091
4292
684
2737
3479
3303
2788
738
3305
526
2124
594
3526
2077
722
1923
4245
1973
1852
4301
1365
862
3740
623
3626
3129
423
1261
3449
846
3688
2910
4432
840
2081
895
784
939
3309
466
2798
2641
66
2088
1175
1094
1915
2226
2550
2689
2221
1448
3692
1053
681
3863
1132
3163
2351
960
2500
1840
2078
1924
608
3085
2212
1937
779
4314
3056
914
2209
879
1864
2572
1195
1450
4243
2483
4267
1944
3477
2
4024
4071
3252
4398
2787
2667
3748
1865
4181
3830
967
1
783
2758
3909
1870
4424
1867
1616
1644
3072
3472
2813
1219
3873
3328
2580
1690
1583
2340
2824
951
2148
556
675
170
220
4085
2000
1504
3557
3205
3009
1092
3850
1979
3687
94
3267
1151
4389
415
1989
1396
4189
2468
2466
3750
1582
4315
1731
1421
2697
430
4139
3429
3165
4296
91
3208
1004
586
1111
4101
1699
3704
260
4426
1547
3632
2358
2876
1440
3402
2968
1106
1461
1554
107
351
553
4056
329
1062
2312
1763
908
3791
2773
2691
2363
4006
749
658
1172
124
2393
1619
874
1383
438
2547
3836
3224
2381
1717
1898
4191
3370
4368
2940
3188
1751
2069
2647
3870
2666
1631
660
300
3983
787
1552
401
167
3932
233
1927
3319
146
1232
1884
2898
3388
223
366
3182
429
3083
692
642
3474
1958
3184
4168
2062
1433
3954
2990
1578
3805
2493
1077
1003
4173
3432
3148
1037
34
4048
1903
657
2753
2567
3053
4350
832
379
1835
3172
3424
1800
1097
3527
1728
3393
4437
230
4441
3459
1447
1342
1546
2710
4364
3718
788
1612
1291
2837
2286
591
2054
3196
4409
4062
3494
4180
1624
1426
3540
1289
899
3189
1034
2735
2562
1030
2424
1388
627
3008
4088
1688
1430
820
3784
4218
1029
4323
1127
2308
3413
4117
1098
1994
1709
2404
4336
2600
2383
1522
3317
4166
390
3882
694
870
374
314
1075
4188
2434
1593
2784
758
3191
3318
2913
3175
3342
2560
421
3281
393
3818
1750
3752
3702
4200
41
468
1623
3183
2199
4194
1882
475
3243
1404
2314
2022
4014
878
1551
147
2878
1405
1436
2004
918
2537
583
1885
605
942
2334
3986
46
1557
2368
3021
1845
2347
1508
2143
2722
3820
238
1794
1948
2464
823
1913
2229
234
2520
1739
4415
1804
946
672
3569
2107
1381
3898
1802
1164
1869
4093
1499
1534
4434
4058
3033
3675
4067
2749
2855
4035
1680
3817
715
651
920
3343
601
2445
1786
2441
3006
3037
4422
2865
4114
1849
1000
2841
913
4404
1455
2281
2268
3690
4342
137
778
4
1650
1541
1679
3466
3469
1613
2706
2487
643
3825
2607
828
4129
861
1727
2075
2249
2397
2933
1221
4268
1280
2318
2601
2126
1991
2280
4317
1215
3584
1332
2273
671
3693
1217
645
3230
3712
2912
31
1331
4127
2612
4030
3919
1681
2623
980
2996
3353
2382
4206
2867
2140
617
1540
3293
2711
3642
215
2173
2207
2602
2359
4075
3241
3967
3612
2337
3666
3367
2778
2365
85
1328
3622
3332
2097
3891
4251
2965
2827
334
3794
561
2810
3473
3614
3739
3308
3223
3789
898
3102
2076
2942
250
1550
983
1560
3276
2936
4045
883
2155
1323
1066
2450
1998
2261
626
4208
3839
703
2367
3345
3362
2271
4257
4004
1834
2442
3856
2854
2522
2775
872
4288
774
726
809
291
1150
3325
514
3177
629
1851
1762
855
1769
2016
3810
3678
1926
3843
3685
343
71
3314
2762
3615
3088
4346
530
2746
2419
3951
1572
4154
4078
3900
3237
2227
4282
4376
1910
1220
1614
2776
381
2783
4270
2354
3742
1018
1978
2992
2427
860
3920
3804
3283
1107
1682
2608
362
2110
1716
4427
1673
4132
2636
2085
2902
276
3286
755
2703
2402
164
557
3582
1559
2073
4231
1996
3134
2914
2197
4167
202
1350
3187
1724
1909
3730
3207
3686
1394
2786
506
2154
1667
2011
1210
1940
2390
4070
2934
1983
2530
2595
3749
3376
1170
1361
1193
1630
87
44
3558
2846
317
1451
4169
1528
441
728
1754
2040
4020
580
2848
3571
2006
4197
2202
950
3436
569
4304
4360
2951
322
1536
2279
1658
1843
1971
953
702
2984
2079
1048
3809
38
1144
3434
4203
311
3235
4089
3875
3517
2169
4291
3226
1073
3381
2431
219
2872
3390
1294
86
3216
2447
1201
2890
3652
2455
3864
2597
3673
512
4405
568
510
1793
1445
2216
4063
760
4135
3534
2240
2479
3498
2335
3017
2586
2882
77
4001
1500
1360
3292
2707
1819
1478
113
2759
2642
199
2321
3980
3796
2830
1196
3758
1787
2174
2877
354
3727
764
144
3168
834
444
3991
3398
125
699
2103
1482
600
566
669
4064
3681
1488
4374
3611
2581
3504
2439
1696
640
2327
227
2467
943
18
2135
2038
3624
536
3510
4331
655
2161
4234
2995
3020
2673
3123
2087
4230
3170
252
2785
1278
1032
3111
3726
4026
4242
2859
2232
2157
3488
3629
4115
615
679
741
1362
4240
240
975
1703
396
347
3193
4050
437
148
4384
2478
158
3549
4119
411
1257
2574
3012
3155
4199
631
3576
3397
278
116
14
1185
4133
603
3824
1192
1792
3531
4163
2789
63
3523
2654
2005
3335
911
3257
1549
3668
947
641
2881
1089
3112
1437
2176
1655
1446
3731
4354
3378
2485
2976
3677
547
2962
439
3225
570
2059
3893
2637
1776
3331
59
312
2378
1723
496
2997
904
2063
4033
661
2676
2795
1538
2701
388
2127
4284
4401
4017
1085
2822
3211
2777
1250
531
1470
1078
585
3998
1159
854
3500
845
294
290
1954
571
3591
3061
2950
3324
786
1548
1653
3251
2328
126
2270
1524
3423
503
3550
3375
2084
1566
3996
3679
2690
1654
1083
1950
2760
4076
2900
2626
565
704
3929
773
1137
2498
649
676
3425
4421
1729
3245
2160
2330
931
4153
1490
782
4183
4219
280
205
2482
42
2549
4211
2999
3054
484
4440
2166
2440
192
1207
3901
3396
3124
74
1761
3399
1657
2429
3574
816
2554
4123
385
3667
483
3969
1206
2276
398
4308
3299
3355
2123
129
625
4407
935
2130
1984
2571
3270
2400
3221
2742
3661
2630
4019
3109
1039
1343
491
3607
1095
413
712
2435
1881
2856
497
1248
938
2536
2800
754
395
3601
1605
1766
2880
1187
1878
1675
4121
2392
2497
3231
2311
2137
856
2918
3910
1715
3849
2512
4423
1513
2619
4359
3827
2348
1604
1265
253
1366
1277
2132
3214
3581
1687
1689
2418
473
1395
335
2817
2039
3024
1816
3340
535
2871
4140
1010
1013
1211
2275
1525
1247
2960
621
416
2192
1702
259
2201
1917
2575
70
2224
1734
273
2315
3055
3130
2712
3360
668
719
3242
1695
1449
3826
2265
1825
2539
3133
119
3512
162
3215
2376
3060
3358
2288
122
3373
4202
3845
763
3194
2797
1759
2151
3140
136
3974
3807
4252
1877
2879
3217
881
1479
2477
2508
576
3070
3917
3968
2866
3999
3152
282
1093
521
2086
3407
2665
2236
3046
3499
965
2108
2820
3497
434
994
1530
4118
4221
1290
3862
1457
4052
2251
1356
1749
176
4373
3238
2474
1801
1435
47
508
1894
380
540
1908
4232
1752
893
1489
4000
2952
777
2372
1476
2923
4388
3670
2301
3597
558
1999
2026
4381
4382
2643
2443
3912
4277
3934
1005
1296
284
3452
3294
1811
81
3044
1967
3382
4164
2541
3806
1806
2730
3691
477
271
75
4285
844
3886
1026
3081
3420
4239
1464
4442
1780
206
3260
1483
2456
2052
2970
3855
2196
3775
2818
4311
2198
4345
2104
3171
32
2894
3548
1564
4046
210
798
2239
3608
2799
2675
3761
3084
2922
4313
882
2128
498
2446
3596
1777
984
2709
4390
894
1844
4299
2406
1929
4034
1531
3035
339
2274
409
3119
1558
318
3606
1390
2041
1335
3724
4393
3637
1126
3719
24
3482
270
1415
2886
299
2959
3016
432
4337
1970
1262
2454
2264
682
937
2565
3907
2529
3835
4238
3982
2674
4286
244
3471
1016
3145
3431
1947
3947
3760
3161
1460
2401
3385
2428
338
2524
3202
4357
2093
2316
1308
1639
3057
2461
3641
4303
4131
2594
1441
822
3391
2842
1080
1788
2862
3410
58
1471
2168
4410
802
2738
1768
2034
2835
1516
2029
770
3834
4148
4377
3643
1442
4320
1901
4055
3957
1297
3943
3377
3058
740
4047
265
2172
3233
990
1183
1992
3821
2067
2939
1203
3485
1708
247
2688
963
1824
1637
4287
1577
538
3481
2811
1758
2793
3218
4326
3071
2423
2144
3776
648
775
1563
599
1745
2349
1301
306
2505
237
3099
2839
348
4271
342
455
3440
2068
3495
729
3200
2462
3766
737
799
3004
3273
4040
4367
4161
597
3491
814
3945
4385
4366
3649
3944
3620
2180
3553
173
292
399
2304
1121
2055
1284
2860
3529
4124
4348
476
3990
2514
3937
499
4106
2683
3254
1429
1109
2171
2122
99
4246
3865
308
3095
2609
1822
1104
2969
2844
2780
1856
4429
332
3970
2223
60
1239
1921
3801
2158
372
3038
696
2245
511
3771
1791
267
3261
2219
2664
2627
3743
231
2507
1046
2444
1333
3240
3639
463
365
4192
1344
1486
3579
2708
3274
3136
3877
4185
4408
3627
2977
200
757
69
674
287
1990
2599
3721
2046
4334
4318
2769
2310
1502
2222
1022
2836
4379
4130
1620
15
1714
869
2838
4416
2203
269
769
2864
3926
3757
2729
2511
364
3263
3415
4307
78
1472
3885
4262
1641
3468
2805
915
3610
3364
3638
1853
316
1042
3516
3288
3380
1818
695
3720
3327
1334
1240
606
3310
2129
4175
1057
4352
524
1985
3554
673
1820
2696
609
4306
4439
3244
1255
968
2790
4224
1324
979
2153
1402
3295
2099
2892
955
2408
266
2092
3121
3157
3781
2377
159
6
177
3352
533
3813
1161
3326
1306
1389
1868
3832
139
2809
241
1271
2259
3446
3268
2320
1468
465
1153
1305
4083
1866
104
3298
604
229
1684
2583
2555
3351
4100
4059
3227
2491
2875
837
1163
587
750
3578
4253
650
3282
2195
1117
3764
3773
559
1059
4195
2287
716
1398
3847
1537
443
805
1647
3560
3985
2588
2694
4096
613
756
2829
3091
2658
3783
3735
2889
3992
1145
1725
1905
1373
79
1060
940
2412
2548
2814
3460
97
2852
4111
1747
730
4108
698
2066
2655
3135
3997
4097
2115
1225
3394
3683
3577
2924
2504
2284
3816
996
3559
4094
776
2887
3509
1118
1391
1408
1288
864
4122
1914
3913
3167
1798
3365
2256
3846
2244
3838
1897
1465
1968
3799
3565
2228
331
117
2752
924
4116
2506
1369
1268
3347
1186
3511
3636
1011
2921
3566
2633
4443
4137
1124
664
3146
853
2211
2391
2395
3840
4445
3808
2932
2494
3269
3587
1281
4016
2801
2241
297
2384
2141
2200
1805
988
4438
958
1181
3461
1246
3002
1892
2756
4417
2469
2584
2017
4339
2724
985
2947
4032
324
2204
618
1393
340
3737
111
706
518
2750
1952
1114
833
1346
3344
3368
2736
2945
3063
1539
4011
4264
3117
3108
3405
917
2150
4061
2884
4255
1224
2564
2193
2679
4009
690
3412
1336
3451
3753
2975
3924
1017
1674
3118
4430
1339
3441
3190
1341
3502
836
3437
578
1194
2557
3354
2552
3444
1823
433
4146
2142
1960
3418
2472
3417
3034
2748
3941
3621
3179
3948
3478
3248
1959
1893
1070
2409
3928
3003
2030
2764
4022
3923
410
2757
1935
323
1050
1570
653
2134
2267
1561
2700
3812
3113
425
1568
3011
1740
350
1242
3908
1775
105
2556
780
3164
3833
1764
2269
3210
3259
2523
178
652
1705
859
3213
1701
1529
892
1392
2053
1932
1526
1861
3005
3555
4054
405
1419
2186
4162
4193
26
3127
3664
4254
1364
281
2651
3077
2973
3952
2074
4057
102
1858
3199
3219
2698
762
1585
2766
4349
3185
327
431
2534
1876
2545
1961
3631
2804
1799
1125
2610
3467
857
3756
2235
4276
2458
2233
3513
1375
1860
1988
2546
1930
2098
2101
1732
3082
4418
3634
976
37
797
2987
175
1223
36
3050
1423
10
180
285
166
356
632
1067
68
753
3313
1484
1596
3911
0
3315
1676
3448
1891
1753
3570
2332
1081
321
4283
1886
3921
1700
152
1757
1781
1855
972
3151
243
858
2885
349
2699
932
1122
3256
4274
2305
391
3551
469
3096
3525
1663
3707
2183
2218
1314
592
902
1155
2662
3768
3149
3852
189
2094
3866
3501
2863
4155
1859
2162
2131
3278
4015
1452
3680
1411
1420
3792
667
2502
922
4380
1178
3401
639
4411
1738
1874
3125
3028
2561
4042
3575
2684
3593
1413
1912
1100
3052
3994
884
3521
426
447
3759
419
2868
3027
4256
1228
2569
392
4395
2535
701
2170
3848
4420
191
2095
2603
3330
492
4145
1475
1972
4316
4077
2693
436
3515
1628
936
1082
4021
4322
2451
378
43
2159
296
1506
1243
2021
48
1964
3153
572
3698
3300
1677
2389
33
114
2606
1521
3609
3883
195
121
3890
3126
2740
628
2061
2463
169
1691
1019
3253
1931
2873
1625
2927
130
2624
39
2851
4066
1562
4386
2217
4069
2185
2473
896
2371
1599
1141
2909
3741
3618
520
2946
522
2668
795
1403
1828
112
2065
1182
3465
2306
3492
3246
665
76
1236
1218
1565
2291
22
4356
3966
2672
656
1384
1052
4177
4435
3272
133
3337
1542
108
4007
2285
2919
20
1112
2531
2247
2893
3978
1024
539
3297
3013
2421
612
3094
4105
2298
3142
2986
1611
2648
4400
1785
1862
2731
2299
1742
2338
1462
2139
3589
1592
1713
3580
2416
2437
345
2082
1090
1553
361
3445
1253
2605
1949
1259
3322
567
3503
1417
948
1571
248
1321
3751
2056
1790
2385
1205
3703
1603
2739
2929
2516
3457
4204
1044
3350
1535
595
1580
2988
1146
2723
977
9
4233
2905
3989
165
352
407
4351
2843
2659
1576
3927
4362
2460
461
2681
3798
1410
3291
1871
3857
3754
3689
1661
3438
4228
1495
3993
2119
3915
301
161
182
3708
2120
450
2622
4113
3433
1981
866
3147
3162
1173
2590
3543
3648
3547
2136
2765
2020
55
1693
3128
1074
3777
1148
3080
3001
3414
2781
2652
3633
2023
3782
700
1808
3705
523
4182
160
394
2118
790
2713
3858
2436
2370
2165
1256
1607
1873
1665
3428
598
3949
3656
2849
2163
1064
3657
1587
50
3660
4138
3160
2379
3395
403
3894
3717
2734
781
724
459
141
3738
2644
1216
3564
1174
1371
1503
2043
3255
333
3714
2499
3239
452
4160
2725
611
3655
155
2272
61
73
3646
2027
2003
3563
1648
397
2208
3953
454
978
2944
800
1298
4235
2064
4028
2858
732
2002
2415
4247
2579
2090
1831
1031
1355
3600
1545
2695
194
98
850
4281
298
3357
3545
1116
574
3732
1266
1453
1023
4036
3674
1454
1906
412
1925
3422
1814
1157
2205
2816
1720
52
2980
693
3797
1588
2019
109
453
1197
4229
554
2262
2993
29
488
964
1084
2471
1974
2660
1640
886
2481
1166
3338
4144
3936
2928
2432
3884
1184
3939
885
2488
420
3814
3406
4295
3592
555
446
876
903
3853
2297
4414
3728
3544
1726
424
2957
2631
1103
2282
2540
3860
1110
3442
3290
481
733
3895
1857
4361
4158
3613
1827
4347
1459
56
877
2037
2916
2907
27
187
3710
2452
1038
827
1099
1367
201
999
1579
2971
1986
515
3150
4178
4365
1505
3906
838
4325
2754
1354
2840
2189
3386
3736
688
4340
3015
2292
647
3505
971
2791
2941
2755
1434
3456
1378
830
4289
2985
1668
1043
3562
3010
2049
406
3346
4260
3902
1359
2125
1138
1162
190
163
3904
3106
3486
383
110
3321
320
4184
1047
1527
616
2007
1233
7
4371
3786
3508
890
93
225
1041
370
806
490
1142
1649
1463
1975
2611
3087
275
1115
1633
2329
1511
2963
2278
3561
1330
4027
3159
2761
268
4012
1025
384
4172
3888
4029
2955
4041
4216
2116
3662
1345
3841
1425
57
2509
1134
1941
4249
3972
4225
607
1618
1993
619
183
3842
2991
2551
2925
1608
3507
1276
2869
3844
1902
767
3018
2915
691
3669
3074
1149
3630
4039
2255
2743
389
4399
1329
863
171
101
3201
596
584
17
3672
1418
3995
2422
4266
1832
819
341
2796
3483
1325
4272
731
1817
529
817
2920
1167
2687
1231
2492
4355
4330
3036
1829
1370
1899
824
3722
2352
2566
2592
3905
2213
4149
3228
4213
3956
3229
3925
1839
966
3514
2187
2513
734
2250
3019
1254
13
813
138
1756
2702
3716
4051
3408
185
2657
2528
3316
2917
1414
2901
2080
644
16
825
3045
3206
2035
564
359
3874
792
2826
2341
2489
3400
2322
337
493
1672
4297
128
3007
1748
1501
221
3427
3625
1918
1477
2794
1200
1086
1113
1697
2214
2974
808
1997
1091
4043
1303
2194
2653
4294
172
944
145
1836
2350
636
1778
4236
1895
1168
4072
1621
1071
1711
2680
1646
49
1009
815
2747
254
4223
3572
1313
3933
328
3828
957
2853
1320
2577
1928
3067
3026
3143
3528
3987
83
1962
3138
2100
2260
3977
1933
1204
3490
2646
427
3556
2248
2448
4226
3333
123
279
3101
1609
1326
2982
4425
232
4082
709
1012
3329
993
2808
2426
2106
4060
927
1443
274
3623
3443
2326
3837
1555
1119
4090
2638
842
3665
3339
1532
2433
4397
2266
3822
2559
1227
1068
72
4280
1963
1498
2803
4103
1651
2903
3744
2832
552
956
4419
2033
3976
705
1911
3137
293
593
2307
4150
897
851
2979
4159
4215
2133
428
1510
2191
1072
717
3635
3040
1678
1485
3039
697
188
2374
487
1376
1263
3023
3779
3988
3435
926
1744
2476
4343
3520
2486
549
211
3090
3861
747
1712
217
1634
2263
3697
242
1887
4104
2553
1632
387
1743
610
464
3532
2613
2904
1249
867
602
2179
19
3426
829
4037
3411
2490
785
4092
910
2070
771
1008
474
4413
1015
2031
2716
3296
2044
1730
11
952
1543
2138
3984
3763
2896
3640
3234
3831
134
2181
1348
1796
3518
1936
3815
3694
3374
4209
304
3361
263
1051
2802
998
2403
302
1269
2146
933
3341
2289
821
2257
2105
4095
213
3169
3366
174
1439
3711
1666
3971
1316
1258
1372
1575
2345
1919
179
2008
2669
663
4112
880
1803
1079
3158
2899
3506
2582
4369
3645
1783
283
295
3250
4038
683
1040
457
4053
4049
2475
575
2943
2544
3496
678
2573
633
1880
1285
1916
2096
4321
986
3524
2510
2661
2640
1056
542
1287
930
3209
2751
326
65
1966
1883
713
256
743
3093
2394
2972
3025
35
2621
1007
346
1837
3141
3265
1169
1179
689
1969
4212
2364
1444
3066
3043
3975
637
84
4198
3065
1833
3284
577
1349
1279
4087
1683
1165
646
1424
4403
865
4126
2926
1160
143
3103
4402
3918
3306
2763
2831
789
793
545
3755
3462
1006
4205
3605
1304
2966
1938
1088
1466
1815
4134
1027
258
3981
1130
3881
4187
507
224
2309
3522
1598
3042
2018
245
635
1569
982
3048
