2137
1500
4389
1845
2334
4245
715
1021
694
466
802
3163
288
2704
826
1214
2109
2742
1865
1207
1030
2420
1069
1784
3534
3202
3182
2890
2168
3819
1132
1812
2468
1010
2635
3704
3413
1915
702
2229
2774
1522
3942
4143
3793
908
4324
2992
4308
2666
1629
3686
1679
1687
2215
199
3376
126
388
928
2087
286
4239
4065
3991
2271
1875
2401
4388
456
1397
4050
2839
158
77
1078
1645
3938
2572
3477
2393
377
486
2173
4017
3123
2604
1426
3724
1771
276
3362
872
148
4208
2086
1107
2311
3008
3803
2221
3073
1751
4252
409
1362
4133
2597
1455
3187
591
300
3658
995
379
3850
1973
4368
1245
70
2536
763
3334
2240
2741
3371
334
2079
1416
239
3308
1185
883
1593
1890
2076
1209
1127
4189
2999
737
4291
1487
4421
1048
1849
1782
1976
1524
2148
2958
2508
3696
3397
1363
1399
2937
4006
4415
3829
4248
2207
3098
460
882
1688
553
4222
3224
603
3221
157
3930
777
2459
2636
1591
380
2539
614
4115
272
3843
510
2902
311
3484
262
3325
3075
2078
1203
3216
1357
1147
2274
1657
115
939
2650
3178
2435
3702
4244
81
3016
1939
1018
3586
3839
2880
909
3233
2160
4360
508
1307
3749
1721
3402
1491
1094
1653
2493
1497
594
3817
3730
1241
1252
3231
2399
1947
582
305
257
2261
3835
1777
739
374
3526
685
1150
2467
3328
1002
1238
1206
989
2688
4180
3403
2124
4444
891
3459
203
1567
3886
1824
1235
2515
1923
4394
4107
2378
1483
1572
2359
2388
3449
2759
2721
3069
3470
3183
2182
1422
4314
2768
1967
1152
423
4406
1699
1770
770
3626
2691
2570
2356
351
2337
959
1297
162
2735
2456
3251
2950
1089
395
1627
2894
3399
3208
2777
2479
2632
4398
3607
1382
3845
600
4153
580
4326
679
4350
4231
1450
1689
1554
2589
854
583
3870
820
2300
3872
1385
2143
937
3057
4240
3215
2799
1098
122
4197
3980
1493
3836
34
3299
845
3576
1000
3599
1695
2097
4353
2349
2923
840
1323
2275
916
1460
3727
4367
1331
4019
2
1272
1920
2912
252
852
660
3132
1924
931
1763
234
362
2608
676
3171
4079
64
2016
120
586
385
3940
2029
4118
3387
51
1212
2961
1944
1851
2151
3504
822
3584
1910
468
2785
3485
4052
3871
912
3292
1702
2677
848
878
1066
1844
1559
2906
3388
3549
4298
4191
1606
2140
3088
2848
3594
1825
3632
402
3174
1894
3084
4030
42
1077
1863
3242
2107
1889
314
2312
3252
1604
3679
2001
3900
2542
2612
3498
2837
4364
536
2013
983
3538
363
1681
2057
1135
4257
726
1338
2209
2166
3523
3863
3071
874
3237
2465
4401
1667
608
2897
699
2707
2630
2797
3596
849
3276
2196
3378
1301
4129
1470
1220
2866
1945
3314
2558
1183
4200
3748
841
2773
3311
1900
4001
2428
3789
1105
3487
642
291
975
2719
290
832
429
712
3058
1954
2554
3436
941
2161
3081
32
3453
3416
438
3959
547
3432
3903
1630
2813
2871
4181
641
2121
1982
4206
1404
3733
2373
482
4309
107
2192
3156
2487
2396
2602
2313
3236
265
3875
1877
1208
2330
8
2522
1530
1749
348
3120
491
3131
2253
783
984
1549
4422
4431
18
918
259
2562
1143
947
2038
3961
2068
950
2710
4311
1232
1261
3557
3567
3014
2351
1219
2575
2497
2722
860
1956
1395
901
156
1437
1360
113
527
528
3283
3390
444
4161
1504
1994
3044
202
3539
1692
3056
2059
4167
1004
4342
906
1971
773
439
2149
4313
1037
4405
2167
3319
3974
1872
3279
3423
3207
4067
2908
1260
2323
2026
3154
1842
862
2347
2325
3100
3189
3302
2995
2811
546
711
4300
3086
4026
2783
3999
3421
2567
1190
3033
1033
1563
1841
2000
3379
1083
317
4345
3552
247
2077
3820
445
1659
2900
2400
3826
3957
655
2878
2727
3273
3481
791
2856
1706
1407
1950
1760
3204
2172
271
2288
1442
2529
620
4282
3116
4035
675
2778
2440
4166
4114
3105
1882
3681
2686
4078
4427
3527
1850
2678
176
1400
2978
1716
2949
3181
2249
4168
484
1237
400
2626
1144
615
1917
3061
3434
672
2277
3644
3358
2581
565
1643
2308
3168
1087
390
1366
4136
965
3796
3896
1234
934
1652
4088
1467
3186
2404
1566
4058
2447
3834
3767
2820
3211
538
3919
3404
2647
3719
3389
489
1538
1794
2382
576
3425
3546
2865
2665
2462
1546
2110
4412
4424
4304
415
1499
3230
1049
1613
2682
1347
2004
3867
1415
282
2202
1642
3530
2010
1170
535
1317
1696
1654
3257
1093
313
1998
2891
3194
2450
2867
88
725
4390
1761
4156
4363
3424
2268
2593
2273
3205
2327
723
4132
887
4426
570
677
1508
306
1449
1583
80
4093
3482
1977
196
3794
2847
2962
1644
2601
764
3667
935
1461
2236
2637
2501
2427
3571
2872
2485
1356
1786
4293
3294
2819
366
548
3854
951
2335
2041
2800
396
844
2968
310
3805
1335
3369
4259
2671
3693
898
430
4327
4384
59
437
1996
3824
4287
4382
3439
3
2676
2827
3335
3581
4354
687
1624
4040
3175
315
3235
4292
1557
2976
2358
2933
1328
4269
417
2643
3193
4170
4267
3140
3500
2948
1870
253
1602
2712
2806
1482
1457
4270
2526
4336
66
3876
766
75
2654
3849
3677
661
2006
3946
3965
2067
1541
3191
1188
1014
881
85
3873
2645
1520
1577
1250
4194
167
970
1111
3410
3806
1128
238
1265
1342
3134
3260
2824
4219
1406
4199
3004
1772
2580
2032
2706
1802
3020
1881
54
3419
4344
1898
4442
2656
3917
846
2188
3385
3652
3407
299
140
1682
761
24
3785
1926
3758
1322
4323
2753
416
4024
2793
782
861
3195
1673
2226
788
2130
686
2817
1989
4341
1277
4
14
2455
760
626
4243
1513
3497
1308
3590
2474
137
3184
809
357
4271
3701
2881
220
1092
3695
1151
475
617
3682
2918
657
2062
1003
3243
2549
4409
2782
3855
3582
3188
4020
1558
4005
3046
131
3241
338
2483
2147
4135
3431
1458
2585
3124
1531
1080
3761
3891
216
1551
4303
2870
2108
1159
4062
4317
3893
4437
458
735
411
3726
3464
3430
210
2749
1830
581
413
1907
3864
4004
2600
4250
3068
1800
967
237
2034
2265
1715
914
1758
2726
135
227
3585
749
3907
322
721
1548
1123
1172
2279
2952
3601
3493
2457
2009
1310
1707
3548
4338
3032
2828
198
1191
1386
1636
568
2464
477
2197
1350
3641
184
2888
1991
1311
3488
2216
2788
1387
3775
1294
938
1131
3345
2321
1289
4285
136
1478
514
4121
1788
2419
2830
67
4381
1623
1096
4070
3472
2578
3420
2835
794
1979
4393
1358
1273
3624
3277
3569
2834
835
920
3734
3323
4128
2818
1435
2914
1175
214
1589
963
4410
2406
1390
2088
3606
3673
2117
1658
1441
503
3998
1164
1578
1436
3165
2478
2355
3687
2446
2620
634
38
2423
2711
2758
4423
3574
1189
284
3119
1383
1251
3172
1292
1029
277
4238
3901
516
1195
585
343
3148
3827
219
708
3882
1351
1309
2697
668
1731
471
2520
3152
2574
1409
246
703
3709
894
3772
622
3270
796
2052
154
2397
3336
3392
669
3740
1951
2126
3064
1026
250
1819
1795
2833
3804
638
3340
4014
3780
3060
1983
2276
4188
605
3550
2760
1396
3006
2614
3440
3591
2114
2984
3393
1773
1291
1421
1332
807
2810
3887
3495
3951
1343
3678
1005
2850
2607
2454
3615
3198
1536
974
729
4305
2045
1690
1476
3304
707
2283
1601
1801
4275
1451
1619
1708
1075
2823
1028
2876
2998
1299
682
2940
1888
4301
4154
2316
2667
684
1016
1412
2550
3603
643
736
2524
2779
784
355
1193
987
2357
1934
3899
1847
2775
1534
2258
2690
648
4148
3286
714
1431
2841
4140
2862
3133
3177
1361
3024
4139
2290
3583
3037
2392
3029
3699
1278
3391
4202
1480
408
3059
3983
4075
4441
1073
4147
1062
4230
4436
2594
46
1293
855
1660
879
3788
3372
2784
870
1445
2060
1560
2861
1552
1631
4164
4237
3196
3267
3469
3111
627
946
3643
2705
1727
2434
1388
953
3597
1106
116
798
2512
1221
3359
4373
1108
3929
4378
2387
2641
1717
2083
2762
71
4286
3670
2996
1095
1515
3982
3324
2348
3880
1533
2169
280
1275
1097
1675
2990
2286
895
344
74
3666
3898
2854
2498
2709
2922
3285
91
3180
1746
3617
4310
2541
3996
573
2340
1835
4173
1884
3479
3604
2022
2989
358
4346
2317
3293
3458
2091
1958
435
496
786
2315
2642
1196
1337
1001
3009
754
1811
3541
329
3675
1754
2040
2198
3856
1816
4284
2787
3275
3622
2331
1034
3914
1519
3398
2877
1978
4169
1867
3383
4218
3712
3249
3688
1929
1605
2081
1368
1581
3222
801
1953
495
2685
601
421
745
3303
222
1381
1295
240
2674
381
1247
3012
1262
3573
2246
4357
336
4312
289
943
1750
124
2718
2505
3348
3382
666
1903
2586
1464
1496
2011
3540
4046
58
4119
1550
923
2560
1215
3920
4268
3203
4376
588
2477
4407
913
1210
149
889
4370
2042
441
4045
307
4165
3770
1432
2367
3499
3608
3629
2936
1039
2807
3102
3473
2938
2251
1365
205
467
2445
3455
2224
921
2324
1248
2521
4117
4018
3692
2482
3947
4110
828
1639
303
3968
2910
907
2935
1787
236
3810
1752
3238
1848
2314
2970
3807
2795
2595
1226
2733
2264
3811
2692
2732
2293
3739
2054
1013
3353
3360
119
3226
3161
2127
125
2154
3112
3723
3512
2934
1616
2301
3072
1282
3155
2295
2063
521
969
1878
63
3568
170
512
2771
3766
3332
3862
2965
1904
2879
558
3170
1999
498
1776
629
1937
2111
500
775
3370
1869
990
2128
1766
3212
2565
2738
1479
2319
2822
569
4242
1176
1516
2960
561
752
623
2537
144
537
4127
3429
980
2085
2939
3225
2449
2231
1617
3909
2598
526
2883
1430
4120
449
1723
3986
4086
3821
659
2390
4056
153
3266
1762
3963
3331
2372
778
3447
147
2663
1686
2238
3659
727
2619
278
1509
871
2383
4337
4331
2051
2442
4131
1126
1405
501
2152
1637
3685
223
722
2441
738
3960
4299
3017
1564
2025
2730
3247
2480
3653
3047
3602
4034
1058
1984
4047
4000
645
3742
1909
129
2767
3099
719
3054
997
3076
3912
2342
4085
2443
2369
31
4163
3343
386
4203
1257
2135
2376
2239
3614
1852
294
3129
1703
3494
1780
3558
4063
1401
1433
3916
2104
4329
273
1709
1728
2102
531
3214
3760
3089
1655
3731
207
4404
3531
44
3595
2798
3825
2103
335
2439
2701
3676
3452
1739
3070
1948
1908
1312
759
2431
4277
4211
3381
206
1353
4064
847
230
2113
4221
899
1995
1229
3049
1792
2270
3309
2227
942
94
834
1192
2963
2003
462
1130
4146
2924
4198
3878
3941
4008
2796
2664
1529
3547
3426
696
3005
1817
3067
2245
1988
639
369
3496
624
4137
3828
1102
756
3228
2302
414
4179
3945
3022
555
1790
1895
16
4186
3406
3126
3708
4351
1392
2964
3936
1632
3097
1194
4235
507
1453
896
1726
4081
2156
4226
2471
2885
5
1986
3956
2510
4184
3561
940
2297
2892
3808
92
3618
542
813
3921
3745
3858
1425
2458
274
2053
2413
1626
665
132
3883
2754
2203
3732
2669
2031
3703
2821
2186
1070
2414
1592
2979
1125
57
3860
609
3409
3350
3565
863
1099
2864
3625
3717
1649
962
3715
3121
1008
1371
2577
1166
4125
1775
3417
333
48
4090
17
2326
2248
1755
459
3307
683
709
3802
544
978
4039
3036
3446
3725
3023
880
1803
352
4413
340
1364
1621
1886
2262
4253
1922
1628
2002
320
1174
3551
2809
2928
3445
2966
211
4328
3842
4210
1169
3797
3248
4294
2044
2499
4430
2696
3894
173
1452
1242
3669
3092
256
3478
3018
1279
1459
1736
767
2425
2805
114
152
1955
3147
1968
1521
2353
3711
3665
3816
492
3657
4097
1610
1369
2700
4043
1477
3913
2043
4002
2504
3290
1532
28
2616
1336
1124
3185
3448
454
1603
1205
3798
4395
3744
1133
2729
1963
2624
2825
3159
4177
2816
3987
3660
4276
3651
2098
3689
534
3958
511
2715
1227
1517
175
4152
1456
1562
2472
2211
4011
504
1743
1112
1640
4074
2849
3065
323
3509
3013
944
2943
1856
4228
4443
2986
4213
3911
3895
200
3714
1239
3640
98
36
4042
3114
263
966
1656
1866
1957
3543
2364
2080
166
2695
2751
1059
2171
84
1218
2559
2911
517
1079
3138
187
1146
2190
551
3985
2395
4023
134
2064
2596
269
1119
843
2745
1647
4032
633
2116
2903
3674
2438
2622
3506
1333
598
2257
1408
3271
552
4260
2200
266
3315
1067
3925
73
1857
797
3757
2377
4080
630
2366
1518
4082
1178
1045
850
2739
524
258
2049
3034
2294
3756
165
2609
2740
3261
1373
604
4220
2920
1539
1936
424
1462
2023
4379
3519
824
3877
877
3879
1853
3859
1320
391
3213
3664
646
212
1074
3846
1160
3295
2058
1444
3250
3851
3822
4417
4176
2804
3357
3346
3866
1064
1818
2035
2566
1285
2917
2496
1414
2090
1896
616
361
1669
384
2628
2115
4122
518
3117
2389
1579
3647
4261
2551
4414
3288
1113
2975
1975
1725
607
1946
3754
3443
1419
3874
3722
1868
2829
716
1595
2285
189
2561
443
3401
842
958
3639
2195
479
825
2309
1122
2977
2386
3414
2422
2516
1590
948
1767
2503
37
1671
2646
1829
910
194
2831
3535
2615
1024
3368
1165
4155
3322
2415
1466
2590
3600
3840
1411
789
364
1044
4149
2287
519
2591
50
4411
2582
1173
2750
2448
1225
3578
397
3931
1585
4190
1420
1443
3572
2099
2343
2071
4438
2164
2061
2843
2702
1730
1249
613
804
700
1580
3220
3713
3505
1797
1481
4215
3125
387
3638
2346
1747
3444
3923
2133
3952
3977
1256
697
3735
853
4051
3106
3976
2683
328
2812
3926
163
99
76
1167
3710
1101
268
4209
1871
593
3542
815
2557
1611
3554
19
3422
4057
2655
3680
182
3555
2814
3026
371
1756
433
1789
4009
632
2661
350
1911
4233
2974
1198
4100
2490
1315
2658
1243
1370
961
2919
378
952
3522
1233
1121
2853
3351
523
3777
78
4083
885
3892
105
3790
1228
3995
3000
1202
3544
1224
4332
103
1997
2193
2763
2070
1815
3716
245
2895
1231
3201
4302
718
2573
2484
1434
4049
2385
1651
3002
4249
1306
3814
3475
864
255
29
1019
3400
461
3244
827
1352
1791
1389
3274
4387
3720
141
2223
1114
2613
3529
4386
1258
11
4172
4054
304
2687
2756
2694
4158
3146
321
4029
1796
426
4059
1082
2716
1017
1980
406
2611
3052
3620
2868
4105
1880
4433
1318
174
3051
1859
3264
3764
3949
3948
4094
4297
3080
3087
2426
1930
3635
1384
2679
2282
90
448
464
2969
1494
3683
2306
478
1495
4246
2153
4095
1054
1022
285
316
4010
2546
1931
4247
673
1240
867
4418
2662
2289
1568
4355
817
4416
151
3386
636
3467
4375
2310
1031
4214
2417
4175
2680
2473
1398
3771
3605
3884
465
2780
1429
1738
2120
3631
3769
3782
1216
2175
3765
0
3476
1287
1009
3027
1346
2361
3511
208
4400
3192
2944
1145
3289
3589
308
3759
3128
800
688
4352
1933
2046
3502
1043
1876
1684
3028
2481
1072
1892
1700
4044
4283
1377
2672
3706
2451
1042
4041
836
968
2545
1705
3741
283
2569
790
2531
3728
1598
2066
1177
3993
3418
2743
1507
3142
275
2717
3515
405
431
1081
1663
3143
2514
228
988
1498
3415
1609
3768
1485
3015
2138
2564
1938
3588
4068
373
2803
2904
724
2470
1349
1213
3210
1179
3904
3019
1987
2433
1423
3928
3094
2105
1599
2579
2555
650
1774
1741
785
2724
2725
1672
1084
1597
1142
3556
2899
3463
3697
1836
1814
420
3623
2765
1303
4255
4037
2698
1472
4038
2394
2915
2794
3042
1334
3173
1424
2407
3151
4096
3468
3707
1712
241
1006
3063
3287
2307
3587
2179
3779
4403
2770
3628
3564
1805
1781
4159
2757
1138
3374
2644
1155
732
190
4362
2092
2094
3671
2444
3364
2947
1810
2403
2649
1154
1148
1180
1718
3254
2548
1625
1393
1785
130
3219
3656
2460
2932
554
3927
2233
2629
1269
3746
2617
2509
1344
3736
3137
3239
324
221
1526
20
3136
2693
1960
3113
2764
1993
578
2621
2851
195
279
1304
4061
3645
1575
2256
3837
858
436
1693
2488
1965
917
488
1091
2266
1502
680
1266
155
3738
3153
427
2606
1576
3199
2298
2772
1858
330
4195
2183
4334
705
4281
4256
2379
2907
2836
1270
4036
4316
1742
3010
3394
2540
4325
296
3844
1288
2869
3501
4084
490
4272
1683
865
331
1340
805
2065
3698
857
1023
3848
4227
93
3150
3338
1329
1510
3646
1417
1468
3354
4356
102
226
4391
1710
2165
1325
2476
2101
2100
3992
1827
4193
172
584
1961
4258
2305
814
1891
3486
976
4087
2260
2699
4439
4369
1052
875
3442
3721
1060
2185
2291
2362
1186
4160
2588
2971
232
4290
225
469
3902
3255
2139
3513
2518
1162
3570
3280
3971
2852
977
3537
695
2728
1822
4318
3298
1501
3888
1744
2534
2142
915
2170
1492
3301
1015
2095
1561
2592
440
1319
919
2884
2096
3518
2284
4279
4428
2802
2112
3162
2177
971
493
4021
1204
487
757
1454
2957
3333
101
4025
3320
1156
3650
3743
619
1912
3149
345
2106
2631
204
4174
2713
2659
349
2985
4330
3240
2050
1555
628
1697
1838
3649
1378
249
4150
2437
4371
3062
143
866
1027
179
667
1413
370
4348
2734
21
4349
1820
287
453
481
2653
1914
4280
3937
2421
3990
3989
2648
3988
577
1823
4266
985
1897
3609
446
3179
3778
2708
2857
3520
1722
693
1893
267
1596
1748
2544
3461
1057
829
2475
1090
981
1438
2332
3514
4361
1047
3229
3197
1813
1376
1527
3812
2409
353
595
96
1348
1276
2136
1928
159
1732
2627
647
2921
2350
3361
1608
892
830
450
4201
932
545
3139
1861
3141
3262
2543
2432
2463
3580
49
3234
2860
572
4178
3269
3454
2131
1779
993
4182
559
611
3933
133
1990
60
3890
83
1691
1966
1553
2184
3405
2267
3562
1161
529
876
3865
3330
2158
664
750
4274
383
3560
2430
3918
3634
2056
111
3291
3737
771
3433
3592
3066
567
945
743
4112
3823
956
1969
3344
213
3127
2556
3492
4435
1158
3110
2296
2955
1050
4028
3082
1798
1314
3997
422
1367
2748
4322
1873
1134
1418
3528
1253
2269
160
3040
4066
2927
610
4321
100
110
2033
1117
2752
3973
3457
4340
2252
562
2525
1737
1222
1380
3648
4142
1103
1120
1615
4429
4306
337
1076
902
618
3365
2180
191
412
2668
2583
3966
4273
1244
4138
3077
762
986
117
1925
4205
3190
606
4022
1879
602
690
3030
4092
869
3321
955
3489
7
2235
2736
753
1740
2887
1286
2304
3039
884
1302
1104
1964
3815
936
949
3633
2213
3031
4262
2405
2489
1061
376
930
2486
1439
3259
297
326
3011
97
2391
3300
3263
3483
3655
2494
713
4102
1505
1071
3636
4236
185
3329
3545
1664
2030
243
525
2055
2832
4254
2230
3801
701
292
1116
4365
4225
792
1573
1268
3428
1902
851
1918
1339
3953
3048
2993
4408
1506
121
3610
2991
592
2412
2492
1807
2660
1704
1391
1666
3627
3038
2714
2723
2916
793
419
2374
3412
3781
3284
1874
1475
3897
2371
2901
2584
3246
1503
3103
859
4278
964
1345
3272
3524
3435
1263
178
3950
2941
4053
1713
2639
3093
457
2322
365
4347
2502
69
2204
838
3108
301
3700
1298
4111
1115
1941
1633
2452
2610
2875
1860
3045
2972
2945
3306
2122
1962
3408
691
2178
3598
65
392
3831
2491
982
1570
224
4335
1168
2384
2416
3265
2018
4425
2651
3144
4229
2905
4289
1410
264
3176
2159
3411
2072
731
1486
1735
1537
1463
2893
1200
2527
9
653
3705
3516
2187
3326
560
2532
1665
1359
821
1163
217
1354
1862
118
2242
10
587
2410
4103
4445
4171
4402
1372
2553
2953
3521
837
2020
3694
1959
1565
2761
2162
2873
1355
663
926
748
795
1321
3853
1757
281
549
1465
1011
539
2967
452
4106
298
242
1255
734
2219
3755
3025
3908
3593
2352
868
3091
403
1622
3613
161
1641
991
52
3881
1088
4397
4307
302
4134
407
3792
55
3905
1883
1056
3490
3857
1832
2189
1753
3783
4185
40
3832
425
2633
1375
1271
23
3566
1981
2254
4027
79
2027
499
95
597
3838
1831
1041
3994
346
1514
4216
2241
1906
4343
776
3579
295
2194
2981
3115
3107
4007
2250
1942
886
56
1638
1055
3763
367
447
3158
2801
2528
2469
1935
1974
327
2370
710
3079
22
2181
4072
3978
3955
261
2681
375
674
235
43
1484
25
1149
1511
389
39
3786
1063
2507
979
635
2511
4126
53
3441
2017
4124
3297
596
998
2838
476
2552
2299
575
1952
3924
1668
188
720
2926
4399
4396
1264
2408
2513
1916
1474
3101
2037
2618
2535
1799
4380
104
