238
19
217
259
25
252
198
184
162
140
278
159
182
195
0
26
14
29
64
139
284
209
48
276
213
245
208
51
142
211
174
221
258
193
229
249
227
271
266
230
269
267
244
143
11
147
226
247
148
173
63
179
180
282
254
273
54
251
260
218
215
5
164
237
241
297
436
319
408
102
381
397
70
444
424
443
114
304
406
331
450
401
389
100
368
318
71
292
68
326
413
303
133
117
97
378
320
82
369
299
84
94
333
87
308
123
103
412
348
325
90
75
337
415
327
132
416
386
427
96
65
394
289
359
316
313
407
387
296
127
437
380
302
360
125
311
