34
278
182
18
163
1
236
205
162
154
259
11
62
256
140
170
210
274
275
139
14
206
267
148
266
258
45
39
265
198
160
272
33
48
187
190
6
47
142
211
176
234
201
183
141
281
147
26
152
264
199
189
194
226
155
243
12
269
251
285
164
16
19
2
61
120
76
364
445
300
317
133
406
450
441
429
401
295
402
363
422
338
302
79
413
387
336
337
440
381
112
421
91
348
71
97
69
416
361
433
126
396
318
131
427
418
357
118
321
117
304
376
435
383
377
129
324
116
420
299
68
331
388
296
80
100
128
315
353
98
410
289
367
431
307
439
