166
258
223
40
207
236
34
176
209
212
276
1
31
232
162
249
246
266
273
20
234
161
13
227
16
160
143
62
154
37
158
141
242
219
163
60
283
64
277
282
33
217
30
41
26
267
225
8
247
241
279
269
146
226
7
215
284
191
206
58
180
14
211
254
2
348
376
382
103
372
75
398
450
77
412
126
322
91
429
384
110
342
448
70
304
370
314
404
313
92
392
360
449
435
300
365
344
290
294
96
102
129
394
445
391
438
134
311
442
417
318
425
378
436
104
335
409
124
399
286
89
130
358
336
131
69
446
106
132
321
114
71
72
407
125
337
