234
203
198
23
148
278
229
168
254
5
149
269
30
171
210
270
1
165
284
172
136
213
236
238
177
151
195
0
159
188
246
244
174
27
240
222
272
185
253
26
216
25
282
138
215
139
42
3
182
57
44
228
167
259
40
140
4
158
217
256
201
224
17
52
184
123
118
437
383
80
329
368
409
92
399
402
348
406
307
323
431
324
311
65
129
133
83
69
421
304
73
128
398
106
382
435
289
326
350
93
293
446
322
367
287
438
120
411
341
425
423
81
96
124
417
346
445
420
102
90
121
76
450
112
310
442
131
109
372
395
332
95
407
115
397
448
