209
136
166
22
63
46
168
11
2
153
24
173
167
145
186
233
228
241
156
180
203
235
151
264
188
255
269
232
170
159
283
175
60
199
172
265
149
57
187
9
165
268
177
204
196
272
137
237
14
27
40
45
231
31
236
202
32
13
200
214
211
28
18
274
192
335
392
437
128
100
347
427
117
426
435
370
71
297
315
415
116
398
95
92
354
295
360
121
330
404
103
96
82
363
90
300
431
385
402
324
107
94
407
362
67
344
413
418
332
388
75
125
406
403
366
390
91
382
449
377
88
129
428
130
387
304
447
374
79
356
408
68
450
286
419
439
