180
203
205
194
218
229
183
153
233
234
40
258
25
6
219
33
63
267
167
39
47
12
197
56
159
239
44
55
4
232
145
0
9
17
189
24
215
18
162
142
247
268
161
222
49
58
30
186
48
262
285
246
199
41
3
152
277
243
221
136
231
166
57
45
34
295
320
389
434
111
318
404
71
383
432
319
361
352
94
66
98
76
322
378
387
341
112
393
65
338
442
330
424
317
360
97
368
356
336
134
93
309
325
292
422
357
83
125
396
95
324
108
85
289
80
306
299
102
390
88
116
68
105
355
449
448
447
302
313
81
384
127
441
411
425
115
