47
5
187
259
160
51
165
196
265
40
189
251
11
284
140
223
60
241
6
137
222
15
24
243
282
228
141
16
247
212
213
3
235
10
245
23
193
275
188
18
224
268
263
44
31
179
35
64
153
200
214
258
274
182
14
192
20
249
217
58
177
7
54
231
46
98
420
402
378
288
411
404
369
74
326
112
134
332
114
329
418
365
103
357
346
130
287
95
79
90
298
97
308
296
70
66
394
99
305
101
368
450
299
322
353
109
65
421
115
123
307
389
349
102
375
125
366
120
314
340
345
371
317
304
449
355
331
379
85
327
447
351
124
293
67
437
