186
148
199
181
269
281
12
246
149
160
55
139
280
27
192
178
172
58
63
213
191
49
190
265
231
221
200
48
9
40
196
271
59
159
182
249
243
38
166
203
211
180
278
233
257
188
205
174
266
283
165
161
252
193
8
237
238
235
145
136
11
228
220
21
258
301
336
320
361
298
349
390
442
68
369
329
376
450
348
94
102
314
347
417
406
431
414
410
375
351
76
132
81
333
118
443
411
435
342
294
391
425
415
86
362
422
420
310
80
430
108
445
377
326
350
78
317
434
292
321
69
408
392
67
290
402
103
73
322
104
99
446
387
319
339
359
