28
278
261
37
240
38
222
54
142
186
165
64
0
180
191
199
140
225
164
146
155
262
264
284
48
285
229
230
51
227
247
208
197
254
16
144
220
277
11
223
257
13
161
163
166
275
148
196
193
185
152
235
156
46
228
236
9
19
245
209
189
281
3
179
151
86
398
295
438
310
437
414
123
94
117
357
393
349
109
356
100
419
417
440
391
429
341
337
105
369
421
379
135
107
338
376
399
358
327
367
326
324
330
450
395
297
403
396
416
345
448
386
320
298
342
85
74
95
128
101
121
390
116
312
422
306
90
359
387
133
444
322
445
81
430
366
