43
251
34
41
228
19
194
247
149
146
244
192
219
162
40
183
253
49
137
263
277
58
195
152
141
226
164
10
265
12
199
156
179
167
32
178
26
37
232
270
6
264
148
256
278
173
56
184
271
24
35
259
190
30
220
250
205
28
279
144
31
257
185
153
21
126
292
391
88
410
128
92
327
129
111
332
384
104
361
73
418
404
437
336
294
382
392
355
448
107
393
423
368
427
316
103
133
351
71
314
310
383
411
376
307
405
356
288
324
441
99
334
72
333
304
430
425
420
102
445
398
416
98
318
359
323
82
87
346
65
322
326
342
375
350
97
