41
29
33
165
174
6
157
189
187
198
0
164
181
172
166
191
195
163
159
46
180
25
27
13
151
21
154
177
24
167
12
35
196
193
7
185
194
158
42
14
17
168
19
20
26
156
153
11
183
178
208
228
211
85
69
238
245
237
59
215
244
225
81
216
234
206
76
89
201
209
229
56
90
246
218
92
240
78
71
203
235
98
248
61
91
99
80
82
63
97
57
55
93
227
84
95
210
231
60
86
295
280
278
129
133
287
296
283
139
255
272
120
284
289
115
104
136
281
256
109
128
253
112
131
140
119
135
252
113
127
118
138
145
123
106
147
299
286
276
288
292
273
266
102
293
261
148
259
121
141
