185
172
16
18
2
38
190
30
183
161
8
44
191
13
37
46
28
158
48
176
159
14
47
181
189
170
195
33
165
6
163
162
197
43
178
1
7
24
194
164
3
21
26
42
23
187
168
199
177
41
226
243
241
96
70
240
234
97
207
237
51
242
60
236
67
84
65
99
238
81
71
63
59
66
200
94
82
229
219
87
212
61
78
222
208
217
214
246
90
83
244
80
91
76
85
58
210
227
221
202
105
268
266
271
108
269
112
261
127
139
297
294
149
286
148
123
126
251
146
143
130
110
135
293
124
101
283
102
270
136
106
117
292
257
298
258
275
129
137
119
141
277
113
138
296
272
288
264
295
131
