37
26
178
191
49
15
193
171
186
22
13
40
152
12
188
45
11
166
20
18
150
2
17
185
5
197
151
30
174
196
165
154
27
158
33
43
36
21
32
170
162
199
173
159
41
10
176
195
28
180
81
242
228
203
69
72
215
74
85
224
82
211
244
217
98
233
208
52
225
60
206
75
64
70
235
230
51
205
207
50
63
241
216
66
92
68
65
95
245
86
243
201
210
246
80
96
218
83
232
61
292
290
134
281
269
253
135
280
263
123
297
285
106
139
129
137
260
275
255
118
117
145
120
125
276
259
102
274
265
122
286
101
270
293
279
257
126
273
112
266
130
131
138
104
295
272
133
271
288
267
