17
23
1
44
155
199
186
29
162
33
198
12
11
39
3
41
197
30
172
43
157
164
180
24
170
192
16
188
19
179
40
173
35
150
34
176
32
189
6
22
46
181
152
37
4
187
177
25
36
158
241
70
236
61
63
92
86
73
242
211
51
55
244
205
77
88
247
71
215
50
230
237
59
218
202
217
81
68
219
221
201
209
76
96
75
203
239
97
53
208
249
232
94
90
54
69
56
87
67
248
127
118
116
258
113
137
277
122
255
103
274
257
284
276
288
146
264
296
263
139
275
254
280
144
287
267
261
110
278
293
125
147
259
265
298
140
124
132
136
134
135
292
109
130
102
252
269
271
253
297
