173
8
10
7
19
171
192
25
38
12
157
152
177
5
41
198
170
33
184
155
163
190
194
156
9
30
161
172
181
160
168
180
162
174
21
182
188
45
191
151
176
197
42
37
193
48
16
153
49
4
98
70
54
94
93
246
214
58
95
206
84
77
212
234
240
59
87
216
83
82
231
210
232
213
90
200
235
203
61
217
228
75
233
237
52
211
86
73
51
79
78
239
225
221
76
74
57
72
249
224
285
129
102
100
114
265
257
253
110
138
145
274
282
127
109
136
279
133
277
141
256
104
271
278
287
296
119
273
269
140
146
292
107
280
149
137
116
115
260
147
286
139
295
288
101
291
267
111
134
252
