189
168
43
150
40
195
27
185
22
44
164
194
197
6
165
30
169
182
167
155
190
47
18
193
187
41
191
186
20
35
45
12
21
26
14
175
38
158
1
11
180
34
181
192
0
174
184
16
9
29
60
235
229
71
218
87
56
62
77
230
223
79
93
234
204
246
208
213
232
211
219
51
240
221
206
215
81
65
99
243
59
92
209
96
217
50
83
69
90
88
247
98
64
95
75
244
236
205
228
245
250
282
115
103
104
297
130
120
111
272
144
263
143
108
141
118
284
296
280
269
116
123
275
283
102
131
274
100
147
105
277
101
271
259
278
261
119
149
128
122
107
134
127
286
267
270
279
145
295
110
