19
14
43
37
166
3
179
41
38
168
2
1
160
153
195
174
192
26
159
46
190
170
150
44
176
155
21
161
6
163
42
34
184
152
35
39
45
4
5
48
32
20
183
158
47
180
17
167
181
7
84
85
96
86
213
228
232
210
206
211
68
234
65
220
55
238
218
97
248
69
79
99
51
52
204
60
70
74
245
56
92
94
236
227
53
240
226
209
59
222
89
205
244
73
54
225
237
63
207
233
280
147
290
141
126
298
254
266
102
124
134
274
256
107
136
289
262
146
133
125
257
259
132
108
130
128
267
294
293
296
143
252
253
145
295
265
292
135
272
264
119
122
279
110
270
261
278
275
251
276
