8
169
184
41
25
5
163
195
33
170
31
186
18
194
4
26
166
20
3
49
34
2
36
7
43
154
178
158
150
171
174
180
181
11
172
35
1
9
157
13
37
24
198
10
22
167
161
46
173
39
218
74
249
84
92
75
232
233
72
209
242
95
85
57
226
203
80
200
205
236
71
98
247
77
245
50
234
214
61
235
97
65
51
201
76
70
96
94
53
55
82
227
217
59
90
231
210
64
221
81
251
105
107
270
272
111
113
102
290
292
138
147
267
114
137
268
142
288
119
282
145
277
265
101
109
286
273
106
295
104
116
264
110
259
124
275
132
298
296
122
121
126
148
140
262
125
279
261
135
289
