409
2704
3249
2758
929
2161
1963
2409
190
2624
193
2315
2857
2747
3117
2182
1800
3160
574
2911
1653
1663
2667
468
3212
198
712
1647
1395
2348
1686
1543
1409
926
1733
921
2680
810
3230
567
1217
3240
1335
2597
2475
469
696
841
1732
994
1937
302
1452
177
2571
896
1953
3152
2773
3251
2360
2649
843
1044
2318
1106
969
1023
2776
1200
2204
2868
1391
128
3256
1535
1926
2248
1734
2851
734
1906
2307
2595
1515
334
793
1795
764
1138
2694
107
1527
1687
1570
3221
158
3217
2693
1961
2872
2356
1854
2467
1144
3156
46
1386
993
2281
1952
80
1962
2839
2726
446
2980
1529
265
1220
85
2444
393
1504
3124
2396
1109
2914
2944
269
2572
2952
834
1341
499
660
1855
1884
1904
2023
3234
3090
1009
1056
757
1651
536
1876
1786
1852
3065
2888
1302
2130
2428
510
729
701
2495
1765
873
3145
2463
655
1539
1051
1438
1803
775
3115
1229
1902
1339
1573
2144
2879
3208
549
2738
322
1407
1397
528
1251
139
3159
2311
1310
2897
650
1943
3236
1743
1492
2458
1927
2517
112
1990
248
3069
211
1574
172
1742
2748
539
2661
108
3038
3213
2412
2763
3277
1508
2942
1172
1103
1405
533
2796
960
1301
2063
2280
199
454
2744
1374
752
1991
3177
1551
1440
1532
321
3166
535
1098
827
1796
2398
2932
1759
890
550
1741
163
2477
2135
3076
2306
3252
1560
1690
2614
2925
2767
2261
2354
1511
110
1737
998
1614
2526
2785
1699
2854
1248
75
2026
2397
1069
1123
3170
943
1331
1401
16
1156
2529
2020
2690
1059
2588
2972
142
1656
55
213
2189
2509
749
1607
1936
1250
3255
570
299
