2806
1084
107
2712
3209
238
893
158
2883
1151
4
2161
714
3109
2578
469
3117
1781
1686
2413
2910
2375
1498
3217
1035
0
3161
1280
271
1326
1820
2122
2900
1334
1843
1535
2749
1110
2421
1866
1413
772
3240
1747
89
2949
1140
3253
2952
177
1219
2828
2995
2797
796
958
2051
1202
952
149
1126
105
2478
148
1068
207
2750
506
2434
759
2730
3043
1484
1177
2294
3006
1095
3244
2966
138
1386
2641
3212
366
2868
1462
2887
2552
375
575
128
1600
2346
2492
440
2237
1959
3064
2228
2282
1477
1550
2449
687
811
1166
619
526
747
3174
424
992
2158
2004
2068
1425
828
2782
28
1036
1729
2678
1641
2153
1713
1465
679
1490
1606
2729
3036
32
2154
334
3035
374
2205
1726
2970
2695
84
311
282
3023
1905
1857
2886
2462
2746
1922
2093
1520
3163
2974
3184
47
1911
3267
1695
1572
1517
2760
840
1593
782
733
974
1938
2419
827
1234
1890
225
2890
1014
2509
383
2079
421
3207
3236
1850
3136
3078
2829
2239
257
2573
2002
1002
1833
788
2801
1491
2784
1152
545
2033
1575
3090
1461
1333
3072
2170
3298
678
1892
2752
1719
1330
1159
1505
2490
588
2945
2193
2207
1171
389
2453
3231
1260
998
333
420
707
1661
2151
2710
1350
663
1355
1309
3159
2253
2785
2303
3269
2382
309
385
237
2532
2715
8
2240
1607
1059
2321
1573
1392
1404
2751
1950
603
3096
1196
113
2688
1172
492
1625
2905
1201
612
1796
1493
766
1640
1893
2609
3005
29
3115
2652
754
1901
1212
2975
2277
1407
2031
3237
2771
3107
1180
2254
658
625
2149
187
402
394
2232
550
514
2653
3007
1124
1944
