3219
433
1279
3258
2500
2048
2282
1623
736
1788
334
2518
1903
882
1178
544
3287
2052
3146
149
499
4
2017
2504
219
478
3188
1197
1005
1732
320
0
358
224
3116
1604
2622
586
2643
2629
1556
1134
1770
2413
2574
1713
1826
380
3142
2044
422
2718
1632
1097
638
1419
2776
152
2537
228
86
740
2677
1247
547
2733
3060
2694
2987
2402
989
2745
2758
2299
3073
2315
3048
203
2028
1595
2018
2749
1587
368
783
1813
3292
249
3223
2496
2699
1872
371
1504
76
2488
838
1427
591
779
1349
1379
1019
2561
1458
1942
1467
1068
438
699
1961
2797
310
167
5
772
2407
252
1240
1110
1273
2549
2693
2998
2223
835
2475
176
403
2237
1021
2180
1712
2934
3043
20
1659
2945
1935
1067
3177
890
1447
901
2608
616
60
1350
2020
2371
3168
12
2973
2225
346
1589
966
2837
1222
353
1287
1852
3268
1512
1874
1025
3210
3299
84
669
3065
2072
2328
2796
562
2074
582
1218
2164
2277
2033
766
2049
2565
258
858
3136
621
2513
164
700
2967
1627
510
1376
2167
72
1599
782
1301
414
421
295
1480
2276
3051
3145
3166
642
2212
400
204
311
1009
1183
1822
683
2628
2582
114
3120
918
625
1658
2061
1156
2361
131
874
127
1077
716
2411
2737
1895
1063
1551
1917
2921
2529
2419
1759
2207
2316
1302
1071
2575
1051
681
2193
1362
3004
2150
751
552
1678
2412
978
540
134
55
2760
551
1730
558
2043
717
1631
1901
950
733
3115
2031
1674
2570
150
2039
2717
2308
1642
1260
535
1870
626
3205
1567
2495
1619
2170
2292
754
3076
2155
428
3295
2877
2794
3104
975
1685
