1299
2157
2866
1496
2488
2660
2029
1826
1274
3008
1771
969
1733
500
1113
1166
1465
2182
1329
2048
2685
958
1906
517
1798
844
2824
1813
2622
1102
1394
573
3043
1816
100
289
2403
2595
3077
2995
2581
1398
280
1095
687
574
643
2305
1117
2052
1747
1297
3113
817
1413
1785
2112
3083
159
427
648
3240
2252
2571
921
1006
2341
853
249
2178
2091
1458
2747
903
1338
271
3089
1853
2000
825
515
1457
479
567
255
43
3011
23
2853
315
1177
381
2981
592
1977
179
1903
220
3103
2649
930
2497
2739
1035
1403
307
1897
1810
3054
1275
1107
2900
3015
1300
174
1825
863
422
77
1316
1550
3228
2248
158
1987
2304
721
2294
1873
2757
2627
119
3281
1504
123
1795
168
1025
108
1511
603
153
2976
1871
2353
821
1464
286
317
2543
2104
1289
1156
163
1122
3045
850
3166
134
2702
1651
3072
1336
968
2059
340
980
1461
3268
1635
1573
1441
2848
991
474
330
1902
816
1730
1493
1445
1491
3238
1807
2384
644
1027
1115
3231
669
2538
3132
250
3203
1699
964
1264
1393
1627
2121
385
1045
693
294
471
1756
790
2999
1474
1099
456
1689
2386
487
2651
452
2206
2343
1034
2026
612
2265
1168
432
2768
1674
511
1508
2389
3149
2833
215
787
2134
324
2149
640
31
1205
641
1251
1709
3062
2753
2382
1624
3236
1642
2319
2611
869
1415
2101
1298
2682
106
1984
1148
2556
2902
3229
2123
2094
2061
815
2602
1190
2083
2540
2994
745
2874
2453
2676
2794
508
2391
1612
2544
2099
545
2446
3202
2038
799
855
1980
482
2575
1175
183
292
1163
1759
2606
3286
1896
1060
2144
1475
