2423
2635
2593
1872
2035
223
791
2758
1131
734
3008
882
2474
1745
2577
100
1377
2995
228
3116
1219
2909
2413
2179
2341
3060
1189
2157
1733
3217
515
2761
2966
1365
1200
2017
2257
3092
3109
1629
2790
805
3201
1322
1798
2498
468
2302
1497
1372
994
1987
2952
837
1533
2706
1178
2714
1422
1754
2640
822
2065
993
610
2109
2068
2191
924
1570
2432
1653
1928
3174
1120
3002
526
1300
69
3147
1541
1848
2105
547
181
1878
444
2883
499
2981
1296
2704
1224
2077
1245
630
1402
921
646
1134
323
2284
795
1484
1217
824
844
249
1020
2911
2750
149
1843
2591
2152
304
893
1458
2000
1947
1734
1571
740
2857
619
459
2622
1482
2868
895
1657
450
1109
661
1683
2442
364
1265
3037
2946
420
2394
1127
2647
2001
2902
1680
2342
428
3159
2405
1075
2233
2875
708
2794
42
1722
1699
1115
2901
669
277
2446
1665
2618
2785
1943
1475
426
564
1314
1313
2151
2930
748
341
2601
2174
1051
852
2314
317
1534
306
2608
2931
2316
3051
2308
2186
1488
3271
1150
274
1393
2532
2734
1631
1969
604
2978
916
153
2833
1054
13
535
2108
2715
481
1522
1682
960
2277
456
766
1309
272
613
1610
2
3278
635
886
2096
1974
3131
378
812
3169
2014
17
773
1960
2012
425
788
2371
590
166
410
1865
1039
1705
1494
1206
1554
1362
1018
2063
1891
40
551
3090
2860
3149
1069
2616
1605
2679
3045
1640
505
1323
2104
2962
448
2920
3234
2039
3200
880
549
599
2582
1950
1681
1222
150
3297
1221
1787
726
879
1491
2126
2382
1346
2780
1469
2673
1376
2940
1635
3096
2707
2540
2896
1440
