2060
3156
469
2349
64
1653
2919
2264
3052
926
2196
577
3054
2058
2465
2128
2500
867
2772
735
2281
744
2027
804
2432
2858
2797
116
1379
1557
1751
3035
2402
1788
1545
374
814
3220
186
2312
1443
2667
69
70
2716
2814
141
1253
686
1550
937
3251
310
136
2872
2597
585
1449
2461
1813
647
207
1194
3077
694
2795
1910
1691
1144
994
2028
1128
1420
1097
1930
2629
3083
1017
720
1161
2417
954
459
2739
718
263
1106
2933
444
509
1886
3212
3079
280
1352
1209
2846
2844
260
2113
2172
2869
2325
3026
1604
1745
1042
1535
1873
2828
2259
2291
2984
480
158
253
2042
1173
770
2068
2283
1227
275
795
1647
1473
418
1835
2044
706
875
2131
2898
15
1644
1848
2399
674
2607
2992
339
2815
439
2658
3105
1136
2994
2342
1314
1447
2151
211
1171
189
878
2425
2140
533
2209
948
1576
2665
688
2012
344
1343
2674
2232
210
1616
2623
1851
1400
1783
247
2239
406
3273
812
1655
774
2836
321
788
1652
752
3082
1464
2701
1976
927
1196
2382
1796
1677
1602
2303
115
1039
82
1472
114
164
2838
151
1363
1619
2127
3110
1874
3237
514
757
1938
50
1603
2892
1029
1672
3195
3062
511
112
1960
3145
891
787
2133
2327
1125
355
1152
2199
3218
2525
1988
1673
3
2226
3246
1875
915
1927
1889
1566
1919
2001
2366
1685
1719
2697
742
1238
3047
2040
2886
2663
2865
2978
276
505
2212
347
2920
535
2066
1764
944
3262
329
1265
1943
3025
2174
2219
680
36
1956
2499
401
1310
576
2588
284
1833
1935
2163
1694
1254
2267
2895
266
767
2679
860
2372
437
2306
491
1969
