2176
51
177
1216
1770
1375
366
1379
1809
2334
1138
2518
1448
2430
2185
186
847
758
460
3000
3176
2989
1793
1581
2706
2712
2131
1712
1341
1995
675
2648
836
2044
1835
2939
1465
1866
828
2282
2913
823
1203
1352
128
2559
2450
3224
1885
2689
1209
1755
1820
1776
1395
1992
1903
2021
3220
1449
1504
2263
1419
1869
1778
458
586
271
2826
2124
4
3019
2718
993
2594
3036
2118
1126
1023
1365
2223
1947
1081
1498
649
1565
480
1800
3042
2936
438
1845
517
1959
676
820
2018
2470
1496
1735
3228
937
1403
1993
2467
2956
1977
1245
1861
1473
2699
934
1187
1839
3235
592
3018
3283
2587
896
38
2603
2726
2997
2493
1243
2432
3265
1548
2563
2704
1055
2981
1791
289
804
2803
3208
412
321
396
2871
1308
2226
92
964
488
493
2372
2454
1039
1505
1938
1840
2874
931
1491
1226
3039
2670
1075
1720
731
753
991
1609
1011
2517
1015
789
2502
2471
3149
1575
3090
590
341
2236
535
950
10
611
2740
2408
1722
2532
2534
2558
2976
2862
1223
2738
1512
2924
560
1982
54
1603
2401
1643
3243
2368
1849
3123
3099
2864
21
274
236
3150
2621
1517
2324
2300
983
3013
1673
1783
78
2427
1421
1143
757
3218
2608
2784
641
1283
406
1474
1438
1726
301
183
1677
1875
1141
196
943
2358
901
355
642
505
2634
2588
1049
2451
454
1363
2415
548
1935
1690
1298
2845
539
290
27
2809
1319
1572
1032
48
1500
2906
701
1838
3167
2948
579
329
1007
1537
2637
2075
910
1289
986
3107
780
2645
639
3259
67
2227
133
2203
1552
2988
2888
2136
3067
1544
1576
1784
1652
1530
564
379
