1235
1041
1371
877
2811
630
2778
3122
1033
1316
1978
704
744
2455
2221
3250
1144
2641
792
1771
1008
3140
2373
2021
671
3053
2257
2605
971
2998
591
148
393
1531
1712
1703
2718
1816
1220
2430
2960
2514
1321
246
1931
99
2045
3064
732
2617
1263
128
3154
1556
997
2051
1623
1754
1591
3212
2704
3079
2365
1382
573
2630
2426
2964
1081
2821
3042
96
2047
2497
1161
690
993
88
2632
358
232
1167
1548
3224
2439
1240
2178
3050
2839
811
3060
898
583
218
2465
1383
1570
607
2052
473
1691
3226
2711
2629
509
3063
156
1284
1839
3041
1502
2258
2598
1485
2956
224
403
380
3251
2128
2656
2923
1232
3284
2115
1998
2349
1214
1903
1996
2413
2677
3043
2772
2056
66
1320
471
2621
1868
1933
2570
3266
1330
1112
1445
3014
2406
2408
3297
3104
2398
400
2394
2752
3205
1053
1234
169
1857
2533
1722
2916
2174
2238
1319
2618
2619
2942
1270
2800
2141
3208
2553
1206
369
3190
164
888
367
451
1737
2688
1627
1611
3298
493
59
208
2616
1118
2342
504
1656
3118
431
1727
2659
1159
2874
908
1690
237
2136
1062
356
2791
1133
2764
1199
243
2137
2014
2242
278
1841
742
2915
54
931
36
869
1123
1242
2355
160
225
142
2679
848
2684
126
1925
109
2596
2210
55
2463
2606
292
1526
1374
1384
2682
1339
3149
2931
2370
990
907
143
1486
2049
1376
448
1605
3177
562
941
1239
639
3066
129
2767
1016
205
2906
1633
1524
188
2435
2023
1702
341
256
439
1935
113
2457
163
951
2489
182
1501
2614
2658
695
1802
3238
827
2230
1463
1347
3157
1893
1059
2847
1024
1901
1922
