2857
3212
2387
2831
1931
2593
2347
2549
305
3130
2741
3211
1257
2078
2295
1513
728
2455
1089
3175
3258
1906
1795
2605
1830
1358
2812
851
934
1839
2467
838
2204
46
1297
1987
1745
2357
2527
1269
2498
660
3032
1800
3083
1230
1290
524
120
2046
1061
924
2569
1249
2222
2056
2756
1214
629
234
912
2008
116
2913
83
2431
335
1856
1562
281
2725
898
1545
1162
2514
3155
863
882
198
2626
781
896
823
190
3173
1770
2442
3174
959
571
720
628
1834
620
300
3206
2050
1712
583
1636
1202
2591
1203
837
1215
2568
2823
1326
1058
1557
2617
673
30
325
2961
368
99
470
391
567
3187
1913
538
1769
920
3060
1644
2268
1792
2432
1641
1629
3015
2624
2282
2923
328
889
957
1711
2874
3266
2098
1916
943
948
1539
142
2767
2074
1384
3134
2762
2366
2573
1532
330
2905
3195
3057
525
2863
2499
2752
3267
2034
1875
1190
908
2372
1773
2244
306
1088
1007
272
2854
1508
2100
372
2199
3111
2322
2235
799
891
448
2310
258
970
57
1435
742
776
1085
3252
2374
1627
1738
3027
3127
3282
1674
1082
1111
439
2126
1838
1741
1939
1077
355
3016
1569
1494
442
1038
2926
2508
496
2405
2708
2038
1466
681
2553
1150
1244
1889
1339
2670
3269
1043
1658
2484
188
2424
508
2697
210
731
1305
2229
1205
3237
542
2233
2001
848
1393
3075
1624
2645
2270
2063
2536
2658
2429
31
2738
1064
1346
3010
1892
296
1364
204
548
222
3076
172
2425
996
2064
855
2942
2915
2663
752
184
3296
1857
384
3278
2337
2530
2289
1833
928
1951
1345
1901
2457
484
1429
1603
1407
2973
1956
552
