3197
220
755
3002
764
3201
1947
1451
1028
559
617
1173
2496
3044
828
587
3244
2326
1276
925
2759
1683
3098
993
2814
2617
61
3095
2813
51
2493
1271
2963
90
598
1268
1869
953
1460
1467
1200
3021
3018
1798
2880
1779
2643
2756
1795
85
1144
1853
1351
2116
591
3154
801
1937
958
2341
1529
1734
2198
1299
1207
2524
232
629
2866
1826
3070
1995
2811
280
1570
720
200
2390
1394
1731
1140
847
2461
1859
2629
600
2262
1409
1332
997
1828
138
795
1778
375
696
2605
2268
2812
88
2377
316
2918
2640
1153
2506
2849
3199
465
2402
800
2984
772
3109
1886
1703
3281
3230
1300
1963
2153
2581
735
2447
2563
77
3258
1375
1030
2537
1843
252
122
1507
2928
1997
2723
2732
2367
1305
1293
3016
288
657
345
2639
1003
3238
741
2256
907
562
551
3182
1221
1500
3084
1069
2212
2942
1190
1512
1796
2208
683
2231
3189
864
1941
2687
1090
1159
2134
2890
1369
2877
1559
2233
3262
1454
1836
1503
806
1480
1824
72
258
1024
2398
1429
1492
2468
1674
2308
2760
1560
2525
3119
1104
2573
2588
876
2696
985
3101
1889
2148
2920
1012
2874
1896
273
1050
1171
669
3290
1627
1367
126
82
2002
3200
62
2151
133
1211
2662
3126
1139
1408
2671
1775
1966
2556
1667
1111
1141
1832
2328
2637
184
1517
406
3120
363
2633
2015
1396
1948
1435
1468
1566
502
3190
1574
3072
668
2709
2155
2748
975
1971
1880
1519
1152
1682
348
3062
208
2120
3218
1661
763
2536
2870
1123
3270
1339
1289
2941
1765
2289
483
2232
2495
2751
904
2160
594
1071
3127
2239
964
1607
1310
1864
313
1088
2
259
