839
1173
281
2555
2594
2620
85
3036
1630
318
1420
2918
1962
1377
1600
2047
1859
1386
1275
3244
2360
1653
768
1688
1843
971
2955
2956
1529
1068
1387
2755
342
1523
2171
1055
1304
2577
591
3156
619
2465
2025
1135
3144
631
547
499
2172
371
2849
2434
1813
2630
2478
1285
64
3021
1338
805
390
3154
1263
1885
3006
939
801
3225
2003
3256
2447
698
219
1106
2377
1757
1735
191
2587
119
3239
2110
186
1380
2756
2312
2122
1745
1227
2467
1477
2200
3251
2488
566
2153
563
2776
506
1550
156
404
3293
2296
1490
847
1513
1679
2060
1354
2069
2777
475
3125
1375
3219
1683
2693
1473
357
3162
1280
304
1453
1704
69
807
3117
903
2680
3077
478
1167
2507
2143
3188
2085
1160
1635
1741
3123
2668
549
2206
2303
1638
852
2894
2794
910
1343
209
1876
2688
1690
2845
874
708
1944
1616
2146
1667
3207
1286
956
3119
2697
985
2820
2607
1572
2244
1466
2886
975
72
406
2451
2753
570
1355
2277
2386
299
3003
1730
1964
701
748
2088
1761
1439
642
904
464
286
580
2616
2834
1417
2454
1655
2458
3033
1965
3031
2599
2245
1924
1694
474
488
2358
2701
2746
2330
616
367
2647
1517
2877
978
806
94
916
2623
423
1105
1388
2727
3127
3131
1748
3210
2075
564
2156
1310
1364
1868
376
3290
3159
2715
3276
2168
1111
1367
786
1511
3027
2780
491
579
773
2888
2288
1441
722
3087
2195
402
1088
2897
1455
1765
13
528
2054
132
1018
1447
1438
330
1560
2271
2764
27
1973
886
1272
1099
2879
319
1554
2614
705
2765
2328
54
2673
34
2818
3234
322
1156
2512
2862
2890
3012
