3256
2726
2173
1320
2013
1704
2650
1329
649
777
1794
253
407
2739
1866
3227
2524
2775
1386
1379
2005
1906
543
1459
2574
373
3274
1240
2632
1636
2519
3224
391
3212
568
2625
490
559
1010
3199
2883
2498
2052
1495
591
2201
740
868
3162
499
1970
58
1683
2568
88
2129
2318
521
1216
1545
80
1826
2363
3018
1810
1482
896
3173
1528
1108
2579
2472
220
1236
3188
2745
2828
216
1338
893
1596
3064
1437
1583
3044
981
1321
18
648
46
3233
1671
704
3130
3289
316
214
1167
2507
1019
1402
862
2222
1978
1256
1553
2919
2430
2456
1662
1710
1897
1859
835
1788
3251
424
1096
2774
1114
269
924
747
940
2781
2448
87
1562
2423
2476
3042
2881
293
1918
1072
750
1688
1950
996
3039
2954
312
548
2945
948
1844
815
1506
1009
1990
210
2915
104
1250
1454
1612
1958
1115
856
443
1045
1728
2724
1446
3102
3085
2783
2553
16
1426
2457
274
1260
2144
437
376
1085
943
466
701
2148
2922
1738
2095
3218
1175
2738
3062
3139
2166
556
217
2809
1125
1656
2494
425
329
196
908
1172
850
1700
1901
1501
209
580
3182
106
1964
24
387
2249
2611
511
2419
492
2383
2134
1400
1797
2273
988
1361
2941
905
2696
848
1289
2061
2227
986
860
2293
1325
858
2216
2389
1692
2184
173
2879
1157
1438
709
126
832
1087
1646
2526
486
1579
1563
2093
551
2238
3252
667
1689
2479
2311
2865
270
874
552
1740
3047
442
361
3069
356
3090
1174
1310
540
2072
1429
2855
3266
2066
1720
812
2700
3214
303
2965
1643
222
3014
2016
1468
1388
590
1764
1489
569
1032
2542
1272
1155
