2951
591
1953
2733
3032
824
3241
2407
958
223
1021
3162
2284
1462
1513
945
2893
654
1235
501
2597
585
2008
2153
2304
997
3148
3063
167
2772
260
438
2843
1006
704
3042
1528
2291
2841
494
3041
1037
1389
1128
2804
1377
2073
1795
711
1502
190
1371
15
2191
2535
1019
1409
1086
2612
1687
3002
63
3251
2749
220
537
1422
2528
796
2182
148
253
938
460
2934
530
1774
444
2939
715
1735
768
868
619
1729
2171
1835
338
920
981
3116
179
2704
2758
1358
216
1804
435
2112
1669
2699
2439
955
252
3248
1138
1134
1209
30
853
3144
987
1271
2966
893
2878
473
2664
2693
714
2003
2305
2711
877
2595
430
3001
1906
358
2048
1177
675
2869
307
720
1290
2807
1661
3084
201
866
2651
3298
2674
1973
1051
669
340
1090
3238
749
2108
816
1525
2229
42
2261
1643
3111
2645
645
312
1517
1518
2235
2865
1706
1053
2946
2734
915
2367
899
1500
2943
700
2277
131
3261
1438
2298
396
2313
215
2345
1902
2177
985
256
1186
731
1136
1904
2767
2097
2319
2917
1851
680
491
2533
2175
2479
507
580
2170
3023
1510
2383
1764
2484
3207
2771
451
1455
2707
2710
67
2508
1652
885
3033
3213
1018
1994
1431
2499
1305
936
1900
185
1642
2576
861
13
2389
384
2565
2818
1441
2867
2932
908
2973
106
1737
3192
242
183
910
3038
3145
10
2328
546
3076
3208
2930
1678
2007
2382
2847
1716
1695
79
968
2054
2379
3058
2833
2469
2637
413
1179
2905
1796
1658
716
579
1677
1922
3257
2226
751
618
400
1205
2159
2618
752
2274
1070
274
612
2586
3126
1315
3129
1345
1742
