615
308
744
245
329
320
894
649
85
559
361
4
577
51
720
484
508
346
674
493
296
678
468
332
661
56
115
845
106
666
479
681
23
300
573
315
705
366
128
713
891
872
868
791
179
696
533
707
205
83
662
222
375
46
400
702
861
641
422
790
520
580
846
309
691
877
281
252
417
496
648
532
655
663
464
780
77
428
742
319
712
829
268
768
196
511
182
199
97
732
636
84
488
291
574
167
651
161
8
560
52
695
596
688
127
338
482
116
430
427
321
882
690
864
183
729
216
50
388
80
517
383
461
816
280
822
777
100
587
110
764
606
449
824
667
717
897
684
174
571
718
485
211
136
71
855
382
348
157
258
22
41
386
507
134
240
683
278
491
405
95
795
893
273
17
890
698
656
658
190
158
792
58
556
401
660
721
60
586
733
198
776
880
358
457
734
305
3
289
340
38
48
853
269
585
343
117
384
394
191
387
502
597
194
131
436
625
19
18
74
589
624
282
27
246
313
78
643
61
834
140
639
525
438
330
629
288
630
148
103
725
692
489
673
233
426
277
261
380
312
393
39
836
605
256
316
896
135
279
112
741
96
374
65
114
215
35
381
123
463
523
475
554
178
311
534
524
