615
467
81
355
308
775
632
866
548
559
769
486
626
627
47
179
714
891
255
456
415
85
881
132
202
871
641
479
105
621
468
366
904
851
375
442
894
539
842
873
400
139
425
302
146
44
868
445
875
751
142
649
453
115
160
719
346
492
398
184
209
29
189
326
420
550
353
431
54
119
607
357
808
239
407
778
186
8
663
689
732
712
835
352
378
428
227
858
821
598
127
299
716
336
40
780
257
612
76
53
77
218
250
161
404
338
344
555
321
451
578
412
364
230
461
884
7
726
183
796
518
247
816
567
690
165
454
570
307
859
543
823
485
396
188
354
244
617
852
350
684
824
258
440
157
138
174
176
460
717
248
849
113
228
237
98
278
491
599
45
95
405
214
181
498
782
792
698
526
144
773
893
273
890
586
401
60
733
88
341
675
126
869
358
644
549
64
259
289
815
238
150
384
809
117
418
763
232
784
459
620
760
370
857
766
624
854
499
478
436
111
19
74
27
206
625
602
137
118
834
563
438
623
86
540
892
335
629
838
536
489
57
69
888
49
755
542
225
874
426
605
693
770
703
728
316
608
568
896
279
135
805
619
65
381
640
215
114
475
899
163
178
701
544
628
524
831
