147
744
699
676
545
318
866
44
707
626
787
142
837
702
30
445
385
4
900
205
674
627
276
810
375
202
846
128
106
508
13
366
894
255
873
309
786
346
222
700
579
453
881
204
132
486
665
6
408
878
331
85
223
46
171
447
745
697
799
33
146
546
559
332
756
813
353
275
648
252
496
572
8
768
125
651
291
731
270
574
416
591
352
294
77
537
196
257
830
862
218
161
319
186
16
433
742
404
688
227
778
895
229
636
79
732
451
739
578
43
779
518
290
80
613
901
576
594
729
371
473
390
611
664
840
280
247
461
293
764
587
606
240
211
41
121
718
852
258
324
172
354
174
396
680
440
71
2
849
828
176
134
170
571
113
360
102
406
130
599
491
405
870
441
212
773
17
158
526
656
893
801
685
99
804
586
401
60
341
721
541
848
549
869
776
358
469
305
289
603
669
418
284
784
384
217
620
343
902
450
637
771
502
843
339
111
589
709
643
108
448
246
133
429
478
226
854
602
18
563
438
497
66
639
588
519
288
583
330
590
271
725
345
220
510
312
542
233
446
310
162
107
836
710
264
844
741
316
728
298
135
112
640
35
374
215
114
327
847
628
163
68
523
434
463
885
55
