699
615
355
234
32
646
398
873
539
266
479
346
765
51
704
641
595
878
484
87
700
146
665
435
720
508
705
696
614
300
462
745
846
200
26
92
331
592
6
495
509
662
632
767
224
296
72
751
456
287
366
492
490
204
564
332
221
453
714
756
203
465
480
881
122
395
154
119
252
417
552
84
127
862
294
591
633
821
34
16
104
788
79
428
317
598
97
76
596
186
125
407
768
352
858
612
378
780
470
40
319
711
560
404
481
688
389
177
129
321
116
216
860
551
611
280
0
774
364
737
690
192
156
390
850
518
864
183
543
606
437
562
571
134
258
460
248
514
348
667
324
113
172
82
188
684
867
852
360
41
386
240
157
170
228
98
278
15
405
653
558
124
656
144
792
782
190
58
379
498
757
647
773
212
586
251
812
804
180
28
64
618
848
798
529
505
472
259
340
815
238
269
902
117
25
694
827
501
384
207
459
9
131
766
760
643
206
841
111
137
118
448
671
246
282
133
499
589
18
657
86
140
497
623
330
519
825
335
262
725
57
785
271
380
772
642
888
426
755
670
39
703
604
836
844
728
149
740
256
253
750
608
151
65
362
531
640
35
554
168
163
434
325
701
847
323
831
