81
245
744
789
545
32
92
254
346
224
115
30
738
122
29
845
632
106
453
746
751
696
548
160
442
395
235
891
462
185
791
205
366
745
479
13
425
422
222
894
146
767
203
868
614
714
881
900
73
465
171
415
179
492
255
484
573
846
758
105
477
432
221
665
276
101
648
727
109
252
119
193
208
294
319
444
317
34
488
581
8
532
455
712
392
40
759
830
352
404
466
481
858
655
104
270
407
651
464
780
829
357
328
537
663
97
779
116
555
578
177
517
356
156
668
62
570
553
454
613
297
822
840
390
247
187
567
388
231
562
543
494
514
211
134
571
82
507
440
258
324
396
569
828
41
170
684
460
138
174
98
593
348
240
717
867
130
795
405
409
558
95
376
190
757
811
212
403
63
483
898
526
379
158
721
341
251
20
88
876
472
848
528
259
3
274
675
469
669
603
286
585
863
501
450
394
620
232
387
459
827
760
843
194
857
313
27
111
643
625
841
499
624
478
436
226
206
671
137
657
86
66
438
623
335
583
148
839
306
692
785
590
489
446
426
538
755
561
542
673
605
703
506
243
112
740
741
369
750
264
844
568
35
241
381
65
362
114
325
899
90
554
523
163
475
723
754
