789
615
329
318
646
699
674
139
891
627
516
756
580
851
422
595
445
861
46
30
13
205
592
29
101
47
810
421
92
883
142
661
904
105
359
480
254
223
845
564
577
790
72
894
575
868
462
296
871
681
621
678
276
128
799
813
786
493
700
222
696
837
6
26
650
366
552
889
281
154
645
470
651
175
227
167
464
196
186
731
652
182
299
444
711
428
537
591
612
378
732
862
663
633
780
433
127
84
373
532
16
655
821
314
423
759
141
116
578
430
295
216
729
364
412
80
611
304
297
390
634
280
553
356
884
774
7
816
494
110
285
562
71
667
396
170
22
852
113
569
513
138
41
174
176
2
248
188
680
324
617
593
718
98
485
828
491
409
130
15
406
653
498
685
556
58
403
158
609
870
802
441
811
890
251
733
28
476
721
180
521
259
322
411
734
64
793
91
283
557
616
585
418
384
343
902
784
217
817
292
809
857
370
771
14
624
19
206
643
313
226
429
709
27
78
282
448
18
671
584
639
21
140
657
288
337
892
519
588
271
582
103
536
888
642
49
277
772
561
261
107
770
703
856
316
805
149
279
264
844
112
750
114
151
566
65
531
215
311
701
325
628
708
463
90
754
534
