32
744
81
245
467
1
462
203
465
94
375
559
649
769
105
875
46
425
349
758
12
477
309
493
432
846
700
666
415
263
533
767
787
484
564
4
420
719
661
106
301
842
665
837
400
272
621
33
83
516
395
445
302
185
486
456
56
120
480
179
202
714
139
790
632
142
648
889
154
727
431
294
161
464
537
808
336
835
227
270
428
419
199
317
84
210
444
16
40
716
416
167
193
455
655
829
458
104
712
651
229
598
89
357
377
814
430
578
547
344
482
342
729
783
473
774
806
726
796
7
664
304
216
613
570
100
631
290
11
562
59
110
485
852
820
228
136
174
176
237
680
513
354
449
382
855
324
440
684
172
138
41
849
717
460
157
15
683
130
45
102
278
403
870
890
402
685
898
757
181
801
647
63
609
660
812
60
476
28
586
734
565
259
305
443
351
798
3
410
70
603
232
853
809
394
450
459
763
748
48
418
597
339
372
843
589
436
108
671
226
625
111
709
478
841
429
133
137
18
623
21
140
525
86
730
677
367
363
337
69
536
582
725
510
233
772
874
310
312
261
770
856
107
243
805
750
298
844
740
512
135
741
215
151
640
619
327
566
701
554
163
93
123
523
628
885
524
