318
699
615
147
329
1
432
704
707
495
842
425
462
439
486
87
678
160
719
666
632
6
139
765
807
67
539
696
786
287
51
681
146
686
72
878
493
179
769
866
453
810
661
302
548
300
758
332
649
145
621
132
184
115
791
359
31
202
422
720
221
272
687
447
30
697
109
762
154
281
275
652
53
423
832
444
52
574
591
193
695
655
711
89
633
778
317
636
161
612
392
268
34
464
377
208
470
336
270
481
210
814
759
227
826
511
344
43
430
578
427
390
195
864
297
216
454
886
706
527
600
80
192
219
806
165
187
774
437
859
494
724
507
240
98
22
460
244
138
593
684
174
258
172
680
514
382
828
113
82
897
386
176
855
824
617
15
278
124
491
795
683
212
801
441
890
483
498
487
802
782
803
556
870
721
660
20
341
733
88
452
126
503
781
529
3
549
411
557
238
616
747
284
384
418
638
501
75
784
394
191
502
771
9
131
206
436
282
246
624
118
74
78
602
643
671
448
18
478
525
140
86
639
584
588
288
677
730
213
489
236
271
785
673
312
426
446
561
510
143
770
393
604
107
149
750
794
896
264
256
512
608
65
151
531
619
114
327
463
163
123
544
90
899
554
522
55
