318
467
676
744
234
308
548
300
720
786
516
810
12
179
94
189
349
202
146
385
833
453
398
851
359
465
296
564
807
495
432
791
31
224
678
686
681
702
592
120
509
878
255
866
508
758
790
691
769
787
704
842
106
666
30
395
205
361
276
765
575
272
400
122
160
480
109
504
119
645
275
227
40
378
294
397
598
466
858
428
689
334
270
821
166
829
8
218
167
474
808
455
210
711
338
392
84
319
97
239
104
778
291
377
352
759
430
779
116
177
482
726
50
729
216
774
864
192
24
454
635
850
297
594
461
901
165
706
110
823
859
293
514
170
382
237
820
867
440
507
513
386
174
667
396
136
157
248
82
348
134
680
485
244
138
350
795
409
45
405
406
15
870
414
556
865
811
609
212
58
471
99
441
181
660
733
28
586
60
88
358
869
880
169
798
126
413
781
603
70
38
284
748
638
763
753
620
853
232
902
459
14
760
370
843
854
226
74
206
429
499
643
282
602
111
448
625
841
478
834
657
639
563
36
367
288
839
306
267
725
785
57
582
755
642
752
225
772
261
561
39
506
703
836
794
728
844
253
568
135
741
256
362
114
327
241
381
619
178
475
708
847
434
554
701
522
659
