318
355
245
308
147
775
535
790
520
580
326
516
85
152
595
767
621
332
276
203
266
861
704
873
799
422
614
756
435
209
447
296
559
255
105
508
115
626
769
223
678
87
743
26
375
877
878
6
12
495
204
44
29
272
833
465
254
548
674
577
30
33
265
661
171
315
648
275
607
119
154
895
581
299
77
826
196
598
511
407
166
464
712
336
392
368
16
328
532
404
250
125
201
79
352
338
314
636
458
474
689
858
466
655
334
208
389
129
116
43
427
183
0
527
611
816
570
342
371
726
280
192
390
7
551
216
576
796
859
562
59
823
170
849
138
174
382
2
828
82
593
667
684
240
513
718
449
136
244
211
98
176
855
113
507
396
102
409
95
653
45
130
757
379
890
801
403
610
802
601
414
242
685
773
180
733
28
721
341
876
644
749
503
541
798
469
399
734
286
70
800
694
827
853
902
585
387
150
863
784
284
597
372
760
771
61
436
313
643
602
282
478
27
854
246
589
625
709
78
584
834
639
623
66
330
677
583
335
367
103
582
489
345
542
426
538
446
380
312
642
856
770
703
605
844
896
608
96
316
740
135
149
362
327
381
619
241
531
899
544
701
90
163
475
93
323
197
