147
234
789
1
545
467
331
702
493
577
696
807
349
666
746
678
179
641
106
29
751
145
866
758
579
171
204
47
592
255
432
786
200
254
23
447
674
4
33
73
550
105
686
83
400
846
767
301
564
704
209
265
132
873
205
887
185
626
508
184
13
697
31
398
797
296
552
504
431
607
154
712
53
328
104
560
155
166
731
127
317
193
458
77
199
167
352
433
655
218
444
895
808
651
294
596
768
84
788
79
742
759
239
201
423
89
427
295
177
547
116
342
280
553
594
850
611
100
726
7
840
383
634
822
729
600
0
165
764
231
859
11
828
82
174
485
138
324
228
348
593
382
172
121
867
514
71
718
350
849
188
507
22
820
667
569
491
558
795
45
102
599
801
414
158
190
601
242
181
658
792
441
5
870
876
721
804
180
20
812
443
618
549
457
91
10
126
715
669
333
289
694
753
459
269
75
418
191
679
232
48
597
131
771
654
624
841
19
226
111
27
671
313
854
429
108
625
602
246
525
140
639
438
834
262
37
173
838
335
725
69
582
271
510
261
233
277
220
542
380
693
393
604
107
279
568
253
794
896
805
112
740
151
531
327
374
65
619
178
168
434
847
90
123
708
197
754
