147
308
318
245
699
676
697
395
224
160
447
200
661
813
790
577
713
164
408
686
477
73
171
861
872
756
235
139
359
366
851
375
142
29
120
266
13
301
87
535
580
700
439
67
799
751
101
883
579
287
47
904
641
331
490
33
480
900
132
272
315
115
702
92
51
674
607
431
119
496
504
788
229
736
270
470
444
8
166
819
832
416
392
104
663
428
397
581
808
250
862
208
334
352
407
466
821
423
651
419
182
52
40
338
759
829
129
451
389
321
43
390
729
517
304
726
50
518
567
342
388
24
690
551
290
783
860
737
494
859
562
110
174
386
98
172
136
440
22
170
382
449
41
134
569
507
2
188
211
717
684
258
852
820
897
617
124
409
405
406
45
102
647
63
190
144
811
801
58
379
870
471
610
609
804
586
20
812
733
60
734
529
91
761
675
541
322
521
410
289
669
784
637
747
763
260
394
75
585
191
387
654
14
131
597
625
111
499
206
108
854
671
226
282
246
74
841
429
137
584
438
623
36
525
363
838
335
347
825
785
345
271
69
673
538
670
752
510
642
380
710
836
39
605
153
608
253
896
96
728
369
279
374
640
215
327
566
531
847
163
523
708
90
463
475
55
365
