318
355
789
615
245
744
573
533
575
468
702
738
223
287
851
813
520
704
29
23
87
720
33
179
719
580
385
621
678
500
326
810
758
681
746
73
447
661
202
846
12
359
883
51
508
92
420
408
266
665
769
686
456
442
871
85
577
272
94
751
415
833
185
837
797
235
496
727
109
252
889
732
466
357
612
270
89
688
229
199
731
444
8
79
77
768
481
695
377
591
455
125
633
319
76
821
742
328
373
862
655
336
423
663
470
651
578
141
129
547
555
280
737
777
672
611
576
567
600
553
183
635
195
726
216
901
383
390
859
606
823
59
514
507
897
449
440
2
176
513
71
571
244
240
396
852
867
680
134
718
237
684
211
354
22
174
102
15
95
491
405
653
698
58
792
403
890
181
190
609
17
5
773
242
401
876
812
251
60
20
734
761
798
413
541
322
305
472
818
557
286
387
217
763
694
637
817
191
809
117
747
843
857
372
502
602
709
282
61
108
226
78
478
19
671
854
448
589
313
563
834
584
21
438
267
839
306
825
363
725
536
345
271
542
673
49
888
220
642
233
836
506
693
604
750
135
253
279
264
741
896
149
215
327
381
151
65
566
178
168
90
475
93
708
463
534
524
