140
1100
243
1215
1257
10
13
1135
1254
1160
260
1308
202
1106
1259
1075
1306
17
71
1080
1124
1141
230
255
1061
189
134
1318
59
128
196
1164
177
212
1169
12
1137
1226
1112
141
95
1275
66
1113
231
1177
1090
1207
203
1091
109
1107
1130
223
28
79
1220
56
1148
1247
1253
30
208
240
1300
1078
1212
1315
1121
1203
1284
1074
1262
195
163
205
53
171
1222
192
256
143
1072
1129
1193
122
32
241
1146
8
2
44
118
137
156
1161
1171
1057
1269
1266
1055
248
1299
61
162
1192
1069
46
215
1199
90
1195
1096
131
1296
69
138
1190
93
1278
1176
210
16
1255
247
116
106
232
48
1103
1109
72
1239
1102
235
1122
252
1186
1188
1221
200
1301
4
1191
166
112
207
115
169
1233
158
1234
179
1248
199
117
1104
221
1273
1223
178
1264
1229
259
222
1314
1152
154
217
148
188
1204
1302
19
103
1261
113
244
54
81
1228
1201
98
1304
1149
211
1252
183
155
6
1165
1295
239
1084
84
224
27
1279
49
182
1270
1140
1235
1170
100
1184
253
65
175
1182
146
83
50
209
22
1227
1237
105
167
164
1213
74
1317
136
133
1079
1206
1163
1238
96
135
1185
1
1292
1175
1067
1123
11
245
5
110
1132
1240
249
1065
1066
168
1230
1216
152
1139
78
174
229
0
150
1172
1083
1208
52
187
23
1210
1529
1511
606
527
565
1512
1547
1372
509
490
1434
296
404
531
1539
361
275
1338
282
1452
297
1367
336
1491
620
484
1394
1445
1488
274
449
637
460
1339
1486
334
1469
535
1653
310
364
372
1395
1654
1479
347
1681
415
1588
1553
1503
413
581
1504
641
1557
321
1413
1587
1641
385
1698
1676
432
1577
1382
536
1442
1650
530
486
278
574
1466
1477
1459
1592
1548
300
1399
1421
441
284
485
482
492
1532
351
367
1431
266
1389
1549
1374
1668
1663
1595
1519
411
1337
507
520
356
307
1611
1642
1667
513
294
526
1620
360
1482
548
1679
1688
1499
1621
1615
1331
263
1347
327
322
561
539
1619
1460
627
1333
626
379
305
477
337
368
1447
1325
1376
1489
1545
319
459
408
472
644
1487
352
438
373
447
523
318
439
428
1672
1446
1437
1371
479
1554
412
1634
504
551
541
420
525
622
330
1624
450
1659
353
501
315
458
634
1593
405
631
584
1474
1495
1533
442
277
573
1684
343
283
1484
390
328
445
1463
1540
434
301
348
1509
1648
1600
1321
1364
1702
1571
1506
1363
1350
1324
435
1451
400
387
1419
1526
1626
454
1694
1341
383
378
1409
1433
471
1550
1373
285
1552
508
1396
590
1643
1523
440
592
506
1381
1356
1678
287
267
313
488
1546
1497
461
1656
549
1531
289
547
462
1436
599
598
545
583
424
399
1598
495
1335
502
1697
426
1686
522
1586
1379
475
380
1561
325
575
1585
1578
555
298
1464
1579
1478
1345
423
1405
571
1666
349
376
1699
1502
1645
1336
344
464
329
341
1671
332
1329
1565
544
566
478
409
1665
1326
498
493
374
557
1501
1631
1612
279
1580
1428
306
1369
455
1582
1628
1522
375
582
638
280
1563
370
264
593
532
1358
1368
1575
303
1360
355
1564
1569
342
456
407
1420
1568
419
1334
350
579
494
554
643
517
406
452
1470
1513
1674
1581
1570
1516
589
1354
1591
1584
511
1370
395
453
552
1322
491
550
317
1658
324
1441
338
1613
1696
365
569
1398
2090
799
2109
1917
858
1902
1919
835
1008
1982
1766
1924
682
749
869
704
2056
883
1881
1829
929
1730
694
1021
864
1934
2038
737
711
1728
659
2048
677
813
971
2083
1004
1036
1045
761
882
1802
2077
1034
1957
809
910
1895
735
1777
2057
1958
943
1956
2059
1955
1853
712
695
1972
1900
1967
788
2089
1816
2024
750
1897
1850
1048
1938
1839
678
2040
1918
918
1789
912
1993
1783
867
1744
891
1869
1943
991
2069
1828
848
1741
698
753
1003
1736
714
854
1896
812
1781
2013
2063
2007
1890
951
800
1912
652
681
2051
1988
1952
919
1821
2094
2026
673
2020
798
972
655
1790
1030
2001
770
983
953
827
1866
888
970
941
1763
1857
1745
746
877
1870
816
1864
738
1040
856
1811
782
1765
2085
2091
671
1987
1805
1776
1920
1054
1951
751
2103
981
860
803
836
1848
892
913
1782
1928
727
707
1787
1756
1888
1846
2106
651
2046
940
1830
760
721
884
1950
1953
954
2028
2076
1880
1798
1735
1838
1907
806
959
675
897
944
2075
656
1904
1849
1903
2054
741
1043
814
774
1927
817
2000
985
881
2019
1933
1709
688
1743
1764
669
960
982
2027
1876
997
907
1806
1052
1761
2036
2021
1707
2037
1854
1794
759
734
2005
886
1962
830
2047
1037
1715
834
1877
687
1746
1986
731
1899
1892
923
1813
2011
1926
853
975
1932
1795
1922
1959
1710
1796
1015
702
2078
2108
1772
1975
1026
2060
1006
783
1947
828
2064
1985
837
1893
987
1939
1906
893
937
1038
838
1013
729
842
2074
2107
928
786
740
1042
2068
966
2099
1998
683
962
699
2093
1814
703
852
2050
1867
1925
2006
709
994
1944
861
2101
1800
795
905
955
2104
1994
787
697
1739
1740
1915
1968
722
1862
2098
1949
665
1964
772
1720
926
1941
1759
2016
1831
815
1025
1778
1868
2095
1717
2102
1910
946
851
1836
2004
870
1028
1041
2073
1797
839
1738
935
765
811
2049
930
1804
779
2018
804
663
743
674
1914
1012
889
868
726
1005
767
2072
1050
1775
1758
1031
789
1873
996
914
1770
984
2086
947
2088
668
961
916
866
2058
2008
1882
850
648
660
1905
807
980
1779
1053
801
1815
1731
825
