1158
1270
133
220
124
1121
1095
154
1078
1219
1255
251
1217
8
229
261
214
1092
1209
1164
195
1300
1058
65
1132
1239
99
1279
11
212
211
1194
1067
25
139
103
1176
169
134
1160
70
123
1170
1251
1178
1111
89
206
1227
1066
1197
1241
175
1131
1201
1192
1166
66
18
1288
72
1146
1124
138
142
47
1249
1102
55
159
238
62
1159
108
1154
68
1285
1129
1222
1142
1151
1128
1134
1125
6
63
1318
1140
64
1182
1138
1297
1282
45
221
80
14
117
188
241
1155
106
247
157
248
1206
100
1116
1250
102
1230
1130
120
1119
1256
1287
209
1311
200
1302
163
1059
244
180
1161
46
253
225
160
129
13
1064
92
256
1290
1210
1087
1156
216
61
76
113
1061
1118
232
205
1244
33
1068
104
144
24
203
1304
189
1104
192
1103
152
82
1090
87
164
1196
1063
1195
202
1072
219
1271
1280
1096
153
39
1057
84
210
257
34
1247
166
1312
1254
162
1149
1098
1216
1260
239
184
1240
1126
1207
43
42
172
1263
197
1191
83
1237
226
170
105
1286
1187
140
1188
1253
146
1094
254
1203
1081
1200
96
1
228
1106
1117
262
191
1189
1284
1190
60
193
12
1291
1225
1169
1157
1091
147
1303
1143
1062
128
1220
173
38
1136
213
1060
1215
1277
93
1283
1212
1074
1177
245
88
1202
112
1266
94
1229
1070
1289
130
71
186
1356
598
1415
585
350
1562
1593
365
1544
1509
1551
454
577
1514
345
597
1612
1379
1434
489
441
276
1487
355
1605
494
366
533
396
1668
1447
1421
1443
1461
426
370
470
310
1374
1576
566
1632
1538
354
1617
1569
392
1625
1464
399
435
522
300
500
278
579
330
1553
1479
1686
1366
560
1394
546
467
292
1520
1467
634
1411
383
421
460
1573
373
403
1639
408
1345
418
407
376
1352
382
593
419
615
1486
338
1377
491
1432
549
1332
1689
1676
635
1685
1543
1360
1342
1654
321
401
1510
1657
617
502
372
1534
523
339
1641
524
294
1355
638
496
625
328
468
543
1477
519
411
272
1495
1424
425
1498
1397
464
1533
596
1635
1519
1570
552
503
607
1449
1348
485
1515
459
488
490
572
1511
1446
1583
1638
329
413
1600
451
563
1399
1599
555
1483
1403
298
1390
348
274
1354
582
535
601
1436
1334
1697
301
1554
449
1595
1580
1437
616
427
605
1493
517
493
1371
480
390
504
472
1402
1431
1603
553
1671
1463
604
1609
574
268
402
326
1597
424
275
576
1469
1448
273
571
536
1340
1341
580
286
1610
1370
1338
1565
1368
1339
1400
1587
1414
556
1540
599
1420
429
351
518
628
551
361
1499
1456
1598
1585
612
1347
1636
1440
282
608
1661
1666
1433
1577
335
1688
1557
307
362
410
501
378
595
1547
297
542
415
514
423
1611
1545
1427
521
1321
620
631
629
581
1365
417
1669
1651
1468
589
1677
591
379
1512
1376
509
636
1364
1694
1667
1362
1450
1331
1418
1324
1392
1336
1460
1396
1602
1568
1508
375
1382
632
1373
1626
578
1525
296
265
1616
1624
1444
322
406
1655
395
1645
1581
511
1451
484
381
609
387
619
1454
267
1408
391
1506
306
1674
1633
1607
1372
397
515
271
481
1343
469
1531
1501
1474
507
416
1383
1380
1359
264
564
1604
438
562
1350
409
289
398
568
367
1528
495
1470
450
575
313
303
548
639
1395
1555
1628
1466
637
1620
1589
559
1320
1375
442
528
1619
1462
1442
2096
1796
1865
650
920
1808
856
1835
1025
1773
1864
2088
843
720
972
1018
2059
809
1984
844
2097
2110
2011
1786
743
1930
1895
1719
976
1959
1740
1780
989
682
1813
2085
1726
886
775
789
1804
1945
2106
987
1922
2012
2086
1897
1736
671
748
871
822
2040
1859
2020
717
708
1824
675
693
882
765
1829
656
954
1819
677
1033
1727
816
997
776
990
1863
1017
829
2041
647
1968
1812
2008
1849
654
2032
667
1801
834
907
1761
946
2083
792
961
949
783
1969
1004
1963
1051
1811
1860
1838
876
1821
1834
1785
836
2073
894
2069
804
2109
725
899
1982
1783
922
1769
1943
952
1978
696
819
734
928
655
1827
1881
2058
905
1934
1810
1008
788
1825
689
2065
1032
723
1005
1850
1763
1053
1985
745
1842
2017
1906
918
1980
678
2015
820
724
1782
1879
942
772
658
1966
2053
651
1046
1932
927
2014
735
866
1777
981
1743
1885
2074
1971
794
849
910
1815
1883
1772
778
831
863
855
845
1748
2028
704
944
1722
663
1911
1949
801
935
2062
883
977
2002
978
1979
958
1957
1718
948
1920
1826
1875
2090
674
1035
1902
1019
787
900
1837
1904
1845
683
2006
1762
664
1983
919
679
867
923
1937
784
854
2102
2024
2098
1964
2052
1928
1846
1960
924
1049
892
2081
1009
996
1820
791
1896
2077
1914
1935
1862
2043
773
847
965
1841
812
1790
1999
904
805
1744
862
1967
706
760
1741
1774
755
1754
1001
764
672
705
1950
1712
861
860
1731
751
875
673
810
1995
2056
694
703
1884
879
676
1711
1962
909
885
1857
2009
2094
1853
813
1871
824
1768
800
890
2039
795
738
752
2079
872
2003
1953
991
2030
1764
1738
1010
955
731
1925
911
994
806
727
2005
1892
962
1998
715
1803
1728
2000
1840
1869
859
1023
722
880
1894
1992
1715
985
933
2013
930
669
779
1891
1781
785
1789
670
1771
1944
1830
1040
868
732
832
878
1843
1868
1987
969
874
690
714
2022
1795
2107
2047
1707
756
941
998
1002
793
817
2076
1052
1716
1877
959
835
1926
921
733
837
1805
858
1756
807
1981
975
2038
1034
980
825
953
665
1970
2095
1016
698
830
2060
840
