78
169
1261
71
1126
1071
6
1181
42
1152
1306
14
1184
0
1085
61
1259
87
85
1067
1315
1057
44
135
1201
56
1217
1203
207
1158
1241
67
1219
262
236
150
86
1097
1225
1174
1292
1280
1079
1253
1096
244
1303
1142
101
161
81
1082
159
152
69
1102
1131
149
1106
1197
1272
199
1125
1316
1090
257
1304
11
1
249
234
1059
40
1111
1190
180
1196
1139
1228
1318
1073
1155
52
12
1233
190
1236
1141
1305
1108
1277
35
80
1170
168
220
1291
1278
48
21
1160
1130
1250
1093
1294
37
210
201
1159
1249
167
1271
251
1058
151
94
226
16
230
1286
1240
1180
1296
1216
205
1257
29
1123
1281
1263
1179
1189
1168
186
1075
1149
227
214
1100
1202
1136
124
118
1099
128
1095
39
206
1234
1060
1113
62
1227
64
258
140
92
1055
1255
122
24
1112
1299
229
1283
1309
1150
1132
1109
166
193
50
1308
1247
66
1062
143
1252
1167
1178
188
1154
228
1266
200
1089
1285
137
1124
1222
43
1220
1129
90
1069
250
1086
255
127
1300
1232
1301
1204
177
1094
1080
1064
1218
1193
1164
1221
1077
41
1105
144
111
1103
195
1282
1248
1297
120
63
1199
1246
202
157
231
176
131
1156
34
103
75
7
106
26
1143
125
1317
247
5
1237
139
23
1194
83
126
1134
1140
1166
3
252
1312
222
1191
142
1146
8
1098
51
99
1185
574
1468
1582
573
1425
494
1682
1465
381
302
510
457
1562
623
1455
1570
1441
364
1384
1340
1491
433
1674
580
509
478
1688
596
1575
1634
520
1556
1649
313
1671
537
1696
1361
1469
1387
281
1390
1454
598
308
277
1375
400
1539
1641
437
1648
1601
1508
564
395
1407
276
588
1600
1638
1476
1457
1450
1349
411
1518
1480
1336
484
511
566
1566
628
293
576
562
464
615
322
1419
1529
1404
1675
1471
306
1565
556
290
1643
1532
1559
1588
1445
275
1620
1664
1343
618
427
1670
1626
633
1560
439
1481
1380
1428
481
311
369
406
1667
273
374
1458
554
340
420
610
625
1512
1371
552
539
1451
438
1388
1443
1416
434
467
385
265
387
512
1386
1449
1503
543
1495
1525
637
334
1653
1683
1397
1470
1377
299
1484
1564
1630
1382
339
1599
1392
451
1368
1324
431
619
292
498
430
1399
1327
1612
530
1381
287
310
1583
422
353
405
1622
435
458
1446
517
1447
487
1637
563
1544
1568
1597
1434
1492
330
266
1353
1685
592
1363
312
1514
1680
1571
1534
1608
1356
336
589
1326
476
1701
366
586
414
1625
461
424
1485
1394
401
1379
404
1461
613
1423
1551
1548
1563
1467
532
475
453
1527
1477
614
500
1553
594
329
1549
1524
1410
286
465
616
499
354
1538
521
1478
352
1581
1633
410
646
348
361
1385
394
1342
1319
368
1420
472
538
560
1498
632
1435
388
1396
1542
382
371
272
397
1444
1347
1589
1624
591
1673
1486
1430
635
584
328
346
320
1332
399
1691
359
491
1579
1323
1331
479
1339
319
1475
486
541
1555
1533
474
1687
362
363
345
284
443
403
1574
1615
1656
1645
568
480
1322
606
338
326
1609
505
513
1520
609
1482
629
497
342
1547
1346
1479
1572
341
1606
565
1569
1607
1505
1516
347
585
321
1510
1413
607
1535
1509
1651
1376
489
1660
1677
1335
492
1541
1623
1504
1578
355
545
1344
1357
519
1640
327
1698
280
597
506
1679
1666
445
402
372
393
421
1661
468
1639
1621
1629
1554
595
1796
1733
1791
2093
1922
897
663
997
1732
770
1969
1930
1896
909
1912
1742
2072
956
1874
1705
1004
1728
1848
1737
658
748
1000
777
778
1878
1977
1828
1713
1854
1983
1760
1875
1842
2012
1768
1879
1858
731
948
814
781
837
853
1984
996
2098
934
2074
699
722
744
805
1830
2043
738
2083
1715
1953
1859
1727
2032
878
735
736
964
789
2047
1803
932
1025
1013
1032
2085
895
1753
1917
2045
2039
942
1824
952
685
865
822
879
2026
1872
728
857
1714
847
944
2104
2005
713
2061
1748
965
1918
2015
1017
2038
896
747
860
1712
1868
1805
1938
1809
1723
912
873
1931
2110
854
839
908
874
973
1968
943
936
935
675
1051
794
818
788
1765
1920
1864
911
680
1980
661
1863
1897
2105
1855
1865
2034
1845
1734
1820
1967
690
1927
1777
838
926
851
2022
819
1943
831
905
724
971
1052
1731
929
1932
1802
899
1709
741
2075
1761
1772
963
1743
758
1718
1923
1035
1729
811
1856
1948
982
930
923
2089
1964
670
754
867
798
902
835
875
810
953
2068
2062
950
868
808
1783
1972
1012
1881
917
2100
2053
1954
1041
1037
967
800
765
708
745
672
2021
1762
915
882
2056
1758
1703
925
863
753
1963
988
1766
763
1852
924
968
985
1966
739
2002
1807
1831
1905
990
1891
1935
1834
977
1941
1775
870
2094
651
1837
1882
1794
919
1711
2040
1942
1725
1040
757
1906
2103
993
1029
696
1999
894
841
1929
1812
1011
1921
1019
846
949
2004
1817
834
2016
2107
1894
662
955
654
2097
958
1780
1902
664
767
1717
1903
991
2011
1909
1913
694
725
1001
1998
1814
743
2058
927
785
1716
1033
1710
1960
1016
1811
2086
2067
701
681
705
1778
1871
1937
730
1747
2073
780
1769
2064
989
1810
718
667
653
1986
898
2027
683
2037
806
1054
1841
843
1028
824
1890
1007
714
2082
998
2092
2096
657
830
2025
737
1806
2071
1757
1952
679
1908
2029
1800
939
762
1018
1746
1009
876
901
660
2028
684
764
825
1785
889
1988
2036
832
769
1782
1756
966
891
803
890
1893
2014
938
877
1962
1991
1749
1726
1876
700
2079
702
2055
1915
1819
1924
1853
1045
723
1049
