1299
77
1177
1077
1304
1278
25
1178
90
239
1090
70
200
1217
3
0
105
1292
218
6
1214
1061
1108
197
130
1179
5
1188
31
1160
202
1225
203
1185
32
1169
256
210
81
147
1190
88
128
1277
1199
248
1165
1257
157
152
1280
17
189
1063
19
1159
37
29
222
213
1256
22
206
1240
1091
1127
1100
1117
1268
1218
103
1198
1260
116
1114
1276
1241
1195
244
61
1124
1073
236
1254
68
1242
1255
153
1297
1263
1062
188
118
1289
196
1096
1206
1288
1087
142
135
100
44
179
215
1231
1158
111
82
1058
126
219
84
1191
177
136
1072
76
104
1247
59
119
57
1212
184
232
1116
251
1102
1234
237
172
1144
1181
1162
48
79
1126
260
1226
1136
1224
72
1101
238
40
211
46
1205
1222
165
1132
16
15
1265
1171
1219
51
1111
1131
1314
64
1059
94
132
1233
1152
97
1232
1173
226
1262
154
1130
115
14
201
71
161
23
127
1070
131
155
162
1175
65
1203
114
1137
1303
187
47
125
1279
1208
1270
158
148
108
124
1095
54
220
205
183
1251
1294
1147
1202
1143
216
169
1309
1318
1301
26
185
146
1287
1284
1186
78
186
121
1229
1316
241
1269
13
80
1272
150
139
1103
1207
252
1151
1067
1174
1172
1196
91
1243
1079
30
1161
1149
1084
1252
249
1264
1112
1120
109
1307
1209
138
141
113
1099
1293
63
324
494
1325
1618
548
460
317
403
1607
1681
586
357
507
1606
280
1335
518
505
275
626
521
503
572
1577
1588
1479
422
577
1455
1643
288
1630
1416
1425
1386
533
278
1615
569
1552
1692
1673
380
327
266
1504
1466
336
397
457
300
352
432
640
276
480
1366
1598
646
517
1378
1431
438
1688
579
1679
1602
282
329
466
1596
576
1644
361
1560
372
1414
557
499
630
1354
1389
509
1346
1373
1541
1412
1375
1481
1497
1501
1382
465
1341
368
515
592
1535
636
313
595
1530
1601
1543
1590
1411
279
467
1379
331
445
1653
1538
304
1687
1413
1448
418
378
591
605
484
1561
1682
353
637
585
389
1509
427
1328
1450
559
1636
1484
1491
350
1592
1410
1436
294
303
337
1525
310
629
412
340
1580
1584
612
1473
440
1516
268
386
1587
433
462
425
409
343
299
613
549
1635
1633
1336
563
516
1517
625
1454
346
1365
1439
318
1442
522
1677
542
355
360
500
546
1662
354
1646
1651
1351
452
431
371
1571
1700
644
1441
1566
1357
406
561
395
574
487
1480
1638
603
277
547
1663
1347
610
478
373
434
486
319
464
1423
1452
1612
1655
281
1550
601
1364
471
306
567
1701
335
1625
1367
383
1557
1533
472
619
1380
1445
1534
1697
1444
1683
1539
1614
1680
593
1556
1527
1358
384
555
316
1383
479
642
623
1492
645
309
415
1632
1476
1487
1322
297
531
1324
269
1486
1333
1656
580
571
286
1359
1645
493
430
1593
602
1634
1349
540
344
477
1397
620
1496
607
1420
1624
1374
429
366
596
1540
1583
1617
1457
1344
374
1453
1554
1611
420
1477
301
1609
1528
1446
398
1483
590
489
1464
1472
535
1671
1513
1392
1549
473
394
1377
283
330
1400
564
578
631
338
497
1417
367
1433
1421
1542
322
1396
1565
1495
382
1514
1600
356
1404
1621
1356
1331
1460
295
552
376
1647
1387
583
554
1529
520
1650
1675
1408
608
441
435
1613
1670
1372
1545
582
1524
1664
483
1427
502
345
399
1579
1334
408
410
1637
651
2107
788
746
942
1941
710
2046
666
919
1777
1704
1853
773
830
1929
1955
1953
1024
1938
1013
922
2110
760
1717
937
963
2097
838
1932
1729
1844
800
2084
2103
1980
1925
1723
803
1815
2063
716
888
1837
769
1944
1881
980
1951
1002
1918
834
1990
836
817
745
1956
780
672
781
2095
981
932
796
2105
2061
1892
2088
761
1770
1016
1968
699
993
1967
758
1996
656
1711
738
1858
852
1905
1014
677
763
2070
864
1715
2018
2014
913
1849
686
896
1861
756
1807
1914
933
967
765
674
2015
871
1048
2031
1042
886
1018
961
747
1913
943
1919
1847
814
1786
1876
1950
736
965
1780
1906
1782
1015
1893
960
1792
2049
670
927
1749
725
723
893
955
935
2109
1963
715
856
1788
1709
869
953
1781
1840
2050
1940
1003
740
703
914
1971
930
663
1848
887
1050
1020
1751
966
2021
889
1934
1784
724
2058
2066
1864
1793
992
835
768
1992
863
926
883
804
979
940
1859
1899
689
1053
1874
743
1880
659
2020
1891
1977
717
748
948
2043
1030
2026
972
832
2089
1970
850
823
2075
1886
2017
822
801
811
1949
1973
1983
2011
2104
1954
1961
854
983
957
878
700
1832
1028
884
1826
1805
970
2057
680
2028
956
1865
1716
1903
1766
907
2096
925
2059
865
1829
964
846
1871
1713
839
849
1960
1924
2044
807
1033
2090
695
1894
708
1995
714
2041
1843
1946
908
698
770
648
1872
665
808
1722
1846
989
1901
701
1764
903
988
721
867
995
2045
918
2083
1959
959
882
1931
1767
1822
1763
1987
1785
1031
1879
692
1054
969
1741
947
1816
2004
2034
1728
1004
772
650
2029
2080
1884
866
809
671
827
859
1889
1023
1998
833
1769
1708
1827
1833
875
1757
2108
910
1854
1986
751
968
718
2053
945
1736
929
776
911
976
767
687
879
906
894
713
1719
904
1032
843
924
705
752
735
862
2048
728
1761
1841
1842
1012
1043
2073
1916
1831
1910
1734
1958
2092
1972
1852
2098
845
1821
678
2071
877
812
733
881
1735
794
668
952
1855
1799
1748
688
987
892
950
1915
974
1888
1737
824
1885
806
1783
683
1044
797
941
857
1985
790
912
1714
1867
