1118
247
68
54
180
1122
173
122
1246
250
1214
153
134
223
1123
255
1119
1288
1130
1292
1204
99
151
167
1208
1268
1156
1157
1090
213
81
201
130
1089
1078
58
1066
211
1250
53
1303
1139
225
1154
187
1212
35
78
1096
214
1195
14
71
209
188
136
97
1310
1055
1178
1150
242
226
190
1299
1168
154
251
29
1072
1205
94
165
191
222
1085
48
207
203
1228
1270
1086
1314
1304
70
199
109
102
33
216
1061
1262
235
221
1266
1137
20
1281
1259
1200
105
1215
42
1300
1209
107
1138
1129
238
215
1088
50
121
52
95
1187
13
1273
1170
197
1317
1093
1207
1275
38
132
1106
1256
1313
9
51
1077
1241
80
1210
1115
169
1213
1196
82
1133
25
113
16
256
1087
144
73
240
254
232
1082
1276
1172
1308
1284
124
1128
1301
28
189
1283
159
142
79
261
64
1142
1296
133
1120
1265
1311
112
111
1173
183
3
1079
86
1271
76
150
4
1282
1060
1235
62
1111
156
1231
108
176
1189
181
243
258
1144
259
204
11
1309
101
1192
1160
1059
1229
1152
182
1272
161
1193
19
1126
139
1134
1164
1143
185
1132
7
1112
1201
1177
1236
1216
1191
1084
1149
1202
118
1247
61
135
1302
1145
125
1199
92
1315
138
1146
1102
1124
1243
227
1092
1141
114
171
236
210
6
1185
1151
137
1076
172
1117
65
1135
200
37
447
354
1532
1467
315
492
294
590
1573
1538
1524
311
1359
452
1491
497
1444
1361
1669
341
1505
1439
1485
303
1372
348
1612
586
1376
1692
1470
411
400
1360
346
1399
285
581
1343
1469
1351
1535
327
1422
377
522
1458
1594
573
436
1384
367
564
1487
1503
537
263
1428
1427
301
562
1552
1586
454
1618
380
1564
349
1472
1380
1660
1433
1675
541
627
391
1405
614
1321
402
412
1633
602
308
528
430
500
307
438
1386
568
1680
1364
280
357
296
1570
1410
612
620
1446
292
571
1567
288
449
455
1511
477
1388
1340
1367
1584
376
1663
1475
1533
1690
358
483
335
1426
1641
554
1671
1404
313
633
1339
432
1699
536
323
489
304
1341
604
435
1473
503
312
516
579
644
506
1617
1658
1574
1414
606
559
1408
370
1353
332
1548
1329
1517
1523
594
1319
1434
1335
1534
295
434
331
1668
551
342
1597
1498
1397
1499
1683
378
1619
359
487
388
578
1445
281
1614
310
1579
1693
511
1344
592
330
507
1392
1350
429
283
467
547
389
1328
362
470
639
1593
1514
371
1393
1558
1465
1457
289
414
481
392
1695
1701
278
490
1576
1373
1519
339
1536
291
326
1666
615
373
1506
1677
405
1588
1462
504
1401
1381
395
1521
589
530
508
1562
524
1515
416
406
1387
369
1689
1650
1324
1543
1557
603
496
463
1600
1691
1656
300
460
1378
1463
374
1423
556
277
1500
466
453
1440
1688
641
600
1429
437
340
381
273
1447
1545
1672
617
1684
593
1518
1461
1595
361
520
1349
1571
1681
1377
1653
1608
566
525
1504
1627
1547
320
529
1632
442
485
1449
499
439
635
424
1509
1333
1379
588
1664
484
616
1685
575
1589
561
625
382
545
1330
1365
1601
1626
1441
368
1551
479
634
386
526
1459
1451
469
287
1662
569
1476
286
473
1448
1419
1582
1526
271
622
276
366
1622
1654
482
364
461
1366
560
631
598
543
317
1477
1513
1687
1516
334
540
441
1400
450
1363
1679
1585
1362
431
613
498
585
1583
1431
1348
778
2028
658
1874
1036
1795
868
985
2037
840
1040
852
1947
1955
731
1879
785
2099
1934
2091
754
2054
1011
1899
802
1013
2024
669
1755
1721
1706
961
982
1745
1871
2039
777
2093
1962
942
2052
889
1714
1770
1865
1927
1833
2062
1937
1851
1860
843
811
1915
1742
997
1746
709
1754
1944
1893
1042
745
991
1047
953
2085
2053
659
688
804
2021
1804
787
892
748
798
888
800
1835
1968
1839
1054
879
839
1046
823
856
1003
1858
1759
1733
2087
950
928
1750
973
1977
1792
1878
694
2017
1974
1019
2007
1829
674
1783
698
680
708
738
893
1774
980
726
842
1921
1849
962
1950
930
1919
2072
960
1942
737
1825
1836
2092
1035
1808
933
779
1909
690
935
954
1778
1034
2070
1925
835
1720
1735
903
760
2069
809
2023
862
1826
1971
965
1710
927
989
657
1992
1886
2081
1704
818
1828
937
1749
2089
1926
1961
1844
1898
970
1753
2013
653
1711
1017
1869
1889
667
816
947
1831
976
1002
1736
1946
1703
807
1924
1782
902
2064
815
881
2058
857
1900
1928
1039
926
744
952
670
1894
703
853
2010
1008
1717
758
2041
2016
946
974
1952
2086
828
729
939
817
2080
882
925
1767
1007
1997
1873
929
1840
722
2040
1799
1015
912
2022
1053
2008
1768
2071
1707
909
918
1045
864
1991
867
956
841
2102
1888
753
1986
838
812
808
1953
685
747
1843
873
1892
866
1727
984
1765
1737
1996
1785
764
2002
1766
1956
662
913
1932
1786
1788
689
1037
824
831
1760
2025
750
906
719
649
1883
713
1025
2038
739
1708
665
1990
833
755
1861
768
795
1832
1999
1016
921
774
742
1872
1777
1981
826
1943
1838
907
2106
733
1789
1031
1718
1713
705
732
969
848
1033
790
668
2029
691
1802
986
1852
2078
951
865
1732
757
1827
654
1841
2109
683
648
1752
1830
972
1853
2048
988
1023
916
1963
723
948
2075
1743
1787
1719
2061
1855
1796
1983
1931
2000
1998
1862
664
1911
725
971
1848
791
941
1791
1929
2050
832
1756
846
819
850
1958
734
899
998
2095
797
686
1994
1726
1052
922
1995
692
784
1905
762
1837
796
959
775
1975
1781
977
684
1959
2088
776
