1202
1150
1191
24
1094
173
78
47
184
151
1167
1293
1265
1170
1301
1067
262
65
1173
1142
1153
261
1317
1189
249
1264
68
43
1127
1125
1188
175
1210
252
7
1309
257
230
211
1109
1259
260
1304
1068
240
193
1069
163
1286
1271
1234
1231
1316
222
1235
218
1308
238
181
1128
98
91
1119
116
131
1056
88
167
107
1087
161
1289
1151
1270
1157
225
114
1221
1255
1100
72
226
142
1244
1252
192
217
197
157
1229
188
1117
1139
1275
100
1246
1312
210
1104
1303
1080
1232
241
129
1079
60
214
6
1058
219
1111
1118
154
146
119
1224
1296
223
1279
1
190
61
10
102
81
183
1124
1283
152
50
34
108
194
139
1169
1165
1211
111
35
1197
164
1292
1311
26
195
1061
1137
99
1085
1263
1186
1160
1116
70
172
1083
1108
1213
80
1257
1260
1217
1099
126
228
56
253
37
66
1166
12
97
130
1306
1074
84
1209
1247
174
149
101
1261
1273
1205
1268
212
76
1248
147
1141
1204
236
113
176
227
1184
52
27
1097
1290
64
109
155
1315
110
38
105
231
1219
166
1135
1154
75
1103
1072
121
1073
1088
69
160
1195
138
1121
58
1274
1175
208
57
87
170
1115
1249
1179
1183
92
199
106
29
1110
191
1071
245
17
1143
2
59
242
63
25
1171
1131
124
1276
1178
20
1101
187
207
1102
1162
1164
104
1066
352
1533
1695
1537
464
1360
1323
1681
270
488
1665
1345
542
606
1329
562
280
1600
1410
1388
601
639
580
641
592
1692
383
595
1332
1622
638
330
306
1319
1381
637
613
417
1531
442
627
411
405
1633
1635
1583
497
1335
1535
349
452
1522
350
485
1461
428
1556
1338
1691
636
1634
274
1374
1476
387
1405
491
425
472
1347
344
451
386
1628
1496
1354
1346
1464
294
295
603
1686
390
334
546
602
589
608
1651
1396
1592
356
1689
1442
324
298
481
1674
541
431
365
1334
1597
1536
596
621
1614
1494
646
1448
581
1375
480
570
1561
1563
1384
1377
406
366
307
1490
337
634
1413
536
466
617
408
335
1399
1638
1601
1699
1436
610
628
625
504
1406
564
327
1568
1552
1540
524
454
1372
332
1427
292
402
626
1673
1678
1451
1463
309
507
588
1570
1449
1591
1530
290
389
288
394
437
568
465
583
1641
1453
1432
1542
1352
554
1478
599
323
1468
1389
530
375
1485
279
367
1648
632
1521
1402
1639
493
482
1623
508
267
1371
311
604
611
471
1330
1473
285
529
384
1469
281
1685
1497
388
1510
1479
319
414
265
1505
1351
475
302
372
1418
453
435
1355
582
1362
1426
534
492
348
1499
586
633
263
1348
1557
343
1501
1604
1567
537
420
1644
1421
1515
1580
1658
593
1508
569
1414
1636
495
473
440
1380
299
1445
470
287
1341
644
392
1327
1385
1466
1446
474
1609
1500
1441
445
629
1502
631
313
457
315
545
622
1617
1585
303
1606
1602
1429
283
415
1576
527
1560
304
1553
318
1596
370
1456
1687
436
1624
1571
1489
1398
519
1680
1564
1682
1433
1509
376
289
1492
1363
293
467
443
1428
1620
577
1387
1336
1342
276
399
476
1532
518
297
369
1416
597
1322
1538
1460
1619
1425
368
269
1539
489
1439
1595
459
594
1357
552
607
353
354
543
345
1481
1613
1430
1621
550
598
1353
1670
1517
1697
502
421
1412
553
1376
1661
1361
544
300
1493
409
1666
1646
609
1575
378
1679
396
341
1640
1797
1804
1723
967
1805
2048
892
841
743
2025
1732
1008
810
830
1772
1999
2099
940
822
1854
1964
2058
766
1817
829
2024
744
680
869
1049
1855
689
899
1867
2012
1848
1777
952
715
1787
737
1844
805
929
820
1762
850
906
855
1879
916
777
1851
870
1979
2016
815
877
938
2005
912
917
1738
2095
2050
857
2055
1026
752
969
2018
919
1748
1987
2072
1048
2010
723
1877
895
1895
965
799
1027
942
1829
1791
1704
1794
2037
664
655
1849
987
1046
781
1800
2029
911
976
828
963
741
751
1981
2001
1041
1946
1891
783
1948
836
757
665
1044
1729
1031
894
725
813
859
690
705
688
944
1950
792
835
760
1015
871
1028
1907
904
1819
1737
1038
768
2054
1006
740
893
762
1997
990
910
716
1973
2022
1747
667
905
821
2089
1845
934
1927
824
838
998
724
1821
978
683
1846
1955
807
1969
1876
897
1974
1722
866
2028
666
2071
864
1898
1972
1021
856
823
674
977
682
675
2006
2070
1916
986
2108
710
849
684
687
854
732
863
1921
1915
2092
1940
691
1840
673
800
2083
1736
887
1904
719
1750
701
1712
844
2051
714
842
971
846
677
953
1911
862
802
659
789
1012
713
1902
1051
1883
717
1838
980
1017
1792
1982
2068
819
2060
746
939
657
2061
2021
1820
1771
1029
1793
1765
1900
693
1802
650
1995
1868
1983
1007
2031
988
702
2047
1018
1764
1759
1962
1980
672
794
2053
1749
1841
1019
1967
979
2107
785
907
2046
661
747
2065
1770
1937
949
1022
945
764
885
1005
1885
1909
2033
767
1990
992
736
1822
926
1707
989
2036
1873
1857
801
2062
1993
994
2082
1000
1011
874
1033
848
1949
1863
1708
1942
658
2040
788
1035
831
1843
1984
974
1830
2073
880
2066
962
2023
1769
652
1744
999
2004
797
901
2087
754
2081
896
833
1715
729
2056
1718
648
902
755
951
886
796
1810
1756
964
1958
678
1905
763
812
697
2014
814
1731
1725
1746
1910
1790
1831
991
1871
2007
742
1933
928
2090
2057
1858
839
1944
908
769
858
1721
748
707
735
1016
909
1779
995
2079
1901
1727
2091
1754
1954
676
2076
790
954
1020
734
1740
750
