113
1285
59
1190
223
24
1300
69
174
1247
252
155
12
133
120
64
10
1143
1075
1266
199
186
1072
1136
40
1177
245
71
136
179
150
145
79
214
1211
1168
1178
1184
1154
1142
192
98
76
1214
261
75
1064
132
38
1235
37
96
171
103
1103
208
137
1118
117
1223
1088
256
210
1079
1087
1179
27
129
238
1062
26
200
250
61
1155
1220
1200
2
168
83
232
1169
1057
1139
1250
66
1226
138
1070
1172
1120
184
1240
65
1089
205
1135
134
144
108
1199
163
176
1114
1071
41
1309
1293
49
6
7
254
60
237
84
190
1186
142
1252
1241
1284
62
180
1263
17
161
1290
1237
234
216
1275
121
226
36
89
1271
181
187
1189
224
1109
1130
1094
1165
1289
185
1217
189
1304
1061
1215
157
1112
1317
1212
48
156
13
1276
8
204
30
111
258
91
130
1056
23
1297
1314
1
140
143
255
146
1140
1228
1295
1173
1316
1243
1258
1163
1111
1148
242
95
1160
197
160
1194
1239
1264
211
177
1305
86
193
54
1231
1244
1310
235
90
202
1063
222
1311
15
1068
97
43
1296
1099
206
1218
209
1209
1151
101
1207
1128
1192
1286
1153
165
1102
147
1224
1115
118
225
1110
1090
141
1170
92
119
262
16
257
1254
1255
148
1167
1093
25
1283
253
172
178
1066
207
33
1084
20
123
149
21
1281
47
135
1162
1400
1683
533
590
1440
370
515
473
1672
289
1461
1402
587
378
425
1492
315
1424
386
464
1481
1414
1325
1702
379
1510
340
511
1454
450
474
1667
646
1600
1395
534
1635
1547
1380
1529
1572
544
1493
607
635
1359
641
393
571
420
1681
266
384
1585
572
1562
1560
569
423
1346
1445
621
1661
1645
597
320
1691
374
1603
1579
1687
586
642
1595
438
1478
1401
1630
1596
1663
316
359
427
435
512
329
1538
1465
1602
1685
589
1407
1352
1522
496
1479
1344
1621
1427
293
509
353
302
479
1568
1598
263
1458
1392
282
1650
485
488
373
356
535
538
1605
1679
434
265
455
1641
1327
1508
272
1319
1384
390
600
1333
1334
416
451
518
1505
1337
428
1521
1353
1498
1533
441
452
1591
470
1518
552
1588
499
331
517
1676
637
1423
1698
1631
275
1637
1451
1593
628
478
1695
491
447
1582
622
395
1341
1340
437
309
1416
570
584
603
1488
383
1450
1580
549
1553
1613
553
1619
446
323
301
279
408
1587
1520
1476
567
1556
443
1370
1657
1636
1332
467
1561
1379
1649
1512
1634
596
412
406
1452
1390
1361
560
516
610
1473
268
579
1389
563
1357
1499
582
1515
1365
297
326
1601
296
1569
1573
274
1590
1328
1525
1408
1411
1426
1549
271
1330
526
1615
624
1610
1548
1397
1675
1614
459
556
1448
1513
578
568
1626
436
1323
399
1674
1321
440
305
1463
1393
336
573
1343
1653
1618
350
520
1425
286
1552
1483
1466
565
536
1664
307
377
540
1526
1537
1421
283
1347
1609
503
365
581
497
461
1640
1532
1669
537
1467
327
449
1652
1536
335
312
368
542
404
1399
346
381
477
411
1504
1642
500
541
1386
1509
1477
1701
1571
502
1480
1523
1462
471
1354
532
494
557
1607
1441
382
1564
333
1470
605
608
617
1647
539
524
555
321
1376
338
1559
1527
585
645
1417
1558
407
1419
363
592
1516
1684
402
1576
1484
620
1540
1456
453
1643
341
1460
430
1670
1535
1331
1449
394
431
510
643
1403
1371
1612
385
421
984
700
1992
1908
853
934
925
1851
1889
847
1944
2100
2019
1911
2001
1871
849
1830
1734
2047
1035
805
1847
2050
1967
1751
866
903
2005
2004
691
1736
1857
1861
793
1991
1874
983
2041
1783
737
1892
890
2108
827
993
2067
1855
834
710
921
1873
916
837
2009
1936
868
711
935
867
1025
687
1903
959
1007
879
772
882
991
1924
974
1978
1956
911
863
1868
1943
1859
1995
753
1739
720
1709
1910
1856
810
778
1986
1711
1767
2057
1770
2084
1932
846
1919
1933
2074
666
1002
689
1930
2002
2017
1779
1913
842
2027
807
978
897
888
1715
1749
1968
2037
2014
1923
1732
1713
1927
1811
1720
2072
678
945
960
986
1034
1724
826
741
831
773
2102
2006
1816
2033
854
648
734
1966
1754
1829
747
2092
770
728
845
1775
1033
1762
1745
1021
1010
690
1854
1777
2040
1028
1896
835
762
2069
943
684
714
2090
1922
864
808
2055
1037
861
2073
1997
859
685
1899
813
672
761
1898
858
1027
2065
898
680
1988
2082
757
1029
1853
924
895
1984
1793
2000
1787
660
748
2059
1756
1907
2013
1788
1953
2105
1983
829
876
1790
739
786
1772
1747
1928
1955
1990
1011
755
1759
791
1824
2106
932
899
1802
1836
909
819
729
896
1841
1045
1883
704
775
706
1844
1925
725
1819
649
696
942
1832
1761
701
2061
1921
1886
1785
1758
1926
1965
931
2049
768
1012
949
790
724
2079
664
848
1797
2035
928
988
2066
1009
1052
1746
919
843
1716
2070
712
653
1780
763
2063
1961
1850
1795
1000
661
1750
933
877
683
1801
874
1934
865
1014
2086
1929
1707
907
893
926
822
719
1839
717
795
1823
815
894
2091
906
1714
658
1039
679
891
1866
692
788
769
855
774
1891
1894
676
875
1882
752
730
1051
1996
1998
2034
818
905
1831
1050
961
749
765
1755
1748
1723
968
2025
738
1887
2044
1981
900
944
964
956
817
1959
657
1893
1764
1904
851
971
1939
1807
976
2026
857
2053
798
1776
889
871
759
927
825
1006
716
910
1938
946
771
1722
732
1935
1916
913
1880
915
1708
1703
990
1946
941
912
850
740
1849
746
973
2064
1881
777
2028
766
1920
1784
1906
