133
254
165
213
1220
1193
1184
1093
167
1299
45
1156
1102
218
46
1126
1168
1063
1134
1291
1244
168
143
195
1262
1090
115
1215
123
203
232
1170
1281
73
201
1229
112
1173
1233
197
1295
1065
1245
1141
66
1186
122
24
140
1178
148
127
1303
124
1072
1163
86
190
1158
172
217
1200
1239
1127
158
1212
1201
231
34
1073
1207
226
1135
14
179
1234
1308
1287
21
233
175
48
1232
222
251
207
196
52
1155
1249
1122
1314
145
117
88
61
1101
1153
108
1144
1160
1194
161
1112
1165
1268
1107
138
1115
1266
151
1171
176
257
63
94
155
146
1059
1283
1055
114
1176
1111
182
119
178
1277
18
91
1092
1084
1058
1169
1121
139
1214
13
38
135
1223
1060
1175
82
59
258
110
100
1056
156
1116
210
204
1159
69
1123
50
1125
1307
184
26
238
185
1198
1235
1274
1064
1222
1120
2
1085
1190
183
1189
1119
1306
97
51
1240
27
1286
1271
1304
1183
43
193
107
1216
177
33
1206
8
173
95
1227
74
1124
79
1290
243
1228
1300
1172
1151
1062
225
174
188
1298
209
77
30
58
29
1079
1179
101
1140
90
44
1157
1279
1066
189
1203
75
84
1230
5
221
1226
1318
1196
1138
236
1067
47
16
1297
1076
19
1094
64
1068
1100
1205
10
1213
1086
28
1117
83
1106
1103
1202
131
1137
1288
1188
1131
134
1292
1243
1584
1503
470
596
379
554
1390
1526
1321
609
471
1378
1647
295
1425
351
281
482
398
1616
348
1574
1643
1343
1618
1597
530
1502
1468
523
496
585
1603
306
326
614
386
532
478
1537
581
494
1555
297
435
1540
1523
1547
1465
272
469
1515
519
289
1491
1409
1520
1495
303
1536
400
561
1535
594
350
1457
1596
1325
1546
404
1476
402
1524
356
347
452
369
570
1324
527
1651
1355
628
1551
1625
589
639
1452
632
388
606
1326
578
1548
1693
457
1621
1397
1582
427
503
591
622
1419
463
636
283
309
603
545
290
1566
265
1522
433
481
475
1475
539
1652
500
1386
1658
1487
274
414
1634
1492
1320
373
1507
1552
1363
583
630
280
1341
442
376
301
1443
635
612
1340
1422
1670
1338
537
511
1395
371
1680
474
1593
526
544
534
375
1599
638
299
401
1624
538
1640
364
1685
1610
1455
319
409
1568
1438
1694
1700
518
1691
323
1669
1496
1601
1490
1533
459
1478
1345
586
394
1401
1569
1319
646
613
1628
416
550
271
1571
1389
1695
1332
1578
1506
489
308
370
617
1667
385
626
425
487
631
509
1649
1561
1400
1606
263
436
1357
558
366
1678
286
358
1505
1544
1543
1350
431
610
576
464
1358
403
1367
1408
516
1368
1501
1585
381
1689
1644
363
1349
429
383
1362
1437
524
374
1351
1513
1623
411
616
1590
1672
426
1567
1602
468
391
486
566
1521
365
1620
1581
339
1684
1587
266
1549
343
577
1394
1699
615
460
466
1671
1595
645
1473
415
1554
1692
458
1418
1626
1686
1682
599
1423
548
1369
1431
1664
1471
451
1413
437
1333
1589
1617
328
341
357
560
590
410
501
1392
1498
1613
419
1398
492
1382
278
393
291
296
304
1500
1681
330
1663
1485
540
608
1469
315
345
1598
1635
1448
1588
1645
1529
421
1641
1480
1534
405
1406
408
573
1539
1412
618
531
292
1605
377
1619
593
1609
1655
285
316
392
340
1427
1630
1607
298
483
1656
541
584
543
1376
642
1484
1657
1329
1449
361
1322
1366
1043
1026
1750
1873
998
1978
2074
2060
784
2058
1963
649
1908
1812
745
1041
685
2085
768
900
2110
693
930
1833
1009
1716
2088
1822
2000
1958
1951
1844
1948
1972
1891
1003
686
1793
2014
907
711
2064
696
757
898
805
2012
1892
828
1923
1712
940
664
782
723
1771
2007
981
1954
1846
2091
2017
1789
1863
749
1742
976
1984
1759
1760
1986
1780
747
918
690
1883
962
1787
656
2052
1723
785
753
1776
1766
1897
1905
908
961
2090
688
867
1754
1027
1021
1876
804
1807
1870
2004
791
1911
1934
1808
1796
997
924
2066
2042
706
810
719
1799
803
963
1826
682
2086
766
1032
1017
1835
2016
894
1977
2041
921
717
1831
1732
1028
946
809
1933
868
738
675
858
799
1936
857
1040
1985
1930
947
1809
2099
2027
980
1970
1926
889
758
671
1733
870
2002
687
1877
1966
1853
2055
2096
716
1981
1861
903
926
1735
1865
1929
793
811
934
1785
788
652
813
1924
979
1718
1707
1034
814
750
1721
1039
1904
798
999
880
848
1023
1819
2079
2029
1731
1711
1906
1956
823
984
713
1975
2018
821
860
780
915
844
709
650
678
1969
1995
949
1734
825
2045
691
2075
954
1045
2076
1932
1753
953
2035
1007
849
665
2022
829
668
1757
1036
933
754
1994
2050
1974
853
790
1811
699
1880
1875
734
883
891
2053
1725
919
2032
1038
725
1001
1997
1030
1761
920
800
1849
2028
1710
755
662
1012
895
2102
852
995
655
1851
1913
796
1817
912
2020
1047
670
1802
819
877
1983
1943
672
744
1025
724
722
1962
1751
1724
1937
957
2057
992
885
1730
906
874
1939
700
1745
938
913
742
2015
1779
1838
1797
1884
1816
928
705
840
1790
964
1882
797
1979
967
1765
882
925
681
833
901
2093
911
732
1946
1756
1912
989
838
842
1726
1858
1022
862
944
710
856
1781
2051
1728
929
807
1854
1708
1840
1864
1918
902
1815
2078
666
1998
1778
740
1033
663
661
779
1832
1018
789
1917
1010
776
2038
1736
673
1898
2036
1020
2013
2033
1953
1016
1772
1886
730
1770
1774
698
1768
854
1881
2084
783
1887
866
689
1989
972
1982
1784
660
1715
1890
1925
847
927
1743
839
