234
195
243
1251
147
1175
52
1287
55
66
1163
16
224
104
1210
1231
232
1196
1141
116
20
1164
222
12
127
1132
1186
1064
82
201
212
166
70
1242
1214
1244
262
213
216
187
156
1123
1065
61
1074
1110
1199
1297
23
249
1205
164
1304
37
1202
247
196
1109
35
39
57
228
1170
1112
25
4
1218
1266
1086
136
180
1116
1131
256
1299
200
134
109
188
40
1265
91
1120
1249
1301
45
1216
1058
43
141
1177
1103
142
1279
9
119
149
13
1147
113
1204
1185
1310
51
1236
252
1056
1171
242
172
223
96
1115
179
1191
22
1276
1197
1106
1071
1104
178
1075
1272
1193
1234
1238
1148
175
190
159
1203
1081
1128
1294
1098
1228
84
1156
1219
47
170
99
1088
59
69
123
110
11
1227
1277
1230
1084
1154
72
1067
89
128
177
1290
219
168
106
251
191
258
1270
1190
157
1289
1093
26
1275
140
146
1212
1187
186
1069
173
176
14
1082
1145
1092
42
135
255
1133
1165
239
92
1184
1262
88
1146
105
260
6
130
77
1288
1250
24
152
1094
1221
209
93
163
1253
115
155
108
182
98
1189
143
1068
1207
1195
1108
1118
87
1225
244
19
1162
1057
1143
1241
1085
1200
1308
95
29
185
60
1240
44
199
53
102
215
76
1111
1223
97
86
46
1100
1178
30
1309
1194
1188
231
198
145
1080
1245
1119
1149
1336
1596
1420
1402
594
642
400
606
316
1424
1395
1353
1377
1494
1537
286
1333
1341
1464
1360
362
412
514
1483
1319
563
1520
1517
1477
1692
1646
1351
399
1391
1443
529
494
605
358
472
451
1539
509
1491
1579
475
628
1567
1438
1444
393
1418
1667
1609
1364
538
307
1431
327
536
540
1536
639
301
284
607
292
432
1365
1600
1650
584
304
1397
271
1388
1442
588
1500
1446
299
614
1373
1541
1571
1664
1511
1479
1428
366
493
1665
309
1354
1401
297
1562
1689
630
1368
336
1547
641
437
281
1608
1566
444
344
1633
1497
515
564
1573
1551
1435
278
1450
445
576
1545
1679
1532
1611
617
1576
373
481
1390
1631
1621
305
1485
430
361
279
263
637
560
1471
319
1474
555
572
586
497
272
1410
465
1589
1673
590
1407
1413
553
1526
1462
1421
323
1512
1542
1625
501
492
296
328
1690
631
1466
1389
566
1601
507
1355
321
599
545
405
435
1628
519
355
347
645
374
266
1559
1469
288
1642
505
619
461
476
1387
1613
313
353
478
1699
1581
1564
1672
530
1423
1447
546
1522
462
535
1475
1604
1476
389
609
459
1463
1607
392
1618
554
600
334
372
440
409
1394
1412
1362
1572
1698
1338
264
308
487
1452
277
567
643
1439
348
513
1514
1342
1492
1675
1616
1363
490
1682
1550
443
595
1603
1451
338
557
1426
620
317
1481
394
1433
456
1663
460
1558
413
1654
1534
636
638
1473
1657
335
1324
1651
485
1593
276
318
1636
416
581
500
503
1496
547
1598
1623
1519
1330
1516
386
1637
302
565
1503
1652
556
1588
473
467
350
1554
439
1523
534
1458
410
1495
1521
484
388
1561
1415
421
1602
331
1404
625
1405
341
587
391
404
1595
333
408
613
1457
496
1347
293
632
382
596
407
1375
1584
446
1422
1676
1525
1361
424
1468
511
429
300
1453
306
385
1546
1643
285
1323
329
1372
1429
1570
1696
526
479
1398
612
280
403
270
1527
1378
583
1505
629
342
442
558
1357
312
623
1531
1560
621
287
1843
2090
759
968
864
757
1000
693
905
1999
1007
805
1835
978
1841
996
2086
1762
2109
1905
691
975
775
1017
1710
654
1034
2025
2031
1997
1851
1895
1751
715
1791
901
799
1995
1811
1865
858
885
909
713
744
1746
1036
2059
2077
937
666
1826
1859
1717
819
884
1027
1916
1725
688
793
961
785
1777
1733
2036
733
950
1815
731
823
2104
2088
1919
2087
2000
999
1768
1031
2056
934
1848
1020
958
917
803
754
1795
812
988
1925
2013
869
2010
1911
1792
836
1719
771
779
1802
1831
1019
1761
1938
1833
732
1989
2017
1867
1775
712
2014
1946
707
714
1743
1864
1959
2054
1837
2044
2108
1939
882
2030
1962
659
848
1930
769
1980
1914
1993
1965
772
2055
925
1872
1040
1904
1853
992
896
1985
735
1830
1052
1747
946
2072
1987
1994
1014
672
1928
1003
1901
1734
1973
794
838
716
891
1738
894
789
1716
1726
1936
763
1955
1940
697
1858
907
922
679
767
1840
816
683
736
2067
1988
952
1745
1877
1756
2040
684
1941
2094
2098
1810
871
749
658
2048
780
1949
1876
1772
1004
1782
1974
727
671
1956
755
750
756
1996
1752
1899
2063
940
747
985
1705
868
1883
954
1025
944
1749
682
2009
843
802
1942
1028
1718
701
1992
883
663
828
1868
876
1943
2015
762
661
931
689
933
741
913
1998
1861
1018
667
1720
2045
2039
724
920
825
699
2057
941
1016
1852
722
893
1001
835
2110
2081
1820
1918
804
995
758
1948
702
833
1758
861
1934
1971
774
899
783
1886
801
1803
1721
1847
800
821
2037
935
1812
1952
1774
1808
1781
2092
881
2068
1049
2005
1015
1760
1807
989
662
921
696
2084
982
1897
1816
2016
1913
1842
648
829
704
1024
892
1009
766
677
1021
1856
832
1022
651
1832
1964
2019
1860
2064
814
1054
938
939
2002
1708
761
728
860
700
1906
1970
929
1931
951
1884
1759
830
923
1035
1809
1845
875
694
2065
964
1794
2043
1920
880
1870
2074
974
787
1800
1950
1846
1798
1878
2047
1898
984
1805
2020
1917
1903
822
904
670
1032
2042
1849
729
817
1850
1744
2022
2008
1818
706
1990
854
991
837
1839
1890
2097
743
859
1838
1801
1967
