1202
146
1138
123
1250
1068
243
154
167
152
1318
185
1218
172
2
1287
1297
1201
158
1256
245
1169
59
111
120
178
30
219
1124
73
28
1146
216
77
162
1056
1117
1210
1231
35
1290
254
1123
1293
1099
1196
174
56
3
1298
89
206
31
148
1285
1263
1116
1084
1152
1309
1091
1242
22
40
137
197
1211
233
1162
134
166
1183
122
1278
1134
1307
1102
127
1103
189
1136
239
1107
58
102
13
1088
242
208
1128
1173
1156
1060
244
1253
71
1066
204
67
1209
101
157
130
202
42
1161
1212
119
46
1217
1306
1074
193
1075
39
1059
1291
173
228
29
66
1076
177
1101
140
1252
1295
1170
1220
1094
1311
237
213
26
1145
1198
1299
1131
94
1167
1315
1158
1104
1125
1303
1206
163
86
85
240
1119
1147
1313
1300
235
1077
90
1120
1317
218
262
33
222
221
255
1092
98
114
1129
1247
4
57
1130
32
196
1273
203
224
1
1259
41
164
1095
147
12
1244
65
1292
1288
1115
1139
1274
1229
1238
1061
1204
82
15
1314
1063
36
161
1141
261
1301
1089
180
1207
1171
1281
14
209
84
1234
1140
1246
1165
131
135
1284
169
1245
1232
1248
1181
126
1227
1096
1126
79
150
1058
1262
250
1266
25
50
1257
1111
1160
171
1289
1080
1155
128
182
1180
200
188
1112
1109
43
1192
1193
51
236
27
1097
1225
1055
251
124
61
518
1359
1606
516
535
604
1544
1383
1329
1325
459
291
629
282
624
1631
484
1332
594
396
1496
301
1594
1561
1436
522
1439
1404
1393
1468
1376
525
376
1339
635
411
1566
1689
287
1396
412
1501
1596
1512
1571
1420
388
1614
1506
369
274
1617
1514
382
1465
1433
1326
385
306
1618
341
1499
543
1537
513
502
572
1542
418
1409
453
583
1425
446
554
1584
622
428
470
626
1507
1656
1402
1495
1516
303
1370
1530
1502
493
636
1551
1620
367
1597
1464
339
602
320
345
405
1679
1559
1592
1456
1636
1446
1489
383
264
627
1602
541
488
296
1539
482
500
1478
544
1588
483
639
456
360
1579
517
389
372
1686
432
555
309
600
1491
575
642
1343
612
1385
480
556
1694
1405
1321
557
528
386
1504
637
358
1419
401
1476
437
1590
1660
1589
521
348
1669
444
1680
461
538
1639
1653
1635
346
1418
1587
1341
1413
1399
611
425
570
1691
268
492
1546
567
1386
1529
450
1447
1556
632
586
1463
1595
1452
356
404
447
390
399
1604
1397
643
391
564
1664
1688
1640
1543
1582
1576
322
1375
1665
1395
464
324
288
479
1335
1513
1483
1342
1574
1677
314
1337
387
311
338
487
1441
365
641
588
1572
1702
601
393
343
472
335
375
1350
1360
1690
329
1699
1524
1487
511
1505
1569
313
1591
1586
1535
1672
434
1377
381
477
290
524
475
534
1655
457
1557
272
380
1428
590
605
1344
644
509
423
438
1573
330
295
619
1473
1459
397
1511
505
1600
357
325
333
504
1353
363
458
526
1593
266
565
577
499
373
422
1466
1498
1414
1369
430
349
1562
592
1545
537
467
1346
1454
503
1453
408
1648
1426
1444
1442
1388
427
1629
1352
361
1445
368
1327
443
1583
1575
315
1630
1517
267
1624
610
316
280
1565
510
1451
1548
1333
1645
1355
263
486
398
1408
501
476
1323
614
1515
1601
1683
571
1400
547
1423
574
519
334
421
1687
1457
362
1670
497
1482
1356
1550
1638
1558
1450
1647
471
1475
1623
366
319
1480
877
1799
913
1980
846
824
1998
754
1750
764
2057
2032
1789
922
1861
1781
1765
932
868
899
2007
1716
1747
2045
1925
1957
2040
1965
1969
2044
878
666
994
2080
1830
1903
673
1821
2047
1743
2021
1988
850
864
2064
905
2050
1944
703
1978
1011
925
853
1893
1953
851
1897
2089
648
924
1730
2104
676
1966
1842
828
1852
766
2019
823
1993
1777
1858
651
842
665
1849
1835
2052
995
980
1938
1833
843
1708
2075
988
2062
1972
917
956
677
1831
1034
723
977
2060
1899
826
788
1019
734
1719
742
1909
1767
2095
779
898
710
2063
1009
2043
683
672
1740
681
884
1921
1737
2037
949
1029
769
1806
866
1780
978
981
1918
2006
656
1983
728
719
704
1823
912
2093
820
2053
1974
1004
1907
2034
835
747
1851
1033
2096
1754
1736
831
1863
1906
685
2108
985
804
1041
901
934
1894
1866
1855
904
2068
1051
2109
1951
1927
1876
1016
2087
1913
752
1872
695
2011
1826
1032
1820
2005
816
908
1815
1973
822
1923
661
2102
1971
1768
945
1836
2061
1803
1726
1772
830
935
1741
2028
1054
2058
885
1720
952
1807
1030
791
960
955
2024
961
674
1758
815
1890
902
1840
1929
2035
890
829
929
1761
1954
946
1814
1930
733
748
768
939
1796
2078
813
1707
780
1760
1941
2106
964
941
1891
1006
1996
1904
1864
1749
1770
940
1873
957
1020
1745
739
993
1955
2076
979
787
1005
943
1776
1960
911
1943
794
928
834
647
737
2016
1762
761
2051
2082
1751
1902
1804
2097
1975
760
998
1040
649
1958
1773
790
847
818
1865
782
1755
709
1922
1967
1705
1738
1952
1990
707
838
1779
738
770
1859
2094
2085
730
857
1916
1792
1874
654
1926
987
1847
1742
784
867
1725
2015
967
1724
1818
1721
1870
713
1867
1728
679
806
1991
1999
797
1053
678
2077
715
1828
2066
757
854
1900
971
1860
2081
1937
1711
887
1739
2039
1047
699
2029
876
1710
1810
1049
919
805
1892
852
2100
2090
1045
1989
1819
882
2001
923
1778
2079
1880
858
1043
2033
795
2026
1934
692
1802
2099
2084
750
2008
1797
702
856
1915
963
2107
814
2017
1744
1014
947
2000
2025
722
1023
1017
660
1905
652
