2
50
35
194
188
12
49
46
213
33
42
145
182
31
201
56
57
22
190
37
0
196
139
26
181
143
211
206
62
30
10
184
54
195
55
202
24
183
16
25
199
65
28
15
6
138
43
203
32
61
144
36
51
3
142
17
20
9
53
212
21
63
140
191
59
48
60
58
141
1
47
52
13
11
146
23
123
98
157
131
252
127
219
94
217
246
81
121
149
70
92
214
172
216
80
118
133
107
179
102
73
175
71
95
115
238
78
151
251
122
254
116
221
165
134
154
153
68
86
160
247
112
128
96
257
93
226
215
147
89
227
161
173
135
171
218
114
106
239
84
170
126
111
69
244
113
174
120
117
223
125
166
253
163
237
152
155
232
74
164
255
158
159
103
250
234
79
162
177
72
150
224
97
156
249
242
66
91
109
178
228
