187
16
0
145
20
34
197
23
143
39
53
51
47
45
209
32
211
46
52
212
193
27
38
30
199
54
61
14
17
29
56
203
186
44
206
196
138
55
58
13
37
9
64
6
21
142
194
141
208
12
198
65
36
7
3
42
48
24
60
59
41
22
35
18
205
11
213
195
40
190
50
191
202
188
28
19
223
230
81
106
238
96
214
83
169
177
180
168
231
118
228
136
165
85
70
72
69
121
158
73
74
76
114
127
176
116
257
79
94
124
174
242
154
125
244
159
129
151
234
119
107
109
222
100
246
93
157
90
226
102
215
87
75
253
245
104
243
77
241
237
133
160
220
130
92
219
113
115
78
132
120
134
167
150
161
254
91
131
67
126
170
166
227
122
110
112
247
225
240
98
149
164
179
162
173
84
221
128
178
239
66
