52
190
137
199
20
49
50
203
13
181
22
5
198
37
26
205
211
40
213
46
183
12
65
15
11
209
51
207
144
18
142
2
62
17
192
185
30
201
182
141
43
189
45
27
3
33
186
36
21
32
59
206
58
193
35
41
10
204
200
28
187
29
31
54
16
145
1
196
210
9
4
38
184
34
64
61
172
88
222
247
179
220
68
178
90
126
218
223
86
227
136
217
127
238
119
69
89
116
85
165
229
134
104
154
252
228
170
133
135
246
235
156
159
77
256
224
162
175
250
112
257
150
66
239
73
123
160
255
132
174
131
241
74
164
93
128
118
76
171
148
248
166
91
114
236
97
67
231
79
75
84
177
100
108
157
80
106
111
99
98
153
101
237
82
94
129
158
125
109
81
107
124
242
147
102
221
243
121
117
122
230
