201
42
64
29
15
44
183
142
12
62
55
212
14
9
59
199
31
27
202
57
43
208
63
184
4
39
20
194
23
53
213
50
3
33
60
141
65
138
205
210
188
198
56
13
37
8
185
17
195
35
41
61
209
47
192
0
143
191
30
36
189
139
200
140
10
38
6
7
45
186
49
51
5
196
34
22
172
69
235
217
249
168
133
77
223
253
107
167
160
91
96
169
71
162
226
129
230
101
242
117
127
256
166
151
176
73
89
161
131
174
118
70
149
248
102
136
130
75
99
236
100
246
147
154
158
119
237
221
66
218
95
150
123
88
90
108
216
247
156
78
132
240
255
134
155
105
238
86
245
76
175
79
98
81
173
252
106
94
177
82
219
233
109
126
83
250
152
85
92
84
148
125
159
157
120
104
110
135
112
232
254
