201
64
29
47
210
38
2
213
23
48
145
187
183
203
42
186
58
18
144
202
54
8
44
6
24
39
40
35
20
52
34
7
200
137
204
55
49
211
33
53
36
141
143
60
16
199
50
181
51
208
14
46
140
3
146
21
190
15
56
62
194
188
13
11
57
65
19
30
205
196
63
209
1
43
27
59
231
89
99
79
71
170
135
161
232
240
166
176
225
251
110
227
91
132
247
230
150
249
136
241
86
77
155
156
238
178
164
87
104
83
152
215
128
224
74
69
106
111
246
95
167
235
81
239
122
90
118
214
172
78
174
234
233
252
151
126
130
148
237
229
179
84
257
216
72
131
173
113
92
82
125
228
117
217
171
93
101
153
76
180
100
115
123
163
67
158
80
162
120
107
220
97
147
245
98
157
226
253
70
160
114
