61
16
26
208
2
139
188
20
13
189
210
10
181
19
5
35
53
193
29
182
47
24
195
43
34
185
197
14
62
31
141
146
51
4
41
211
37
183
27
203
15
54
190
18
60
7
207
142
39
6
187
11
138
22
184
65
23
12
63
59
205
25
64
48
17
198
200
194
28
145
33
45
42
40
32
204
160
111
134
226
157
225
215
72
246
219
122
216
158
121
113
77
83
255
177
168
223
105
221
75
242
248
163
99
132
222
66
148
154
220
237
129
96
171
230
165
159
112
247
79
108
80
133
217
124
135
245
114
126
97
180
67
84
167
120
232
86
109
147
218
110
164
74
251
87
236
233
119
176
100
161
81
116
249
123
136
92
78
239
70
250
153
170
234
128
252
166
256
104
106
93
172
235
117
82
152
231
88
175
156
85
