31
213
46
197
23
52
194
202
42
37
182
54
40
146
13
36
11
19
198
21
191
62
49
3
17
10
29
55
45
22
212
27
199
1
16
38
34
139
207
192
142
51
14
205
47
204
43
201
24
137
39
190
8
183
7
2
187
196
65
188
64
206
26
58
32
25
138
30
210
57
140
186
0
9
28
6
245
121
93
241
82
240
153
70
216
118
147
129
176
72
180
172
248
132
124
159
74
127
112
133
86
95
255
126
148
123
117
106
232
122
99
256
96
128
125
90
252
152
219
103
251
116
113
215
221
233
75
161
157
231
173
162
218
179
81
160
244
136
87
247
235
242
83
130
178
214
239
111
234
167
246
151
68
225
108
79
171
224
222
243
163
223
85
77
71
88
230
115
150
120
135
131
220
110
92
236
80
84
165
155
114
