143
139
211
25
6
146
53
204
205
200
184
142
137
21
209
188
192
41
52
34
138
59
207
185
183
203
33
64
0
63
27
35
212
40
58
191
13
29
141
24
198
12
46
210
56
7
51
208
42
37
54
14
17
145
19
20
26
43
65
11
187
196
181
57
5
2
38
30
182
18
49
190
186
60
10
32
168
103
113
253
227
93
151
126
147
75
122
70
111
166
105
102
249
149
159
78
222
114
72
90
85
242
67
220
148
153
167
214
121
132
246
238
99
215
82
157
96
155
152
66
171
117
106
124
233
235
229
95
243
257
92
228
226
97
223
109
255
100
76
112
110
154
219
133
98
83
256
240
69
232
128
107
115
136
244
134
173
247
252
164
225
156
234
101
180
94
160
231
119
161
87
158
108
169
239
230
127
123
77
125
104
