9
201
50
59
40
199
14
29
208
62
200
51
13
195
31
146
53
44
20
197
37
181
193
49
24
52
57
54
48
26
58
38
191
63
16
183
140
23
203
61
8
188
143
142
39
189
30
202
213
22
32
137
36
43
2
21
182
185
194
139
138
42
19
190
5
198
45
56
41
10
206
204
212
210
27
211
76
239
255
256
112
231
245
81
166
108
226
242
102
154
85
178
121
156
149
66
79
241
91
232
168
247
131
163
106
162
69
220
134
160
152
80
90
114
237
167
126
92
110
70
153
148
109
218
95
89
129
257
130
100
254
240
98
244
249
117
243
84
228
101
99
236
77
221
214
116
120
151
246
170
158
217
235
71
171
135
234
179
122
113
111
176
88
238
67
150
147
230
73
82
216
215
161
68
175
251
104
219
233
119
223
