14
13
21
2
201
203
44
202
28
35
206
65
36
189
25
24
188
29
30
27
16
0
3
48
142
5
181
11
45
23
182
196
191
185
62
211
1
18
59
60
61
6
197
57
205
213
10
12
64
54
145
209
32
19
26
184
41
9
53
208
56
210
17
55
186
212
144
8
183
194
204
199
192
50
52
137
254
153
246
237
222
176
252
76
245
69
113
175
241
236
172
96
79
221
150
166
157
242
251
130
218
126
243
107
70
163
223
167
120
101
90
134
131
127
86
94
121
152
119
240
226
104
99
89
132
66
80
95
165
84
225
81
250
91
224
160
239
92
128
179
118
249
136
110
72
78
147
71
169
68
133
93
229
233
227
122
180
247
161
231
105
170
235
75
177
148
111
178
85
88
256
114
108
234
100
97
123
103
83
155
230
