36
21
19
204
39
14
208
60
26
193
7
40
31
17
203
8
46
195
191
9
51
58
12
140
1
15
38
24
205
142
23
200
54
16
137
196
199
197
141
186
143
202
41
29
206
189
55
61
185
190
20
10
28
210
209
182
57
184
42
198
47
43
64
11
53
37
44
65
139
4
56
25
183
59
212
32
163
231
77
114
118
176
242
115
82
244
100
178
255
101
174
159
240
69
120
224
147
153
91
75
239
97
160
228
73
221
84
135
126
161
134
149
226
72
90
162
87
108
168
236
124
225
245
167
234
227
232
116
154
104
252
130
78
68
93
98
119
95
89
166
248
247
129
175
117
151
216
251
220
156
76
253
112
79
127
102
121
67
123
103
107
219
125
215
132
170
237
254
233
250
214
158
256
177
131
71
180
218
246
243
80
