25
5
182
203
63
207
19
48
49
7
8
54
192
38
10
12
56
62
45
141
30
195
61
60
186
145
41
144
9
212
142
185
139
28
193
33
17
184
21
197
196
189
143
206
52
187
211
42
37
194
53
16
210
55
51
4
35
47
18
14
0
57
43
29
44
191
6
59
200
65
1
137
50
208
31
198
67
236
68
257
71
98
165
161
229
103
70
75
175
178
223
254
240
82
247
243
154
122
100
172
151
246
222
148
119
174
112
88
233
157
120
166
176
86
221
158
241
95
160
256
129
230
94
110
106
126
121
74
109
225
239
107
96
93
127
130
155
244
249
90
156
255
84
251
226
116
218
224
111
171
219
91
99
73
133
114
217
235
113
177
237
227
77
152
87
123
179
132
108
150
102
89
253
169
168
214
83
92
231
147
162
