41
186
139
46
140
26
53
25
3
43
184
28
21
57
39
35
23
20
201
6
48
61
31
192
182
42
187
14
143
55
194
51
199
32
17
36
142
64
29
2
38
15
7
146
44
27
45
34
189
141
8
204
138
30
185
24
209
5
47
137
16
183
10
200
144
207
4
205
50
208
181
212
203
58
202
13
171
156
128
152
243
247
83
131
231
164
157
214
249
215
105
97
78
172
235
98
166
154
225
71
251
104
224
119
168
179
120
70
123
103
153
111
169
239
229
147
257
72
93
110
69
126
86
159
238
255
82
177
148
232
218
81
233
102
89
125
135
107
151
75
112
246
130
217
223
116
237
96
129
227
92
241
87
79
170
240
228
94
121
113
221
167
91
118
174
155
117
248
77
80
253
100
216
250
173
180
252
175
158
134
133
