9
50
45
39
7
190
51
137
38
62
26
204
186
143
142
199
206
53
10
11
210
212
25
203
5
29
185
55
60
42
13
181
184
197
33
146
194
48
35
138
47
64
2
208
19
36
144
27
22
56
61
23
49
192
24
3
63
12
188
6
43
195
46
1
207
200
141
198
57
20
202
21
196
205
44
187
135
249
246
250
234
232
98
73
109
96
244
66
123
221
128
87
163
153
76
118
74
160
78
147
180
154
106
136
228
168
67
166
133
252
95
245
127
91
236
92
148
177
130
105
218
102
164
241
81
226
85
240
69
75
117
217
80
70
248
169
173
101
94
237
243
99
215
171
134
222
114
122
111
77
152
71
235
155
238
214
225
167
113
159
219
233
161
149
100
176
172
72
239
255
110
93
90
124
125
224
175
83
86
247
107
