2259
6860
1582
3975
5514
2688
115
5523
5492
4253
3532
5683
6763
2690
6232
4638
6437
5581
2572
570
1803
4394
291
6648
1060
1297
6551
3356
3175
4979
2592
5616
2213
3716
1334
3047
4584
548
1868
5900
2753
6051
6962
6073
6356
6461
4870
481
2019
2484
5837
5989
5503
4426
1443
6707
4780
3876
6644
5741
3179
3720
7110
3244
3431
4974
5365
2929
1201
5550
3836
1672
589
3447
5176
4839
101
5912
3983
5528
6768
988
4317
7123
598
5676
5376
3212
1383
5847
3736
3433
7161
6641
4449
2365
6476
3435
6609
5587
1684
1503
4209
1230
2614
5649
1046
1070
4641
3583
2510
1292
394
618
6685
1406
3832
5472
5795
781
1409
1522
5493
1376
2251
4247
1093
3898
2599
1989
3599
3605
4323
572
4260
268
1870
1351
3030
6225
164
1360
5538
5114
1222
5229
6483
819
6943
4568
6134
6626
6627
6800
6688
3883
4250
6596
5591
5868
844
6361
211
921
4998
2111
2695
3018
5104
3631
5731
60
5214
5402
6813
5864
86
1160
6206
5385
7081
6748
852
5985
2415
3404
6664
3037
5956
2699
5186
1543
2867
3339
1997
5129
5780
6497
5993
5021
4107
5715
3748
628
6381
5958
7121
2386
2567
5320
1915
114
6258
2198
5557
6847
651
3287
681
2436
4011
1208
4519
1348
1695
2269
2813
462
1404
6859
7102
6731
5082
6599
3950
6359
4467
1627
5158
996
5307
5338
1493
1341
3114
5208
6849
2161
2083
2493
6916
3628
1098
806
5585
180
4572
7027
3360
274
5250
3564
992
2217
6602
3986
5567
3755
2728
6617
116
3471
5377
1149
5005
4896
4266
7008
3107
1718
1305
6053
4740
2372
6330
2479
2264
310
2959
5849
1308
865
3087
514
1420
5425
6240
735
2220
2216
7157
3112
4410
4154
8
639
6405
4928
3188
3002
4585
4473
4567
3922
4716
452
4760
6340
3429
6959
5519
6592
6679
1061
1322
2839
5745
7134
2555
142
998
4035
2518
5703
2799
3170
1298
1119
6140
5248
3131
3150
5586
513
2954
2556
7138
1031
4354
6758
3670
26
4612
5245
6917
6666
666
4182
7013
1550
6907
154
4726
2496
3855
3918
5087
561
2878
3298
6428
6560
1188
4070
583
5631
3549
5014
5763
2950
5923
2020
4190
2379
2404
5190
6286
4170
3835
5093
6195
619
4038
4279
5261
1129
5857
4488
2041
1010
4018
3837
6010
3182
67
6223
6817
3618
4509
692
209
1890
5407
4774
560
6493
434
3300
2448
6804
1964
6037
6456
2899
4077
3901
4618
1601
6412
3228
3686
2263
3924
499
2968
5843
2694
4950
645
3296
2759
5271
647
5147
986
1356
2239
7088
1937
3666
5582
4888
1240
6820
5986
3959
2340
1193
4346
2698
3845
6673
175
4768
2689
3306
3595
4965
7030
3956
1596
4479
2772
6338
1727
3770
1336
4042
1923
58
6948
2804
1017
1967
1905
3997
6506
953
1013
1722
1707
6980
6263
1896
787
49
2897
2893
2900
5548
3805
1830
4069
2773
1611
6844
276
1878
7135
1929
5326
222
630
5490
6884
4482
4493
6159
4847
5434
4481
3146
388
2852
1849
5137
3241
872
1324
722
1934
188
4619
719
568
6824
301
577
3602
6000
4514
3330
4625
2362
3217
108
776
252
4814
2490
4920
5539
7059
3778
1427
6295
3468
241
5101
2925
1019
3076
3161
6444
3084
5779
1738
5883
3601
4225
534
1196
6499
2093
5003
1869
1214
4602
1337
584
6307
2774
3604
1287
3443
15
3887
2927
4150
3186
942
5398
3498
244
4184
697
2742
4640
6518
5464
281
1245
2267
4324
56
2035
0
3557
4422
664
2065
4914
1398
5623
4330
1664
1485
7041
528
6182
2519
1887
5074
5004
6333
3536
2990
3814
5022
3953
215
717
2358
1542
4661
4607
57
2066
373
2360
4245
63
1534
4781
1950
1232
4594
7062
6250
172
1953
2230
1816
1139
5002
3930
5929
3064
4663
4992
5313
1167
5959
5931
2428
6718
3606
1568
3044
1354
1002
2013
1662
4614
4617
6306
917
4860
6465
2639
2420
1728
1767
2535
827
2051
2494
5013
3292
2014
3187
5470
4582
4116
1426
5682
2475
5850
170
6059
6799
3941
1301
4049
7109
279
4528
4811
6741
4183
5155
7162
107
2194
4809
1975
6574
4215
5222
3106
4409
5894
5882
2943
6204
6827
928
2999
2762
1904
2871
3110
6371
4751
3012
871
2931
3020
839
1715
7097
2520
4267
1295
6171
5970
6915
5627
3514
695
6466
6940
5728
3995
4485
1235
4166
6930
5832
4676
3243
1851
2830
2924
6941
6569
573
5680
3976
6087
3758
6265
152
6001
1716
2945
3938
4131
3281
1580
4729
3980
793
686
5965
769
6888
6782
5210
6328
1079
1248
393
6598
2359
5856
5000
5263
3450
6516
3984
5499
220
4292
6243
1347
3329
601
7046
280
7055
1734
950
6391
3075
4034
925
457
3793
4580
28
6514
3019
1866
816
977
4785
4947
2380
1092
4783
4905
3353
3779
1985
1584
3318
3125
916
4885
2697
3971
3892
436
4335
2022
5368
6625
4600
1056
3442
7149
2378
3314
1262
3569
1889
2985
4179
7120
2374
4566
1588
2342
6950
3486
1742
761
706
2126
7128
5772
3340
4261
3267
1314
7009
6924
6556
4046
4453
404
874
6842
3677
1507
3553
926
4222
6422
1619
687
737
5583
3381
694
5059
2296
5957
2072
6305
1073
3811
1961
4439
4370
744
1639
6394
797
6732
4653
3383
5394
1089
4613
6458
818
3132
1138
805
4033
3031
3723
6421
2895
472
480
495
2112
6236
6954
3169
6563
2457
3936
1650
5942
1578
3100
479
4
6310
4301
3954
6585
4598
5269
6925
1378
3742
4823
3282
6919
7092
517
2506
6404
506
1247
6580
5328
3277
6135
4767
4469
1685
4047
5930
7001
700
3301
5782
2782
3227
4332
883
885
520
5204
455
2174
3998
3121
5871
415
5017
2199
2016
6589
447
995
1431
4575
6851
6608
4719
159
2141
5911
