5837
2866
1418
83
6248
4956
4224
4985
6006
3533
4465
481
5640
4736
3791
3890
4123
2165
1154
5439
5888
4020
5317
4990
4533
1381
5153
2596
4833
4638
6818
1919
2657
6378
5665
1954
1956
3817
3709
5877
4722
3179
3714
3646
432
1316
3580
3387
101
6769
1382
933
1104
5447
2213
3057
4734
7049
835
1994
374
7110
3212
2625
348
3167
3981
4706
2956
6008
2200
5746
6339
3777
3661
3787
5750
5581
3720
1060
2551
4397
929
6850
2223
6633
5648
1201
5373
5365
6437
5948
5227
7096
3987
4683
2778
3333
1313
5713
6674
2391
1218
6430
5095
6596
1318
5872
2477
886
6932
2979
7022
161
473
5229
1837
488
4283
2486
2713
2931
2083
6771
3761
3182
948
5651
728
737
6672
5325
974
6455
6975
1366
5329
517
2220
4315
7132
829
5255
3965
318
5598
2046
5895
4676
1232
980
4183
6968
3216
924
2704
4510
2196
3572
4234
6815
4525
3003
567
963
1032
7025
2752
2932
3637
2209
254
6118
7034
1811
1071
5053
3462
2750
5210
3178
2360
5903
6794
4430
5793
4222
2264
1796
3372
4095
3086
2946
4175
1845
6827
1700
5316
575
4404
6668
5570
4173
5743
91
6435
868
450
1307
6429
2115
2928
2497
5037
2231
3488
4784
4024
5986
1251
3939
1294
2671
603
6718
3956
6108
5951
533
4535
1527
63
5952
233
3228
3953
5554
2920
5656
5524
4200
4070
1499
1108
1130
1991
2303
3484
2304
6536
3980
599
899
2792
2201
4873
5269
2458
1426
4437
4320
3075
5349
3508
1100
4292
1400
6619
1022
3545
2943
6780
3490
5963
4972
3196
6059
2705
3101
2838
4882
2864
2383
6677
4140
211
1563
3624
3156
716
1637
2126
1589
4992
1942
4103
1947
6620
775
2719
1098
7065
3704
625
4509
3226
5707
4009
328
6960
2002
6847
518
6802
306
6112
1483
5421
877
5434
6544
2350
730
4144
4592
2786
4922
5506
6397
4226
4937
2212
3223
338
2397
2359
2680
4389
1303
4257
627
4929
6627
2065
4941
2315
4732
4861
1993
3819
3181
2247
4788
4915
3938
1319
5360
3873
6296
2045
6837
5216
6573
2986
1745
4737
270
1886
5926
181
5827
3916
4329
7149
199
6994
6799
2574
281
313
2324
6869
4013
5938
1915
804
1649
4227
3191
1081
5879
4047
4695
75
3562
4121
3133
733
1489
6829
2720
1226
1677
2763
5490
6612
6249
5655
5659
2464
3472
6448
6321
5585
4901
2029
234
1360
3411
6956
3263
5899
1890
3251
1392
1070
5335
2867
3645
816
1202
288
5475
6172
3922
196
2741
2051
5327
797
4868
652
5120
3683
4142
88
6263
436
1192
1208
1783
376
2536
4744
2250
1105
5174
2079
1823
1142
5110
5525
6096
916
3606
3531
4572
6777
2604
658
2215
5406
5320
3404
3070
7011
6138
191
7090
5218
6826
4192
2627
1570
4182
6229
1073
378
4645
126
5564
5413
3543
3152
791
1113
2300
172
3767
1798
7100
6766
5677
6928
5474
5411
7021
1670
3034
834
3430
534
5930
1549
4740
451
2253
2972
5624
5359
2624
6606
354
1476
2376
4134
2390
852
5396
4792
4707
5035
2769
5418
4595
854
6764
836
6650
6261
7104
1846
5280
6082
4875
1740
5619
1768
6205
926
4602
2682
3141
5675
5571
6150
3446
6313
4137
4478
569
4157
2225
5764
2851
1623
3992
2190
2450
3401
6878
1189
856
5897
4492
4342
5386
1265
4603
6464
6094
6776
5917
188
5974
1728
726
6833
2629
2040
2745
650
154
3030
2533
4067
6903
1394
6649
2710
5551
4863
1299
3408
2444
5538
4495
5919
2865
3989
5567
6491
3499
1494
21
5267
5154
4172
4924
2470
6525
6682
5203
2454
6469
1171
315
1090
2382
286
4467
4893
4408
1504
2684
5816
5812
5055
5533
4727
1235
370
987
4768
3859
6726
6454
4563
5435
6946
5040
268
4577
604
3845
2025
5112
3505
6756
754
3804
1080
5813
3043
7127
600
6477
5817
1962
1120
3172
6529
1734
885
16
3200
912
4415
6474
4215
6834
1989
4267
1282
6954
6489
2152
4129
849
329
5236
3886
5607
4160
12
2157
3810
1277
630
953
3008
1315
6856
5217
6414
2740
3589
6526
6344
4505
1869
4566
1008
6819
223
1344
225
1471
3352
3993
2204
1840
2550
6734
4301
941
6587
6861
762
2086
3055
4962
3300
3365
6636
197
1832
4459
2430
6424
6312
6033
6988
2066
5545
123
6652
3614
5623
3839
1295
495
2402
1046
5749
5455
272
7112
3126
169
7098
6822
4519
132
5358
4481
3147
3184
1748
4347
6664
5074
4556
6355
6139
7046
2614
2821
2511
4287
820
38
516
6376
5873
6579
5848
6542
1323
1432
2216
6317
2416
3745
5372
1885
3621
3602
2490
5509
5777
3503
6742
662
1124
3746
5400
5592
977
6937
914
4371
3843
2202
561
4601
5558
4290
139
2377
1375
3100
2525
5453
6609
4108
6433
4536
3790
6307
3171
5629
6264
725
4581
2345
2047
4434
587
3570
6830
5501
691
1838
1613
6083
5689
2380
4485
639
6287
1948
5617
2489
4648
3710
6930
6408
1941
3481
5098
404
6428
206
1217
4079
3866
3958
5878
3806
6864
6157
735
1040
1369
6805
2755
4266
551
3831
4433
2413
2423
6499
2235
2510
2639
851
261
4624
5007
447
6278
761
2461
253
5865
5756
4439
4826
3524
4312
1089
5388
7053
1986
4640
4993
6127
5715
3643
2997
5420
1289
6547
2
1245
212
5429
2960
2548
4161
4148
177
271
4360
1121
5331
2584
994
3670
6631
309
6178
3703
992
6538
3325
3041
2678
5702
5788
3128
3164
68
1736
3575
501
1799
3782
2968
303
3113
6602
2597
301
550
1185
5964
6152
2926
4559
1126
3651
4270
6691
3302
5281
610
6519
555
4126
2948
580
1950
5742
2321
2648
6311
6154
5101
3852
1586
3994
6192
7084
6565
4821
6151
4835
6566
6120
5955
6807
1516
1891
3214
6698
1119
6555
