5024
4321
6051
6839
3915
4689
3261
7161
2751
6090
1110
2653
5345
755
3566
1083
1442
6099
4683
5823
4646
6633
6461
4833
589
2259
1288
6459
2149
6763
815
5999
957
2956
3145
549
6823
3987
6889
5170
3573
7000
3140
5948
4773
4216
3715
6648
2753
4990
4158
4985
369
6235
6193
3332
1204
138
6339
4036
6641
5484
6781
3431
5064
3004
4801
3377
3029
372
5683
2005
4501
6213
1673
6706
3977
3118
2974
4317
3981
6119
115
4711
6818
402
1919
3535
522
4302
1297
1861
2349
6348
3356
2543
2109
4342
1471
5882
4810
2476
7120
3803
4997
5806
6249
3132
2982
6803
6480
6011
4341
1557
290
607
561
3219
4227
1783
3190
5895
72
778
6954
94
6368
1981
5518
6852
4344
5723
804
5701
2325
2306
7021
3615
2295
4309
6444
2139
5419
4961
4290
213
5063
3341
2801
6092
6891
2932
787
4554
6819
1151
2622
4927
3963
5445
5560
4472
5205
5283
1258
526
4081
5756
659
3197
4846
6256
1217
4508
4293
590
3110
709
4142
810
4118
6822
1790
2027
5117
4182
109
1789
1012
2616
822
5529
4826
5798
1080
3694
3852
493
3679
3711
1709
3710
1617
1221
881
3306
1840
552
3820
7008
6890
4047
3274
3868
4853
5954
5090
4466
1161
247
4206
4703
5097
3051
1183
7147
5827
6369
1019
3128
3806
219
4357
2550
2593
4301
6242
4128
3091
2818
2022
295
7011
5754
2925
898
6172
1195
2737
2216
7134
5925
1784
190
3194
547
3505
3160
7100
5833
4124
571
2540
1013
1656
304
3516
2911
445
6883
1320
6517
3809
536
1377
1363
2590
17
6747
4347
972
1616
662
2850
1914
2651
6847
3854
5710
2025
6208
3986
5778
2183
4710
2554
2713
1455
5425
197
5928
3717
6935
1787
3436
4754
2626
2548
5831
3295
3901
2487
1949
5604
5025
5390
452
1999
2290
1481
5949
365
2121
3288
5198
3767
7087
1668
6409
3697
6407
2041
5534
578
4525
3565
1544
2672
5307
1064
3296
3195
2990
687
6352
535
5203
4574
4708
2413
5464
958
6546
1445
2833
10
1227
6783
6927
1537
6342
1706
4286
4438
276
6177
6596
436
1930
5353
5594
1676
1486
3405
2612
4362
3282
6114
6654
2446
195
6672
2007
6581
3489
4858
849
793
3545
4193
2806
3592
3985
7075
4400
731
560
3912
5637
3036
4389
562
5952
5291
1641
7055
4192
5545
4318
6448
5458
7005
3053
3402
2079
2884
160
745
5343
2608
2175
6660
6750
401
1685
716
307
5598
393
4982
384
2569
2469
686
6774
4655
2763
6577
22
7129
2197
3435
7088
6151
733
2454
2562
4220
6532
812
5332
1362
3641
2892
983
720
3076
3117
6294
5479
4090
4699
2444
3504
4143
2532
3887
2922
6972
5454
483
6872
1535
2697
6601
4419
6621
7148
5243
959
5654
5462
969
6920
1993
6316
5074
503
3799
5502
5050
2496
107
624
3879
6435
3185
5633
466
941
3713
4994
6034
697
4152
4485
3456
4859
3078
192
221
1480
4444
3967
5790
3550
746
4784
3763
618
5865
6522
4973
4601
3599
3748
4127
1635
2214
1902
6414
6067
2270
334
6127
5418
5380
164
3308
6486
6963
584
2907
5252
1425
5167
1997
5983
114
2344
345
149
1768
1309
4570
6402
2886
4015
5401
1253
5172
4791
5011
669
6754
2786
7153
4214
5818
215
628
6556
4514
326
5420
4732
403
134
5060
2452
5201
4006
1094
5606
952
5049
6543
1093
6561
3613
269
5639
434
5375
707
3165
950
5042
725
28
6097
663
1098
3229
7063
641
2756
2803
3551
4061
2474
2743
2376
5438
6868
2347
5959
2155
840
3122
1608
5355
3811
865
5717
3650
5894
1576
2427
4312
4821
346
4348
4965
2147
5189
798
1331
5278
5937
6291
2881
1454
5404
3753
1184
2723
2050
6542
7083
6879
3441
5920
4148
7155
2891
4980
1524
3683
316
3502
6691
6218
1687
3086
3847
2807
2691
4219
710
4340
2566
3439
2938
6276
172
3835
5169
5016
1957
3528
3347
5271
3557
4938
1485
3685
110
954
879
7097
2181
4705
5532
5184
1222
4969
2908
6563
3776
3957
1134
6862
4131
4811
2377
1033
5885
2313
4758
6404
1432
74
3595
4947
3206
3907
3064
2965
3648
6980
5109
5785
4157
2980
5041
2384
428
313
5281
1130
4876
3315
965
1448
4059
6506
6451
2312
4052
4541
2070
4536
6953
4026
5890
4667
1778
931
2105
4189
3085
6318
3782
7130
6258
5470
5004
6422
4651
5719
3026
263
1948
1561
4636
5748
4391
5650
1600
4930
5702
6511
5714
1568
3353
3553
2189
2610
5027
648
5667
736
4104
5409
4222
6630
5207
4586
3205
635
1663
5942
6967
5961
2457
2462
5377
1982
3109
6709
87
3771
5498
3539
2995
5584
856
4681
2360
3618
4041
173
7140
6239
3083
838
4197
4112
6209
2242
6319
1113
907
3792
2277
5577
5582
3882
7118
4581
951
5155
2218
6346
180
5160
5199
3873
3884
5242
5630
6916
2962
658
415
1662
2872
6502
1540
4376
6084
2809
4338
6965
7068
4837
4163
3035
2304
3513
4691
289
3826
4777
4537
2920
264
3331
2518
4016
77
919
4905
5421
5993
1415
7014
4925
4265
4687
3865
147
3840
4955
4685
5
1915
4787
4937
1101
1237
4779
6749
3926
1238
3964
49
6620
5028
5899
612
699
6959
4887
2719
2285
141
2011
1563
830
2643
3477
1782
4976
5400
4725
964
621
1181
6567
3905
1870
1604
6854
834
4487
2466
6733
5567
2431
1603
3223
453
4616
1129
4186
5192
2222
6458
6366
7145
7066
2826
2715
1319
424
5156
426
6634
530
4886
2728
386
2774
1585
6347
717
4413
2220
1499
3420
5556
6308
5874
2419
6600
2472
3819
5387
1103
4333
2714
1844
1523
2481
3434
3252
4587
5241
3649
5126
1035
2215
5433
4208
3119
1835
3150
4761
5694
330
4368
4405
4891
2243
2468
2845
5441
1042
