3173
2224
588
4848
549
2778
6818
3625
5234
2195
1803
3387
5550
696
1352
5415
4733
5841
4363
3310
402
14
6769
4321
5861
377
537
4776
1223
5847
2916
3720
2168
1954
4722
5935
3674
988
2894
5484
3268
4548
1154
1898
2955
4446
6740
3952
1372
2135
3709
5747
2561
4155
2902
6343
4205
1135
2733
101
5896
1367
2012
5765
2623
5408
933
1083
6850
4201
7089
7049
6090
1236
4476
4004
4399
2988
5345
4852
4037
1479
5989
1104
3552
1813
2514
5436
3145
5823
4271
522
1988
2411
5083
5888
166
3503
6156
409
1257
3076
2453
3247
1061
5223
4131
5248
4800
2206
399
5343
6717
881
205
4247
6038
4709
3284
2713
5662
5524
4063
411
2436
3427
1635
3954
5388
4665
6460
7036
698
3870
6785
3570
3862
4906
998
4178
3528
4588
5604
279
5566
4695
6927
2500
2622
3495
2882
2345
4924
1920
5392
3636
2383
1968
1430
6913
5932
1069
6965
6174
2978
6875
176
2816
6808
789
3711
3607
5311
1294
4351
3123
3273
6574
5580
5114
1903
6146
1534
1599
2545
6451
4314
4741
1486
6316
98
4840
5096
718
6303
5475
2397
6291
5688
4941
3995
3887
5607
1482
895
1301
5568
6590
3722
3283
6584
3959
1178
5734
1719
1167
1140
1237
5279
1073
625
3810
1124
4364
7058
5268
4349
3454
4346
899
46
2124
3776
3911
5992
4763
3385
152
2249
3523
1162
12
3545
1183
4177
651
87
4393
6689
4932
6267
2203
6203
1030
3598
7064
4483
6018
3828
5386
4028
5539
792
2773
5321
7142
3231
7050
254
2746
1395
2169
5499
2031
2703
2534
4875
6963
4203
7071
5184
3621
1446
3920
4564
3126
5442
3242
4579
5126
2303
4817
1909
2138
2337
6406
2549
5863
1700
362
6971
4854
6029
5848
3079
6513
3154
6806
1321
6173
490
6333
3967
719
569
4447
591
4309
501
5751
6988
5265
6782
4334
5202
6457
6817
586
3071
6829
2355
6336
5889
5964
6976
7061
7163
5186
1028
6087
2511
2230
3950
1732
3032
3632
1565
5002
6677
1916
6506
3489
2886
4666
1714
6327
6040
5843
3960
6455
6098
4281
4686
3439
6353
4125
5497
6484
2483
4682
4133
1312
500
822
3713
733
2618
3207
78
3236
868
213
3730
514
1952
4214
6276
6397
6725
3774
92
169
6609
4109
1659
6184
3755
1209
5787
4288
1283
6047
1344
2022
7044
6688
3908
5709
1160
2459
4135
4910
1286
3965
4174
547
5452
1682
5017
2745
1464
1001
6518
6426
4376
5266
6874
4555
4826
4577
645
22
5334
6842
4958
646
295
6802
913
2318
4518
6379
4335
2184
3072
778
147
972
3432
2457
3481
5763
5448
32
0
4496
712
856
1741
7085
4187
5212
1000
1247
1480
4759
1708
2982
3468
4329
804
5283
6864
1641
5822
6130
3311
1670
2950
2241
5682
6881
1175
3267
4206
4121
1629
1845
2001
1537
2660
1880
738
4640
2017
2414
2957
5260
4168
3976
4456
3871
6639
2448
6503
6983
1993
281
2055
2666
7113
5457
5691
3369
1021
1004
1232
687
1563
3300
6254
1408
6454
699
1407
2706
6790
6136
5035
1055
4272
1524
5307
4361
3667
5036
4114
2214
2493
3822
6432
7098
3855
1366
771
4494
4607
462
4719
5821
4762
1658
2300
3605
494
1600
6535
636
3808
6566
2932
5359
1040
4094
6592
3745
4542
1213
4429
6629
6466
6844
6671
6814
1491
1
1620
2818
2798
2869
3909
2002
5531
3751
5254
5276
4407
5467
3588
3728
7057
3031
6696
4986
5141
2844
1590
3697
510
6549
2197
2628
6292
413
3394
6680
388
5088
4551
325
2133
3675
477
3142
3765
2057
4041
1839
3500
6494
5350
3698
1121
4293
5196
5231
3962
5502
5703
2524
750
7012
4484
4410
632
6582
219
6933
1776
1835
5718
3342
4863
2852
1368
311
4554
935
4887
2701
2861
6676
466
6462
2369
1602
1856
942
5770
287
5636
5828
4730
307
6061
5326
4268
6059
762
3292
819
1736
3993
7054
6778
1516
6032
145
6328
1514
6195
6052
4950
105
3473
3982
2174
5478
3606
1549
7006
715
5070
2194
2992
1451
5314
3084
3329
6124
2232
4819
748
6744
2834
3019
2913
5262
5122
2829
4169
2893
4310
6857
393
2634
6405
2305
4477
1465
6389
5991
4653
5519
4898
5445
6600
6381
6315
4299
5417
5010
5697
1996
6643
3457
3460
1150
2575
626
5576
937
4679
5377
6288
4544
5910
4869
248
5089
4064
3867
3868
7003
704
5674
5032
4573
4971
1052
5188
108
1795
2347
4295
431
5257
6704
167
398
1851
1399
5978
2569
6424
2368
352
2718
1828
1391
2196
5740
4080
3103
2501
938
1457
6612
4831
5027
1589
1702
551
1447
210
1555
5679
1799
3027
410
1172
2277
2804
67
2121
3228
2695
5462
6525
2506
6537
2253
3498
2281
2505
6176
6528
526
5775
3375
5774
911
3078
4861
7081
3794
1047
670
16
1940
3914
2264
5570
6606
2178
119
3348
7103
1258
4732
3421
2636
1448
875
1276
5627
5764
1568
2433
1964
851
6931
6833
6227
5505
2707
5103
3477
2736
5675
1650
883
72
3280
5140
2286
1051
7158
1706
6998
5204
6726
4189
5511
5169
86
5214
5939
3792
7094
2819
3536
128
509
2420
4428
1401
927
1186
2106
4888
3630
5537
2074
694
965
901
2416
5431
4415
3318
6398
3426
3190
5316
266
3201
233
5506
6153
4827
1356
4505
4853
917
4594
1922
4441
314
5104
6390
3899
7080
6628
765
2784
5211
383
2613
2831
1745
4918
3815
4547
2358
6819
2086
1394
2088
4460
2835
2000
4452
2405
5068
259
5469
155
1995
1660
6838
6482
1937
4379
1699
7155
5109
457
2283
3748
1696
4576
4431
6953
595
1726
5062
2806
6883
1196
3111
5517
5023
5755
5191
5928
6821
2108
1825
4634
4417
5416
3629
3617
1774
3321
3304
6275
3610
4881
5963
226
2714
3581
1693
107
3997
2033
587
2348
