3848
448
6219
5226
3118
6905
83
6604
3246
4328
1083
2048
3568
4048
6839
6470
367
3736
2411
2778
3612
3261
2751
1110
4845
4646
1614
4180
1423
3183
3661
3232
371
966
815
6823
3836
143
3535
1383
863
979
475
3316
7056
2200
4216
4721
1418
1648
6860
6216
1131
3173
4765
4223
3029
5861
5227
5136
4355
157
4205
4302
7000
2854
5165
6665
4036
2349
2370
3975
6527
5366
5901
4985
3167
3977
5948
1933
6090
481
3467
4743
2180
3787
3744
369
6356
2056
7049
6185
6524
4224
6910
7096
1390
3049
6671
2640
4590
3589
2836
3147
1773
6157
5569
1826
1547
6112
223
6724
3335
434
3887
4365
452
6364
2435
7107
3779
6956
3528
2705
5378
6770
1660
3442
5502
1577
1395
3879
3464
2936
473
6932
5330
2140
719
4724
5225
6692
4693
1455
286
518
2591
488
5068
339
36
875
6919
4963
3877
1802
258
3146
6506
4623
2347
6785
5933
5973
5630
4154
5795
3501
579
4779
1082
2275
292
5813
3226
5822
5845
347
5499
1029
3799
108
4348
203
2515
6004
5986
758
4630
1022
3907
4902
5080
2637
2203
5730
6177
2552
4619
4537
6923
4152
1545
3449
4120
2116
6532
3590
3364
182
2183
4556
5991
4536
3166
4617
7080
422
836
405
2482
6329
564
3151
5371
514
463
1407
1934
1045
2006
7079
5242
5525
2970
5848
6750
3761
379
5006
5609
2031
1633
1902
215
6477
577
5728
7047
7117
1475
6862
29
6513
2875
1599
6189
4746
302
3452
6013
3626
3783
2124
5411
6535
584
4193
4907
5903
1728
1619
5016
6406
4153
4859
2588
630
404
760
1830
6208
2577
5542
1831
2022
2599
2470
4728
5097
4175
4953
3522
1295
1107
2453
7154
1093
6662
4880
3691
2277
5106
4251
560
6792
2664
4612
3934
573
4641
6834
2979
1974
7152
213
297
7085
4353
3943
1556
6490
3960
3366
5249
1286
417
2517
940
5196
3306
1484
415
3396
3768
1468
2636
381
4881
2337
675
3806
6518
2207
3972
6600
4738
1950
2654
1811
1697
1917
3491
4021
3066
6347
1026
1353
397
3563
6442
751
2477
6
3083
6986
1658
1248
5814
3370
1268
5772
3242
2607
5218
4080
2819
3111
1838
5138
2871
5586
6411
1230
1425
4016
697
1053
1563
6522
6078
3947
2487
6550
5324
162
7144
7130
6212
1074
2723
2284
1499
1387
4149
4045
442
352
2074
5558
6063
4562
1716
5698
4268
6390
6290
6583
1598
4877
5871
1766
6238
1901
2363
4374
1404
3384
6207
2980
5631
1077
12
1294
4378
3598
5532
1538
3044
3894
3651
4208
2624
1235
2666
2493
1207
5440
4015
74
593
3502
1252
1321
4100
468
5426
4225
2255
1741
2383
3339
4841
1073
4361
6069
0
5949
1445
2928
176
1329
2329
3884
569
3139
2394
3345
5485
7088
5968
3725
3951
2214
6291
5189
2699
5255
720
6738
5654
4860
3551
5807
6617
1403
1234
3424
5199
2914
187
4796
529
3677
6797
1439
2323
2669
67
4191
2558
6529
3341
4418
4236
2512
4582
4001
3851
7132
1459
3833
3086
4085
5126
1401
6896
2308
4246
931
7028
2088
2142
4545
5486
743
5400
34
200
5452
3586
1098
620
1513
1157
854
2171
2202
218
1028
5724
1548
2934
2593
4267
1168
7112
6382
4911
5314
5693
333
6371
515
5409
6125
922
3832
7015
5789
6584
3031
5902
5232
6530
6669
4273
4291
5338
3304
6836
4250
5867
4287
4195
3010
99
2262
49
6539
3578
6201
6782
407
2072
3272
1550
2650
6805
3778
235
3504
2122
459
3858
5843
6100
6536
6180
2899
546
6953
3203
7037
5121
2891
4909
4842
6045
3770
1249
6639
2339
6333
2748
445
1410
608
5842
7147
6882
4473
2161
2651
1101
4812
849
2966
1020
2576
6907
3376
2196
4986
2990
621
5781
2578
2073
2554
902
2147
3513
6002
2579
1211
59
3404
6676
1746
1684
2864
1016
4971
7093
6822
2480
4400
1402
3602
88
5146
150
2406
5208
6404
6849
6594
1302
4510
820
5611
1911
1040
5776
2884
3239
963
2249
6756
2253
1386
3705
6044
1576
2125
6705
2443
4745
4983
2359
906
5951
6116
4147
5664
6749
1312
4927
5302
915
1530
2873
1565
294
2505
1411
5152
1795
1869
6285
4904
580
1061
1591
3135
2668
2007
3207
4055
2758
6580
3732
3905
530
5670
3159
1914
6714
1199
6758
5005
1102
1092
2176
5307
4350
5829
3017
1096
6462
6487
2182
1895
1456
5862
2870
1571
2660
3671
7036
6159
6233
3254
4443
5066
2313
79
3679
5213
2481
4757
6237
425
521
2388
4899
2194
363
6092
5413
4005
4716
4735
3888
4135
6262
1644
1430
3499
6344
7153
2294
4371
5879
111
2997
2304
3089
3926
1485
4395
599
2826
4798
3627
5740
1610
2192
3883
1002
2671
5168
6254
5410
1308
5332
1214
5243
3650
3711
4603
6971
4668
4115
1151
316
1139
6625
689
6894
5607
2775
7162
1012
783
6920
6538
3005
890
4189
4528
7159
6128
6397
4769
492
241
73
2709
3820
1173
6577
5435
1500
3857
1145
4791
5044
1936
6494
5916
5552
3605
4998
1113
3395
6562
3742
629
4763
6017
1768
3081
658
2336
6076
2141
4686
3874
1824
526
2829
1205
3617
7119
1409
1183
4940
5982
6294
3190
5178
2921
1975
2961
4143
5500
1398
2680
289
3838
86
4381
4609
1052
3043
4910
1590
3655
5034
1785
1677
5430
5364
2964
3015
1943
6681
1979
2852
6074
6871
5309
5824
5805
6673
6184
6236
5929
6979
3670
1512
694
1278
5788
1884
1945
2016
1754
3429
1881
982
6748
3828
3628
3847
48
5370
2158
2674
6829
1025
3220
5941
810
439
590
3564
1535
2132
10
70
6310
3122
2828
4477
7076
713
5228
6130
3756
5339
4601
5118
2113
2062
2232
214
5166
3020
3753
5911
4242
6827
1359
4107
2613
3796
907
6101
4354
5123
5565
5856
1090
2548
2895
334
6925
