3664
432
1919
6119
4446
2988
4321
5382
979
2778
755
5064
4833
3893
4020
1632
4838
4723
3183
5134
2523
174
4449
3568
5765
1423
3104
5058
2395
4968
5523
554
4520
7160
3849
6707
4789
2019
5215
5447
6099
6437
4533
989
3138
6476
3047
6185
4037
3566
606
3130
1781
3346
3363
2195
4646
4317
3386
1147
4956
3222
6259
4210
4271
2400
4912
2200
6093
6828
7023
997
1419
3134
1373
1803
1443
6768
3818
5439
103
5181
5801
4397
2820
1345
6431
1263
5105
6850
1876
3802
144
2437
6823
5528
1673
5739
1155
2016
1533
3665
1970
275
7005
5770
6783
4649
2920
6143
4025
4782
2438
5468
2734
2585
4633
1650
1763
1568
1175
2350
2790
3944
3123
5055
5428
1897
6113
4133
721
5548
5535
1850
436
6820
2250
6569
1178
722
2913
1874
3691
1347
842
6780
3461
4370
5530
3163
5263
2613
6141
2471
3553
6865
1117
4470
4145
5104
1706
1860
4266
6661
2923
6531
5100
7017
2648
3031
3872
1121
6094
3631
5209
3667
6314
5155
5242
2989
2801
3458
4836
5696
4199
532
34
5597
5339
6018
5061
3931
6712
5
2087
6597
2992
1126
2918
2878
5452
6720
3064
1545
5283
5950
1101
2647
3967
1189
3910
6925
5511
3290
1551
4941
4047
4325
3091
2356
5633
4574
877
4149
5922
5686
1081
5081
3492
2210
4479
3329
826
2799
1951
6292
4462
3362
3331
4804
5844
6843
5562
4367
2011
6672
4379
1182
1397
5684
2993
5075
1741
5891
2895
4682
3618
1597
4930
5995
1624
1540
5440
2114
290
5540
286
1072
2814
1756
6949
1697
3378
4797
4596
3350
3927
2749
6875
1737
6287
930
4054
5493
4053
2299
4993
5693
4471
6702
2352
5472
2534
3480
5932
1437
3021
867
1943
6481
2123
6302
1394
3519
6955
1642
3391
947
1379
2879
156
4421
4059
117
5228
3657
271
650
5963
2687
703
5678
6105
5039
1191
2921
6498
6111
674
3333
656
3517
6855
4854
6374
6549
6887
5380
4637
1643
1798
3693
4703
3242
5945
513
5276
4936
4100
5023
526
2425
4504
471
727
2057
5457
6840
5831
1715
7036
2652
5128
4081
456
2965
1723
4303
5661
6289
5639
1
54
2029
2264
1555
3629
6344
4605
4503
2714
6011
3695
5606
6495
5778
225
2490
3252
5416
250
6127
5491
3040
4890
591
3530
4336
6444
4447
3593
1168
5351
3384
304
1388
1825
1149
458
5876
382
3961
2632
7054
4671
4061
6642
1227
6472
3111
199
5698
1539
4086
4735
2809
4206
1240
3139
6697
941
998
2849
1238
409
3508
2128
2371
2445
3124
6872
673
5599
4569
6432
4043
2193
5529
803
3414
6041
851
3090
3044
5884
6881
380
1767
4251
6126
2634
6097
3404
2668
2309
648
2375
3731
4129
1441
4653
178
6811
2638
1996
4951
3907
1408
4867
4021
6705
2401
3606
3908
1700
3710
1244
3673
4384
300
1506
6935
3643
678
6442
227
186
37
6621
4945
3445
6172
3006
4298
4644
1920
2870
355
4641
3311
3628
6042
1179
3045
6177
5254
194
2624
5524
3327
6970
5114
3980
69
5647
4024
3859
569
676
1465
4928
1902
1108
5517
6995
2262
3014
1616
2368
3770
4679
3390
5495
4041
4578
2463
5671
871
1086
6754
5541
4835
1323
4980
1904
2659
3108
2182
3993
397
1207
268
3371
3786
5807
5811
3620
1473
5462
4995
485
2533
3008
4192
7046
4247
5545
1783
6794
2343
2301
2782
169
1445
3630
5556
2404
5450
252
400
1079
29
241
2971
5853
2207
5385
38
1217
3114
2969
2222
2720
4089
3048
4463
6800
5319
2875
1865
6100
6888
2190
3840
3878
6593
5586
1339
1380
5756
1928
1454
816
3103
3151
2176
2188
1205
3782
2881
274
4927
906
772
4624
2465
5333
4694
1985
4853
6993
1210
1405
7016
6741
512
6830
6050
1910
2280
3984
3476
1022
6467
761
5626
1908
1378
6052
1024
1880
261
1938
610
4528
5992
88
1816
6313
6937
3570
6679
3719
4738
57
6238
633
1684
1069
415
2
4757
6286
5410
4635
145
2708
3614
1422
5947
3443
5644
2383
5122
2872
1234
4943
4277
6067
2818
6071
7130
5016
4242
5343
3042
2524
1184
3342
3751
5000
5722
1063
389
340
6065
4287
664
5318
2206
5311
1704
7033
6601
5251
828
4142
5732
1127
5813
580
638
3640
6770
6338
3662
1768
1232
211
6727
5820
7117
1482
5714
1681
3550
2494
945
3766
3844
942
541
6699
5497
5218
4628
161
1838
3687
5095
1812
3379
6179
6618
2292
269
7055
6607
1186
607
6570
2709
6504
390
841
4567
5346
2547
1048
2539
1357
728
3472
4859
503
860
5985
5107
2221
4893
4169
6509
3380
5348
1011
2035
17
3473
354
4493
6841
775
2837
28
5982
6979
449
2007
849
3636
2857
2170
4339
2238
7040
5483
6785
4349
3598
4645
6482
5475
1761
794
6744
540
5733
50
170
106
3560
802
59
5359
4608
1566
4183
2935
3504
7081
1141
5803
5008
130
2707
5320
4500
4879
6515
1764
747
5643
5212
2248
5141
3669
1687
2227
3929
4582
2495
2323
4365
3883
1590
1789
1293
4817
5662
974
463
590
7118
6596
1231
2756
148
1142
2203
1779
6884
6605
3076
6491
925
3947
6660
2810
6628
2181
4460
3870
3348
4591
7009
1082
6406
5022
6082
5715
3435
5277
468
3510
6950
2185
3501
5629
6792
4467
1611
883
2148
5406
725
2090
6438
6353
6788
6434
1307
3420
1510
5580
126
3579
550
283
6959
2105
5145
5402
317
5369
386
2219
4659
1202
1606
3393
2654
4550
2915
3263
530
385
12
197
3149
5815
2615
482
5755
4861
3798
4408
97
1492
6078
5961
2218
4911
5734
6587
529
3688
5701
5840
4614
882
3896
6745
4333
3033
124
444
4537
3043
3567
1585
6005
2728
1271
1395
2429
2498
417
1948
5413
4436
1559
4516
1523
6015
1600
2930
125
1366
2177
511
