6648
395
1954
5206
1614
5966
1879
5975
2145
4468
4723
3140
1442
2603
1384
2617
3057
9
1417
6003
2332
4476
1781
2135
5841
4372
1933
1924
42
369
3561
2796
1717
4317
6043
1918
4020
5170
2581
83
131
3183
3890
2349
1428
3069
5227
464
5085
3849
4253
1088
6832
4457
4552
2644
5258
5064
5246
2056
2880
6279
6213
138
7049
5672
5415
4205
4818
6752
4119
1817
6646
5382
5134
2437
861
2200
4597
1673
3600
3817
1352
2503
2005
4852
2491
5683
136
6707
1925
5750
4743
1898
14
198
174
3850
5313
26
3177
2423
3938
5302
1181
5973
4370
4645
6032
2681
2353
5655
58
1834
4635
4837
3452
3656
654
1936
1483
1630
2041
6689
5140
6366
4136
1597
6806
4754
6025
3318
1599
2520
3823
1524
6052
5252
423
6054
1019
1973
3349
1523
700
1949
754
4347
5711
1967
2568
3302
1541
1068
2435
6926
2970
4618
92
4169
4116
1627
5653
7027
400
4975
4655
2659
4730
6791
4013
48
6002
7045
1547
4522
1761
5212
2606
1843
2378
7055
6521
1222
4130
3562
339
6063
2162
5566
5639
384
7092
7010
5733
6171
5263
766
4174
54
6335
6662
1427
4455
2447
253
1056
1511
5163
1601
2297
5916
5117
4050
3422
6194
5533
4411
1613
7033
6493
3282
3883
3380
1156
3227
106
2812
3333
1611
2064
325
2356
3956
2373
4156
1113
5354
5161
2782
3475
3034
1107
354
6263
1210
939
5848
6490
3440
6222
6692
111
89
3079
3465
1076
4527
3507
4209
3776
1393
1867
3421
834
2962
1453
6702
3921
4934
2827
862
5932
686
380
5268
4997
3870
6852
6135
2027
3820
2993
6137
3658
1010
2291
2985
1332
2959
2097
1357
3481
4701
4109
2427
321
888
1615
6355
1260
4221
6605
4453
6599
318
1730
1853
336
5961
2159
1963
3200
615
4884
800
2459
1013
59
5917
1985
5131
3762
2981
473
4667
4822
6086
154
5210
3551
5343
5663
1441
2312
1012
6690
7065
691
5770
2380
1767
4742
2244
3595
3205
110
4951
5169
3415
584
5412
4828
4826
2747
1257
6176
1683
4532
536
1195
5334
4405
4222
4973
6760
1206
4186
1299
5130
1017
1289
2494
3705
1639
5282
1987
5298
6693
6258
297
3988
2103
4986
460
6738
3618
769
2801
6746
2434
1439
4578
4400
155
1215
6212
1275
329
3567
2595
6027
6993
3385
4786
1279
3037
6640
4947
7070
1637
1564
1593
2070
5120
3760
382
4609
5585
6782
4178
2342
3013
4847
6969
1598
1003
1531
1302
4535
4315
821
6917
5828
1516
3518
2290
4549
5218
4126
5421
505
2150
6433
1635
3036
4361
2147
1081
2152
4859
4509
1743
1455
2823
1874
1638
4746
2772
3696
2759
2912
3323
4441
6254
4083
6270
4758
158
6542
7126
2532
2935
3867
5040
6264
1199
32
1152
6999
4766
5400
1788
4863
4431
1626
3773
6622
3775
5846
1508
6463
2891
5219
5279
6224
7028
3704
1818
4694
5586
28
341
6862
5569
5826
75
6620
3860
703
2282
2061
1928
4336
3721
5034
3673
4647
2112
1256
4735
2478
1190
5791
6861
6705
145
1873
3024
2040
1884
6331
2887
3953
1308
2806
2270
4691
2599
3172
4612
6607
581
3957
6505
5429
6432
6983
6742
564
96
470
626
4512
1394
6611
5316
2138
5864
281
6138
2341
4696
3643
38
1538
5307
2358
1819
6827
3544
5737
1036
4757
2285
5926
4183
2907
4572
3955
1782
2184
450
2272
5930
889
5575
4961
3648
3407
1415
5979
5652
5632
186
3683
6141
5189
2369
4598
4067
568
3064
3630
4015
3688
4312
2706
1765
2794
3998
1120
624
6774
1517
5086
1983
501
4497
4760
6337
685
4596
1610
3191
4410
5559
6140
4574
5467
1713
3041
6653
6603
6759
2732
2013
4006
4478
1896
5054
4799
1679
1143
1711
2123
5539
5881
4305
2634
3806
6645
2991
6880
2736
3152
3894
4971
294
2122
4587
3899
562
6424
6179
4035
5570
3279
6923
1708
790
4279
3048
6376
3513
3370
5798
1755
2965
6416
1845
2414
602
2300
4917
1847
204
5297
5563
2456
1780
159
4310
6859
3577
1940
2333
5207
2998
2726
5768
2367
2132
2058
4353
5455
6716
5802
1900
3466
3891
1065
2470
2235
3676
2252
3092
6668
5152
1558
6456
3834
2846
2111
4849
469
6354
486
609
2140
214
2766
5515
5627
3264
2321
4567
1723
6831
3194
1397
5565
3902
312
1286
1979
4390
5713
5668
1497
1422
24
6394
6097
6202
4290
2630
4540
2652
6131
3186
6771
5726
6601
1574
105
1622
3128
3098
4945
5568
306
2121
461
492
4342
5646
5239
6729
4805
3439
511
6127
6165
2583
3665
3824
4071
2116
6478
5880
3729
421
6966
3858
2258
2172
1238
3747
2499
4727
1514
1250
3249
476
1126
3259
1500
5488
6516
5678
1811
5201
6370
5084
1460
6593
3248
6816
6846
5139
2761
7146
1590
1202
4168
6518
1094
4376
723
4516
1739
7060
5970
4518
5456
4264
690
6344
66
6717
124
1836
3640
4634
5903
5506
4607
5300
1311
2079
6287
4171
3464
883
1927
2287
3196
4211
1098
1981
6050
6872
3826
3574
4648
3631
4265
7041
1897
2521
5657
5320
4242
2797
1198
6718
4600
3362
1446
3107
3324
5536
5235
6901
1507
6292
3040
6792
6454
887
4814
1103
6393
353
4682
3456
62
5367
1957
5998
1910
5228
7107
1435
538
6334
5175
5344
6537
5934
4793
3499
828
4099
5923
6761
6912
950
4729
3591
7048
1938
3161
6987
3602
3479
3805
3731
1726
5604
2128
2017
4207
5195
4699
6196
6555
1959
4204
5147
1095
1149
3686
3448
5842
1760
1106
2785
2497
4134
2273
1303
6606
1296
5654
5501
3236
4483
6874
6634
5636
2558
5014
5184
1748
4625
1961
2340
368
4232
482
3633
216
6805
4471
5015
6902
4060
4530
3901
956
3424
1855
6405
1766
4473
826
5552
1802
6732
961
3813
467
3910
3470
6753
1880
6663
619
