5669
5306
1203
6644
3919
5528
3397
4597
1673
5105
3975
5747
4553
985
6818
282
5837
2582
3346
4449
1876
1223
570
6635
2165
3261
988
5847
667
3836
4205
3262
5948
6769
4373
815
1749
5935
5757
82
7000
4721
1297
2048
3057
6043
696
7074
4306
2572
2820
3467
1367
4944
3714
6356
4036
2885
3818
1060
6707
2800
2145
6568
4399
7110
136
4119
6461
5492
6710
2988
4852
6357
837
1216
3069
2223
4066
237
1418
2245
3535
3876
6437
4262
4662
7123
2019
4396
5064
643
3777
1075
1526
2012
377
5996
5264
1261
4341
1928
5798
2439
1766
2692
399
1912
6877
1711
4949
2524
46
1478
6948
2510
5053
1596
2532
3563
3147
5631
5508
2665
3304
6618
5243
447
1709
6450
1622
354
5576
2445
5937
5368
2937
1308
30
3351
1234
2043
167
3218
6542
4381
1704
4524
3089
4864
760
2167
7092
3649
2591
5952
5622
5302
4589
926
5938
6581
4406
6473
1576
3768
4962
2911
5589
5041
1293
5006
1218
4541
6177
4038
1487
5354
2979
2261
4206
3417
904
3233
6306
3146
360
3650
3457
92
3257
1664
4955
2313
6065
5636
5000
3469
635
6074
3226
1563
359
2031
1306
5420
4156
6610
6741
4400
7029
496
1979
4176
6547
7159
1302
4529
6742
1728
3798
6497
3168
1052
6958
6341
6800
4775
1887
2401
2275
3367
6462
489
315
4222
100
5251
4461
3229
3742
2699
847
5726
5644
2798
3076
6631
4477
3106
368
3119
2040
1158
2852
4606
1277
4924
3019
5219
757
3505
3084
1609
6561
3474
3092
6713
6189
263
758
3874
4276
2889
6049
6968
4891
4428
5858
2480
2202
4292
3827
6894
6765
6239
5135
2834
3389
5642
3204
2194
4973
5108
1519
3896
3063
3958
4324
5649
5052
970
2298
6004
3115
3263
6139
852
373
5399
258
6295
5955
1280
1508
1127
5468
6027
5308
3287
6382
4777
2629
1139
6426
6091
4425
5079
682
6298
121
6517
4914
2373
1783
1222
482
6159
690
710
3707
6381
4921
4295
3912
4604
2294
6453
1285
6141
2785
3465
3067
3290
149
1687
2861
1001
6246
3760
4248
3375
6404
6535
4714
2058
3957
3686
1476
3898
4826
2253
1808
3727
5099
4460
4113
3868
2201
5578
877
2613
2172
6223
671
6865
2000
523
3556
6605
2833
1044
2949
1580
3298
4008
4084
2341
185
5256
5932
2736
678
5288
434
2405
862
951
2197
6849
7066
4185
6499
6883
5048
451
745
2928
6560
1354
7042
7004
4375
1260
6263
6803
1906
3526
5809
7083
5599
4273
91
5697
4938
1528
2809
3271
5257
1458
1465
3781
3181
2646
2931
274
1948
3427
3090
4005
4817
4025
4268
547
6735
387
6490
3291
2266
5953
7127
6320
2090
2072
5477
1557
4754
4517
5968
3440
1843
1471
2993
5700
2827
3512
1281
5320
2144
3924
4709
216
4493
1738
241
5530
2114
725
313
2656
400
2142
3542
1468
5913
4684
2206
1114
3307
118
1200
3286
2636
6178
3655
4177
1666
1294
505
3637
6107
5010
260
296
3738
1741
1567
5771
4907
4715
3803
7050
1804
2667
2335
2934
1763
2327
719
384
6361
4559
583
2772
2793
3966
6755
2595
6194
2626
6836
1378
4028
1195
1533
6897
2845
4274
2587
1357
6764
6173
6374
6078
2304
805
4199
1955
4607
6325
5047
4101
587
2991
5080
3601
5036
4904
1769
705
1065
1346
7055
915
1071
2865
290
2601
465
4908
2548
442
2348
4488
2887
350
3177
1084
4256
1712
5624
4554
1397
4478
6915
730
3626
4703
316
5229
1109
1721
5963
939
1627
3604
220
1192
3274
2354
5712
6629
4257
5562
4853
130
5730
3404
2026
1641
1380
6659
19
4861
1836
6257
2027
4045
5017
2624
1901
4260
4387
2608
5157
634
6488
6957
1041
6114
2182
4971
704
1329
6940
4170
1986
5187
5675
6596
5859
2992
7043
1597
390
5961
4594
7163
681
1985
5632
6956
3614
84
1696
1184
1189
3574
3554
3292
6809
1080
248
3544
6965
253
6170
6327
289
3675
3992
2816
2116
6240
6509
5113
403
428
6005
6364
5146
5335
306
5731
1619
5235
5500
79
2353
3680
4836
3042
5898
4410
6941
5876
2008
7018
4778
1957
455
921
7154
1470
5580
3730
6947
2385
844
2527
3733
4822
2204
638
5931
3647
5443
1513
3185
2106
5833
4417
6092
2262
1248
503
4835
4917
3331
2009
6466
4237
983
2638
1064
4455
298
5330
5279
1313
5009
5807
3398
5348
5267
3379
5756
6571
2631
2946
6675
6061
5285
1412
139
4896
3663
6597
159
3401
4006
2884
2640
5233
6531
7012
5681
1628
3243
2915
5205
1756
3668
834
4086
4747
1915
5692
1978
3202
2600
6699
3044
5076
5869
3217
3628
4905
5448
3508
2334
4143
6129
3192
3254
6693
375
4259
1310
1133
5993
2803
2193
5323
3022
4937
211
1760
4364
6541
3018
5208
6089
2435
4694
3035
3099
3956
119
3297
385
3248
1290
5035
5466
4693
3828
2980
5370
2191
1320
6925
1695
6176
2731
4126
4305
227
1631
3527
4215
5122
5040
4208
5115
2985
7122
6653
4528
1099
5062
5387
4415
2558
1340
2965
3242
935
6623
2239
2932
6087
4423
3973
4819
6202
5274
6294
2420
386
1128
1848
2766
3627
2869
1351
6590
3523
6398
2912
1587
1251
562
3275
1493
1971
6109
3448
5795
2817
1629
4725
1601
2100
4299
2754
4046
3339
3651
4580
2055
4193
5826
2589
1197
6312
6167
3396
3954
506
1972
365
86
6789
6072
2782
529
5124
5629
2458
832
1068
3220
1311
6526
2976
5914
3562
1981
462
459
2422
3565
7101
4133
3237
7095
1011
5069
6304
4354
6923
5717
3765
3608
3319
6881
25
7148
1724
6539
3135
3360
6685
6733
6937
3486
2935
4704
4298
3877
4731
4761
6245
4239
59
6066
3822
2464
3933
7130
5406
1363
3696
3312
2923
3605
6256
195
645
4868
3541
2188
3178
6688
1366
4720
6736
61
4647
