367
2690
2135
6769
3532
6106
2067
104
1122
5365
6119
1367
2551
3893
5272
1372
6410
4698
696
5550
5687
228
4688
1582
2890
6818
7123
1443
5136
4399
6400
3183
4280
6244
2021
4004
2820
5227
3558
3397
5085
2744
6132
1640
2503
3802
3952
863
1625
4201
5247
3140
5092
3244
2880
6763
4363
6974
6665
1365
3316
2868
157
5064
2145
5620
5105
4040
6248
6372
3175
2974
4501
3303
4383
2854
2951
6193
1777
3387
4255
6284
2366
377
4217
2955
6145
3487
2259
478
2310
6858
3552
5439
742
3714
6073
1136
43
3012
6639
84
4063
7
1484
5412
2499
4770
6730
3155
3313
6662
2055
5372
5057
6779
3255
2771
6154
5088
3060
446
1126
5288
630
3515
6675
2776
4203
5845
2315
6347
638
5354
6001
3023
3135
6854
4516
1824
812
1451
536
5187
3721
947
3614
1338
926
6338
923
3581
4336
2278
5879
5483
1403
3947
1998
5853
1459
2434
2831
1396
2271
6877
3677
1633
5003
1901
2028
2092
2473
3666
5191
2773
6498
6363
4163
2207
507
3449
546
5123
3213
1068
4018
4725
3964
2502
6188
4429
6736
632
1492
4227
3640
4134
3273
3811
945
5787
647
6134
5331
4245
1067
5543
1162
6921
2399
3412
6517
1903
3665
3772
3926
3809
165
5607
4529
5192
3314
2074
579
6720
1205
489
1647
511
1815
764
5895
4375
2897
5604
3288
2209
4001
5502
709
3653
2132
5953
3933
1970
6468
7143
6953
5352
3103
6089
7094
1082
6709
637
6048
1583
1732
45
510
4389
2493
5321
5430
1865
1058
1059
3748
5749
6211
5716
3801
6772
3731
5559
2382
5713
1724
3370
4017
1293
4994
6417
5129
4626
818
1457
2058
3922
50
2419
4287
3468
68
6491
266
1513
4615
4930
2462
4951
7006
1038
2031
5631
29
4582
4832
6611
7109
1524
1967
78
219
3881
2133
1775
5916
5698
100
3905
289
4082
3843
5047
2762
5444
1665
4062
596
6173
467
6393
590
340
6927
3670
5719
3392
1712
3645
6632
4140
3315
2954
4636
3529
4731
6539
627
6022
5971
4749
2583
5962
5445
5786
5525
1386
2586
1463
6904
3750
4858
902
1328
1437
1831
7126
5650
2785
1506
6988
5706
2774
6521
10
571
5915
3687
5025
544
6317
73
4076
6311
6334
4284
5179
5054
2385
5776
3586
4907
3440
5131
2113
872
3895
2853
3694
6770
6242
6092
2336
3292
3735
4851
3152
2069
3649
2715
2105
2179
2356
4673
2861
439
2900
747
5745
4860
3139
4565
2367
3499
1130
4938
878
6970
260
4364
2369
4157
6285
3704
109
5520
6926
963
3920
1910
3973
5467
1591
4508
6976
1504
6579
54
6656
773
1736
2246
346
5625
4291
3396
5121
1356
3872
2463
1042
6753
1578
2444
3169
6652
1738
1017
2706
3862
6273
3637
822
4932
668
2595
1271
1989
5041
1225
4863
3281
4842
5859
4668
2006
758
2529
4556
2948
3027
5114
6999
5334
5772
6643
2952
525
5572
3453
6288
1377
4710
6293
6732
1476
355
4254
2932
6615
3593
4311
2963
6689
3306
3884
6364
7068
6271
6790
7002
179
2535
2618
6805
4243
3125
4855
5395
728
1808
618
6500
1240
2275
3256
1007
2235
4149
523
1983
2022
996
6053
5582
2157
900
5629
1185
1920
1176
2384
6230
6428
6306
5339
3414
6406
3450
2532
6198
6743
3324
2620
5894
4539
2130
6157
2225
382
4298
2933
3010
731
1667
686
23
1766
3807
1087
5619
6170
6624
3822
5702
2190
2769
3605
5918
5664
3427
6174
6245
6484
3266
5167
6599
1943
851
6020
1164
283
919
2299
3381
2125
4218
7101
4033
5022
3539
1752
4633
32
3021
4083
1
3211
3512
1686
258
342
7150
4504
77
582
2261
357
6951
4143
6105
4590
6718
4370
5831
1097
5028
2525
2267
2609
6340
608
3500
3194
2013
754
449
3284
7084
4847
4720
4620
1005
6581
789
5486
4794
2350
4853
379
4895
3488
6289
5405
1084
5585
514
6291
1078
6408
4914
5277
6237
7008
6079
4417
4616
5141
1969
1248
4550
6071
6024
3518
6324
270
4854
5965
1229
1769
2791
3336
1050
4608
173
4913
4005
4297
2334
1651
4469
7038
1305
3148
6680
1310
7059
2748
4799
6559
225
33
2212
4663
4130
3011
3019
839
2962
3052
6845
4771
3984
1193
1843
2290
5132
1182
4572
5636
804
4256
5516
578
3856
5196
3827
472
1211
2967
5475
3456
4792
2878
6490
7077
3160
6907
1244
4800
3300
2348
4420
5539
5117
3840
5283
1140
1465
1653
3002
424
6957
5980
5238
4975
5098
3531
5386
3921
1987
5784
6164
1976
2935
5244
1113
442
3354
1143
4232
5584
5599
1281
5563
980
2136
4903
4487
5905
969
6110
182
4072
5771
2718
6626
2297
4172
3454
6578
1222
5724
3219
3283
3171
1156
4617
4513
3432
2881
5692
2027
6833
6738
5939
3293
5522
6893
5936
3320
3046
4002
3014
6352
5641
7095
6249
2899
5417
6773
4602
437
5145
1051
6421
6128
2550
2742
6179
2143
1552
2
4358
586
2144
5161
4684
3335
12
4549
6631
5440
4053
5400
2749
4592
4314
7041
3504
7027
506
3784
5555
3860
1358
6660
6054
3932
6775
1434
6580
5883
1218
1239
5074
6322
2011
6836
2489
3022
4643
1153
6086
990
2003
4600
5367
636
1125
2961
992
4109
284
2633
6960
5242
641
3769
1073
6705
2329
5250
895
2396
5689
2272
407
5836
1704
3854
3929
938
455
5072
5886
6784
5924
238
3017
3107
6191
4887
3757
1709
4955
2128
6307
5106
468
1391
4204
3734
1719
120
4962
5594
4322
4003
3790
6950
1101
5914
2766
6138
6267
2106
2086
6026
1215
296
2433
5610
3953
6716
4454
125
5813
3563
414
1151
3308
5154
3723
463
6135
2222
175
4240
3542
800
1892
6165
6217
247
6965
4349
1341
4442
1439
1471
939
5362
748
1548
5509
6102
513
679
6783
5728
1385
1502
4894
4059
1199
5688
