5966
539
1334
3096
6400
3846
4321
2885
3029
5837
5024
5447
1236
1433
5683
5136
7007
4723
4990
6358
1423
4845
2042
262
448
631
6377
5317
553
6343
7026
1246
2866
4205
7052
4818
5083
3069
6459
3105
936
1648
7035
5105
4210
5030
2310
3246
5999
3787
4722
4255
3222
3714
3088
144
3000
4216
5058
1879
2067
5588
1345
4457
4646
2523
6551
7161
3175
5912
2021
6183
1154
1372
570
6185
4638
4954
4394
1381
1792
3478
3566
2508
6219
1355
3487
4979
3818
2173
2955
3915
4306
4944
2657
1443
1526
3196
3687
6199
1738
5981
2347
7081
1029
626
5612
3547
4423
6609
4055
7032
2858
5724
4640
3903
964
252
779
7017
849
1714
2968
3973
3304
204
2505
44
2296
6990
4473
151
5169
6996
4009
2167
4051
1116
5333
1774
3439
1568
3247
2183
5704
3541
4331
3742
4656
2740
5338
4531
5038
4784
1639
20
973
6428
6100
6367
3974
1603
495
6257
5108
5431
5198
1733
5727
3773
4986
5457
3463
1610
5427
1347
5453
2253
2045
5301
1856
2480
5710
364
72
5352
4490
6290
5910
257
2732
1247
1958
1172
1133
2736
5803
7108
649
7073
839
132
5540
1760
4843
5696
3185
3471
6746
3200
6942
6881
1537
5726
653
1558
893
142
3281
1917
5951
3364
6083
2196
6009
1505
3497
1149
4318
6754
6001
2662
1949
5047
1327
3419
4813
1076
6941
70
5432
1136
1883
91
5026
1119
6124
6675
1153
3157
1398
1635
569
2864
6133
2279
1309
69
2378
1376
5426
4376
2093
5277
620
327
1631
994
4850
1588
5664
2033
754
6965
1706
5650
3318
6188
1937
6075
2571
4505
1117
453
528
30
3705
2624
6030
32
5518
452
445
3480
2113
3456
7065
3093
899
581
1350
5543
6944
5822
1450
4320
3400
449
223
4388
1190
4794
5213
5458
558
6258
2328
2289
6120
3023
1121
4617
5500
1145
400
7098
1799
4249
5410
2759
5224
841
4620
5660
3237
6668
1825
1929
6404
3073
628
656
5860
1793
4173
1921
5719
919
3969
3860
2847
634
5635
3941
5931
3537
6677
6833
5512
4829
762
2542
4214
5973
4603
2489
1939
3932
3682
2251
7051
847
6252
5391
7069
418
6945
4976
1436
2482
1686
1719
5680
3491
6430
4895
1140
6278
105
50
4554
888
6064
4840
5770
1565
1600
1835
3996
6884
5993
4357
450
2723
1960
1712
3391
2448
1080
5593
394
6140
727
4466
6448
2978
5334
6250
3117
3258
1728
1005
3256
6719
3286
2512
2769
4682
1731
2982
6123
6281
3219
1035
2620
415
6745
7084
6101
5968
6523
6556
1141
7163
5101
2659
3551
4177
2726
917
1787
5497
3407
6506
954
4920
3048
1321
476
3342
2415
932
6225
461
6419
2434
3732
3229
4475
3493
5350
3296
2808
1400
5936
6537
1675
4206
5668
5287
910
4739
2290
1494
2932
2822
1255
383
2983
5114
4958
4872
3896
446
4877
5
5094
2669
1162
1908
1229
33
2517
1322
2002
809
320
4161
4065
6142
2760
2202
6717
5933
773
7059
735
948
4128
2963
75
538
5238
4777
6684
637
6222
3753
7095
728
3065
1510
431
6226
5709
7130
682
3150
4283
3917
850
2288
4073
838
5320
5637
5137
1004
2389
4763
2147
310
7027
6336
3127
6098
6288
6190
4039
120
6403
1511
952
4015
3946
2455
3243
2362
2364
6782
662
5760
5290
3149
3337
6115
7025
4346
1344
4948
3024
4017
4453
6703
5328
1221
6215
1224
4252
379
4851
3315
5363
5570
1910
5448
880
6353
4172
577
4806
454
2528
3504
4148
2991
4904
4147
5310
6970
991
4222
6750
1473
784
1218
4238
1286
5347
4746
4215
822
5194
3752
3951
1023
3834
4463
6160
109
2980
4791
859
1457
6545
4932
629
6691
3885
3629
2420
3269
6994
3284
1819
2704
7133
6913
307
1810
341
4713
6791
6614
7148
4418
6291
5865
1466
3943
2061
1130
5795
1177
4982
1542
1804
691
1074
6660
5341
608
2684
3968
345
6526
4665
3575
6505
2299
4291
3270
678
7087
6137
4936
1261
5632
3927
3434
3276
543
385
3828
6088
5060
3708
6592
368
5789
6384
2934
3767
6334
3350
2234
4095
4894
2338
499
2388
3367
1895
5729
3072
423
2507
3764
4543
2877
4512
2857
5396
4783
1064
725
5544
3190
5379
1176
2102
4056
2981
738
1584
2154
3675
4386
3128
3481
245
4622
1461
2342
5737
3636
3522
3234
5196
5534
889
2781
4212
6632
40
650
860
366
1771
3369
1296
6018
4074
6600
3045
3706
6661
4509
1043
4078
3724
2069
2824
6374
5346
1982
4268
1415
6347
2917
2392
805
710
6790
5793
4069
2502
3366
6821
4415
3085
405
479
4053
1039
2829
2225
5178
6765
1834
1633
183
3241
2381
4835
3821
10
346
1304
215
5549
6168
5096
3642
2689
5053
203
2302
2229
4401
3769
3098
2
5898
425
717
169
6548
2883
1767
869
6049
5081
701
895
467
5961
2837
3430
5859
7077
6156
6736
1798
579
4439
6983
66
6415
2209
2478
1168
3626
4690
3349
3609
3301
2214
956
6179
6615
6192
3192
6318
2884
6943
2579
74
3845
4197
3306
3707
5046
2949
1058
3365
6488
4503
6091
351
2337
665
4336
2531
3186
1312
5395
3820
6176
1158
5749
2188
3260
4192
5372
46
343
2598
5367
1496
2340
4995
334
3622
6969
5048
2862
0
4199
5130
1021
1096
5559
6454
5430
1830
4116
244
635
2950
3506
756
4633
5140
2122
5556
3829
4564
1627
5572
2230
1968
7031
357
3783
693
5568
3572
6998
2677
1093
6373
4378
6269
6986
793
1808
3132
4312
4884
5772
1491
2104
3374
5007
4085
4836
6096
1503
5499
5969
782
2075
1699
677
3508
6002
6976
4358
1756
2695
2712
1454
2755
1906
5695
1581
5519
2673
5945
2912
4156
6450
1851
3437
6549
2940
2166
7029
2011
715
597
1605
2897
601
4245
912
4179
4186
6087
