1203
2572
6099
5989
3532
5672
5808
5901
3552
4399
5206
374
3919
237
3377
4852
3983
3849
807
6235
4440
4027
6106
475
3116
3069
3817
135
3561
1640
539
1735
4722
1316
4916
2365
2523
2005
1861
2259
5975
1655
4830
1163
6910
4560
2929
2224
3294
817
3890
5861
3143
4627
966
5215
936
5676
7056
835
4734
278
1879
4838
4253
3739
4363
6214
5966
4397
6161
2905
4987
6905
322
2109
1135
4954
7000
1490
3310
7074
371
3104
4465
4180
2854
3644
6551
1582
861
1621
6279
1365
979
2173
1858
3051
1132
5827
959
1720
6137
6738
4080
6867
1293
6565
2864
56
1182
867
5582
776
4316
459
78
1280
112
874
1588
7016
4958
7131
4624
6359
1289
4075
5807
1677
1628
6027
414
3852
173
5301
5796
2191
4750
2786
6926
398
3503
3737
4419
5190
6714
1256
388
5043
2913
6308
3921
2915
650
2460
230
3807
4115
7070
2994
923
5829
6382
3700
5255
163
2525
4447
869
2036
1123
4928
4311
3851
2458
1586
1461
3888
5633
2468
243
1427
2452
1287
5335
5423
3793
5296
301
958
3822
6916
1092
3589
2642
5597
5197
2837
1273
4267
6278
7136
4414
942
5748
673
5744
4792
5159
6537
614
2116
4485
470
4494
71
6657
3886
4097
2554
4480
3665
6473
6932
4640
1802
7088
1895
2008
3606
333
4819
4879
4562
5416
266
3317
796
1543
1265
4992
6519
6047
3660
1276
5882
871
4309
3960
263
6241
1555
1067
5846
5592
96
3466
3500
4793
7025
2325
4623
3165
6362
1463
5768
3218
5090
6000
1667
637
1932
6833
6541
1610
5040
1766
2975
4204
6130
7150
5135
1119
2834
6189
6028
1405
1326
6595
3681
3084
6968
6615
4585
5162
6580
6618
66
2006
6081
5817
6392
4505
3006
5543
751
2983
3722
1027
3875
3673
1623
5821
6110
707
5356
6637
1074
4062
4727
4785
2964
451
3578
3872
2998
5417
3347
6578
2254
3659
919
1522
970
232
1160
4114
1024
1760
5855
241
7090
5172
1798
4018
2466
4199
3648
3543
3147
155
4686
3421
6220
4790
1245
4179
191
4933
1660
6022
6182
3125
4258
1
356
563
5890
1691
3621
1791
5506
447
1565
1550
2241
5307
6498
2435
1992
1842
611
4615
4899
6327
337
978
6739
1007
6289
5711
2316
977
4391
1857
5785
4762
3726
6628
3082
1362
5874
4598
2214
883
1501
1512
1705
4067
3669
6019
6048
7099
2584
2652
939
2239
4111
5208
1723
2418
2583
483
1270
5017
413
1995
5918
6133
3994
1482
688
3192
3460
2154
1389
5442
4261
6522
5050
6594
5971
5270
91
3972
7022
2192
1481
1874
3591
569
5973
5610
7092
4964
4783
6134
2804
416
5369
482
149
4244
5054
3200
5563
2939
1446
4681
636
1853
6800
903
445
1848
2115
1552
6380
852
632
2777
4259
3724
3992
1458
5186
3937
2333
1487
2794
2509
2599
5903
5771
3980
831
802
6634
4682
6704
3355
1039
4716
3191
3557
2360
2045
2701
6642
4026
1966
7057
3264
6906
6426
3630
4932
5123
4448
1618
7145
2961
1533
216
6215
4482
330
4270
4738
3596
4340
2170
1532
1790
705
3444
5350
4948
6852
3234
3156
2454
1594
3220
4149
846
6915
6775
5482
40
6664
1393
6566
5309
7085
6836
4777
3366
1054
1425
5253
991
3551
4676
7084
4143
4074
1774
6712
5490
1099
2788
4152
5238
3059
6042
383
6379
1105
1597
3905
3756
2698
6032
5497
567
6891
489
2352
2962
2288
6070
6563
6861
731
6645
4981
1960
4428
465
1731
6483
1854
5281
5701
6570
2705
2506
2692
604
3154
4263
2314
508
2028
340
2882
5798
7069
3302
92
994
1716
5969
4770
1410
5998
240
6294
4528
5810
5094
3575
5954
5864
3388
3241
2287
1926
2991
3471
2898
913
6010
2065
23
2513
4654
960
7008
840
2185
585
2272
5857
3311
4239
5960
6261
2895
1452
7077
2934
3857
4616
1657
4549
2945
2714
4707
5106
7059
2196
271
4982
1328
50
7030
4893
5167
5048
6373
6845
6816
2919
1856
4908
5080
1945
6810
2049
7121
4831
507
6451
4594
5686
3443
84
6951
4276
1161
4906
3570
4191
4382
944
2665
5891
5240
5778
6170
1460
6446
5068
2923
3692
2250
5009
6757
6404
3135
5515
1432
536
3922
2817
3158
67
3020
2884
6201
872
1107
1157
2356
6091
2982
2027
7127
790
2298
6554
1592
2233
2727
2627
4252
4477
5288
5101
1277
3339
275
2082
6142
4769
3398
6429
5854
967
5938
1004
4705
4988
6303
3834
2163
1740
704
5845
7054
359
6869
1807
1016
4466
5493
6020
270
4951
4137
752
485
516
6977
2217
5512
10
3616
6302
5811
2992
1485
5363
7133
209
4181
4559
845
4977
5390
2377
3077
256
1617
3706
1408
5894
1765
6054
6460
2754
3381
6389
6743
3039
4227
4946
5569
4043
1068
1666
3525
1227
6786
6017
6518
5593
3768
2011
523
2757
4582
2978
2845
575
649
2824
4237
2341
2273
202
4188
2229
7004
3456
3113
3788
4377
4044
5074
6319
6886
5963
1483
6749
6984
1023
3342
2046
551
4983
7144
1920
3629
1724
3148
2384
5248
4338
142
6805
5709
406
2432
595
6856
4406
1538
2340
4297
4539
2382
1821
3509
5457
2068
6607
3780
4866
277
5836
5445
4998
51
5291
6390
6269
5618
1329
6197
3883
6827
4531
283
2225
745
5707
1593
361
6936
5380
5604
1615
3177
4808
832
4851
6375
426
3762
6277
2527
1283
4156
6741
6899
324
3945
7050
2190
137
2431
5319
3117
4949
2202
2965
1971
3593
2347
5651
5218
4812
7126
4336
1832
4279
6678
2586
2950
2061
4195
2084
628
5897
4175
2308
1812
5419
5608
2342
2391
1010
853
3603
2007
3267
87
6297
5719
1878
3322
4972
2969
2576
638
4537
2000
6606
7146
320
3050
6824
6366
2967
2808
4601
2050
4045
3588
1232
2467
552
2197
3998
528
1043
