2223
4321
1762
6169
3129
5901
1223
5507
4552
1110
2488
4664
929
3029
2543
5588
3625
4807
262
1122
3981
2514
5415
3787
2663
3661
3433
6763
6905
6235
6244
438
2245
2274
5866
5528
2195
1803
2658
3116
1861
3346
6259
605
3180
5746
4007
1216
2565
102
3566
2955
7096
7089
3646
4733
3846
3714
4533
448
4231
696
1673
1781
3244
5058
5847
1632
4302
4501
5085
2257
1352
1648
1236
4689
1154
5948
553
1954
3118
5306
6299
3709
989
4926
5206
742
4683
3983
1749
2067
371
372
6646
5808
6524
831
5604
1033
1030
3287
4028
364
1976
4841
1940
4246
1064
506
4740
2681
5109
2386
1483
1807
3947
849
6835
804
2404
2680
3578
4461
6413
4086
4543
5784
1668
6127
4667
7145
456
1141
497
4241
4539
574
1027
4384
223
3025
4147
2454
7133
2308
1273
5141
2458
5440
5267
212
107
2994
3875
1952
6222
4917
1332
1555
3945
1821
1180
6154
2468
6898
3396
3712
1746
312
3527
76
5364
195
3067
6778
5384
2139
1380
5419
3678
1091
3475
3324
3365
757
6221
1831
3673
1567
761
6719
2081
392
5882
7147
3062
5633
6819
6305
1662
1191
2427
4524
5831
2317
6455
3040
1756
657
6141
4466
67
4808
5327
6058
6
4111
6173
4104
246
5080
1035
6291
75
4668
1290
6680
5625
6286
4243
5354
3374
2014
2118
6114
5711
1326
6854
5957
2281
920
5201
3136
7038
6271
1205
2369
3922
4480
1460
3895
4212
2692
4204
5565
1854
2650
2456
2069
6634
1215
2075
669
5129
5855
2426
2579
2742
2010
638
517
1103
6147
1939
3758
3924
2467
5610
5470
5667
946
5278
2537
3606
3627
2004
6678
3796
4292
3402
3628
6814
4573
71
153
1616
2697
4894
1487
5072
3926
7132
77
5631
5330
4149
180
4133
387
5734
5333
2315
161
1923
1788
6231
5151
2779
4659
4187
2671
1878
43
4441
4408
7135
1638
6912
7146
5244
5010
492
4511
1004
1843
7051
5756
1562
1528
4277
1438
6171
3667
1322
2788
4493
4199
4758
2464
3648
4000
5783
2070
6272
1025
3198
5719
1895
471
5602
7097
1915
703
4209
5677
611
3768
1310
6789
758
2089
4233
1942
6273
2356
6927
5029
331
6767
2483
1669
3874
2249
2687
3052
6958
1472
5790
4260
1580
3508
5250
3493
1455
3672
3956
4113
5480
7100
5361
4687
3953
2707
1258
1019
6612
29
4891
6573
769
3002
2780
1404
1086
6228
233
622
1118
4412
3354
3900
1259
1137
975
203
5517
3207
6451
7137
2159
5812
2823
918
1491
5144
1233
3830
3608
734
645
6456
36
1461
5157
1280
5158
3872
2122
318
1301
5513
777
6546
1094
2091
5695
3858
5113
1089
6968
1613
6067
2573
229
5755
4136
5536
4802
0
139
7134
6452
1009
6267
3921
4793
1031
6649
3829
4856
571
4388
4615
1599
1552
2103
6430
4101
1626
1350
3798
6674
156
5483
6203
4161
4724
2001
3650
4809
6129
6757
6899
3170
790
5270
6597
1945
5216
3349
1013
31
6072
3277
3614
4905
4652
3684
3624
4382
3642
4889
5100
167
2457
5352
1778
7122
741
6756
2262
3072
1041
4469
5456
2550
1250
727
1378
1212
3781
284
4556
2961
653
5589
3931
4590
4847
2085
1780
2500
2474
2716
1763
5679
1871
4019
1112
5660
4051
2706
7072
3061
584
84
5763
168
1468
2634
1130
3942
7005
1928
7085
3814
5160
2807
1226
1413
5425
7095
4899
2616
3726
5117
358
4586
3392
2809
6029
52
1558
3669
7101
4058
4194
5032
766
6888
5357
5015
4678
6364
4708
1157
4042
4116
3660
3253
1070
86
5265
560
5424
4831
3840
3299
7082
6347
3946
5752
368
2209
1775
1416
7149
5802
6494
1341
3949
5592
4914
1255
4488
987
6246
4282
6907
3020
6464
892
1120
3378
2339
3219
4424
719
5395
803
5576
2422
3979
2910
6120
2065
2412
5655
5179
6251
6359
5054
4515
1605
2836
4195
3764
4701
476
524
1182
5124
5811
5194
7109
1119
4762
4496
2328
2448
775
6881
976
5806
6135
2639
2889
2507
4083
6046
3199
1834
5798
2338
2505
5508
1545
2162
3819
4061
639
3526
257
5986
1533
5862
3448
5597
2312
4516
1003
4786
5615
4183
4269
1531
6446
4587
422
5603
2895
242
5383
2087
1619
5290
1387
4725
5385
3562
2805
1947
1912
342
1054
4800
1604
1593
5519
2913
6811
1227
5371
3603
992
2520
5386
5779
6780
6686
4451
786
2327
3142
2835
610
4788
2340
2944
2053
6255
2968
1827
1469
6163
4437
6806
809
2210
4242
2371
4186
2016
5818
6037
871
3795
130
2934
5350
6021
1790
453
3022
1237
1323
5511
1252
1812
6916
6739
5796
4208
5051
165
6884
3528
5185
5112
7040
511
7098
935
811
2869
397
5379
4685
2401
2593
4272
424
5437
4884
1172
5217
7071
5200
573
3113
2804
3927
5705
5814
5442
3218
5980
4389
5593
5312
1139
265
5927
3918
5461
5619
5046
5845
2862
7162
6513
289
5469
4999
6472
5925
4467
7011
88
5409
6280
1585
1045
4127
4185
2750
5629
6645
5973
6894
3486
5271
6172
6650
3766
998
2268
3705
5827
5033
2785
4558
4392
6354
6110
5792
1857
6705
2243
4549
4767
670
2359
2667
2414
5421
2771
1650
2719
6550
1965
2826
7004
4240
1850
2662
2466
7079
5869
939
4866
2859
878
661
4951
2844
5794
2562
1643
4781
3037
4165
818
1375
5815
1760
6184
6215
890
1008
782
38
5865
2661
3089
6989
2883
5579
1755
2745
5722
2346
636
6466
4971
4327
4775
1467
4972
5242
5273
4591
2167
6315
1
6522
4044
3185
5199
614
912
6157
3682
6108
3809
6846
4041
5155
3806
4160
3206
2709
3300
792
5713
1456
3416
4928
590
2990
37
3380
1476
4957
11
842
886
1020
2960
2524
4778
4301
85
4298
2669
7062
6188
6529
5785
3511
619
3117
1166
5049
1293
2933
6158
6122
4247
