4446
1690
6527
1868
6372
1813
4317
2149
5234
3709
5373
6866
4956
4280
6707
929
2890
4491
207
4394
1088
5507
1520
605
3316
4223
475
4756
5616
102
3377
374
5861
443
4780
6357
5366
2393
2854
4205
3397
3791
1994
3244
5105
6193
3739
3332
429
4862
4944
837
2491
4253
3262
6284
1263
4004
1781
2644
6003
432
6343
817
3952
2134
4255
3387
5176
5136
6279
835
131
866
2156
4355
549
1269
1110
3836
6235
3612
3346
4262
3890
3145
4753
5272
2052
4990
3363
4597
1582
5750
2310
1382
7160
354
5727
6300
2498
5406
5349
4797
5180
7108
4648
2632
3217
5797
2148
2952
1502
3413
2399
3918
1834
1873
2580
3922
1056
6246
2798
3299
4329
2143
2442
2630
4652
6041
3730
3684
44
2248
1184
1197
2269
3857
726
2605
1957
777
3749
4319
1838
5894
3728
2585
4024
3845
4859
3604
6938
148
4025
4555
6302
296
5777
6312
1665
5156
4212
5196
4044
4903
3235
6853
6375
5035
617
5466
5146
2179
2758
4043
5604
3079
5029
4488
2123
4778
3033
1927
970
5674
1974
4834
3688
1829
5395
1578
4929
2417
5081
1181
5531
6848
3437
3609
2017
5397
3308
3060
5442
5411
1243
612
3904
2889
714
1084
2439
6338
3676
3829
6613
4869
4116
3477
5660
1563
7039
894
2197
5249
4354
1264
3001
6547
4623
732
229
5342
1095
5589
1185
2496
6500
6944
6512
6166
6705
3925
661
1981
5396
1369
6366
5013
3866
5927
2350
4254
3841
3522
1759
4322
6545
412
1701
4291
6805
4884
1743
5303
3287
771
3855
7064
5423
2293
939
2506
1953
6628
1866
3295
5922
1385
4854
4896
5175
1769
2947
2044
1939
193
4616
6455
5921
2740
232
2729
6282
4094
6238
5082
593
1311
4492
4256
2667
5135
4074
2390
5796
1333
3074
1079
3527
6072
3270
5930
712
6992
3560
4519
4626
4846
599
6697
3289
3914
4809
5099
1745
7159
1530
1708
499
455
3427
6574
6597
26
7048
1319
1098
4874
244
2505
2231
6814
6468
4326
454
46
4939
3930
5970
4104
5023
4000
1718
5718
3767
1758
190
316
3847
6583
4563
1346
3371
907
1335
6801
2694
5748
5456
3247
611
3472
4259
1676
4628
7124
1547
508
3225
2809
577
2302
326
3163
5453
2404
184
4568
6309
5387
6509
4266
2470
1290
477
1149
7155
2158
5776
681
1257
4602
5551
6565
6930
2615
6296
4400
2577
126
6615
2964
4261
2934
5926
2537
3865
4970
572
328
6364
1531
6079
2555
4613
1535
164
2970
579
559
22
964
3932
3648
6629
226
6403
5263
2383
575
1160
2799
3789
416
3821
4370
3656
3293
4308
2101
99
5326
4083
5925
6634
790
4176
2829
7030
2840
1368
2662
169
5337
1051
1199
2696
3521
4276
5679
5778
3165
5806
3113
5752
6653
6829
3512
759
3201
760
5251
6977
2196
7134
3136
1096
1031
2560
4754
5393
6865
392
3754
3240
2353
1415
4787
1215
204
3127
5265
6155
1629
2698
4374
248
1484
7135
393
1688
3986
644
3897
6396
6184
5237
1296
5022
2150
2562
2329
5952
2763
1466
6389
4729
869
3686
2510
5091
3946
4512
7004
3795
1808
107
596
6687
3481
4888
4222
6859
2830
1589
1891
2406
6462
368
6954
6110
3539
5392
713
5270
3610
4184
4275
3279
5301
3424
5883
2492
4924
4571
1505
1760
3443
3002
6067
3692
4901
622
2463
5596
2801
521
4768
4462
1062
2895
365
1579
5066
5501
4386
2737
1501
3665
1191
2979
1635
2001
1695
4893
7084
940
6914
1586
4144
2026
2481
5117
4712
1358
189
6368
5541
413
6044
3757
659
4529
1917
277
5048
4101
61
301
5617
1821
1249
1623
6775
4610
4245
2080
2923
1411
264
2272
308
4305
5331
780
1018
4857
331
5931
6319
3978
5560
4472
6581
3103
4575
4741
6058
5332
5088
2082
7010
1112
991
5224
677
2072
3124
1377
3218
843
2029
6584
4709
3009
2945
5419
621
1143
5631
1174
1101
6370
5254
5155
3569
6495
5300
3858
6397
4445
1427
879
4401
3724
2095
27
1513
4269
2299
1615
5202
1532
6812
727
6985
3429
4360
3177
6465
6080
6409
1313
1167
776
1709
7092
1450
1299
2024
3603
6344
3305
2719
3142
3923
6530
1065
2765
3475
7106
1137
3813
2595
693
2100
551
5493
1261
2486
2337
4964
1569
5744
3411
5152
6097
5913
1647
6436
7031
4463
4910
76
5139
2705
4412
1568
5515
289
6123
976
4077
5305
19
6637
4356
501
657
6580
5869
829
3272
6666
2397
1801
2022
7109
7081
487
4381
4891
422
1059
5131
1900
5939
3752
4649
7104
5626
420
3146
719
6903
2664
96
3054
4236
6572
1799
6456
6381
6036
5788
583
223
6392
2875
2221
3483
1164
5954
4850
5476
4324
1911
3073
504
3801
1881
772
6228
4466
1396
6268
3237
7099
723
6799
1552
1391
6639
543
4702
5517
5937
3017
4746
5440
1359
6714
25
2126
3298
2160
6517
4887
3037
202
7027
2996
1929
3979
3257
4277
6754
4919
4473
642
4582
1604
5867
968
2504
6209
746
450
5826
3147
6254
5625
1310
4451
2443
2647
214
1422
4153
4659
6353
1492
1793
5004
6165
7090
6489
2373
4842
4737
1247
2041
38
608
4969
171
2781
3649
2338
2949
7116
2113
1332
3492
3592
5225
435
5505
4417
3401
2445
827
6135
3200
4726
1942
3132
2449
4188
3301
3538
5413
5751
6333
505
1126
1755
6038
6672
842
1982
3797
1510
4637
28
6803
1183
5256
3119
6787
2415
853
6598
2598
6979
4619
5942
3385
5020
6047
5182
3862
1980
5163
4971
5174
6082
433
1867
1279
4650
695
1800
7144
4984
655
3783
4967
4837
5824
3468
0
3049
6616
2315
802
1774
1298
5059
1042
6510
586
6909
6955
3030
1573
3723
5988
2348
952
3567
5802
6771
2963
439
1664
4621
5127
4618
1447
6830
1255
5941
6601
2777
1258
6585
6237
