1016
91
302
281
30
90
1101
820
211
1075
97
193
128
841
1100
959
280
955
311
317
989
1006
971
267
174
254
60
54
39
913
914
106
65
992
1046
258
1028
252
953
877
257
195
322
40
283
37
89
809
969
966
3
875
803
902
773
77
178
130
945
329
148
1022
1107
345
1092
930
834
887
922
132
931
932
967
799
62
962
176
981
774
1090
369
947
802
27
87
778
10
832
45
221
974
273
295
152
812
256
44
70
870
789
251
68
41
55
99
197
16
978
965
1116
868
367
233
1072
210
1065
131
990
984
365
986
116
47
1011
194
1003
885
871
265
124
1020
827
1117
159
1118
764
192
1056
839
32
200
1060
924
757
1004
94
71
918
4
2
823
255
181
223
855
964
1059
1097
72
112
1104
813
876
754
862
368
1093
911
170
189
323
277
343
831
963
165
341
879
814
145
1082
946
268
1055
164
88
21
1030
1066
260
884
960
213
107
134
792
783
943
50
288
146
1095
36
141
17
259
950
787
1086
1027
250
1039
951
173
51
98
1025
109
1049
1050
1084
985
1089
791
38
279
843
228
123
1000
856
1014
122
912
297
1069
334
779
1001
351
73
961
940
6
13
143
352
919
1015
1114
900
184
289
934
80
359
175
880
271
892
138
805
63
790
793
185
857
147
308
231
1120
299
139
74
166
835
1031
227
155
761
331
897
895
852
57
276
973
316
218
26
114
150
997
949
999
160
215
105
1063
906
830
818
81
93
321
28
1009
292
833
18
1051
1033
361
349
34
1105
95
212
111
837
15
883
346
886
968
23
1037
1044
768
167
861
313
270
942
1042
327
908
309
344
937
284
337
126
362
336
237
75
771
1064
842
325
759
806
235
24
944
991
342
1073
287
840
83
765
151
335
1057
972
804
935
31
1370
1308
1198
536
742
1248
582
464
586
1335
566
491
603
658
409
747
1457
1264
735
1241
501
1149
521
606
1297
750
506
1357
716
1451
1209
1289
1465
1446
715
648
1434
609
1379
1455
1371
1288
1222
527
1462
474
731
709
723
1226
679
1383
608
1215
1171
601
592
539
636
644
705
441
429
1404
661
674
1406
372
1433
1399
1316
734
1375
1421
1135
1407
1391
1280
1325
1488
530
385
1445
641
687
555
651
1131
425
375
1456
1270
542
1182
1158
1238
413
495
403
537
1201
1251
1492
1447
1134
685
1273
1417
748
1362
1336
1388
492
1275
488
620
1130
1122
1366
701
1218
1312
433
1144
428
1430
1178
1295
1414
526
1472
1229
624
1484
450
646
556
629
1294
514
1164
643
1327
376
567
416
518
391
1179
1212
688
418
602
1265
1468
484
1400
1278
722
1162
1317
1351
1387
1419
444
600
1389
517
423
1324
1207
1281
675
505
1481
427
398
665
502
576
1213
1459
1205
655
1309
449
1139
737
1174
628
1253
522
590
478
694
1356
479
524
1470
1482
442
635
1334
707
1314
1237
691
1402
1338
1497
1377
1322
1256
550
523
1416
1202
412
1382
581
698
419
710
671
587
447
380
540
696
1315
1194
462
727
627
1193
1152
625
1271
1431
617
1479
1129
1173
1378
515
683
430
1232
389
1272
546
1233
504
1208
458
682
1298
1363
1249
728
1418
1422
408
1225
589
1429
1246
637
607
551
415
1187
1176
1231
1220
1439
397
616
373
1211
1137
1452
1411
454
1340
1376
420
1353
736
573
1292
1224
1436
1203
1230
593
481
657
485
647
642
703
1453
631
1165
509
1373
382
1361
1177
1441
470
1263
721
1310
1200
714
726
472
668
400
1217
693
732
557
718
744
507
1252
499
1413
1166
374
1463
1409
1408
511
630
1384
448
432
453
597
421
541
500
1358
649
579
532
1261
1475
1501
1168
1332
612
549
544
1160
711
529
1491
578
1460
1143
512
1342
493
377
1365
654
596
469
1438
1154
1128
467
452
706
1189
468
