108
115
809
159
58
855
114
911
858
127
157
4
172
955
44
1077
972
891
360
922
294
185
235
753
257
335
94
246
998
1054
319
316
21
362
944
292
1043
1000
283
857
866
260
935
196
0
37
65
1109
1021
795
931
275
10
216
907
1087
1059
51
333
85
298
70
340
214
350
869
1048
1033
222
929
1052
930
291
233
807
265
920
1070
995
336
276
1007
837
306
1090
56
1069
1093
781
916
200
973
101
1107
769
825
925
778
168
1005
854
140
195
789
1046
135
87
892
1026
150
786
317
980
18
273
156
762
295
946
334
932
936
136
242
189
873
1055
1010
281
3
357
97
811
111
1032
928
106
839
1027
192
237
133
1106
975
938
1030
215
840
29
40
77
144
33
1066
112
1094
99
52
63
129
823
98
783
76
320
886
105
45
2
906
865
71
788
263
792
323
331
767
993
341
289
777
39
982
1024
963
985
1012
773
251
971
299
785
835
337
755
1025
826
363
948
863
68
285
356
1053
206
352
965
193
208
959
903
147
926
1098
69
249
1008
304
67
198
751
1022
966
879
772
286
976
1063
861
821
264
241
161
142
804
999
210
346
1035
219
1112
220
287
226
977
820
988
1031
799
1095
760
8
939
960
30
867
93
186
351
862
945
240
1084
7
997
179
252
1099
776
818
204
227
321
107
910
780
118
1050
188
1082
366
234
829
125
358
1061
771
170
797
12
1108
113
27
187
322
162
961
919
20
34
238
841
151
119
1074
165
247
1110
155
277
302
888
35
964
927
1081
183
15
329
116
134
934
969
258
248
223
201
313
1111
798
16
817
806
1017
1076
268
271
177
994
1003
261
845
310
191
84
1120
167
78
1015
197
90
1065
882
284
367
878
834
1029
236
1009
307
66
270
814
274
182
73
968
1038
543
570
639
1158
1417
1181
1262
1140
656
738
1469
1147
1179
1404
725
1258
654
1257
666
539
511
571
695
1141
1346
651
618
1156
712
1282
393
1353
575
669
1186
564
1267
658
1145
732
1365
1229
547
381
690
629
640
1385
546
1498
443
1339
1241
641
1226
1452
1265
1269
1304
477
1233
665
516
721
1321
680
597
1378
676
526
1405
1184
572
702
1480
400
1212
522
1272
1413
677
1154
487
1396
1185
713
1313
1406
593
1429
1139
607
1149
455
399
1338
1238
585
1375
1460
1361
1382
637
728
377
648
1127
745
518
620
416
1320
742
716
396
1230
1475
1448
415
563
1446
1408
1308
1274
1487
448
671
1263
661
1189
1394
439
559
1199
410
1444
1483
599
1432
582
573
567
475
1431
1411
1193
473
612
1360
696
1173
1433
697
434
1142
534
401
403
454
501
1167
1461
1343
674
1247
1328
453
437
538
610
1496
1398
1180
383
1309
1155
1311
1248
1171
1236
517
659
1344
1273
577
521
1206
1298
622
1331
737
736
529
715
709
1488
1401
619
503
1162
496
1490
428
525
584
636
1130
419
565
1352
646
670
714
537
505
1336
1203
548
689
660
675
1121
623
1240
424
482
442
1363
462
387
1332
701
1481
704
1340
1138
422
1174
1500
1468
1479
1383
1208
375
1188
1317
461
1187
1270
372
540
1134
1287
1459
374
748
1307
1430
617
1485
682
1454
1437
485
1359
1306
1153
718
373
613
1402
1285
480
499
1323
382
493
1449
1175
1435
1387
1322
466
691
555
1300
528
1319
1349
1261
1301
649
1286
1136
398
1345
1242
1191
1126
1157
596
1291
1442
1133
1441
379
492
394
592
663
1220
438
429
1195
1491
1264
686
1275
479
440
512
385
1412
386
1297
739
700
1166
545
1161
1284
1182
1213
514
1367
1315
553
1201
1305
414
1216
504
598
1391
626
587
1501
406
430
552
1178
1486
1289
1294
1476
1146
417
1207
1455
1316
1439
467
703
562
633
1342
405
726
1371
1164
1388
678
625
407
724
1234
605
478
370
747
1467
