138
11
79
250
1087
244
887
161
914
1107
97
71
899
88
369
301
216
344
142
310
14
218
883
790
1057
354
238
151
947
855
302
863
977
860
154
880
1022
1039
1068
1102
1072
761
289
1084
870
1032
270
842
262
961
1005
825
1063
781
227
22
1050
334
56
1118
1061
1070
319
930
909
35
129
221
102
59
224
42
195
873
792
1110
78
229
784
172
802
193
326
116
98
837
986
363
365
940
896
27
875
1082
325
1062
188
931
169
992
778
201
831
349
923
136
769
876
789
1103
20
998
1030
979
130
168
1054
954
320
150
255
1027
275
1080
1077
101
10
1041
3
1018
814
968
829
294
323
251
69
922
37
153
341
368
844
70
928
122
360
258
9
864
61
1090
357
888
117
40
786
113
316
33
44
933
286
910
956
1093
83
890
228
869
774
50
848
819
1020
806
924
207
186
857
942
959
941
893
29
1021
932
16
766
770
1089
911
231
1019
865
292
1098
173
39
1
86
140
1012
1001
1045
824
999
1106
885
1038
955
205
111
68
41
358
969
953
332
167
818
321
944
1109
805
0
280
8
758
340
267
817
164
1059
6
918
235
210
298
103
827
13
891
841
67
775
114
283
943
1049
974
274
1031
822
1111
900
214
783
1064
901
1108
337
852
36
342
984
1092
1046
1033
5
808
81
19
85
949
211
1067
343
171
362
1069
1035
858
823
311
898
871
1096
905
7
239
87
1074
109
299
830
226
815
324
4
779
849
762
77
304
277
366
797
287
281
80
760
796
317
139
222
257
135
268
971
820
46
1119
52
307
143
66
1101
38
260
308
242
1117
753
1076
12
1081
1083
118
21
772
336
812
126
48
149
200
919
190
293
1099
236
1094
868
132
94
272
975
1078
230
240
843
804
285
152
782
879
99
751
895
1144
1460
1437
1358
1469
496
463
1163
1406
699
553
653
518
717
1309
723
703
1344
372
471
487
1496
397
1325
1290
1231
1277
380
548
415
671
690
492
1219
1441
527
1457
1497
1291
1227
1257
669
1476
384
1357
1375
1389
684
1210
1466
459
1462
1256
460
500
444
1205
1295
1196
640
646
614
431
377
485
525
661
388
710
1364
447
1192
378
1334
547
539
542
1236
468
1165
644
409
586
585
667
1273
402
1276
438
624
1320
1488
683
1279
1444
701
1281
1493
606
1271
439
1186
712
394
400
534
1399
1237
1356
1461
1480
1355
383
1172
1337
1234
695
576
1266
1434
708
696
662
1383
664
1386
1432
390
564
1411
465
1426
1362
744
1392
1396
1187
1137
507
538
1191
1206
1394
382
601
1149
1311
1169
597
654
1156
1501
691
1349
722
1475
700
596
663
1487
697
398
505
449
1379
519
1360
1182
1333
573
481
1175
1453
502
1393
659
1354
713
693
1159
745
584
1384
572
1351
589
1455
1178
591
501
1451
1321
1410
619
714
670
681
1254
1391
1189
588
1166
1168
1368
1130
484
1307
1216
1315
1293
1203
1272
545
1365
1464
403
1129
1249
413
720
399
1323
639
544
749
622
587
436
429
618
412
1472
1308
1456
540
445
389
621
740
1481
414
1221
1140
630
1452
733
609
676
420
1499
1288
1222
1327
558
1300
1430
546
1301
566
741
1381
1397
416
627
1454
668
448
1353
602
1261
1204
1265
666
1199
1128
1422
732
645
1185
1269
1251
707
512
435
1458
1304
748
440
1150
1155
477
423
1326
1345
1262
1385
488
687
1415
1348
1245
1471
1402
1313
1161
1239
1465
629
568
1405
536
1416
1285
476
408
457
1485
742
1428
705
1145
1124
1370
1341
1132
510
1152
680
1450
711
513
565
1409
555
1404
473
418
1420
739
1202
401
730
1363
631
635
571
494
734
1220
607
1270
1435
1443
1350
673
1190
1419
1154
628
395
1171
634
1125
1139
493
1176
1131
428
735
441
1121
370
541
1382
562
581
1483
1459
406
537
430
