857
358
798
194
756
949
947
294
196
179
242
354
322
1000
963
875
152
230
1057
1007
818
27
1075
195
936
45
163
789
302
94
858
292
157
217
43
755
1046
220
1017
997
889
329
829
939
770
876
309
202
367
960
1096
345
64
299
864
979
833
980
131
1105
116
143
777
285
903
254
278
222
1059
856
311
1028
760
848
880
1102
39
920
759
900
984
918
12
795
237
962
244
80
901
922
264
233
52
259
1095
57
1074
35
276
826
768
780
140
892
1055
986
262
940
1035
78
271
252
1037
985
272
31
839
183
995
872
931
890
197
92
1108
824
188
912
1012
167
172
305
120
906
274
7
1
822
102
976
812
788
873
33
126
191
60
240
975
971
1019
966
6
161
284
929
190
192
863
142
1030
173
927
767
218
968
893
22
1010
1106
819
203
153
779
765
282
181
273
953
773
115
277
24
860
298
65
942
76
176
805
1039
913
16
1080
762
335
333
323
69
1022
844
97
260
169
809
753
68
1119
223
280
211
96
850
1085
34
47
56
175
751
151
983
934
888
1083
110
235
21
950
121
1084
1042
171
296
1118
193
304
132
84
814
105
1015
72
293
1091
838
303
228
977
100
1032
295
91
933
1020
878
1044
786
1116
862
261
843
882
925
781
257
133
231
236
109
951
791
1053
238
996
961
229
107
253
70
990
349
885
919
141
1069
334
868
118
154
1041
88
1094
1079
136
50
114
300
794
994
307
241
245
859
98
215
837
166
823
1052
83
1097
806
61
146
783
1103
249
59
341
3
1023
956
820
164
946
139
119
831
210
11
898
266
830
28
129
279
317
10
81
905
178
306
1048
108
799
944
870
998
993
351
865
111
894
14
214
764
327
160
1112
26
800
891
184
771
99
1071
816
25
841
1014
649
1375
1304
500
1317
1485
1478
1458
1222
460
1142
737
414
457
1173
516
622
1412
598
1437
493
681
401
1189
405
731
1393
1288
1223
718
426
1140
541
501
1198
1190
1149
1385
1346
1243
588
490
1377
459
447
1252
1480
483
661
1474
479
451
1225
699
1144
515
714
1254
1381
1273
1124
1201
1203
1281
1331
1492
466
1464
1285
444
528
686
1154
1136
1297
1399
1279
1389
433
1332
1153
573
1467
648
377
1313
1290
495
440
615
590
560
702
673
1234
1339
684
1166
729
1258
518
561
523
693
487
370
1309
496
456
1280
387
604
1180
1221
467
555
1335
397
404
1257
1383
571
1364
668
1394
1407
1276
1402
386
1247
418
532
595
1311
1360
472
535
513
1410
1305
1316
439
1434
587
559
1395
1242
666
721
1176
388
1374
1462
489
1357
645
749
1296
1239
1486
724
1450
1212
643
1356
399
637
1123
704
582
720
635
1323
1269
395
1268
1353
1302
609
603
441
428
1141
398
1379
1347
1310
1438
1457
1127
1134
614
741
1328
1329
676
687
1355
485
1130
494
589
706
633
1152
545
1398
1256
1326
713
437
1298
1333
1479
736
698
1358
640
1238
740
1318
1405
464
631
669
413
617
408
1344
1487
1146
1417
1211
1143
723
434
1376
709
1307
482
1454
1287
1135
1161
1404
639
381
677
688
630
1365
443
538
445
624
1473
1210
592
1416
1413
463
700
1299
579
1403
1501
1472
584
1442
1334
402
1493
734
1270
1460
1278
1348
1461
497
593
1431
488
431
1158
1301
732
1157
611
722
409
1277
1237
558
636
671
638
1308
448
549
512
473
1447
1411
572
1292
742
1202
1484
491
442
1488
716
480
504
1369
1359
725
1373
1194
1162
1167
597
745
524
1439
690
1263
1338
1408
689
1175
1283
1163
1380
695
1426
509
641
1340
1420
438
416
1164
383
407
1170
1138
653
1315
1449
1494
1199
651
544
739
1430
675
530
417
1500
1186
578
453
701
1475
430
691
1250
629
738
696
1178
474
733
1216
1220
1422
1200
468
1233
1226
