1096
1021
142
37
925
867
141
62
77
74
1020
107
1083
812
199
1064
865
15
20
30
322
181
793
996
158
232
68
882
839
369
783
128
22
849
886
984
790
772
182
352
1077
1047
893
1100
335
109
918
89
806
231
309
979
1001
225
248
1033
807
108
1042
904
1095
958
18
272
176
1053
1051
937
346
972
1
914
948
778
964
212
875
288
1039
1098
157
963
143
172
236
1012
917
137
1091
80
762
193
295
825
314
1086
345
921
780
869
836
185
876
1046
960
884
824
221
203
300
318
1031
330
1013
67
912
797
312
838
251
328
1025
178
1045
206
197
927
930
129
976
84
55
811
1015
213
1018
821
227
281
906
756
1011
767
16
856
204
995
1063
273
902
753
774
192
998
327
852
258
183
205
758
32
1080
861
156
1110
956
342
1026
1023
116
240
10
3
862
257
209
13
164
226
813
40
903
65
72
297
267
113
754
900
880
198
992
800
934
130
994
120
7
1084
829
275
932
12
171
751
250
1056
795
1034
311
101
123
333
180
161
940
152
117
857
340
347
1081
1037
901
922
334
134
155
997
139
289
1076
60
935
752
165
817
280
999
832
768
891
304
317
131
58
820
792
910
160
816
38
321
249
977
146
53
194
136
892
854
834
315
781
66
284
826
52
1072
860
239
246
28
928
265
244
103
276
110
1090
159
235
833
112
1066
1024
840
262
223
1111
356
1058
975
167
1088
241
344
1078
24
294
1041
905
1006
150
41
94
1028
1068
947
23
268
292
200
173
100
845
91
1069
946
365
222
808
188
338
810
76
242
1120
73
1105
822
1092
848
933
760
870
851
5
846
980
69
14
78
202
769
4
853
944
883
939
1117
293
71
828
2
25
308
216
343
1027
166
1065
841
331
177
247
804
763
1102
916
488
714
1331
1284
1199
424
1397
1174
614
384
1440
1304
1472
415
446
433
517
1425
636
1452
1246
551
1378
724
1399
1422
616
633
1138
538
693
1189
1156
1445
1144
708
515
1380
374
741
656
1224
1349
1273
672
1192
599
375
1418
507
1299
1444
480
731
1454
1341
726
1279
512
443
1330
1400
1248
600
639
1316
706
1414
439
1151
412
686
1265
1161
1320
506
735
613
441
1216
409
543
1403
750
438
428
643
1353
1456
1352
587
1290
580
520
652
1383
1362
468
618
567
1494
1146
1371
1282
648
527
1186
1459
1368
487
584
646
1404
471
1413
405
1275
1167
704
688
421
1168
513
677
1205
494
410
1149
1206
394
1203
653
435
501
1423
569
711
1315
609
670
1500
1351
596
699
716
1461
419
1143
554
1278
477
1219
540
416
1127
1482
1145
588
702
1244
1484
574
560
1242
1157
1281
737
465
1293
625
491
617
473
425
729
657
733
1471
650
484
664
493
373
719
387
590
1209
464
1176
1197
1313
1364
1395
604
1162
1318
535
403
1335
1323
611
1289
485
720
1122
533
1477
638
422
400
1358
1272
722
586
495
1227
642
1170
463
418
1389
1473
1391
1123
681
1178
531
521
396
457
1198
482
1442
479
1373
1427
558
434
1501
1187
739
740
401
1140
1194
1385
1437
1405
703
388
1159
553
1164
1490
678
1419
1263
1310
1319
536
1495
1410
1267
1460
626
582
629
1398
1223
673
605
1221
389
1252
455
391
1185
1269
676
1416
577
440
492
623
1406
734
390
1325
1250
470
709
414
1142
1393
498
1449
454
608
1407
1301
1300
675
576
1222
1491
1210
1288
377
1372
547
1481
1259
723
1171
472
475
546
742
417
1455
555
541
1469
1346
404
1392
431
728
1235
1485
1188
655
564
1360
1125
529
1287
1348
1327
701
683
524
1377
379
1306
557
1370
1448
1324
497
1333
1463
539
489
402
1337
1443
561
1241
1354
1130
570
1478
619
685
516
1204
1464
1158
694
511
1431
1359
1465
725
1193
705
437
458
502
508
