104
898
83
1043
813
17
139
303
282
364
63
47
251
42
963
1058
789
133
147
345
288
1112
33
1095
778
1106
300
72
180
949
113
179
267
66
1012
67
899
236
941
814
106
189
976
1077
353
864
163
902
213
1048
76
985
136
247
794
157
1083
1076
1088
216
755
993
194
184
74
988
316
248
53
956
271
938
1114
971
290
860
261
844
1018
333
801
89
827
935
1001
340
254
870
1038
124
997
931
1016
1108
214
203
362
350
901
878
1027
295
253
249
1053
923
842
785
146
358
224
1117
927
876
65
998
276
830
70
958
337
62
112
850
334
1099
159
776
31
884
961
239
1115
877
299
164
278
311
974
763
791
1107
757
90
1014
154
887
153
8
319
1021
155
338
992
286
108
1113
45
893
833
80
275
1017
951
919
926
1101
212
1024
11
828
268
18
885
954
238
848
170
166
25
13
55
822
999
1071
1064
856
1028
169
75
324
913
909
336
120
127
92
306
907
263
328
138
68
839
363
262
178
955
209
175
1054
225
1026
330
1063
989
260
320
356
889
771
779
862
1010
1005
3
996
176
202
307
326
962
906
1040
191
892
347
226
310
24
228
871
177
1006
952
780
809
15
273
930
14
77
229
270
220
760
806
1086
1046
762
1067
99
845
1070
810
981
57
321
812
144
782
158
117
285
88
1044
357
274
6
4
40
237
210
1120
211
1037
1073
64
348
918
265
325
98
1092
365
277
103
196
821
786
1031
800
849
1011
843
231
1111
134
317
787
188
192
142
798
341
301
984
1093
770
128
160
123
944
168
863
100
359
102
105
917
858
1068
235
766
815
1015
1042
1074
975
46
790
983
129
269
101
1110
1049
853
1023
293
115
1
195
1079
61
332
242
811
35
836
1085
85
289
20
1033
764
206
280
1082
759
532
1376
526
473
642
635
457
411
489
1128
570
1154
1318
1344
496
502
1304
575
487
1183
690
507
1290
1206
1443
1267
428
1459
619
1445
1176
600
1285
1391
528
1374
735
1232
643
745
383
503
1169
1274
1204
544
1249
610
426
472
1492
1309
1182
1377
1233
736
514
580
1146
458
1194
492
1425
1167
1381
705
664
1328
1171
686
659
1439
571
430
1179
742
375
629
589
509
1228
1248
1247
1147
718
587
1207
1407
650
1242
394
1299
1461
1219
409
624
1340
1457
653
625
510
477
1289
663
678
417
434
750
1327
440
523
1499
402
1214
1256
1470
1442
1491
623
445
1495
1336
1297
565
462
1366
1482
579
1125
592
1358
603
679
407
1364
708
1190
1324
1184
1479
1414
1395
1330
1275
557
380
381
433
427
548
1240
463
641
1305
1160
611
574
459
506
646
1326
1126
1449
1348
517
1189
1331
568
1195
1370
593
533
1465
743
1148
441
437
613
1481
1271
1283
396
1428
707
1440
1136
515
1218
438
1418
446
1362
630
1389
1145
1260
1239
480
401
668
1174
1349
684
674
1411
1166
513
1429
695
1424
1122
493
1141
1423
1483
1390
1436
567
425
1137
696
558
545
597
656
399
1202
455
1378
479
508
468
1177
687
1438
379
451
1477
518
1185
702
1306
1259
561
461
1435
499
1464
706
539
556
483
435
1229
1343
715
535
385
703
1237
726
452
1144
527
1371
744
490
1129
541
1223
1447
595
1368
647
1127
1227
1216
542
1387
667
617
1494
1402
1319
721
596
525
601
1294
712
1276
746
688
1332
1357
537
1178
1215
414
1412
1352
1363
1408
1316
1383
1431
543
609
1403
1388
403
1226
1342
494
660
1168
1311
534
697
727
1441
692
1196
1372
1241
1163
419
1460
1415
1261
465
1384
728
436
520
1312
1350
1399
1476
681
1485
1490
700
1498
546
405
1484
553
1398
711
1252
1339
747
555
1277
732
1221
1417
608
1338
1356
1150
607
1466
554
422
408
474
1236
598
1406
377
1422
1347
640
634
1493
1416
1175
1446
577
