25
908
285
752
968
71
1017
1091
168
1007
892
1109
361
978
946
69
950
904
890
1057
58
885
1050
284
825
1058
934
763
951
767
1046
823
78
54
1117
788
140
791
235
955
345
817
342
777
1025
839
966
939
800
1027
856
338
191
782
53
1066
114
210
136
151
809
135
910
1082
52
216
1013
845
859
956
991
980
200
294
1116
975
993
759
165
887
974
948
1105
944
1092
156
347
204
881
981
819
19
292
250
915
346
286
99
242
929
193
327
865
860
1085
937
236
1005
239
921
341
756
802
343
106
815
201
797
56
1002
300
107
1040
139
773
358
780
355
179
81
68
238
886
1029
843
111
1118
169
1037
134
226
261
1026
34
33
232
914
808
972
832
48
196
931
854
1084
132
369
1081
122
203
189
277
994
112
274
1074
209
70
325
66
121
211
853
1014
299
838
840
1020
333
223
1067
883
1042
1120
310
784
961
9
301
181
146
337
192
180
125
813
80
350
1033
160
326
985
213
1076
795
14
202
960
1039
870
260
872
94
351
27
207
188
1108
789
15
806
296
1053
828
1038
311
366
794
962
760
247
1065
923
138
248
76
348
820
761
365
941
1104
339
906
970
1097
913
6
1036
971
810
12
1000
1022
35
105
1059
893
947
1044
983
1018
288
18
352
264
916
173
1088
227
153
1001
943
62
357
958
986
354
891
1069
293
314
1107
774
852
96
1043
1068
826
765
190
877
851
149
1028
59
977
1073
936
126
799
183
331
219
13
812
39
842
147
109
154
97
205
778
1016
29
1030
73
362
11
844
144
918
896
60
798
1047
979
898
251
1100
831
935
298
289
992
344
276
803
866
280
102
225
46
20
269
108
1006
942
801
42
1098
194
930
869
130
214
50
1035
95
926
879
1101
185
272
123
1080
38
954
940
533
602
1165
1387
1292
1284
1361
673
1206
373
1450
511
1236
1170
727
1240
719
605
1341
1442
671
573
1487
411
694
1262
530
421
625
742
1322
1475
408
699
489
669
1404
1215
610
1235
537
442
708
701
391
1168
584
546
1430
1274
1203
1357
454
1169
1138
1129
456
1380
520
1358
1225
1123
1307
1269
414
556
1460
692
690
1385
680
1287
1382
706
1424
1194
626
1289
1286
1476
1495
1405
1218
483
478
455
474
1391
1414
681
580
645
487
1133
1304
748
1470
721
1299
1237
599
1238
401
1228
597
439
1493
470
436
569
722
709
1140
1349
445
376
370
502
1465
707
571
1461
449
422
518
388
650
1355
425
1378
1135
1252
399
429
1384
1241
643
713
1328
712
428
492
1258
700
661
494
711
1191
506
467
608
648
686
482
418
1482
1431
435
1231
490
1181
1336
1316
545
631
1177
1447
528
1315
1260
586
485
477
577
448
1178
1489
654
568
1297
730
637
615
1144
704
723
1407
536
453
413
1400
431
498
1412
509
1418
461
697
387
1399
1425
371
1337
666
1353
732
1371
1148
595
496
1275
1216
463
1467
1375
1265
557
1494
1199
407
1226
746
1195
1189
1245
1248
410
1147
451
598
594
1267
691
484
1438
1365
1294
419
469
1444
1202
529
464
1250
576
1331
1280
524
1468
617
1415
678
1182
554
1254
1263
1190
1212
738
1395
402
382
1320
639
1441
1153
1346
1142
1419
620
481
1141
1285
1394
1126
1230
1369
1161
1325
656
575
519
539
1197
375
486
1295
559
1270
1462
1437
1363
1151
392
1166
728
434
1324
538
532
1417
1501
562
570
663
1403
588
674
1491
403
1348
497
1293
1480
1432
670
696
1229
547
636
1301
1224
1175
491
1454
747
629
1279
1221
1464
507
1368
394
415
1145
1210
618
1449
542
740
1435
750
1174
1124
1343
420
527
1198
372
395
1433
514
1383
433
564
1473
1411
574
611
596
1443
1149
465
1366
698
426
510
1396
1296
548
561
1335
1167
390
516
1251
430
606
729
614
1351
