1015
42
914
1115
44
892
980
216
95
151
340
132
926
220
1065
1032
1088
263
801
815
233
1018
217
106
855
348
764
939
963
294
306
292
196
150
1058
137
55
907
827
129
1086
1069
1
58
289
838
859
877
858
172
9
71
87
790
264
148
979
916
100
973
94
936
226
986
1022
108
993
362
778
81
898
261
276
51
311
274
212
819
115
1090
249
116
301
122
901
62
281
937
186
1112
352
117
977
824
789
904
83
935
280
1033
114
308
863
201
761
160
1009
176
224
343
816
183
179
54
809
354
1004
353
188
802
988
102
1077
972
991
1107
944
1108
849
112
1038
134
72
169
103
49
975
111
68
242
978
876
278
10
265
273
942
347
300
146
20
5
1023
13
47
270
52
932
107
140
989
118
1064
92
38
1051
88
828
193
878
871
331
971
192
848
865
903
180
63
234
965
166
909
163
888
1081
189
956
66
1094
835
364
798
766
788
1026
862
197
832
256
767
998
847
90
823
861
156
1053
754
753
1041
884
896
763
50
99
185
1012
834
895
933
1048
812
1006
820
14
243
796
840
1055
957
793
198
918
229
33
32
948
923
254
70
797
37
121
829
870
142
806
1059
1019
1042
953
1101
209
290
282
1028
752
1021
857
322
777
43
153
303
168
326
1044
995
951
911
1036
885
950
774
964
779
135
293
141
1035
366
21
39
924
65
886
771
818
841
966
80
275
1103
961
880
67
367
258
826
6
246
127
1030
875
34
879
200
1119
69
962
329
1076
894
60
345
984
917
181
237
1075
165
325
98
1084
230
284
316
981
143
846
305
113
82
368
0
4
974
1003
1039
1029
784
219
955
817
970
35
338
202
125
922
899
969
1085
1093
23
1005
1072
800
983
759
856
315
864
1034
830
130
1074
1080
883
1260
1490
1449
569
729
1495
590
603
639
1294
1151
654
1300
720
674
571
373
629
1237
1462
1356
703
1341
602
610
1358
1340
479
1290
1128
1268
378
1310
599
741
595
585
1447
738
527
576
1439
594
1425
707
573
1186
537
1416
611
702
1371
1295
1275
1352
489
485
1192
1482
1169
1229
1336
1228
1404
463
497
749
1157
642
669
586
660
1193
737
1337
1387
1307
540
415
498
650
1243
521
561
1298
1161
1185
1433
1264
1286
1150
473
680
416
408
622
1313
662
693
748
1141
1168
1488
1435
1474
744
1465
1190
503
600
1125
579
389
1202
1426
740
1235
393
1406
645
1391
1182
1382
1446
1285
1127
1227
1223
1408
470
1324
499
716
1420
1149
1456
641
565
446
661
739
1396
653
608
1145
1170
1124
468
1379
1410
1362
1323
1343
679
1405
1241
596
1464
487
475
1126
461
1216
382
1457
687
482
628
690
434
421
1349
1242
581
1293
543
1292
1423
1417
379
1232
724
683
1448
1413
1378
1311
422
718
1129
1438
1319
705
431
1195
1303
574
1180
491
1419
1316
710
1196
1212
386
667
1363
433
512
684
1335
514
1384
1497
1468
1152
388
501
636
1454
1265
1320
584
453
1492
747
633
677
400
432
1360
518
1206
1411
1351
526
1239
1332
1434
500
558
1201
694
1442
625
733
488
1248
394
1137
1484
445
471
1277
712
719
1381
1389
1246
652
1342
1463
689
1230
554
1218
1451
750
564
403
1270
1297
1280
519
583
1393
1281
1188
1219
663
568
1470
1131
1184
1142
1200
1403
1249
420
621
562
480
472
1133
1361
1344
682
623
613
1245
726
529
593
630
1306
706
495
490
1204
525
427
638
1217
1450
516
1134
444
1394
1187
395
538
1166
1496
1261
1207
678
659
618
1397
1477
1330
1258
476
1443
1159
383
728
627
478
647
698
1198
1444
1347
1350
1183
1271
1377
1214
1429
1401
1238
1143
1388
1282
701
1136
1301
671
1165
1215
1122
1236
1263
566
1234
467
1345
1231
1399
424
465
1479
531
552
506
442
438
619
1366
1368
