1076
6
965
1011
268
946
994
46
292
142
98
985
968
102
1009
789
1034
196
910
831
354
235
802
224
297
87
878
833
161
309
903
53
1037
1111
9
885
86
80
991
975
221
41
348
216
828
36
884
1090
861
918
1005
317
773
108
766
1002
324
932
110
894
366
260
1117
338
335
1094
921
775
360
1099
176
925
872
201
889
966
934
942
823
278
287
199
912
857
815
191
310
819
63
78
254
880
913
70
137
49
1039
1054
27
1058
68
1064
953
873
753
843
756
181
959
197
950
984
1063
252
126
265
919
222
19
298
203
845
779
1080
856
774
1068
247
245
849
75
61
10
129
14
834
160
814
1007
175
761
308
1098
822
111
73
339
253
755
72
280
939
307
905
107
982
1105
286
835
1116
141
1083
951
1119
185
127
955
2
839
1110
940
1059
16
294
765
172
1106
821
283
881
168
1019
832
1089
89
93
97
1067
1073
47
29
304
38
1088
1108
1046
969
826
284
993
95
251
1055
803
1031
1010
1008
114
62
999
171
800
956
1101
801
323
916
958
188
990
767
345
269
1091
351
166
1103
799
120
1095
972
165
805
784
793
25
926
271
131
349
754
986
1114
1023
248
892
128
1074
21
1070
157
37
365
219
152
151
1084
101
60
33
156
915
259
898
82
886
867
989
210
980
64
276
813
116
194
347
785
34
938
1057
103
112
810
941
1102
43
981
322
106
293
992
1026
109
971
1040
28
104
1112
797
316
273
32
804
26
1
888
853
246
56
817
923
12
230
891
50
274
288
858
158
123
1004
359
183
85
303
987
778
180
357
807
134
76
96
295
261
978
947
796
138
838
312
900
330
1003
272
770
929
908
113
122
51
31
296
256
818
1120
211
935
788
100
355
225
352
42
163
90
790
281
313
242
592
405
567
380
705
1458
1491
1143
398
1134
1278
583
1156
1416
639
435
658
444
1319
1183
1318
1333
614
1215
1356
588
1288
433
1420
574
1342
1216
371
678
1325
1455
749
1176
415
1457
1424
507
653
554
638
667
382
1344
643
1224
370
1162
1269
1490
1448
417
606
1185
1461
1226
494
559
654
549
1330
743
1431
1178
389
1421
1214
1469
1463
1348
1388
1218
748
1438
1440
661
508
557
1436
721
475
629
1146
1398
673
516
1140
527
750
735
1480
419
1209
464
610
640
651
1406
1194
1411
1312
693
1220
691
738
615
1284
1124
1294
617
1482
514
612
1345
1446
1180
439
564
1247
1415
1196
465
1172
1297
1130
730
393
1383
1190
1481
604
725
1498
1264
582
633
560
1192
696
1304
488
666
569
726
503
1409
1404
1195
544
429
1286
484
437
473
1471
525
1270
590
1314
1303
1374
1256
635
391
1443
1497
1399
1241
1360
611
1295
1327
502
1168
650
418
1486
1309
711
1306
1494
1219
462
1386
1495
598
712
1243
1466
1206
1474
538
1153
1488
523
1262
1138
519
1316
487
470
539
688
1403
553
645
400
713
529
1263
1381
605
505
1467
1462
1283
1492
1390
597
512
675
1204
1337
456
1184
1410
563
573
700
575
1161
394
1199
522
724
670
532
497
1240
1328
565
1129
1354
1126
1191
1232
1287
1449
637
727
543
495
669
534
1347
1141
1423
1208
442
1339
1382
390
674
1154
1450
547
1182
384
423
1472
1387
587
1145
1439
1205
1310
1393
647
510
479
1453
1159
616
1267
720
1188
687
1259
1213
1142
457
1501
644
624
521
1177
1407
407
741
1203
1444
481
1187
374
580
585
1293
401
596
623
1380
1350
1251
518
1210
594
511
376
728
1434
1324
577
1485
729
1363
1352
685
1151
520
1249
551
1158
602
1144
1317
555
498
1136
1255
742
550
463
469
718
622
451
1133
692
1281
1282
1257
404
1456
1426
739
1401
1201
441
1364
603
642
568
1468
468
517
1385
536
1164
1378
409
589
1271
684
477
680
1139
449
