1062
257
908
1018
810
350
793
189
1051
792
840
104
978
1088
311
8
305
899
1005
1100
1037
47
1059
19
368
1056
893
181
789
1085
363
333
813
69
60
366
780
81
255
56
861
1104
355
951
911
23
829
134
84
195
85
826
318
111
1054
891
939
154
922
117
965
59
180
301
187
1024
293
50
334
986
323
101
868
298
754
262
1025
61
1090
770
347
201
3
958
148
759
890
65
353
185
241
974
57
1110
931
242
803
1027
1040
912
35
752
202
900
233
41
1109
853
16
946
108
993
1118
345
904
0
223
1116
120
74
346
364
66
814
1108
773
299
1022
795
161
972
927
897
830
960
13
995
817
854
92
898
855
968
1117
877
1080
1066
132
1035
358
800
1001
763
40
824
68
76
207
159
139
175
214
118
289
818
34
956
860
1114
1084
1069
833
863
119
82
341
349
194
107
17
963
172
1019
245
216
335
361
988
45
218
862
1039
769
11
88
808
909
147
822
268
784
985
1038
989
1102
307
173
121
49
31
277
1111
755
247
1107
1055
767
116
274
224
781
95
273
925
1015
885
806
354
979
62
785
160
882
827
1017
285
135
1028
864
753
320
775
905
959
90
103
981
29
984
1087
286
248
329
816
146
907
879
990
919
165
80
760
259
9
998
992
962
179
1083
941
848
5
197
1099
957
261
310
796
802
38
1081
314
339
162
67
124
39
4
33
874
280
99
921
1003
236
352
778
845
973
872
1065
186
809
1050
260
331
153
975
304
200
1086
78
312
920
42
133
1052
983
250
902
807
935
192
883
777
756
934
815
876
157
910
887
1092
766
306
936
102
52
156
764
1077
97
970
128
177
110
932
875
783
343
914
142
1048
6
267
954
237
994
58
232
1058
1004
203
903
284
867
2
1106
1101
217
461
445
541
700
610
1482
1291
1350
1202
705
1380
551
1162
471
1277
1407
539
633
1466
1154
1416
1190
1252
616
472
682
694
488
470
1483
1446
662
1498
566
601
527
1321
407
423
492
532
1383
1406
1328
483
1425
1435
615
1178
564
406
1187
538
1326
1330
563
1221
642
1160
1335
441
1208
1467
1235
1431
674
638
679
1209
1274
410
1192
1129
1286
599
1319
1278
510
1174
747
671
1491
1260
1193
1266
1476
1257
537
1201
1130
1243
1368
418
594
481
409
1370
427
1126
657
1271
1442
749
1210
450
1250
1342
477
1474
1200
1138
1124
392
1336
430
1237
489
745
595
1493
1459
1166
370
1461
738
1369
1299
522
389
523
701
571
653
531
373
703
1182
1136
1292
431
508
1198
552
419
1324
1169
1306
474
463
625
1451
1414
593
1360
1408
553
1172
1302
667
655
1168
421
742
1352
1479
478
1392
709
1164
1310
400
1152
1146
502
500
1183
494
1362
628
658
547
1354
1468
458
1275
1312
606
592
1427
1361
1347
581
1311
1205
1293
1122
731
1400
528
1245
479
640
386
414
1163
1276
562
464
1379
480
1444
726
1225
1295
629
1341
1375
435
1314
729
516
1497
1218
573
582
1447
1422
426
512
1175
513
1284
1149
1247
1254
1227
618
637
568
1445
669
574
1500
743
529
597
560
730
1323
1327
485
691
634
1231
741
1204
1131
554
1331
675
1228
1388
457
1456
1157
684
436
439
1167
486
576
490
1405
1139
1346
433
556
652
1345
1296
503
659
449
451
1489
1272
1385
1438
1443
1348
622
1420
1158
672
1313
1317
712
498
382
1148
443
1440
1137
1239
1418
708
695
514
533
417
1340
468
1378
1457
1280
1484
650
385
681
501
621
660
393
1329
1365
585
505
1244
1220
1387
668
636
1165
1391
1253
1303
1269
565
722
1363
1455
1309
1238
1496
711
716
517
1186
1279
428
1415
416
609
1434
1143
415
1487
734
397
1194
1332
1256
496
736
1224
1140
403
1267
718
1396
1424
460
1450
647
632
569
1234
1171
518
706
1141
