842
105
940
197
156
341
1040
969
1109
18
1118
752
351
853
1101
295
1117
132
909
1079
100
985
922
153
1105
117
786
360
323
85
900
754
860
60
923
772
73
211
1075
352
26
94
61
795
38
1010
214
778
1004
163
901
290
1069
268
1062
818
337
213
62
984
66
261
917
245
782
260
122
925
256
262
75
833
58
252
829
348
858
825
279
862
168
304
1092
333
49
770
41
353
884
1019
174
887
208
982
316
106
1071
852
820
161
800
54
1081
269
780
1088
1087
1054
1056
1029
867
1018
204
1016
1057
119
823
890
24
863
317
882
916
828
773
226
899
318
1064
1078
356
792
859
865
74
815
949
280
64
941
785
83
936
766
302
898
320
152
137
238
98
894
947
824
150
1060
757
975
810
1055
913
1070
104
334
914
129
918
65
963
27
1007
929
157
873
258
229
946
991
783
71
847
219
87
903
1002
164
287
948
835
964
1048
40
787
954
1028
67
99
878
1046
779
202
293
124
979
1102
910
874
336
205
1032
142
812
263
838
16
1027
59
239
343
762
796
1036
996
232
912
276
362
76
883
151
10
1025
7
180
959
133
803
292
303
808
79
967
953
764
1072
1033
249
756
927
962
186
826
331
108
110
37
850
173
971
1011
69
359
96
798
799
1083
140
930
138
283
845
230
134
92
185
905
31
195
875
1043
957
836
12
136
267
234
976
274
127
121
301
837
176
25
187
1113
113
199
227
886
895
769
120
1026
101
321
1091
851
811
324
86
849
15
254
958
193
1090
1038
288
171
791
1074
822
1012
781
155
221
184
931
250
278
282
17
1
972
189
871
988
942
2
1067
223
144
998
968
111
896
322
1037
1021
926
864
1120
42
1045
813
21
103
1050
326
989
216
305
906
297
1100
893
840
6
135
1333
430
1237
450
633
1219
469
1473
1275
1173
1367
399
553
708
652
581
1170
1166
1191
1155
1477
725
422
584
1287
1293
692
424
1366
1285
595
1165
494
1228
475
1294
1462
598
1257
576
742
1401
558
731
395
629
486
1268
476
622
693
1197
1474
409
437
398
696
1233
1449
1207
530
1452
1251
1263
623
1491
1168
1221
574
452
531
536
1176
1146
1426
1260
1475
516
495
1375
403
1262
1175
1127
650
1306
1289
1376
703
745
1303
466
695
497
587
1444
1153
396
1327
626
1334
1244
583
407
645
1357
658
1140
496
1290
1122
744
599
1300
1496
1337
1383
1316
624
413
1172
1198
1420
1393
1443
541
1252
370
1138
1447
663
554
548
578
676
1406
507
670
679
527
660
1451
1229
1434
519
544
1254
586
1425
609
1142
707
716
1351
1478
472
1308
404
1129
1266
436
1461
1371
490
1130
388
559
506
1161
1466
1214
671
418
477
1216
481
1265
1476
691
505
545
1339
1459
1126
1157
400
665
1169
611
1282
1492
657
1185
1353
677
653
1149
463
533
1335
380
439
669
1147
1344
468
1330
632
1423
447
523
605
417
712
619
1184
1495
606
616
1345
405
562
1490
1318
449
381
1193
600
1242
423
1388
1235
557
376
706
1187
1464
1154
1273
543
1274
685
610
1500
1247
1382
510
485
1413
1342
630
491
713
373
493
588
1209
1373
1224
1240
673
1232
374
608
724
1124
1200
1399
575
1253
643
1486
379
1419
1203
526
391
1362
1137
1281
1234
1348
1347
1171
421
1125
1222
585
736
672
1460
484
454
722
534
465
1465
678
1243
419
661
1408
1488
1354
655
1438
572
1365
384
414
1321
1480
1162
1455
1379
1160
1145
1356
1131
715
1178
1424
470
382
636
1186
1167
577
647
641
371
1442
1291
1259
427
1158
1437
1396
1302
1226
535
1487
525
1159
1470
699
603
537
1472
488
1299
733
1199
1194
1205
1395
1286
372
1136
1501
462
1454
737
674
440
719
1482
410
1439
656
441
460
689
1435
498
1278
734
741
389
549
702
