28
843
1009
360
994
131
273
279
123
253
1110
937
1052
1028
1022
208
37
84
787
894
1031
1047
1118
1055
765
887
1021
12
1093
176
1080
193
71
329
322
801
913
143
874
922
797
763
23
832
104
1066
798
777
244
236
1037
1049
330
1038
1083
844
117
873
240
899
357
258
108
230
134
300
884
934
876
806
839
282
983
356
203
325
369
166
1090
72
880
196
968
336
261
861
319
1088
250
207
1115
309
1105
953
33
293
1010
821
148
66
247
803
3
359
926
1078
849
52
760
802
347
944
299
999
1006
977
764
151
794
1000
132
822
45
353
232
343
120
42
89
1020
346
278
35
786
831
7
823
40
285
121
99
824
835
1001
875
124
1094
267
879
867
141
871
21
820
790
49
163
996
281
858
825
972
178
302
751
1084
355
845
365
943
826
980
149
978
129
212
310
941
776
1023
288
815
53
769
138
228
1017
808
952
1079
805
962
286
155
767
1015
316
917
949
998
1114
50
833
960
62
918
199
275
870
1076
1107
841
111
1095
813
295
341
911
925
296
800
961
348
785
197
885
68
354
1100
838
126
970
973
153
187
140
179
366
165
898
1098
283
159
107
312
976
828
194
954
1043
1053
881
224
1058
51
1071
242
75
219
222
349
986
1117
4
974
1068
248
1036
850
905
56
331
988
34
368
170
1029
186
819
85
847
807
964
115
1111
189
116
1119
896
57
342
306
1014
1103
817
771
1063
125
882
256
106
1091
902
1099
1065
773
327
317
866
47
157
869
344
234
963
1097
218
363
967
195
90
162
246
326
54
933
914
16
1092
156
919
43
862
837
910
890
297
305
1007
145
1064
198
982
936
289
863
860
1054
848
98
865
338
959
303
358
1050
995
277
842
321
139
323
127
1003
895
814
1040
804
886
361
1304
720
370
552
484
1424
618
1133
1273
1364
1166
678
478
1374
569
421
520
605
1262
414
1197
1369
616
1234
713
1436
1138
1263
474
1255
1131
1462
432
1392
1404
1125
623
513
1426
1292
581
446
1184
480
1180
729
1279
1368
718
459
1215
1333
1451
1337
1171
456
558
743
592
662
579
375
1410
399
740
1442
469
487
749
672
1362
1121
698
460
1200
730
452
1431
600
404
1294
716
436
395
416
1130
648
500
712
1454
660
1458
519
606
1416
509
1272
1306
1139
635
1152
1332
1177
1343
1411
1220
1433
1493
1446
714
1322
396
440
536
1365
1422
511
656
1173
1123
639
1312
1357
534
1268
1253
1443
586
1144
1388
630
1275
1141
582
1267
681
556
1250
1361
676
1353
443
554
561
444
667
694
1320
555
666
1207
641
1231
1486
464
397
1347
1158
402
525
609
709
625
1170
1487
503
690
607
1316
377
1476
1355
1437
1461
1464
1203
1307
1296
1326
473
1136
1427
477
1358
1481
578
1188
410
495
750
1206
1488
669
385
688
1167
1308
559
391
382
1348
572
380
573
1467
1468
1457
1466
1395
733
1477
431
621
744
670
379
587
1439
518
1448
550
1257
1124
475
612
1181
652
449
1224
517
493
457
537
1161
488
494
634
1165
376
1242
422
1329
512
1497
543
1191
1153
526
1501
1239
1175
1470
468
1363
417
748
597
702
1128
1126
372
1389
1425
557
373
415
732
1335
489
1469
644
741
1354
529
427
516
1162
393
1212
1244
1402
1259
419
637
653
413
1445
403
541
1178
1325
465
728
643
1287
736
486
629
496
595
1418
588
1453
1373
1192
1399
462
1280
1201
1478
661
490
1381
596
566
1500
1266
476
445
1323
381
1315
553
684
428
1400
471
585
1271
1349
1419
640
1202
420
441
624
1340
658
1398
704
1366
1309
1247
472
547
1341
514
610
575
1164
1423
591
1409
664
482
590
1394
1414
531
455
746
1321
686
470
1489
1249
1450
647
1303
598
627
1412
1176
1227
1150
1135
450
1496
435
680
1186
