858
25
1118
271
21
66
900
339
1103
1016
759
811
151
131
814
1054
812
341
236
1066
19
859
753
268
257
29
919
802
994
959
1083
1061
1076
138
140
1091
270
1072
260
364
368
26
999
204
148
1003
176
234
965
755
878
167
22
222
920
791
322
1100
309
864
350
779
211
154
96
906
63
921
796
99
324
844
851
45
831
822
251
975
978
73
301
855
839
1044
127
197
91
196
86
1094
794
273
53
298
875
195
112
783
1048
226
213
117
284
302
143
14
984
184
909
178
803
74
51
253
133
874
59
1093
361
346
1026
800
152
24
64
804
153
1020
161
953
785
343
954
166
1006
973
951
1052
276
872
979
1110
157
344
935
789
824
135
1029
263
203
155
1112
898
950
1101
995
158
207
48
1085
884
165
1056
300
13
159
1120
1115
334
1002
988
938
825
1105
50
923
907
787
993
229
46
808
130
1109
1000
1017
296
16
895
777
232
766
228
754
911
89
987
813
115
183
809
996
185
54
139
815
762
1106
201
190
305
944
901
202
793
847
264
124
981
314
352
926
769
799
105
772
1045
1069
235
961
826
114
788
93
52
1040
41
335
248
933
887
985
362
1063
962
870
328
36
146
67
862
17
98
87
280
889
817
206
82
37
345
254
771
61
830
903
1025
1009
998
857
1039
329
120
181
782
1
1015
274
293
1008
891
126
957
145
888
76
319
172
790
863
34
108
20
1092
835
927
233
1067
94
1021
27
69
873
281
1010
11
902
359
952
326
125
179
969
175
1084
156
367
1013
88
922
1012
867
752
1027
792
119
349
129
294
948
801
250
823
225
897
1030
122
123
238
916
1024
1097
1073
1049
18
210
323
258
1014
989
912
943
1078
218
38
881
1033
1065
160
366
883
33
338
315
110
876
217
100
168
1451
1357
434
1391
1343
1226
502
431
1254
602
1276
1493
1308
1414
1155
1367
1321
696
1137
630
457
549
1377
1127
1383
1345
1229
589
1160
1390
1168
730
372
1364
728
608
709
411
1125
1261
538
1131
638
505
1445
1419
692
571
385
1334
1167
1174
1438
1352
1354
750
410
1404
450
445
1424
1500
1143
713
496
1439
1409
1366
723
1149
1360
610
1378
1341
745
530
1372
413
389
1294
680
1171
1179
717
1183
1191
1181
499
736
628
1250
652
710
1282
1246
1458
564
1382
1463
395
1264
632
542
1499
454
374
1232
1448
478
1402
540
1176
1185
1475
388
684
1180
1173
719
1249
1389
1269
1306
507
1317
1284
1348
1141
1195
1384
1161
581
404
1241
491
455
644
487
1316
1337
492
1497
1177
1242
387
1188
712
1288
633
473
673
458
1217
570
588
1248
1310
631
590
681
1437
1328
576
1455
694
607
1315
569
1175
1417
546
381
557
1452
1425
489
498
416
725
1214
1325
1318
397
646
584
1336
1405
583
1233
654
645
463
456
543
1251
1150
1186
1298
1290
418
534
553
641
1200
1236
515
689
433
594
1388
511
437
1431
685
1260
746
1158
701
1443
391
493
743
441
1253
1303
735
582
1223
1421
1286
1412
677
1418
443
1215
1142
402
471
467
653
495
674
749
1135
597
1488
550
1206
522
704
1192
1355
703
715
1300
414
1461
1126
1305
486
1222
407
1147
1386
718
1410
1460
1359
1209
1427
1373
1259
1198
609
521
585
1187
603
1457
552
663
459
1124
1466
426
623
379
1350
1368
1353
1193
720
629
1270
396
446
587
476
1196
739
509
722
1474
1363
1339
1234
1272
724
1483
612
1416
510
1263
707
601
731
1495
1296
691
417
1454
555
1440
422
661
1138
453
1220
592
1211
1194
577
1396
668
503
562
693
390
482
1413
1326
1218
1243
525
421
1172
614
1393
1324
626
497
1202
706
1380
596
698
1322
392
1201
480
1408
377
1478
514
409
639
1207
1385
1295
1487
483
1484
565
408
1190
1370
528
671
1122
1184
618
