61
131
220
355
886
985
126
158
973
205
287
899
33
77
848
214
974
322
773
94
344
113
308
1002
1000
764
277
781
5
314
268
103
210
93
142
307
222
265
280
153
213
880
99
1034
1079
823
1105
303
266
936
98
946
841
979
981
19
918
177
1046
787
345
1089
164
111
70
100
71
1078
784
30
202
288
1039
237
852
332
1006
81
872
913
68
216
115
1072
255
42
310
369
1090
238
116
335
125
1059
132
817
917
1037
104
846
9
834
281
1032
360
777
906
236
1025
352
278
951
997
31
169
97
1083
316
215
16
865
830
241
128
940
124
855
1106
203
349
1011
174
29
201
971
368
143
261
870
197
206
847
995
337
218
135
244
909
1048
187
88
351
1058
828
883
211
1043
916
778
893
235
109
819
223
102
118
52
1117
837
282
907
25
1084
6
1003
37
948
147
759
829
22
358
1114
154
961
1005
805
884
179
41
165
243
998
274
264
941
90
1012
815
931
754
984
802
159
301
987
172
914
910
898
766
3
876
1073
340
0
279
1021
1081
1091
292
1118
1036
873
1030
354
1023
1088
908
44
836
105
915
156
200
970
875
912
1094
1082
849
1053
1074
1044
857
788
763
780
1077
958
49
256
844
226
285
923
338
339
930
185
812
821
313
794
1050
32
134
871
903
1040
1104
840
1015
1096
1008
1018
1061
74
783
263
17
892
176
877
962
891
163
136
866
862
959
1007
361
996
1100
835
275
1013
157
1111
964
868
76
1095
78
978
922
89
894
1120
196
311
189
184
1107
824
296
95
1064
317
14
333
983
271
321
779
114
859
816
348
239
818
1019
149
299
792
952
72
48
300
809
298
219
82
789
999
820
84
1038
232
181
59
990
119
57
1086
889
130
357
887
986
367
965
242
911
364
767
1020
12
251
1347
513
428
663
654
744
1472
538
1142
1302
1286
1212
546
1149
1329
651
1290
457
1330
1134
1202
1221
487
427
634
493
1153
641
737
1356
1252
1448
1375
430
1318
1210
534
680
1331
456
1402
1214
653
724
1445
567
1398
1288
1151
1313
1340
598
1204
1406
626
1133
1138
1255
582
526
681
1441
597
703
1478
1175
1192
1338
1404
1387
416
1322
1231
389
1415
648
607
1348
1213
1376
532
747
1287
594
1490
601
1215
1371
1353
1429
1268
697
1187
1496
728
1360
693
629
1384
1273
639
552
599
476
660
380
1321
1426
451
592
1303
459
1332
670
501
699
1154
460
715
1176
490
558
664
1494
1422
692
372
1453
1446
695
1337
373
662
1452
628
1263
429
1230
564
1298
468
610
385
401
1283
1477
1314
1324
1220
438
736
690
553
677
1250
720
622
437
1294
506
374
387
717
1430
477
1480
1240
645
727
1277
1209
661
1190
1460
593
750
735
1361
702
569
1186
507
431
1467
612
1272
704
1306
708
621
424
1152
405
1451
444
591
1246
1185
649
1346
1335
1465
1389
510
464
1280
1417
475
1414
1189
1447
478
473
656
467
1489
382
1148
392
1162
1386
676
383
395
508
1260
1184
488
407
525
1391
1194
1418
684
574
1410
1248
519
1121
1279
586
485
1491
1265
1123
1466
614
655
1308
529
638
1328
1244
541
1127
420
500
1483
496
528
1468
1459
721
623
573
1486
1355
1357
606
1320
1300
410
497
1271
620
1241
449
719
540
1431
613
1293
1297
1269
386
391
531
1179
1122
1237
433
443
1257
1345
1301
675
1393
1326
434
1238
1242
1168
714
1378
585
469
637
418
615
687
665
1440
1157
1476
1135
535
1188
479
545
1316
543
1362
393
1169
1178
436
411
1136
636
1217
731
572
1278
1274
1333
1299
504
1198
725
1247
1439
1180
587
432
1396
1270
1315
673
1289
542
1327
450
1382
1482
1235
399
1276
608
1479
1249
694
1443
1195
539
1473
1305
584
1437
1226
1177
712
588
1423
646
404
547
1160
1385
1428
1201
413
