1903
3509
345
2045
736
563
567
3091
1094
1897
8566
5035
1721
2753
756
4058
7681
8604
6220
4193
242
1952
6276
7025
5405
8525
1779
6238
8132
1939
5034
4646
1621
5348
3591
4912
7219
5226
7806
8002
1707
4031
26
6796
4788
8481
3800
8205
1834
2992
8304
6644
3468
913
1438
1224
692
3299
7956
2651
4944
7623
4805
1045
2743
1483
4444
1342
3945
8310
4503
8266
4246
6234
7035
1341
2719
846
5687
5063
3834
1274
7571
3071
2429
126
4726
178
7810
219
8703
6778
6878
5016
3291
705
2280
2175
2615
1489
226
8208
3576
23
1516
1693
7711
6881
7898
1527
1174
3598
7718
4234
5279
2878
5076
6608
2472
8398
2782
7726
4625
6999
2163
8949
474
3906
91
1283
8351
2350
2554
7250
1375
5046
5818
1677
8469
8112
8302
8429
4665
8940
733
2759
5696
317
3759
745
5946
1951
6157
6642
8278
7459
8359
2256
8243
2608
1297
5391
4842
2762
1448
6062
5589
1485
2504
6424
806
1074
5878
297
4087
1036
7648
864
5160
8701
2576
230
6580
7302
3866
2044
3383
6478
4939
2343
1956
5365
8524
4525
4484
7152
6627
2004
9041
2198
8200
5980
9197
6339
1136
7069
5268
5691
7938
7847
2177
5728
3909
4423
3782
6313
8576
853
8270
2949
7857
5652
4971
3927
835
5071
2515
8102
423
9097
7260
3319
4016
72
8283
5879
6285
3728
3482
6110
4955
1188
4364
2713
2069
4273
6433
3419
4706
4993
4294
6654
6565
1271
3874
8946
1931
1433
2706
8731
7287
2557
9012
4854
5550
3624
3919
827
7585
42
3803
3816
8155
2017
804
8909
5091
6996
7127
5368
5220
4858
8828
8568
1295
3418
6202
5114
6765
8439
8095
667
1336
2145
2400
664
914
3638
2964
5602
4247
1641
3695
7944
869
7933
1172
2741
3031
172
2539
7256
5844
7252
7941
4007
3041
3527
3981
2820
6458
6117
5746
5461
3539
7424
2956
8081
7453
4896
8783
3664
4670
1191
7573
3169
8615
4159
6348
7734
802
4447
1456
227
4229
4436
1531
7451
5107
2587
510
7487
7873
5009
3381
7072
2509
7299
3870
3004
5256
3827
7062
5020
5588
9106
6537
8113
1108
5762
2307
3950
2405
7387
3796
7605
871
8801
1826
8238
1888
6774
4538
3680
4174
3398
209
3131
4540
1854
6787
7939
8217
1328
7821
8412
1646
2642
8315
6473
7925
8267
6307
4140
2976
3368
1170
4098
4024
2174
1786
3841
7980
4403
5334
98
4124
7592
6061
5915
1405
3429
8720
4562
4315
7051
7249
8184
8490
785
9073
2124
31
6053
4346
4756
6035
5460
5908
8294
2656
3829
557
3308
66
6450
2383
5520
7088
4487
2897
200
4928
1014
6230
1777
8116
8970
1545
1365
8007
4903
5849
6352
3337
3062
8986
5325
571
3086
3991
2476
1544
8349
6665
4663
9074
193
3422
5856
5578
5996
5529
727
2149
3400
8520
2240
7389
2406
9223
8279
106
8088
7040
4942
3633
2819
6521
6973
5157
8784
5552
6921
2905
7370
6667
2236
7887
8763
5995
8411
739
3898
7670
1738
7690
7264
4837
5000
7318
4341
2520
4486
1583
3200
7621
6147
4941
144
9054
3397
8174
5261
3140
7916
3593
5729
4784
149
5170
1114
6531
3885
217
1101
929
2058
1792
7777
8416
7549
2258
3374
7388
4950
8997
2766
7234
5272
8191
7222
8913
8271
2127
4690
5582
6896
8759
1075
2437
3929
1861
1357
5854
3465
3249
6806
4245
2864
883
6130
8446
4309
5377
2408
115
679
8923
2445
6449
8374
2487
4755
4381
860
4533
5166
1071
4022
1717
1326
8718
6578
5596
7558
1725
4422
5088
5782
6652
7354
7117
3036
7520
3644
2279
6034
1251
8869
1176
3005
6336
1591
1404
2529
4787
626
6453
6171
1093
2228
4432
3797
302
422
8839
8685
2453
6205
6649
2393
5449
3629
4945
8140
3618
6598
6931
271
4404
9121
4610
8925
3893
3775
5616
1825
9030
4988
4798
6140
4954
340
9006
411
4134
3500
6554
5790
2165
4545
6375
4843
910
8922
5068
7581
1582
8977
9119
8564
514
2973
5864
8638
1848
1715
1858
4874
5462
1996
6838
1367
5835
970
6736
2699
2868
5181
8806
8407
4045
2512
7920
7002
5399
6653
4852
5563
6840
8334
7215
6076
6982
1163
7856
5896
2644
4991
8933
597
5267
6228
1313
976
2099
7946
5614
3964
4445
2720
4826
7414
3499
2568
2537
4536
4693
5889
250
4649
5725
5990
7838
6180
4473
8437
4483
9201
4967
1703
7761
4317
9211
1113
543
8099
8867
2205
4946
1765
8137
2292
5427
3040
5661
8630
789
8914
7360
3386
5318
3726
6941
7110
8864
7010
8597
8400
7541
8284
8800
7179
8732
5792
6363
9001
221
4607
8291
7281
3351
4189
5732
4157
5192
4549
8241
3087
7930
852
7660
8063
960
6456
5438
5271
4439
3162
1934
4871
4887
5040
5274
4263
2684
4508
5781
7255
2459
1402
2372
2270
3824
5960
8668
311
4284
513
5930
8148
4573
8932
4000
894
8835
7317
1947
7011
3053
6354
4947
5574
7684
7587
8716
1712
3272
6193
5487
8612
8538
819
7784
272
1966
4567
9183
1010
1335
8024
4923
2965
7154
4186
1142
984
633
589
4308
4254
614
7804
1649
8920
370
1644
4012
1428
6865
8993
1360
6025
4619
3055
2584
3088
3355
5756
9080
4407
5053
7205
8195
3475
2740
111
1047
4627
2344
8553
1361
9192
695
4659
8833
6728
4055
454
1332
5703
6527
4265
167
655
5309
3300
8563
8104
3926
9101
1638
6052
5543
595
4057
6089
6014
151
8990
3428
6738
8947
6638
5440
7618
5544
347
8196
2962
8432
5568
5604
6329
5327
7163
560
4280
8767
2548
1363
6997
7185
3958
8749
4476
2775
419
5653
2085
5873
672
4343
857
1262
5392
2911
1584
2541
2030
7344
2427
1624
5155
5620
3175
4938
2073
9015
5191
4722
3271
4376
4832
6901
90
5902
5949
5998
7795
4490
3716
8404
7165
8554
3469
2833
799
6904
