8357
136
3045
8456
7638
8369
7180
2758
2901
5696
5394
7239
2203
7918
4625
4246
9117
7902
9048
7732
5668
5852
2779
6050
6962
884
1621
4137
8609
933
2414
8435
3006
3861
5899
8958
1855
4053
4520
3945
7366
3552
4750
8506
5474
6970
1669
1775
3121
2667
7701
3759
2598
6607
4556
1524
8734
5386
6604
493
1936
5279
1779
2407
8566
3454
2387
6388
2416
3316
5773
6046
3369
226
4351
6715
5848
6282
4646
6209
6474
4202
8604
8314
8711
2750
6310
3821
4146
913
1425
6929
7150
6048
7025
6324
2290
447
6788
572
2465
6850
1960
2483
3603
7364
6766
6689
2110
3024
3509
8619
5897
6930
7619
478
4640
7438
2855
8689
1414
5534
4718
4747
4109
3035
345
4011
85
7286
5646
2615
856
5301
4712
5731
3056
3570
3132
6161
895
5446
6126
629
7060
2
1871
2600
573
7885
2645
9010
81
9197
3041
3477
6010
4004
333
5028
237
7842
4384
848
3816
4792
7830
9143
1266
3915
1462
2937
6223
5603
4877
4273
4374
197
5720
5368
8030
3296
2332
8385
5478
2523
3839
3540
4959
5936
2222
5369
6217
8576
2366
3636
7661
89
8686
3418
6977
5698
4631
3054
2174
2141
257
1893
8633
6863
8783
3947
7265
4662
4731
1004
6823
2409
3429
3944
5304
3783
7041
4250
2912
8657
17
8666
5691
3747
3890
8270
887
6797
7975
5874
8123
8826
6389
7715
5961
388
3927
9065
5921
2382
270
5876
8392
1490
9204
7773
7024
6856
8911
3796
1899
4719
801
702
6537
6543
4898
4377
989
342
8048
995
1971
3046
9099
3866
7093
1488
1000
7821
5196
2296
2764
3812
3403
5633
5605
9155
5886
1077
7468
3248
2532
1104
7832
4960
2762
5091
8975
8081
1444
8836
3312
7031
5935
5009
1668
2601
7077
4260
5109
1904
2867
623
286
4893
3443
162
3387
7217
8705
6481
1833
9013
6387
1929
5103
3457
4891
2650
2751
2400
4689
1630
1788
5794
3096
4582
8905
8267
6919
5337
37
9214
2447
6293
8636
1178
2524
8743
1975
5788
4127
7094
8893
7534
8319
483
5882
1793
4894
6756
2113
6966
1845
8037
3099
5268
1204
6752
5841
1298
4375
1412
5334
6687
3169
2560
5546
9011
8787
8207
3426
1606
6844
8998
1941
214
7499
6939
5263
7572
7302
3184
4546
284
6110
5266
382
7931
7982
42
1089
5359
5555
4990
2138
7607
7566
3126
4701
6907
2289
2432
4059
6834
5879
6368
2827
5955
8415
7071
6097
6550
6225
393
6473
5554
8102
8187
4465
6554
3441
2151
3766
8204
3845
8027
3100
972
3247
6168
1332
3334
1659
3843
6708
7407
6942
7897
3898
1121
5998
8786
3984
8334
5950
647
1620
8605
5354
6667
5444
7460
3955
2291
1607
207
512
538
8991
5039
5729
9070
7998
6658
5889
7046
833
6614
1660
6831
8644
2053
636
1185
3219
7015
2948
3969
910
1
2755
8580
5273
1324
2309
2484
1949
2591
5399
9066
8043
7253
7952
565
6093
5584
3607
6743
4029
8393
442
6231
7089
9128
5695
6548
826
2022
1363
5045
367
2521
3529
3792
6066
2834
5824
7757
3764
6800
3277
6487
4608
3397
8455
281
6451
7595
5701
9045
7264
6101
4357
7315
1399
7606
8403
3632
7374
4533
177
7486
1048
9174
206
4056
5144
7278
5472
1614
6736
7817
2909
7268
1696
473
5501
6187
991
6600
6432
5318
1976
1972
8532
8645
7013
4267
4859
6560
5284
915
2522
6020
7872
3463
4770
855
3007
3390
8046
398
6095
515
2775
931
4170
4793
7796
8664
3166
3805
5611
149
1310
7232
1582
7087
6246
1308
1284
8249
4025
5067
8877
3974
5703
7512
6380
2308
2756
6229
4141
3640
7903
8933
2460
8781
7178
3453
5516
6016
757
3780
8355
222
2243
5738
1632
1814
9140
4831
5174
3840
7171
9219
1279
1085
6365
1322
6511
2506
3844
7470
5673
596
819
7549
7488
5543
5933
3550
1861
4206
5150
6455
2711
5057
5051
84
883
6154
497
5755
3159
5040
2042
1057
8679
6955
2073
8336
1418
9144
4609
2649
7869
5997
4081
1652
6945
2262
8024
9068
2372
8337
1624
3521
5727
4667
213
2605
7716
5917
4008
5300
7327
4158
828
4256
7968
3618
6023
2732
3229
6526
3455
5817
7430
6425
1084
2411
1301
5433
8614
5494
122
489
6824
4951
3108
8771
5017
7859
7767
8162
449
928
3128
4690
7525
7977
7666
4764
7874
930
1009
7819
4323
1437
3471
141
3200
759
6166
9091
7575
3762
4450
1948
8115
4876
8660
7274
6935
6820
1318
3964
6587
5261
3308
4867
4067
4613
3038
8287
5164
9088
6953
7999
8058
1176
3715
5224
6074
7349
5458
1781
4740
2272
589
8653
3693
433
6838
5937
8107
1316
1937
4310
1712
5779
6625
817
3119
4277
727
6923
7548
6886
6
2789
7662
8626
2924
4607
3506
6842
6799
3068
4009
6395
5118
8499
384
6210
1128
4427
8727
1627
8472
7498
4684
812
5751
918
2365
2656
263
683
192
3161
3967
4800
4352
8390
7114
612
6138
8082
2013
6492
1007
5568
4186
2846
6139
2354
2190
2251
7172
2902
7481
3235
6549
6718
6480
4929
5428
4550
2502
1461
7758
1959
2709
7981
6208
9085
3427
3250
4086
998
3355
1505
376
4980
749
4030
9025
2847
5315
8199
5363
6394
626
1908
1812
3749
5520
8776
6973
2823
250
1251
1356
6602
2675
2555
4488
1943
4511
3365
2239
5074
6770
4093
8233
3652
5246
1840
1549
8672
2921
715
8442
3473
5810
4559
5708
7637
484
8088
1230
6471
1209
9131
894
9082
4820
766
925
6530
6430
8495
3376
6352
8473
7054
9034
8077
2051
3405
7513
5429
2277
786
8010
6032
9192
8034
1350
5185
1774
6356
2606
4341
4941
5029
5803
3093
5749
888
4948
3333
4641
5724
5909
8567
2439
8423
4693
1608
870
28
8448
8411
4191
4787
2339
4548
3760
6628
144
6552
7504
491
5833
2379
3599
5011
1657
3619
