6668
624
8973
3654
5176
3731
4208
8647
318
6469
4777
6004
1629
5648
6029
260
6693
3369
2779
7035
8613
814
6191
6283
4455
8079
1764
3703
8593
4183
7164
6868
4031
8314
5946
6541
2175
4339
178
8269
7623
1842
803
3949
6604
6305
5651
8674
3546
8112
9177
3759
988
1353
475
1809
2816
4580
9062
6967
6382
2159
3493
4058
7805
1109
3056
4234
6980
2355
6330
2562
2468
6080
4776
5929
5668
4278
5723
4001
9100
2191
1980
1897
6243
6088
1698
4644
6632
736
940
1869
1552
1536
2060
5978
4747
5235
8658
4917
7619
4164
4742
317
7806
2714
8703
4912
3708
692
7567
6688
8351
5906
6185
3121
2875
1936
7492
5797
4446
4125
7712
5768
1524
7245
6899
285
2519
8945
7289
3120
3973
7685
877
251
6962
1824
4669
3514
1264
4399
6030
1846
319
6247
6608
4726
2758
1900
486
494
6786
3831
6291
2794
7768
4094
8042
4968
6241
977
4552
6540
6745
678
784
380
6408
5347
169
985
4842
399
6102
4007
7831
3017
3418
6787
6919
5109
7935
7487
1383
4854
7978
3549
690
2869
7490
2137
7396
5453
1965
8967
4676
1665
8000
5550
642
1035
2145
8832
1309
1440
1911
2530
9234
7265
6872
1474
6470
5936
5227
1726
5676
8639
4913
7847
2111
2812
594
2307
4746
7607
3009
7605
6636
5728
6517
5966
8187
8715
1646
7161
8882
7739
6581
1886
1180
2949
3819
1170
8118
1783
8622
7598
7775
128
5256
3143
8217
4582
3568
3937
1433
4464
941
1212
5075
8484
4630
1272
5625
9132
8359
3331
2118
1191
8436
4465
1641
7972
2642
3738
7077
6909
4596
4803
8624
2343
3647
2287
1210
1741
7302
3467
8346
8122
172
835
7454
3477
4115
2469
7459
2658
5066
711
2862
8573
4662
3213
3651
2057
8428
2095
4510
6096
5699
1074
3842
6397
3318
6645
2564
964
7474
7211
2922
3398
4330
7873
2455
9065
4857
6151
1618
1921
2077
8961
3206
5436
3381
5633
5490
6580
7019
8270
2778
5077
7648
7632
559
5147
6473
119
4537
7661
2764
1799
1547
1259
2986
9041
7143
3382
3554
4023
2825
3952
7938
5135
8589
4574
2601
7188
8461
2147
1460
483
8213
7051
78
1289
5182
2629
6624
6061
6107
4525
1302
5939
7751
4758
8422
4960
4218
1155
7964
1685
7700
2592
3874
5228
3826
4113
6418
8425
5784
5335
3909
2938
2293
2376
3811
5200
723
5649
6358
1915
7925
4905
105
1136
5172
1133
1299
8830
4990
8568
7687
8802
4546
4807
1371
2936
8936
6491
4853
3787
8133
3506
1233
206
2698
8605
5126
2371
8680
6831
7804
4114
261
3804
6673
1976
1838
744
3845
5069
4870
1162
1059
7472
2659
5380
1292
1195
3404
7038
3656
1340
1933
7339
2507
3534
7874
7383
2375
7334
4920
6460
8444
6451
6869
3788
6409
8400
7338
4563
2344
7872
565
2460
1674
6652
7983
7417
4988
3486
5140
6908
3442
4612
3760
222
6515
6359
8258
1128
1972
5061
137
1991
6173
5846
4643
6000
7974
3177
3384
7783
6328
8922
8728
8067
6599
34
8690
8580
3067
1296
4434
1099
7565
4313
6597
8677
9038
967
1214
7764
8675
1507
2139
8948
1234
7460
7576
4572
7501
3984
5151
6070
8754
3813
189
5833
2431
9196
5951
9178
1573
4962
8841
8768
899
3774
8806
4199
5675
305
936
1082
3397
1689
5472
994
5956
5896
7049
4245
6566
182
6448
1912
5518
4966
6662
9203
4700
9144
6900
8294
8335
1738
562
6809
5902
5711
8499
6805
8549
8890
637
8446
9088
1702
4740
6829
6485
4697
6637
8004
2518
7864
193
7859
2786
7385
2218
4491
8009
7174
7696
1010
5594
5855
8090
4550
2703
7057
7323
2081
1946
2904
7642
6935
6043
7910
8466
1704
1326
3058
8846
1789
2399
6302
6171
7209
7436
7886
2042
6415
9090
7280
6740
3764
8758
707
1558
5161
4581
4474
4471
4237
6666
7203
6890
3451
7000
5053
2082
605
9114
4994
2485
4547
2166
7030
6793
513
6115
1747
3515
3688
8873
3597
7163
6495
5375
2989
3807
8737
3250
3548
2506
181
4009
2001
7794
1913
4390
4075
3694
2291
2975
6227
5923
5778
3399
3407
4773
5780
8999
844
8672
902
715
8024
9168
905
5796
2770
2840
1748
3611
8668
187
5742
4504
7519
5253
7246
4527
7047
3632
4614
6815
823
43
97
5835
6120
1651
4548
8537
6421
5062
6038
5950
741
7291
7675
7678
5583
4783
5177
8558
9219
6718
5403
8305
772
3400
6864
7269
2338
5265
6973
6555
7274
9082
1795
1950
9034
6594
6496
7901
3777
445
2219
8834
2169
5170
7162
15
7826
3301
6614
3884
4586
781
2500
5609
607
8986
8206
6542
5624
4317
3423
3095
8687
3749
56
3087
4531
1889
7463
1097
517
7020
7281
3141
8013
1819
2142
2843
7175
8943
8808
7850
2486
3140
250
6944
8981
3321
3487
3118
4453
2893
3954
2521
1723
1676
5033
6728
7625
8536
4879
1288
7497
8219
75
8660
2278
2568
2998
5837
3226
5469
8761
3551
6509
6267
1539
8565
4937
4802
1841
7369
4433
4386
1990
5481
335
266
5136
1620
1446
8166
4043
6343
8869
1600
4945
2934
1093
4298
425
7119
5850
205
6677
6333
7400
1607
3533
1300
6490
560
316
343
4835
8829
3260
4566
2973
5636
5382
4020
4732
4708
4055
6118
5754
7815
5942
2180
4292
2575
3081
8094
4755
5910
6095
3596
4545
6155
7903
3207
8983
652
468
3055
9007
3713
1608
6090
8303
3472
1750
7235
3125
6556
8879
4997
2125
8275
1987
2677
8692
640
1135
3905
2073
29
8653
1372
4570
3079
5672
2055
4272
8486
5255
4092
2240
8985
6194
5702
5174
7136
5363
818
698
1110
8966
9019
6327
3222
665
7285
8194
1420
8839
1123
5779
5273
1493
4338
6067
9073
5889
7595
8411
8031
4728
8212
2793
2220
7688
712
400
1095
2199
322
1085
7846
3298
4916
8630
4565
9089
2943
4194
