3045
7898
7833
752
8105
2276
6410
451
8494
7880
4640
5210
4478
2202
2781
6027
2952
2060
4912
494
7701
4503
7828
774
2483
2928
8788
8452
2714
676
136
6553
3233
5076
7712
8790
8897
1588
1551
3241
1378
6401
5394
7900
3933
5362
8780
3316
7656
430
8647
5348
2837
4520
1677
8927
6270
6999
6541
1353
6632
913
3035
1906
5836
8562
9071
5175
7792
4444
7238
5446
1281
3902
2874
7902
1936
1855
4350
8726
3111
7455
3273
4198
1045
4089
726
5777
3735
1060
577
1986
1773
1517
1341
2175
8176
7275
740
5420
4777
5030
846
1803
4915
8008
6959
1092
2736
2269
6769
5963
534
8900
6905
8850
4717
7123
3091
4146
7160
1869
5099
383
4519
8623
6414
1709
7907
4677
770
6428
705
3708
5339
1720
1167
6981
63
4819
486
5968
4136
345
6444
573
4791
4908
7103
8594
1242
6695
4023
3467
2955
2482
4259
2950
8372
2774
7346
4525
8264
8185
2394
9008
461
5566
8385
3382
3073
1929
2400
2509
5095
7024
7577
1191
4447
1850
1180
7335
6756
8975
761
6005
7041
1547
8381
5839
6141
7272
8296
829
4062
2542
2907
1320
1074
3312
820
5588
4391
1928
2093
3518
5825
7990
7573
2032
132
6217
4156
2086
6379
3523
2794
2464
3433
8589
4140
8280
6661
8317
8856
4026
4813
1783
6237
2341
4829
6207
2297
2572
2892
1965
6008
1606
1178
5860
8228
2986
1152
3126
6160
2687
342
1298
2784
1032
9011
6581
7661
1487
1280
2566
6957
6540
3084
5422
5116
8485
4219
1328
1299
3285
7861
5936
3852
361
7510
3927
7084
2695
581
556
1883
3182
5497
3739
6293
5859
6854
6745
8592
4289
9200
4594
5560
6675
6258
8243
9061
7750
3319
9165
363
3112
4148
4130
4691
4960
7906
9182
7450
6418
861
6479
2938
5332
8428
9107
5453
3947
7208
7941
380
8037
8712
1416
6499
7484
4229
2209
544
6518
8676
907
3725
3950
3489
7798
3195
4546
7396
1502
6746
8503
8853
7652
3133
787
6856
4184
7397
3438
8636
5573
7842
1204
7
4713
690
8511
5571
4069
5821
3332
8974
3697
8463
8633
188
5478
3779
7556
1294
6260
2937
8686
914
7093
4801
4685
6358
3074
7058
5110
8057
3730
4024
6041
8488
610
1448
8484
5028
7252
6795
5070
1646
3928
3743
8740
3919
7607
7003
9197
6844
1089
7534
6969
6877
4129
3527
5595
70
8705
2976
6313
3895
7490
5004
2076
5665
2611
3850
7934
6939
8430
142
3627
6716
8424
3242
3240
7950
5013
2536
431
7756
6831
4363
2909
2386
5928
5666
1789
3756
4043
5944
5441
2635
6328
2087
1033
3036
5464
4114
1963
8716
6813
8215
1670
1391
6901
3275
442
6218
2401
7698
5498
5150
5774
5385
3996
1843
3064
29
6638
7428
3019
2226
4506
1511
9031
6589
8806
8253
5336
1147
2112
7082
737
4355
87
1235
6343
7892
7611
4173
3227
391
490
470
3959
6510
5684
5025
148
3672
564
8567
6325
1964
8750
2870
4982
4163
6437
7139
1090
84
4765
4821
6425
4507
6776
2003
4962
2793
378
9190
8127
4822
5737
2680
4237
9108
1002
2227
4181
2475
6261
8581
7309
8597
2502
2747
1505
2025
9160
397
7627
7959
7421
7102
2160
695
7236
4865
8990
4172
5434
6144
4342
6340
2151
9082
2702
4120
8252
7190
9125
5983
1285
3037
3415
6235
6554
1420
177
4187
7865
3553
7479
8710
4836
3175
2064
3613
7237
8016
7038
5506
8027
8321
3829
8076
4266
4357
5607
6841
6158
264
8728
6846
7576
4286
4189
2074
8007
5831
6436
6082
2453
1794
7097
3177
4263
8680
3974
3962
1958
6983
4874
112
6968
2880
1128
4645
1374
7049
1655
4882
5283
749
3022
7969
5031
4220
2351
5151
1654
2583
4961
4626
3529
4112
121
7962
6180
697
1096
7749
6232
1603
384
9210
1763
5039
4755
565
3323
3774
5733
1431
7184
241
7552
7144
5628
448
62
5072
2984
7814
2596
2776
8387
7171
2035
3884
7199
1831
8320
7626
2089
1258
4301
1208
4029
3027
8965
243
8407
4055
1943
7587
8505
8925
4441
2622
4721
7200
7480
5026
358
4271
6095
7901
3688
7409
7498
7864
2619
2036
4733
1879
8839
7280
9174
7463
9034
8537
7014
5583
8284
6099
7257
2164
518
4049
7647
7354
4176
521
5374
263
6140
8903
9144
6867
7292
3460
6562
4231
5366
1866
4191
3567
9135
5905
2282
8813
6449
6043
3373
276
1452
1737
4658
4081
6465
7283
7612
8282
2605
8847
3028
6333
2065
7613
2051
4079
4505
1322
5956
5318
4305
5104
3967
1828
4168
5521
3984
5838
6649
2081
839
4462
1687
7234
7080
287
9027
8063
3445
2161
4412
2924
6497
11
634
6480
6903
3026
3437
2230
7375
3665
6475
5169
5377
4309
5051
8497
7526
1093
2383
1214
5819
6057
7185
6600
7002
281
7708
7748
6422
3859
4586
7393
4797
2805
1550
3520
5567
1711
5727
3640
7472
3442
5471
8608
160
5793
7369
3593
6685
1144
5576
9042
2936
8053
5616
8643
5654
6187
9172
3623
7315
2171
2415
519
6684
2804
2664
954
2854
5449
6950
3898
4612
583
8154
9070
908
6274
8773
2760
5621
3392
2724
7546
2511
641
1590
5238
8546
4143
722
2134
1993
7179
7063
2491
1605
2746
7298
2621
1996
2662
8032
4466
2122
7394
3044
8824
5491
7178
7804
76
6109
1892
3820
5050
6701
5079
8148
1898
6441
7515
4405
2020
1849
6578
9
2002
5986
2123
6548
75
7464
6127
6295
5033
625
6455
3696
1400
2800
5340
1177
4697
3358
7920
1196
7187
6448
5166
1566
7212
1005
3100
6824
6364
1638
700
4929
4581
2703
189
9051
2510
5641
8781
2136
2406
5282
6244
1970
5032
3492
842
2172
6280
3214
3956
156
7954
7371
429
8585
1083
8010
6365
9091
6053
1718
9128
3513
7507
4902
8749
6152
7706
638
7936
3137
7688
6174
2018
543
2494
3117
962
3943
4590
3877
