6879
6384
3584
9162
8540
1070
8669
4978
2829
351
3933
1588
8018
8555
2361
7180
2005
5099
6980
2725
6046
8331
8361
3948
3502
8304
3823
3758
6330
8652
5176
4360
2845
2290
4754
4238
7352
2651
245
4632
3678
6962
9062
5313
4580
8208
8269
6881
1506
6414
7699
3735
282
2744
8366
4696
2314
4737
4137
5881
2849
1707
91
5768
318
5723
3949
5279
9206
6934
3668
3517
4136
6085
8386
2815
726
890
1439
178
39
2581
8610
9181
9076
1978
5016
8471
8179
9123
3035
8958
8996
2519
4646
7356
8620
629
2358
1773
6862
1720
9133
8373
406
23
6428
2669
4777
4154
4912
6401
756
8357
9164
9205
1025
2336
7659
3763
6769
7275
9100
8545
4812
6059
2090
6778
5613
3468
5305
1045
8978
703
5773
5143
54
8525
7036
696
3989
5175
2901
2440
7035
3071
9117
2586
5130
2826
349
1951
5633
8797
1490
5209
418
6435
3253
903
6907
7510
1231
3781
8667
5041
1460
5410
5116
2256
4069
1767
3946
4546
3145
8333
1915
7194
2426
7454
7039
258
2394
4630
3240
4497
8577
5588
6854
2400
1981
8325
1241
1523
3210
8392
6427
7799
907
2192
6255
1380
4760
4842
3402
288
6895
7016
326
864
8909
4720
9008
6694
1395
168
8308
8346
7832
8731
4552
8326
7964
3398
6682
829
6483
1416
2275
3537
3470
8624
5351
2632
6024
5623
8030
3985
5555
1440
4130
3009
723
2717
5874
4222
5573
1478
4673
3915
2330
8439
7636
2101
1299
5148
2923
4133
6545
8796
2727
6084
3950
380
3078
164
2888
8017
5435
7272
2181
7210
6389
898
8657
773
8979
5421
8315
8307
2130
3647
690
4799
716
7789
4463
197
3429
3655
8572
8277
4927
4353
5124
5515
2557
579
2634
3826
6223
8622
2769
8123
8704
5317
5071
5184
4182
6642
7475
5853
77
8317
8995
8698
8422
4060
1531
1132
946
6447
4288
7146
2737
8192
7917
6141
5203
7914
1733
4236
1124
570
2095
8524
361
559
2266
2912
6287
6791
6563
4436
9197
5257
3296
4424
1413
4384
628
6872
7084
4289
5766
9152
6377
575
2867
5876
4860
4585
2114
7287
2515
4803
3717
6237
2944
5954
5939
1259
5332
7439
4891
6518
5535
8409
7752
5331
4240
6012
6293
4539
4647
578
7448
6117
4420
7413
7058
2869
4829
8445
849
2138
7265
7050
4361
3556
8038
2794
2955
7980
4367
8550
5786
649
5077
3627
3213
5263
6125
714
2764
227
2222
7692
7673
911
7345
8972
5878
3446
348
7798
5
1533
4886
7584
5889
1723
5437
5042
1808
8628
1946
924
1968
1361
2805
1810
4679
4254
5495
8198
9194
6039
8367
8107
8371
4507
7729
9093
722
800
5628
6155
1966
1064
7896
4694
6933
5674
3365
2282
2583
2040
7557
2030
4954
6042
8432
8565
2593
7547
6741
1623
3223
8710
2151
5039
1322
3053
9101
4881
1066
3047
8062
1959
5170
8885
5496
3632
8716
4667
7367
1913
1497
2154
6103
8739
2761
8349
8088
2806
4649
5469
1329
2398
1638
289
3719
7670
8052
4557
6709
6115
279
4504
6667
125
950
4475
6864
5775
5000
7893
8908
364
2835
5189
2128
1258
6680
9114
1776
7095
3610
2388
6963
8694
5510
6916
4212
786
645
8515
1428
1945
2551
1541
2518
6254
2283
5850
2208
123
5833
6728
6312
71
5724
8403
6973
1577
7994
7419
2973
4221
8137
7853
3845
9174
2823
1930
3352
7736
3857
7785
9109
3733
3483
5425
1988
127
1958
6244
358
8286
3338
8
8837
552
1792
2920
8440
8899
3898
6137
6294
1482
7747
6063
1288
8991
4386
2082
5990
4867
3824
6952
7660
8023
1772
5292
1947
3359
2139
8206
8764
8423
5565
6950
4093
3298
6597
8167
7783
2161
7759
9187
6471
6890
2399
4457
220
8194
4770
1950
1450
3972
1275
8549
5215
6615
9057
4831
6634
8097
1409
8791
5372
6446
4376
62
4948
2788
1635
4942
7408
3873
2084
5729
8643
7780
5637
492
4952
3437
6148
3694
731
6923
6835
2637
5122
4643
558
8944
2326
6925
8653
334
6727
2660
6021
3752
1676
4307
6043
7040
8820
4513
4110
4334
4430
1334
998
2681
5804
7010
5212
8505
4767
5972
7344
6242
4256
1655
5067
3863
1639
1075
2309
425
4118
7708
6789
4405
5769
7013
5951
5380
7399
6522
4715
1725
3511
6886
5855
7953
5669
3487
6521
7294
1049
1209
4710
8312
2022
1998
5260
9047
6793
7489
8115
6935
762
3123
8514
512
7529
5433
5783
7867
8029
743
8690
1853
3093
1215
5115
7559
8149
8465
4349
7549
392
5312
1468
3392
591
385
6884
3713
1862
1586
3193
6780
3226
5232
8554
1189
5754
8929
2480
4768
3571
2471
5101
3180
3586
1091
1745
5297
3813
3460
2445
538
6365
1286
6275
6583
4180
1605
7382
8848
5718
148
8654
5925
99
2169
8021
9154
982
1704
5923
6903
3357
3582
8437
1279
4609
4112
4142
1878
1492
7400
5831
1449
6505
7048
3787
2412
4941
4500
1350
3218
6332
516
5928
7683
3317
1575
6927
1731
1426
1977
525
7426
8328
4579
5834
6508
6708
283
3646
2617
6416
8345
4766
2998
9124
7140
4312
7120
6486
6876
3661
6277
4470
7458
2244
6706
7403
2001
1236
6640
4560
7131
8608
4050
4167
1296
1107
2239
5011
2098
1097
161
3884
1374
4875
2656
5484
6081
3533
1829
6138
4203
3190
5924
6386
2801
2444
900
489
3125
6183
8491
5306
8417
9127
6819
6815
3956
1340
4378
2712
6158
1521
2335
8663
8170
8821
7909
7815
200
7928
2685
76
3699
5097
7829
1277
8074
7433
389
3137
3762
308
3524
8260
7945
828
4518
3977
8920
7102
5322
6079
480
4526
3618
4824
9166
1954
2520
4820
8347
6296
5457
3450
2083
7532
4333
6953
8876
5908
3160
2441
7171
8085
4828
2371
1617
2859
789
7311
3011
2148
6336
6390
8004
8718
7074
4664
1738
8172
5996
5159
1587
4306
7430
2109
5987
38
3003
