4234
6519
2743
5802
417
7836
3528
8777
1721
6766
850
8902
7356
6288
1720
3316
3940
5339
406
1192
2816
21
3758
8386
777
726
5349
1724
4734
1669
3763
6050
6641
5210
3987
7737
1809
7726
2358
6934
4125
6317
6444
3768
8366
277
2391
3759
4126
4202
1517
4449
2946
8364
8956
6414
5201
5570
7366
8395
7017
4666
2191
5286
3942
8112
4131
1516
4230
2203
4116
8176
8562
4519
2175
3063
4999
500
7702
7310
1713
6009
7638
6434
4326
5943
2581
2454
8266
2280
1847
1529
6203
1070
4737
5277
4776
3504
36
5341
3902
1551
8373
3968
6981
3348
9086
7898
6423
2260
837
5130
8398
3484
5456
8322
577
1863
1804
733
9193
3546
366
4855
979
1663
937
430
318
6657
3045
8900
6713
5234
1112
1709
210
6240
2837
2667
7150
7810
8173
4132
3023
2852
1594
6046
740
2091
4632
5474
4330
2409
5958
7692
2332
4201
7467
4007
5344
7037
5019
324
6473
4024
6797
4155
8682
9197
848
6291
709
904
8342
3835
7008
4829
9104
2983
8556
6010
2550
6563
2683
1062
1346
2503
5869
2145
3938
2343
4584
8308
3831
8733
1024
784
3830
3554
593
6192
2107
2530
6245
2524
8081
4537
7499
6919
2701
7487
6611
3285
3049
5650
8011
8207
101
3074
5200
4930
4293
5883
6357
5947
5266
8853
452
4898
2592
6961
5890
4033
235
5165
1705
3641
1270
4071
4023
2611
7697
5536
6285
1381
4068
6466
2396
7600
4987
7888
6996
3727
8230
4059
5391
78
6692
4495
3495
7523
5223
3604
5839
3491
7042
5677
7056
2118
3418
7308
7990
5490
1172
8688
3366
5368
2470
453
4670
775
6507
3647
721
880
2762
1133
4214
3213
6195
4498
72
8189
8963
2794
230
8380
3547
1297
6458
5575
5952
3134
6041
6777
1080
3650
7752
5422
1293
5587
8409
82
6969
8587
8721
1885
1029
403
7661
3783
3870
617
7831
3691
5555
4016
7871
3434
1302
8072
8114
169
8441
1460
891
6411
1077
5075
3331
6645
4121
2155
4210
5882
7124
5359
4087
5470
5376
1874
7816
5038
1435
690
1733
1560
964
8719
3048
9132
1103
6470
7316
628
441
4885
6107
1631
1173
7381
6151
1191
8484
1065
843
3614
7870
4153
8665
8487
4393
8926
5823
7510
2710
7912
4510
7387
6909
6478
2263
3126
2910
4751
7277
1523
4703
6313
6100
8904
3076
725
4933
793
2063
581
1036
6703
2113
6760
4673
5373
7045
1134
5633
9188
2542
6855
7071
89
4100
7750
5289
1451
88
2904
4197
965
1633
1229
5330
5767
8383
6562
3521
1123
6584
3161
2461
7137
6913
6074
1880
4030
5261
2817
7826
5314
5632
3090
6124
108
6250
8515
9081
571
8025
2640
9122
908
4572
1245
123
4979
4381
8329
1684
6362
1169
8842
8106
1315
216
5747
4203
6963
5629
1098
8432
8938
4309
8980
4790
9001
8865
6163
354
1548
1418
3151
6166
3180
8115
4035
6326
2798
3997
1740
7247
1890
5813
6453
638
7781
1609
7061
2149
8274
4499
5326
6763
291
1946
5121
6602
7549
5847
7023
1608
6805
43
4474
5998
9118
5793
7409
4996
9189
9000
6351
6257
6296
5166
501
6945
3360
6168
8196
5086
2024
4114
1318
8848
5078
1143
5505
3612
4722
607
7300
851
6845
4283
5023
7529
211
259
1660
3315
9072
2156
5308
3436
1376
7394
6707
8290
6570
8047
5738
4152
4966
6560
5060
4697
8235
6514
994
2622
2902
4267
4684
4149
8673
5481
1446
1391
6908
1450
5769
589
7721
241
8534
6493
730
4462
6356
1716
6559
3308
1195
8090
2614
2059
5917
3199
3214
7581
7429
2707
2556
8800
4920
6378
7501
2050
1575
7318
8670
4935
9171
7977
7783
6179
569
1865
2162
261
2353
3270
9066
5090
7780
3450
5122
7559
8823
6013
5042
7411
1758
3776
2583
5089
6394
5837
6314
331
3762
4832
8821
2802
1260
1857
515
327
4614
5429
2763
8434
7814
6118
9176
6725
8635
6327
337
7353
1602
8206
428
8813
8520
3050
6983
1592
4363
5660
3813
316
5990
1950
4555
3884
5627
8350
7928
4409
1958
2590
5072
8611
6249
3544
6666
1344
6958
4370
6422
9172
305
5533
1675
785
7804
3904
7410
4101
1962
6964
8839
6988
3486
5758
3882
481
857
975
3258
9060
2809
4874
8590
5101
7483
3657
8616
1495
1023
1267
2030
4300
58
3500
6000
4769
1075
7341
5889
1711
8328
2997
3349
2397
3542
1402
3365
5489
6123
4728
2121
2613
826
9085
8204
6902
1211
892
550
3574
3838
6187
2960
1236
151
1674
863
8084
302
6925
3588
9187
8845
3497
6130
819
1889
4248
5754
8937
3088
9168
9108
5611
2531
2898
1993
9024
5716
4563
7838
1699
6268
2618
3250
3100
2354
6044
7525
109
8847
8034
6233
8679
4134
3359
52
4412
8683
1653
3512
5755
7777
1278
741
2684
8043
5250
276
6941
2055
8614
7815
1223
5316
239
2020
719
8203
1276
9082
3613
2375
8365
404
4923
2879
5218
3057
5727
422
3807
5904
3530
7837
3260
8859
8548
6120
6853
6437
6876
7088
7853
8908
3986
6494
4976
7930
4851
6816
3350
646
307
8765
5757
7979
3153
3335
2383
7999
1168
5113
6200
2873
3653
6032
6023
6289
492
6684
1640
6001
1717
7372
6091
4941
5510
5831
1649
2693
6070
5427
2617
5467
7317
294
1790
3343
5400
6681
972
8268
3996
883
6971
5718
2445
8497
8396
669
5382
828
4575
2838
5206
2283
479
7846
6449
1639
6165
3068
938
4480
4838
7736
3786
6244
8762
147
525
8867
5902
5229
9116
1421
2033
5345
3425
4550
223
381
641
7263
6205
2808
2204
5170
3715
2703
6997
8570
8149
1637
2049
910
4818
1262
185
8884
4180
4346
8892
1301
893
3625
2929
6069
1220
7379
9038
8258
2500
5976
1763
7174
6254
4732
4306
3461
1877
2399
7713
5074
3266
4861
8986
2150
6613
7057
8653
6446
6341
5661
5460
7274
