3121
2062
3348
349
7390
4051
7825
447
7060
4978
6981
4646
7169
4339
8850
5615
2327
2472
726
1900
9205
8108
8987
7878
8262
7702
8658
2942
753
6434
8619
1744
3113
8014
3006
5338
7123
6068
1897
3233
1869
3224
4319
8539
8510
4446
8566
1529
7431
4936
1821
4138
1936
6689
4712
7609
3263
1197
3391
5929
8604
2290
4146
803
26
8504
7286
5175
1015
8395
1156
6604
1341
4001
6049
740
2456
4204
8173
8153
1045
3299
464
1552
7438
7435
3259
736
6668
4651
8778
8351
933
846
3808
7963
9058
699
8353
2849
7012
6862
1352
8361
4362
236
2221
8324
5386
1463
2946
4053
5474
8136
4360
8578
7840
7356
4577
8310
8459
8620
2428
619
5418
5938
1815
5723
8863
493
317
1951
6608
8852
8562
2554
1729
1281
6905
6431
1368
4985
6558
4864
7336
8471
6519
2852
8331
6713
3583
8545
365
1938
7345
2628
7146
83
2130
773
6107
1302
6977
6751
1151
7208
2666
4970
4668
4107
4877
4018
8165
22
4463
1705
6435
8624
6255
5020
3074
7007
7258
6957
7474
8283
969
7949
1793
3017
1995
5841
7016
1886
8804
6260
690
8598
5395
9097
8893
8445
4687
2564
2634
1393
2107
6837
6804
4701
2683
1152
7960
5590
8118
898
2542
3564
1979
1864
2624
6389
3303
1371
2827
2382
611
593
8988
1646
3099
7919
1565
3900
2075
2772
1766
2654
2587
3924
6094
3604
1647
3041
2138
2752
3871
8857
2367
2400
6266
2558
7636
7973
1797
1240
3356
2534
5368
72
8267
7424
2572
7024
2168
9202
4408
7800
1478
7094
1383
3292
7573
871
6162
168
5573
7272
4774
6518
4933
8766
1248
1273
8223
3368
467
6142
6417
7843
714
5926
2938
7440
4316
8264
1000
2695
7715
3408
3114
3795
1833
5558
7786
4458
8760
6136
8797
2211
6412
1690
2580
2464
4069
5784
432
7966
233
8979
891
1569
8930
2945
77
6131
5056
8083
288
3046
7105
7420
361
2950
95
7912
6141
5141
4016
6037
4094
1337
4893
6834
5196
7494
1665
7727
5037
8436
8528
3722
6687
2303
7671
5116
8963
8960
164
4516
8547
1062
5289
7585
3265
8503
4290
2949
3606
103
5222
734
8870
407
1161
3329
4240
5698
5408
9216
7917
8721
6478
8757
3755
1688
2501
2778
5262
5895
224
8521
81
5109
8615
4501
6616
1817
2289
5536
6654
903
1695
6871
5845
2741
7750
215
5720
2964
7484
7042
4992
7555
5
4535
3383
606
6592
3210
7720
3791
2113
8054
5550
7381
8853
29
8509
2563
2353
3733
409
1493
4034
822
5218
1255
1312
4346
8003
8311
1590
4439
2478
6583
6610
8146
5597
3003
4352
2085
3575
3376
7418
3674
2991
4667
7470
6731
6208
4775
7280
1808
7368
8829
8938
5896
525
5529
160
6386
5105
4397
6312
9109
3876
2385
5238
1017
2489
5700
7670
8376
2331
5100
4681
3995
6805
5516
4892
3590
2916
3572
3428
640
930
3707
2931
5047
3780
7409
1896
4309
1761
5610
3916
6449
3652
4872
3039
518
6709
2834
8273
1163
6366
6308
4249
9024
6032
2618
5542
3359
8729
5900
5366
3340
6937
5674
8453
6232
4365
5830
2940
8918
1589
645
4165
302
5189
6346
5078
8231
4765
6964
1672
4321
5138
2240
4785
4976
2839
6599
7373
6935
7022
1125
6625
4619
1873
5834
2413
2458
5601
4226
910
7344
3440
2685
4627
3982
1983
5735
7385
805
5052
2882
3853
3705
2122
7349
2697
2546
4470
4233
7955
5750
2006
5925
3631
1972
1949
1544
8965
8458
387
3612
506
4378
8910
8899
6763
4191
4196
6275
6754
618
1739
1084
296
732
6869
6586
1962
6923
708
9128
4953
8993
7369
2656
7247
2838
189
3660
7083
945
8884
6662
3844
3479
4079
6740
5118
8823
9231
8989
8082
9036
4101
1277
1083
75
8371
6779
1359
2098
8168
1699
3034
4787
6311
1909
7168
2529
7743
7561
6278
154
3473
7341
4802
5123
4607
6180
4173
4263
7144
6653
3867
3956
8055
970
7865
6640
2378
3619
967
6614
8077
6198
6816
4977
2890
5504
2025
641
3553
5964
862
2169
6114
2097
7436
5564
4
4311
1587
24
3251
8196
6686
9029
4220
2822
3884
4845
6749
1085
5274
715
2329
7471
1253
2241
8673
5736
3128
3400
6174
8101
2643
6133
1792
8227
1419
8299
744
1434
1549
3976
7730
86
841
8672
737
3187
5015
5892
818
8383
1628
1717
6362
757
7137
3653
1039
472
1137
2799
2380
7498
4381
1511
2640
1765
6425
4462
7580
8808
1097
7570
7922
3325
306
1249
2926
5374
6329
5552
7026
6714
4009
2002
8437
1043
112
8226
4056
860
9080
6598
5701
1609
3510
7916
4216
4700
9163
4962
6356
833
9067
8005
5584
3343
847
8626
8645
3327
700
3130
1315
2200
6367
4947
1963
3355
7802
1740
416
8976
2680
2859
4825
2591
915
8565
9192
5671
6152
2386
5998
4951
4493
2220
4106
6562
1769
8316
2164
368
7986
6006
8588
1598
6536
8877
2399
7745
9126
8116
1538
4575
7257
4882
5406
5592
858
5745
5678
3149
2672
5414
241
4486
1600
4490
6488
2803
3199
632
7535
5438
5718
358
5800
735
5318
4163
1499
4579
6802
304
4158
1940
9042
7432
962
7578
183
7764
6597
8172
7637
327
4924
1022
2461
3304
596
2153
1934
5774
839
6685
1519
3767
7021
7784
4014
1367
4664
7644
2151
5416
6090
6044
3448
1993
4074
80
4949
1491
2291
2422
4030
8073
4197
5179
283
6104
3478
6619
2443
8252
2311
6876
3066
7457
7328
2251
192
9049
6638
3715
5392
8694
3610
4373
6809
3726
6647
8716
9005
3106
2661
5684
2117
5342
308
5122
1658
4203
8913
8249
4626
9122
5539
3766
1807
6205
1908
5215
1146
4869
4189
5327
229
7411
8286
8732
3868
1819
810
1075
2793
5088
2870
5634
6812
3958
196
7184
7551
2767
269
2430
5640
3996
6023
5437
4528
6034
4419
8024
2020
9229
