8368
601
8596
2060
4164
4519
8240
1027
691
73
6321
1869
6766
8145
3101
2176
2736
2908
736
8353
9117
7554
4981
8408
4383
8562
5328
5008
4061
957
886
8861
2203
7681
1264
4032
3906
7699
4637
1917
5180
6934
1282
1174
4520
1708
494
8457
35
6669
1551
8825
6203
8483
9076
5842
1053
6284
6444
7836
6222
9162
7340
2719
8939
6899
3121
474
459
846
7711
7138
2721
232
5423
6220
1242
890
6639
2425
5545
7149
2743
6428
7792
1516
4001
5777
8647
4278
6126
325
6071
7854
7076
1060
1555
50
5916
3966
1597
4031
7599
6683
2472
7659
8886
1914
2451
1138
8105
2826
2202
3502
7808
6929
412
746
6068
3736
3268
8302
8201
7884
91
1424
7431
6897
4812
2852
8582
577
1939
7619
3708
4116
2585
2526
774
1529
7878
1803
6404
1855
2863
7053
451
7623
8871
4339
8450
7793
5019
7256
1382
1289
5966
7387
8831
5975
4829
5595
2632
4288
5559
904
5337
2092
3742
8372
9216
6852
1181
6245
2825
840
5075
8901
2629
7189
5268
3659
4965
2539
5311
5141
7949
6151
4377
7510
6545
401
7091
643
6642
1891
2039
5041
5893
328
804
3297
7440
1240
7434
4909
3383
8720
8963
5256
338
4552
8655
8984
7290
1032
8753
1302
3312
7773
399
8682
848
1133
6823
64
2945
4291
5958
4222
2950
3438
3960
8054
2446
3563
3841
2785
6477
7333
919
1152
1287
3757
7503
8011
7058
4171
8676
4631
7308
1610
2937
6605
5012
5554
7917
8333
4596
3490
941
8200
1080
604
5992
8657
7775
7692
3013
9150
1380
8572
1305
723
4611
7024
5395
3467
7787
689
9186
5373
6539
1371
4133
262
6077
9200
3076
3046
6794
142
2587
1273
4538
3477
100
8606
3174
1888
8356
1503
2994
1460
6411
8096
8882
6106
1885
7254
1295
6814
6389
664
9097
5630
209
1293
2056
8862
5979
8697
1291
2516
3556
4398
6417
8501
469
964
3886
3998
7258
510
5252
8587
8926
8741
6919
3947
6141
5085
5370
6024
1456
8381
1531
3381
19
4069
5561
771
6757
5200
9155
8622
3985
6863
3664
4007
6131
7322
46
2043
1922
8573
184
1502
7051
2093
4148
2762
5037
2907
5478
4384
1149
6213
6990
6734
1427
7107
8893
7988
3627
3015
6420
4229
871
8905
3835
4778
2325
6720
6518
4059
5805
4328
5715
8838
5124
8624
611
7252
4087
6808
773
5262
2624
1826
1034
4893
8477
2557
413
5679
6424
168
6192
7166
7523
5699
3830
4799
7768
4975
3004
7696
8116
6640
3726
7841
6662
4920
5495
9096
7745
8869
1129
1143
9077
1787
2255
4281
7375
6337
6926
2127
1739
304
6301
8151
259
3149
749
3109
5647
6816
5486
1421
6193
7568
5703
8670
5445
8004
504
343
7994
7261
5081
6829
2310
1422
8069
2393
3605
8934
8855
1752
273
2349
917
882
337
2872
2156
9184
5055
6439
1239
8154
6208
5736
1592
1493
953
5596
4903
2689
1033
1099
3798
1810
3982
8159
7993
2431
9113
7890
5925
1437
1622
6955
3334
6903
4522
7901
4793
5232
6311
4254
4014
6212
4614
9146
203
3828
5352
501
4372
6846
8729
3824
2656
7533
7232
4808
1347
1653
4394
6198
8174
4084
8060
7248
2876
8100
6422
6335
7905
4977
8393
5015
8737
7086
3212
4057
3170
2018
1699
7267
7253
4938
4459
520
56
9067
897
1449
7144
1308
443
2162
1461
6154
2099
8468
6562
800
6147
5983
7868
5097
6646
8845
7046
2977
4636
7986
5271
3535
6731
5010
9090
5759
3809
3932
9047
7001
400
2233
5098
8736
2847
7213
2083
6178
9122
5275
7515
148
222
2565
639
8300
8823
5346
6230
379
982
480
3746
710
1711
5856
8019
6025
8407
7200
6845
8887
1418
2614
7910
7388
8391
2573
3492
3581
7970
8591
3904
364
7374
3711
722
1114
7172
3325
9046
2536
6194
4545
6770
263
13
5170
658
4756
8191
3590
2207
2486
4348
3775
7865
1656
532
5132
4789
2622
7207
6723
3996
3662
8448
3506
5918
7501
2761
4707
5948
4030
6995
4269
3733
5444
892
1215
444
1232
7163
3869
1263
6704
305
3442
3020
5308
4973
4688
8414
5119
2193
4969
7529
2372
4409
5620
8751
392
4654
7764
5123
3693
3868
4721
9190
166
8352
7627
1881
7788
706
3885
3350
2882
4052
660
3399
6425
6587
5333
9073
4795
5290
8432
8544
1314
2096
7088
9154
79
2661
8478
5816
8538
3469
7525
123
7398
4569
901
9210
2833
5693
7946
8339
6072
3459
4925
2555
5133
221
6456
8906
6801
3373
9054
31
1848
2339
8746
6298
5953
3550
5637
3505
2368
3548
2365
2792
2970
7922
1397
7044
6942
7354
5591
2643
3176
1947
2996
9034
2638
8985
4918
3221
186
5467
2682
2112
4934
8953
4187
3588
1836
7651
7401
4429
6554
5040
785
6742
1475
4988
6215
7867
1732
2967
167
6821
6460
6651
2799
1785
8772
487
6576
7560
7382
2026
4846
489
1735
8755
5345
6328
4476
1076
910
5706
7117
8135
8403
5089
597
3974
5140
6556
503
3913
5400
2480
1583
1017
8690
1584
2457
7298
4613
8203
3957
5945
1948
8146
4663
5764
7203
7465
6187
9163
5744
5568
5472
5152
6091
3723
3646
5083
9124
7559
5873
4508
2362
8347
322
7175
1934
5102
9230
5491
633
2354
6710
8466
6696
1795
6568
3931
4451
309
4046
4559
6262
2397
5101
6450
8068
6870
4437
8088
6446
1119
8775
1209
2356
3761
7423
3317
1672
7288
7306
3320
7486
7408
555
3425
2521
5553
1396
8171
7497
5909
4729
5871
640
5977
0
6156
786
5658
8131
1659
321
638
1318
7052
1366
7967
238
147
3059
7195
2844
7402
3843
1367
76
6496
4695
2427
7886
8029
1816
3095
618
5214
8959
4337
2148
7142
6536
5390
4415
5781
4275
3066
6233
983
7153
4504
909
3692
3531
7009
323
2353
2807
943
1642
7897
7757
466
947
6066
1813
4255
4924
