85
3111
107
7149
2456
4362
803
5242
3348
5978
4061
1764
3945
6970
3942
8210
2826
2440
3570
624
4665
7623
6145
8987
9115
260
7180
4431
7702
6330
1463
6463
464
9004
8669
1708
1352
3906
2249
8777
5411
6967
979
676
7792
4198
7904
1809
6879
6849
6641
4737
2359
451
856
9048
6715
2553
7245
9205
4529
4855
530
2280
5615
4350
3468
4762
7685
2652
2
8483
8744
1536
1138
1855
2852
8886
8610
3121
8861
8726
1555
4145
2615
494
8026
7204
1986
6410
1729
8949
4577
4646
4805
746
6695
7270
6324
6085
6392
1410
8578
8619
6850
7638
8324
4677
4230
8609
5339
6828
7900
2429
8132
493
6440
5668
1197
4580
6897
6469
2816
577
5773
3211
3821
3584
2657
5117
2355
6807
7719
8863
2526
4380
9021
5815
3299
7275
4411
2719
21
3933
3973
3063
5618
5562
2731
8136
6234
3132
8708
2247
4858
5517
4844
6990
6417
5603
7111
2972
4634
2683
1705
1405
531
4813
801
5704
657
6795
7106
6794
1086
3182
6060
4366
4155
3009
1024
5435
4290
1034
3554
498
4992
3345
903
3682
5351
674
7112
7194
7929
6005
5707
4801
7256
2550
8787
8188
4930
2983
8017
4653
1612
7842
1271
3738
4023
8439
2304
3073
6784
8220
5199
2446
5012
77
333
3537
3004
580
2092
7657
286
3489
7873
7789
3899
1074
720
7857
3866
4159
2289
5264
3430
5331
2234
7598
7925
4111
8617
2628
5860
3944
8309
958
8603
866
701
3178
5114
7201
7992
3915
7333
208
8081
1327
2389
5589
6572
3783
4623
1667
8054
9028
7118
4757
3077
8467
5056
2426
939
649
4648
4854
1891
7412
3522
6848
1412
3186
5670
2540
3686
1560
610
1501
4018
3048
7188
8836
5344
1487
8817
7944
4833
788
3074
6077
1226
3664
4160
3126
7591
128
5141
9152
6372
3547
6943
3238
7395
2294
9065
2889
3503
482
4325
4685
3429
7024
3727
5652
4611
427
4222
5598
5317
1152
1619
4582
5981
3402
6623
709
8267
7938
681
1904
6537
5182
129
2903
6746
7019
461
4720
7384
139
6010
5203
6616
4736
6355
5311
6855
1469
7475
8409
418
8975
6424
3782
3892
8998
8641
3213
2396
2564
6580
1630
5536
1631
1117
1467
5795
7734
2914
6533
9186
570
2057
5947
3202
3523
5003
2384
17
5630
134
992
843
3952
363
7816
3832
5895
119
2741
4896
6694
4673
1571
7750
1221
3700
3914
7652
4128
4282
8096
941
7003
5194
5319
8866
3819
4328
2394
6538
2561
4544
1920
1301
1312
825
8654
7486
3218
2194
4952
1023
4280
5620
8509
863
8434
7649
27
7540
34
5428
2402
8182
6164
8854
1042
473
4437
1912
8538
4608
8186
9119
6198
4849
4708
6170
2244
5293
4298
5907
4794
3057
4843
1768
6503
2241
2445
2618
4264
4732
1195
6104
550
1376
8360
7278
7604
4565
4996
5029
3706
1220
7400
6137
8285
2800
6709
9068
7969
5873
2546
7407
3623
9042
2902
1497
6631
1638
7095
7476
6297
5042
6457
2363
5476
6235
6832
5925
1107
6487
8738
3772
5903
6210
1097
3884
7670
5444
2715
8202
9130
6638
6670
5826
4035
1856
1961
177
9148
7916
3034
4025
6802
3991
5381
2169
5543
1945
5714
3580
3216
3177
5385
115
5491
3168
8235
4192
1634
6771
6087
8340
8867
6535
485
7294
8693
3109
4578
2049
4216
6187
2712
9043
8232
5781
4773
5684
6859
1175
3997
5181
653
3550
8976
5323
7930
3774
6755
4744
6497
3534
6351
44
3709
2673
396
5248
1357
6099
6803
8031
1591
4152
3090
3475
5584
6578
5549
6684
7776
6331
7522
9031
6494
4533
7533
7163
4618
1285
9030
1254
6759
3330
2854
6955
5810
161
6601
3761
2843
7253
9063
5131
2711
3469
2265
1792
4338
3893
5454
6555
4699
727
8717
4021
8514
9036
5140
1696
2690
1657
8191
144
8677
1093
1307
7430
2309
3278
8906
8888
8092
5065
7339
4474
2934
2775
8233
1196
7817
2262
3961
4527
2996
4876
7587
609
4505
4459
7172
2819
8418
8985
7594
3151
7766
8344
4227
5377
2357
974
7365
6790
8294
6334
9172
7662
3357
6267
7373
4346
8289
3878
160
6001
637
8029
4457
8784
6704
5061
8127
422
1785
4141
1256
6194
807
5040
5170
1659
7300
1717
4775
5415
5055
1848
1475
2261
4040
3187
7908
6726
3100
2659
4499
1703
2791
4066
9146
3359
336
4825
6227
3815
2724
3972
6273
294
3167
1370
3787
7794
6490
3492
7144
6609
3511
4511
1135
6495
7910
7507
8365
4694
1672
2179
7394
7764
1
1692
5270
5173
1593
6342
5015
5462
3075
4489
9045
7745
6885
5547
872
6489
2074
6647
491
697
6965
2108
4314
362
6942
174
1452
9060
1953
2197
7128
5531
8700
5416
5634
5166
1985
5167
7620
899
4684
2257
3453
8851
5280
6233
3016
1426
1481
7999
62
8231
6275
4084
8903
5241
3596
2078
6847
6450
8747
3267
8865
4881
562
3150
7399
5120
8913
2360
7869
6000
2738
1807
7452
7989
1049
1211
2354
7890
7578
5325
2285
6103
3384
3122
6108
4837
5898
7433
3234
4000
1983
6248
5163
9232
5850
6218
6831
2228
7551
1958
8101
2214
358
1865
3687
4826
5892
6835
7447
900
4783
7403
7612
7162
8274
216
2299
6633
3904
1114
4739
4765
3170
1655
3487
5629
302
1913
8348
1110
2473
5174
6727
2998
3962
2697
4453
8821
8567
8006
7376
7375
7471
2733
6006
7738
2377
489
8158
2577
7119
3958
8204
5793
5542
5990
842
4057
7068
6873
1369
1814
2649
3128
8803
8723
584
5150
7225
7481
8892
1237
2430
6165
2109
8103
5316
5956
8751
6013
8722
2936
5941
6987
352
9020
4756
3711
8762
8925
292
1269
5764
2505
2920
7496
4785
5025
4759
6749
2883
7562
6451
1896
1085
7184
828
4173
6861
1235
5488
576
971
4118
2754
1998
1656
6482
7370
2024
3913
8879
8260
7610
5816
5872
1805
5017
2926
6186
7893
