8234
7984
1978
5277
8852
7266
1570
7289
1846
6979
6459
2987
6868
1414
8364
4285
2038
5687
6607
4503
7665
5545
3989
8429
383
6715
3517
6959
4262
774
6317
8689
4754
3751
4714
923
2224
7770
2554
2131
791
2202
1516
8098
1648
9205
493
5397
8886
4819
783
6347
573
39
5016
6085
4145
6807
8742
5741
246
3603
8018
7718
2322
2829
6113
6203
3509
3024
2588
2750
2305
4238
2941
8900
4031
6888
459
341
5034
6469
5117
2440
2863
2434
6009
3583
1463
5018
310
733
7793
5348
8996
2743
5411
5799
5585
8897
2908
8506
3768
1773
4414
6288
1281
232
54
6713
937
790
691
5562
7833
8744
8109
8176
4556
8593
1815
1821
1498
8179
8973
2657
1410
2468
6553
7455
9162
4234
6071
8560
8324
3735
7336
6883
7957
5483
6879
6452
8555
3504
1500
1530
6056
4677
5753
277
2483
3528
3345
2542
9212
4294
6060
423
667
829
2382
7126
4150
6003
1501
4535
1271
1051
1078
1294
7855
1733
6563
941
7816
8740
2264
1270
4464
8701
623
1280
5127
215
5812
8603
1567
4893
7992
880
7062
8508
4228
4885
2964
7361
5766
1373
1199
4685
2524
1212
70
6478
7133
6470
9138
7462
3791
8984
4033
4960
8720
1413
4971
5424
6502
3722
3679
6518
6438
3446
173
3383
8224
3092
3866
324
7439
4289
3819
5560
6316
5890
3915
4367
8810
1944
2912
8607
8995
5289
6266
5004
8217
2044
5041
8941
6537
5786
9213
3753
5019
1528
1613
129
8817
7873
5656
544
5886
6664
8326
5992
3569
2955
4388
1291
5590
4100
6433
5093
2954
6201
9182
5874
100
7325
4939
8601
7258
8598
2426
5357
1149
701
162
8415
3329
1226
8760
7746
8998
3287
9008
7692
2168
5262
1299
1462
7658
3054
2737
3046
2347
2629
3370
4153
4293
5513
6037
570
8267
3276
2701
9202
5895
6756
2558
6435
6424
6411
2566
6798
8354
5966
1883
1252
2287
8283
9195
874
2633
4121
6005
7050
2009
1503
4866
5794
8270
1786
2304
262
5691
8524
3682
3403
8243
208
721
2095
1514
1004
709
1512
4655
4857
4963
7773
3346
6151
8853
8187
4408
1193
3795
2041
1904
5746
3309
8862
613
8657
1133
3812
8436
9065
418
7563
195
2145
3999
3647
2147
4673
3854
3015
4719
6318
8858
3587
2623
8894
7227
7870
1077
6389
4069
5784
3527
1210
5077
2405
4670
69
5961
1817
4624
7007
3852
6974
5939
5980
4295
5332
3232
8011
4217
3182
3847
8733
7727
8707
702
574
3606
3533
2699
3192
7426
2803
7694
2335
4681
3536
8490
8932
4189
9001
5356
4530
6761
1084
1397
6812
8418
2808
4191
7271
7140
1640
7500
4643
3388
250
7001
1676
1116
7362
762
3897
3876
2988
2696
4101
1662
2254
4099
2257
4456
3635
7962
1142
384
3086
7551
5415
7136
2800
3904
4372
4821
5205
4073
900
5215
4861
8923
1420
5941
6714
4765
7173
5495
5170
1950
2932
1313
6754
8376
181
9129
5520
7027
1316
6235
1215
4932
8259
5040
1355
7744
7306
4948
5541
5292
1431
2393
2958
1088
6301
7867
8382
346
6840
6817
4988
1157
3109
9026
7489
2757
6549
223
9230
8737
2116
7748
2578
7082
2484
3170
7430
3442
3237
8104
7377
2083
7564
3124
4815
7298
6940
8643
836
3787
2715
6331
918
294
5760
3275
4445
5157
1071
1095
420
7096
8775
3018
1656
2549
9196
9080
7644
5145
938
6727
4619
1235
4397
6876
1722
4275
6651
1209
6490
2291
8433
4209
3978
4093
7769
8691
4773
7891
9215
7365
4518
2631
3741
3161
2286
4254
4600
8518
6133
3012
7057
1933
8654
1689
3715
858
8514
3649
2179
202
2819
4312
5580
3214
7987
8727
2606
2661
546
2051
7369
3064
5251
4563
7319
3315
6139
7552
2963
1311
7892
1434
6864
5514
4890
337
7209
7955
4921
7116
3840
9118
1988
1171
306
8400
5300
3445
2013
8321
7548
7582
3740
7236
241
6035
2023
2761
3601
622
3631
8384
4869
234
144
8962
4849
2605
4598
7303
6773
364
5510
5808
6708
6882
2775
1753
766
4489
822
5246
221
3506
1760
1540
7097
4572
5692
6119
419
1056
9092
5496
8367
7846
2476
6193
7965
8049
1605
4474
6168
6655
4652
1510
6171
3814
6987
5778
7505
2204
4067
7536
7736
6082
5343
9219
5576
6383
2371
2265
8396
7506
4770
637
1982
6686
4170
5856
5640
6525
5508
4015
5131
651
1457
595
1934
120
2152
4808
8791
5189
1359
1009
8149
1340
8003
391
7235
7409
1968
267
902
8571
4900
2074
5434
8864
6562
1140
4021
5973
2106
2281
8274
3001
2480
6736
9113
476
7410
633
1006
5326
634
2495
7612
6832
3125
7639
5429
7000
1673
6395
5472
487
7419
6073
8671
334
3550
151
2491
1390
1754
7488
5855
8710
1576
8845
7476
1049
5484
1717
882
4551
5191
3716
8755
2718
8605
4117
3108
5486
7383
3106
5065
1892
9140
3693
470
3098
4365
5684
7882
6144
8673
4379
7328
7754
2403
1005
7283
662
6244
8799
3360
9153
6776
5626
6690
4134
5054
9088
5543
278
255
987
3775
1260
3530
4336
5206
8340
583
1851
4192
6393
4483
1130
8559
1301
6573
5908
6911
6660
5414
6728
4505
2681
1875
8010
320
5540
8758
5867
2813
1970
2690
2511
4005
3264
1201
402
7945
3330
9085
2345
2219
3721
5078
4418
1465
739
4973
1566
5837
2817
5960
147
9231
5985
7986
9226
5060
1844
1532
1521
9055
1257
2610
6114
1329
5045
7327
2860
1233
8027
5387
220
4078
6672
4460
1626
4172
8276
7326
6741
4559
1617
6915
6164
3157
2619
6349
356
4686
1441
1472
7969
3413
800
4329
1101
6090
665
3931
9184
4249
6248
6020
4211
8820
6446
1816
2055
6829
8618
4663
2364
5281
171
2638
6596
1716
7179
211
4835
3611
6954
7683
6178
370
4392
3986
381
8009
6289
3219
7359
1452
639
5505
9015
2217
1387
2943
2506
121
