462
486
10
466
49
60
72
67
39
55
66
517
53
1
19
487
460
38
21
35
477
507
501
24
61
2
470
465
451
492
58
472
504
489
521
47
499
495
493
516
26
43
59
41
56
32
52
70
496
519
68
484
456
453
51
14
48
63
20
512
29
3
481
473
515
37
514
45
457
458
42
518
506
491
480
537
550
128
108
132
582
134
562
101
599
589
568
100
116
554
571
579
131
136
587
545
129
574
99
549
122
139
140
592
530
83
548
563
558
580
539
111
547
142
564
551
145
118
110
528
598
94
97
535
85
526
552
583
531
141
529
126
540
596
104
92
98
87
106
585
576
532
135
569
96
86
124
581
560
591
652
656
641
620
215
603
628
163
186
640
655
174
651
150
642
627
654
210
223
221
617
666
166
670
639
625
673
203
189
217
156
211
193
201
644
168
190
161
192
636
151
212
160
611
167
649
200
632
184
194
653
659
209
153
218
616
197
661
185
164
172
154
647
157
182
158
176
191
614
204
665
672
645
179
222
280
289
238
255
236
269
708
278
739
271
748
728
697
719
287
720
274
256
239
234
277
276
262
726
252
690
732
293
713
247
749
249
291
693
689
270
702
684
245
722
683
705
284
687
679
261
741
692
258
675
724
240
742
738
294
288
744
746
266
242
260
292
259
676
727
272
715
257
743
243
246
267
273
268
745
343
368
308
816
349
772
327
320
361
321
759
821
793
812
317
770
780
781
789
316
758
808
303
810
350
351
824
792
328
346
805
334
806
752
791
311
771
318
822
364
371
345
325
786
809
766
763
348
363
818
794
314
814
787
362
820
776
797
315
754
796
355
374
319
341
756
324
764
370
369
751
817
339
757
769
400
842
856
886
375
438
445
833
885
413
834
846
390
894
425
436
879
873
444
878
415
869
845
395
393
840
407
857
830
884
426
376
829
883
888
851
397
433
825
430
402
399
386
378
862
405
392
427
895
418
443
388
837
872
877
379
898
848
887
828
836
896
839
401
870
391
892
871
858
385
854
398
429
419
899
