522
486
496
512
2
466
482
481
70
462
475
10
53
500
71
476
493
516
508
25
511
510
8
68
460
72
474
524
465
484
451
478
12
450
36
63
21
39
5
52
73
27
0
48
45
463
30
515
491
17
499
19
503
7
74
61
521
62
507
520
464
28
41
501
18
57
502
495
485
55
523
497
49
54
43
596
548
84
77
554
535
573
115
112
113
75
593
94
127
577
567
142
574
571
136
111
144
539
104
550
570
148
540
79
555
536
532
530
558
527
121
128
586
541
588
552
91
122
90
590
533
87
116
114
140
529
76
547
589
584
109
131
135
583
545
594
575
598
559
143
81
80
591
83
107
130
95
582
105
557
638
187
209
673
153
670
600
197
161
206
619
186
639
613
210
169
646
607
672
219
163
608
222
653
605
179
623
223
625
635
217
610
183
212
667
642
216
159
634
651
632
674
620
156
162
647
182
602
630
629
202
606
208
618
622
170
614
184
160
199
166
164
631
193
168
640
201
181
649
662
626
178
188
661
171
714
702
678
298
244
732
271
239
234
293
292
704
720
278
738
707
708
231
291
675
743
723
689
693
274
685
735
744
238
711
737
700
734
232
741
692
294
694
679
229
275
729
299
255
247
269
681
696
251
724
241
265
277
746
676
699
687
235
297
722
270
288
705
236
272
745
226
728
296
731
717
719
290
725
281
345
339
776
805
769
781
306
779
359
815
371
757
346
331
312
816
760
823
813
300
353
783
793
759
771
325
812
350
372
364
775
806
328
795
351
786
824
308
803
777
814
302
374
794
329
348
309
772
369
762
788
770
768
792
754
811
791
341
326
766
342
336
318
323
340
305
819
761
755
324
315
807
784
354
344
863
878
892
849
884
883
831
429
382
872
885
442
432
385
413
896
868
827
866
895
396
836
397
411
394
873
380
882
416
435
390
837
398
401
391
835
436
408
833
405
898
874
381
840
841
428
410
880
377
839
386
412
389
897
387
894
842
825
862
848
828
417
424
888
846
414
426
845
864
875
856
392
877
858
403
