55
64
21
476
487
33
510
498
46
465
513
508
462
44
489
30
502
479
466
8
453
15
17
505
459
519
14
493
63
507
512
32
31
516
521
472
23
66
68
12
27
509
471
500
485
484
39
468
42
54
18
470
70
518
9
455
29
69
486
475
3
43
478
56
482
491
4
481
60
452
48
20
35
50
57
123
121
541
105
88
554
540
87
136
556
124
525
531
533
83
102
561
555
84
112
109
86
149
78
583
589
595
146
593
82
590
588
96
110
569
559
572
142
551
542
126
585
562
131
564
143
592
591
116
133
129
98
587
552
127
544
532
578
584
118
530
563
580
132
571
106
581
529
137
130
100
553
138
594
577
667
665
181
610
171
177
632
157
621
646
618
616
150
214
158
631
670
183
179
604
606
639
152
648
623
166
663
601
208
199
630
654
219
669
605
643
154
603
664
170
185
209
189
217
655
636
619
215
674
196
633
190
178
651
627
180
615
155
210
221
198
640
635
220
194
218
201
213
611
162
656
168
622
602
223
711
284
248
290
286
718
715
288
264
273
235
735
688
295
716
698
724
254
682
246
268
745
281
738
731
710
702
728
269
265
267
294
289
260
256
712
228
749
238
680
681
746
719
691
253
229
687
292
266
684
693
677
717
293
242
241
251
225
689
297
736
707
287
291
234
282
250
739
734
690
258
239
741
733
277
778
330
344
800
365
351
314
304
349
341
790
771
321
309
338
768
750
769
788
764
756
776
760
814
795
757
753
346
775
796
763
342
812
816
811
300
337
815
358
766
754
310
813
319
350
809
362
799
334
802
751
348
327
819
360
305
316
824
366
357
789
784
792
373
370
770
323
354
372
331
353
347
785
805
356
825
828
831
840
407
433
416
428
401
865
870
408
848
438
842
835
837
430
404
423
394
397
860
897
432
435
406
445
843
878
887
849
834
836
894
386
443
841
424
839
403
429
392
838
826
398
827
855
395
888
898
882
412
418
867
892
847
899
890
387
444
400
829
859
377
422
384
426
889
437
434
880
411
872
884
