491
36
503
492
463
74
466
490
452
21
469
508
47
465
58
69
9
495
523
480
65
12
55
20
520
481
467
49
504
497
498
40
486
472
461
38
451
521
457
30
6
478
70
500
22
453
487
505
63
43
10
0
455
27
462
18
515
11
45
54
517
501
470
477
519
464
512
507
13
514
35
522
499
44
57
79
149
598
78
578
138
532
557
526
90
98
106
551
535
543
83
575
77
566
119
534
530
80
144
147
567
140
123
593
587
124
586
572
584
97
82
547
594
527
120
136
146
134
85
111
582
589
96
574
548
101
143
538
597
560
580
129
561
110
533
556
92
145
545
139
550
568
525
585
573
544
569
531
113
588
202
650
621
154
224
630
605
188
671
179
661
651
673
165
190
209
674
631
624
214
221
632
153
618
609
622
182
187
173
627
164
160
607
648
617
659
614
638
633
611
620
657
198
670
625
161
156
169
610
193
166
191
602
197
640
604
665
163
205
635
174
642
151
171
217
211
215
600
643
647
663
626
203
608
178
721
281
248
226
718
272
297
274
741
276
732
261
284
282
238
292
748
728
285
701
733
722
225
702
730
277
699
278
675
262
717
240
283
229
696
244
695
290
273
279
293
260
232
235
267
703
729
298
275
745
731
265
245
257
704
243
720
734
692
264
689
724
253
271
727
233
713
744
693
680
295
708
256
237
269
804
808
345
362
795
341
781
755
331
342
820
814
758
360
337
762
799
778
356
819
757
812
777
321
334
813
328
336
349
329
768
354
358
367
794
810
310
773
760
807
766
805
787
363
759
357
809
355
374
365
816
346
372
339
351
340
324
300
761
764
789
318
793
347
371
817
756
353
323
779
315
366
811
333
780
401
862
825
422
829
831
853
895
421
888
375
448
882
410
449
836
847
430
865
434
385
411
384
413
409
424
418
870
376
892
425
897
390
875
407
442
863
415
849
402
878
392
834
842
393
427
832
855
872
389
429
383
400
396
406
854
845
417
428
864
894
827
848
867
379
851
404
844
431
857
438
408
858
833
386
