28
72
70
460
503
65
502
42
456
468
21
31
26
508
6
58
500
514
64
469
454
474
66
20
34
492
69
497
495
41
54
488
510
4
490
52
68
40
23
35
16
0
8
25
513
10
33
453
27
496
477
7
12
478
457
489
520
55
499
470
501
483
455
19
494
56
485
32
59
452
9
24
519
63
450
555
95
550
122
106
104
111
542
578
79
127
528
146
90
525
84
114
572
87
561
526
115
108
533
88
93
102
537
123
574
94
98
135
554
133
144
148
589
590
598
599
77
531
120
131
580
552
584
76
582
112
130
141
91
565
99
594
586
118
547
81
557
126
597
147
140
549
575
551
570
567
541
105
596
579
218
629
658
621
623
661
626
620
614
213
188
662
158
173
192
202
609
184
155
209
644
612
617
166
650
214
196
210
193
645
152
189
157
208
223
663
164
647
622
652
602
183
632
167
172
625
150
616
601
211
222
669
156
637
649
182
651
643
636
171
608
186
165
634
664
639
201
604
199
670
205
197
619
163
633
235
689
247
679
257
734
248
717
709
295
705
259
268
727
245
280
735
228
239
721
695
249
710
264
706
683
731
697
251
243
281
289
676
722
265
738
287
269
290
677
714
298
736
236
276
691
712
231
226
284
704
690
267
718
726
240
713
675
261
678
296
241
260
701
282
732
680
252
730
743
687
285
729
254
700
768
371
362
315
753
824
773
778
793
310
346
813
342
351
325
317
356
341
818
321
767
760
801
304
811
320
806
328
783
788
318
791
334
332
301
762
814
759
812
360
775
798
372
307
761
819
302
804
750
368
794
344
338
803
821
349
345
367
766
333
807
751
354
350
316
770
763
784
777
340
823
799
796
312
752
430
442
424
899
872
397
434
856
449
875
420
881
845
441
859
431
866
400
867
863
421
427
898
392
377
885
895
858
894
831
886
415
379
429
393
378
405
837
869
425
865
412
399
439
410
446
891
877
409
436
848
852
828
870
416
445
428
860
375
850
384
842
868
844
849
437
419
438
444
864
381
862
888
423
880
