524
459
40
66
481
41
52
469
11
51
452
460
32
484
28
70
483
512
46
37
457
495
63
494
504
513
472
455
476
515
501
454
22
514
74
45
36
5
17
477
499
451
507
491
470
49
65
62
486
29
3
39
492
13
475
456
60
54
26
8
43
461
482
465
59
15
500
20
14
509
488
12
479
47
58
563
112
581
588
595
529
577
147
77
586
578
140
550
538
132
574
81
104
145
542
528
584
558
570
531
569
92
128
95
98
114
143
142
97
573
537
534
575
556
543
101
593
87
137
105
572
113
79
548
525
598
149
541
146
141
78
99
135
594
94
579
122
561
560
125
551
540
549
136
124
547
144
111
115
582
643
620
219
213
185
656
208
202
617
630
664
156
607
614
652
201
622
180
177
663
605
669
206
638
603
188
181
167
627
175
612
645
170
205
632
192
179
610
637
152
661
220
602
640
154
160
210
211
631
166
184
176
657
672
155
173
214
626
215
194
613
650
218
164
665
671
153
636
221
633
190
668
601
647
654
726
285
743
294
234
269
691
245
734
704
244
714
684
274
737
241
259
695
679
697
675
729
712
240
275
700
692
723
730
748
238
282
228
683
747
706
741
735
264
688
709
678
687
287
295
738
696
681
299
719
237
694
255
721
740
278
708
715
742
711
701
252
286
276
746
297
728
272
267
732
283
249
226
725
270
372
820
312
814
792
303
757
328
817
319
794
357
773
368
342
807
771
330
318
306
786
778
789
334
348
361
801
813
765
824
314
767
309
338
336
804
331
809
333
782
780
311
759
349
313
784
819
359
301
781
755
785
806
315
787
821
797
805
358
320
822
753
774
803
335
360
350
770
764
783
768
323
779
812
815
853
428
892
896
416
394
849
408
844
855
851
438
447
859
380
432
858
378
385
848
829
421
867
845
435
411
399
442
400
384
404
890
854
425
437
895
889
389
885
887
894
826
866
835
430
379
403
828
388
875
409
852
833
415
436
395
843
410
879
870
434
881
382
842
398
445
893
873
841
433
877
417
446
876
392
