2
487
465
463
27
7
8
37
469
480
59
23
56
30
512
42
484
14
64
18
455
73
450
471
496
451
517
509
457
489
24
494
72
481
464
6
16
1
500
510
470
501
454
515
519
486
43
511
20
47
40
61
453
38
13
490
3
513
36
33
477
498
506
5
46
478
28
505
452
521
29
70
482
520
475
83
595
92
550
136
552
104
561
137
144
577
547
135
583
87
529
111
142
80
94
538
112
576
76
88
81
98
123
592
569
126
139
549
573
103
113
140
90
528
124
118
596
574
96
100
544
582
584
97
95
75
551
553
557
99
588
534
526
560
91
563
148
121
587
536
84
562
149
93
107
129
115
556
535
138
177
674
215
603
604
600
633
665
649
190
155
610
164
668
608
160
657
631
209
622
189
172
192
220
200
638
181
176
187
645
219
166
208
605
213
670
667
642
647
217
195
175
646
623
632
669
154
652
191
663
653
199
156
157
202
211
651
159
648
216
174
185
188
221
636
182
167
630
672
206
186
212
656
628
617
260
680
263
290
687
711
685
728
267
299
226
731
726
278
245
261
259
291
693
246
678
733
714
280
744
287
704
696
295
683
710
286
715
242
675
271
702
244
722
747
699
684
238
724
239
269
276
737
279
241
732
734
298
688
285
257
229
252
708
689
707
695
705
254
248
729
677
717
277
251
230
736
691
274
296
361
757
786
365
360
799
754
304
325
765
778
759
334
307
780
750
801
318
317
357
802
338
308
769
305
777
792
319
783
344
819
787
772
764
326
371
823
316
813
809
333
751
327
302
776
373
794
368
811
330
822
366
370
311
784
359
369
347
818
362
328
352
358
312
353
346
320
800
335
761
753
301
349
814
341
440
387
390
833
893
413
396
427
896
849
880
424
885
866
841
889
425
409
421
389
419
842
839
395
378
404
398
851
408
446
848
897
429
405
400
435
865
884
832
392
846
855
881
426
874
891
434
899
879
852
449
423
448
445
873
406
428
441
836
860
868
377
845
443
375
401
887
877
403
438
391
826
444
433
430
