4
29
27
516
65
34
23
520
507
74
56
30
481
50
494
521
512
502
70
504
52
1
67
464
472
0
495
3
17
492
44
12
22
499
465
451
509
463
33
471
69
41
453
58
524
49
43
40
514
486
488
506
25
8
62
455
57
11
35
452
475
5
474
513
454
24
519
462
55
16
450
518
497
19
496
579
141
100
562
527
121
82
537
133
136
590
91
593
128
564
568
78
563
88
547
131
539
93
97
582
134
560
528
541
529
586
570
580
129
552
85
543
112
557
525
127
585
144
575
587
592
555
553
109
545
110
130
84
105
77
135
146
577
138
550
583
589
125
106
103
87
594
540
558
137
101
79
86
544
559
224
626
668
222
150
653
651
168
641
613
650
191
205
672
210
213
153
214
206
667
659
197
630
208
642
162
179
620
633
605
621
177
181
165
637
607
615
601
182
643
154
666
603
187
158
207
662
193
201
166
654
671
178
635
194
631
610
611
658
209
614
606
216
673
192
212
160
218
624
619
203
638
175
161
202
679
248
262
274
745
283
728
685
249
250
722
715
740
710
706
701
688
748
698
714
723
721
254
692
739
265
245
235
693
677
709
746
297
718
684
680
712
272
675
264
299
705
286
242
289
735
731
737
743
267
741
734
273
271
278
298
281
257
676
268
742
285
726
244
241
280
230
256
733
234
694
290
252
295
716
344
819
803
309
769
823
764
766
324
755
372
782
801
303
320
753
327
750
775
804
793
818
809
791
318
817
799
361
762
314
351
362
319
336
343
773
332
340
758
788
328
781
356
341
754
756
813
323
779
335
316
304
374
329
798
780
300
330
339
363
751
348
765
811
784
822
790
815
346
786
333
806
317
342
367
428
377
862
874
867
406
891
847
375
872
415
842
897
870
444
879
875
386
835
407
410
417
828
389
378
889
435
380
431
854
413
420
390
866
884
848
383
827
403
831
896
423
892
864
384
885
422
858
861
860
393
856
439
432
888
445
876
837
416
890
882
409
419
869
385
446
401
395
881
400
841
826
886
418
850
