510
465
520
522
60
37
26
3
450
9
25
73
473
469
39
456
31
55
476
47
28
27
486
20
493
464
43
519
8
512
487
513
23
67
454
457
451
45
484
7
17
475
461
44
478
68
6
69
35
505
70
51
10
53
508
511
485
515
455
21
509
38
2
459
491
11
57
453
497
471
472
36
32
523
463
114
113
75
88
540
118
119
79
132
599
577
141
593
135
582
127
133
112
108
137
539
144
541
117
589
555
90
76
126
106
596
548
146
598
553
128
580
94
96
554
549
92
138
561
597
99
538
533
136
564
140
546
559
552
586
107
545
147
581
556
573
145
578
131
568
87
565
129
531
563
576
594
544
590
537
620
645
670
172
183
190
177
154
663
168
223
153
187
667
631
152
612
182
658
603
191
650
639
613
627
652
673
214
605
158
662
217
188
197
210
649
672
657
633
205
653
165
665
630
209
654
206
167
647
608
166
207
161
648
220
642
659
602
641
604
196
666
174
150
615
201
622
215
614
173
179
669
181
189
222
690
702
725
704
732
687
708
720
233
289
260
239
227
275
744
741
250
285
678
234
712
230
269
262
710
256
297
727
248
265
241
257
683
249
279
694
268
294
696
287
264
278
715
290
243
226
261
749
242
689
743
274
713
280
700
747
737
724
686
255
698
270
276
685
691
296
711
283
291
706
225
677
273
697
726
800
330
812
753
754
366
351
808
794
357
360
777
776
771
778
339
780
781
775
820
824
756
806
352
790
773
759
779
361
789
367
372
324
373
764
326
765
796
752
818
755
340
817
337
762
325
798
365
303
750
300
751
354
369
768
803
342
322
821
328
312
315
334
816
783
314
758
782
349
772
329
792
362
766
318
839
887
418
872
395
385
843
420
376
386
876
434
423
442
837
898
432
411
826
874
869
394
849
852
375
415
830
894
879
885
854
895
877
866
440
382
833
380
871
377
445
878
448
828
430
426
884
437
428
861
399
865
439
853
378
855
873
419
405
825
446
888
848
435
851
882
834
899
425
392
447
410
429
414
841
