10
490
54
521
63
451
461
513
64
35
495
470
505
484
43
506
69
474
494
471
46
516
36
467
517
2
504
522
499
501
30
31
464
465
55
26
39
37
514
483
50
56
16
42
452
463
488
479
4
71
460
520
15
20
40
12
33
22
500
473
51
482
41
25
18
49
68
0
74
57
72
73
70
5
62
79
116
575
143
530
103
82
146
109
90
527
589
591
127
592
560
104
549
101
140
597
576
569
582
547
598
111
578
570
87
133
534
144
574
540
80
556
102
125
107
541
595
89
539
132
131
94
593
95
538
136
577
596
550
561
118
571
121
567
97
142
585
533
579
544
564
77
528
92
558
573
551
562
108
584
611
180
181
654
170
201
221
628
195
644
637
190
609
167
648
606
635
643
209
205
639
166
618
194
163
224
161
672
652
673
657
223
658
192
622
153
660
603
172
199
666
178
621
222
185
189
650
208
220
213
152
630
155
177
620
671
173
625
216
601
655
612
171
179
600
184
645
659
174
627
176
156
636
610
188
689
714
742
749
247
280
699
679
239
284
682
241
726
704
695
700
258
273
694
286
746
255
747
253
748
263
702
720
723
675
256
738
275
262
684
240
745
678
294
729
687
741
730
259
276
701
718
278
296
268
686
708
227
732
272
688
291
232
736
290
691
724
680
709
289
261
235
257
271
237
295
727
685
731
737
352
757
349
767
808
821
351
750
756
805
357
358
331
806
319
809
371
801
781
785
770
761
356
374
760
811
815
773
771
306
318
368
348
780
338
807
310
759
369
816
359
345
795
783
800
788
802
798
307
313
315
322
799
810
364
347
312
764
784
350
340
814
753
774
367
768
302
342
789
803
361
762
782
326
812
868
892
443
427
428
881
894
377
827
440
844
829
883
414
841
856
855
417
412
383
376
858
871
389
402
385
382
442
436
394
380
395
832
875
437
435
867
870
449
857
860
836
847
416
874
835
877
411
846
431
840
430
843
845
433
850
381
852
885
884
839
865
446
426
886
890
899
392
898
848
878
853
425
830
379
