456
467
455
4
30
24
504
41
477
462
519
54
18
484
33
56
17
480
6
37
74
524
498
65
489
48
45
0
487
491
475
490
457
520
476
40
463
511
471
503
43
62
470
2
514
451
516
49
72
57
496
469
23
12
515
483
60
485
39
61
512
465
5
493
36
71
20
478
500
1
509
510
523
47
461
542
94
91
548
593
589
544
586
114
578
132
571
105
543
552
98
102
576
547
110
539
115
537
557
554
101
585
526
581
76
553
149
122
116
595
109
92
81
574
78
580
596
551
120
540
126
108
125
588
84
565
559
89
83
572
144
134
104
564
137
555
563
546
86
128
567
143
575
140
96
583
117
119
541
123
668
156
629
197
636
620
622
661
609
633
630
179
666
649
220
626
618
151
161
672
164
222
216
602
182
150
214
174
663
172
218
671
183
646
224
204
178
628
210
603
171
670
168
196
631
180
635
193
170
600
165
619
610
187
213
173
201
153
190
616
656
612
188
613
605
166
219
212
642
155
650
200
186
159
623
264
678
745
735
271
696
228
243
226
229
728
694
686
244
233
232
718
720
291
278
275
711
225
254
741
295
263
260
682
251
706
296
280
677
234
710
265
742
716
281
675
242
290
257
744
685
273
240
749
738
239
708
714
255
676
695
298
746
236
739
701
283
715
276
235
231
732
693
740
704
286
287
293
285
230
824
781
790
338
343
310
820
776
823
762
367
761
756
316
334
309
757
773
801
365
759
369
771
764
314
353
320
795
300
350
358
808
306
751
753
339
361
796
805
349
760
804
337
768
354
344
308
366
766
817
307
315
767
810
803
811
373
327
302
809
798
786
815
319
364
816
313
780
346
301
791
325
787
763
775
879
869
839
851
404
880
442
826
443
881
861
852
410
877
403
889
449
399
836
890
897
895
849
394
899
387
898
876
875
858
430
896
828
416
386
846
415
870
830
832
863
401
850
406
429
413
893
885
377
384
855
886
376
389
447
834
887
393
375
378
422
835
438
436
825
894
859
398
400
392
883
381
397
444
831
