257
96
132
255
99
137
254
134
261
170
220
98
176
218
61
43
169
62
2
222
256
30
102
34
9
189
76
187
262
265
229
230
147
264
191
104
231
31
190
232
6
167
58
121
123
287
14
212
120
213
290
57
251
284
248
214
166
162
249
11
89
91
122
51
130
127
126
205
293
207
299
83
242
19
50
204
15
297
243
302
84
159
85
245
86
223
143
224
228
69
184
22
138
227
47
111
271
21
112
141
71
181
113
226
273
268
20
106
23
183
151
117
199
239
116
80
281
77
278
114
29
28
115
195
27
78
150
36
152
25
79
26
