41
260
61
4
62
172
42
136
258
98
133
169
174
95
96
168
219
100
135
261
63
144
72
6
102
229
148
103
263
264
74
266
7
232
185
75
233
76
188
231
190
284
122
125
290
289
58
247
93
55
291
165
90
91
14
210
216
56
12
164
214
217
250
204
301
157
296
208
84
16
302
297
206
50
83
54
300
299
158
207
242
131
295
293
205
46
110
138
180
268
272
182
179
273
67
66
184
181
113
225
23
141
49
65
178
47
224
274
139
20
193
77
116
198
29
281
236
117
80
152
201
79
36
200
118
25
278
276
26
194
280
119
