64
98
97
256
63
173
100
43
176
254
169
60
171
3
133
219
170
175
135
134
4
148
75
101
8
231
34
74
186
264
6
188
262
185
33
267
103
9
187
30
149
91
124
13
123
92
89
284
94
122
166
12
210
11
252
291
58
248
290
120
285
57
212
15
85
50
202
129
204
244
294
88
208
161
86
300
206
53
302
297
303
128
83
52
156
66
179
70
226
45
140
71
268
69
183
47
46
177
224
112
141
272
108
65
223
271
274
138
48
139
240
26
77
81
78
196
197
277
27
25
79
278
119
200
116
237
153
194
36
150
117
201
