63
95
133
168
219
170
1
100
60
176
172
258
174
98
97
175
254
222
44
2
173
144
148
31
76
234
101
33
233
185
230
75
146
102
74
262
264
73
263
104
149
90
288
217
212
285
14
123
248
120
287
164
59
213
122
11
253
215
214
165
216
124
93
293
302
246
19
18
160
242
129
295
161
244
156
299
84
209
159
127
158
245
303
298
17
139
46
228
113
269
227
22
21
184
67
272
177
23
274
112
111
108
224
225
178
109
142
69
106
143
26
236
155
117
28
278
39
281
27
192
238
276
77
25
80
200
36
153
193
37
35
235
