3
174
136
176
100
134
220
132
221
175
168
95
42
61
41
133
218
137
135
97
255
75
104
229
76
230
33
262
30
32
231
188
145
190
185
5
191
73
72
232
234
14
125
166
93
253
123
58
250
251
288
59
289
217
57
284
162
12
214
10
291
92
249
19
299
87
243
18
297
302
294
50
203
301
85
246
245
15
157
160
207
88
129
204
52
109
110
184
143
111
183
46
65
20
21
274
142
138
178
225
223
107
67
227
66
113
272
47
180
228
277
276
198
118
199
201
195
25
153
39
279
281
194
151
192
197
27
38
150
235
79
152
