259
44
43
176
137
256
1
60
133
98
96
169
172
258
170
136
97
63
221
62
260
189
7
185
32
263
186
229
267
145
234
34
190
266
265
147
264
6
103
75
148
250
247
288
282
166
167
292
14
163
94
283
90
12
91
289
120
164
59
58
290
55
248
53
15
294
131
242
160
84
128
295
54
86
17
208
303
159
299
202
130
16
161
246
209
45
227
141
109
182
180
21
22
110
24
183
108
46
178
65
70
223
20
271
111
143
184
48
273
226
82
117
279
278
154
25
81
201
152
192
39
37
155
77
26
29
78
27
238
198
153
115
