4
43
135
168
1
62
134
64
221
261
97
0
174
98
259
254
218
60
3
222
63
102
74
147
105
190
265
145
5
187
233
75
266
186
7
30
6
103
72
149
191
92
122
124
286
13
211
57
123
166
14
248
56
215
10
210
90
58
120
283
11
217
247
54
87
295
202
126
53
159
160
127
157
86
303
161
302
246
51
50
300
299
294
245
209
106
178
180
183
109
269
68
69
228
139
23
141
226
108
182
67
47
177
113
271
227
138
48
70
142
118
38
153
281
200
236
117
28
238
240
81
79
78
276
116
279
239
277
201
275
195
196
