42
256
255
136
64
2
134
171
97
259
170
132
99
61
133
173
0
63
168
261
219
72
190
147
185
262
74
188
34
75
146
144
31
191
263
230
105
6
8
102
103
292
283
57
125
213
250
124
91
166
123
55
58
289
56
163
282
122
216
93
10
167
12
207
202
53
130
51
298
301
54
300
86
206
126
243
302
161
15
131
52
17
158
129
84
178
109
24
270
269
143
228
271
180
22
225
48
46
140
227
113
181
138
182
142
226
274
184
67
273
114
278
200
240
150
38
153
29
277
237
77
239
196
195
27
116
154
151
193
152
155
81
