261
221
219
134
42
0
41
173
64
171
260
135
99
3
222
169
254
170
175
97
132
76
144
147
187
5
232
263
105
233
185
103
191
186
230
262
264
7
149
234
75
14
292
12
217
166
253
291
13
288
59
162
58
250
163
289
90
215
211
123
252
165
10
131
84
18
83
161
300
202
129
19
51
208
88
204
293
159
244
16
243
160
86
85
245
68
67
224
112
70
183
138
271
178
108
180
48
65
46
141
107
106
21
47
45
182
274
24
181
184
153
276
200
115
201
114
155
116
39
275
281
80
82
199
236
27
79
117
118
78
154
35
