219
176
257
63
136
134
218
261
64
171
100
221
62
41
169
1
0
98
137
43
3
101
146
104
149
234
187
30
186
76
105
74
103
233
9
229
265
266
31
7
189
123
58
289
10
164
216
252
162
89
253
122
12
163
248
291
214
166
292
250
212
285
125
126
298
50
242
15
84
88
295
208
202
301
16
243
207
156
206
54
246
204
53
86
244
21
184
45
138
108
46
179
224
47
70
273
113
271
268
112
228
183
109
106
49
274
23
227
226
20
38
152
115
196
78
77
193
27
278
200
155
194
29
116
79
28
201
81
35
117
199
235
