173
62
136
259
174
133
3
171
137
1
175
222
96
261
63
134
61
44
60
221
132
185
189
262
9
147
105
186
190
74
7
263
146
187
75
230
30
266
229
72
33
165
216
288
287
167
291
122
121
92
248
59
282
247
212
13
93
211
11
217
90
283
249
88
160
245
301
130
52
206
19
208
84
87
302
246
157
85
241
54
204
131
128
18
129
46
183
24
225
227
138
181
47
113
69
108
139
67
179
70
182
21
178
272
268
224
45
22
109
177
28
114
194
193
29
26
82
239
192
281
280
276
116
199
155
27
77
152
236
79
39
240
