168
175
221
261
2
3
255
170
258
171
172
220
132
176
99
254
218
137
133
63
222
75
103
6
231
230
188
76
105
264
73
186
233
144
72
187
191
234
265
30
190
215
291
283
55
214
250
217
249
93
282
286
210
120
166
94
162
285
123
59
11
248
213
208
85
16
241
160
84
297
301
157
18
295
15
202
126
243
128
203
127
245
53
300
19
111
112
142
226
268
21
49
110
46
45
140
183
223
227
274
71
24
273
138
139
23
47
66
228
184
197
154
116
26
281
38
238
27
78
237
195
35
239
200
79
37
280
118
155
28
196
119
