43
40
171
170
99
2
96
221
168
254
100
173
137
169
60
174
261
132
64
133
256
267
266
74
101
185
148
188
76
149
104
233
75
103
263
147
6
144
102
262
230
253
216
10
90
252
166
288
55
93
213
14
123
285
122
286
164
89
56
121
251
215
250
54
203
84
241
157
85
128
15
246
303
293
209
18
296
87
161
19
50
53
88
86
298
269
65
138
108
143
106
228
68
48
70
67
20
46
224
111
272
109
182
141
23
223
140
273
69
183
29
277
116
201
237
117
81
38
239
154
28
235
153
196
82
115
150
37
198
114
193
197
