256
96
137
171
100
261
172
260
176
254
62
170
134
258
42
169
219
136
174
95
133
74
147
265
149
104
5
266
262
146
7
185
72
6
33
9
188
148
31
233
103
283
289
284
252
58
247
11
288
164
56
248
122
165
166
121
57
10
13
213
14
124
215
296
50
294
241
205
303
51
157
158
302
242
244
19
85
301
15
54
203
52
128
202
161
273
223
49
106
272
177
270
141
140
22
112
138
225
67
108
178
24
48
143
224
184
179
65
142
45
194
80
236
239
278
114
200
279
155
78
118
117
25
82
154
280
276
151
192
201
77
26
