158
48
186
53
251
301
280
121
155
229
72
286
257
265
104
86
247
135
109
316
152
141
19
308
35
210
171
287
162
284
87
163
5
17
125
323
255
161
226
315
277
177
103
217
157
197
115
189
11
309
234
94
206
73
148
248
245
29
33
99
205
56
303
118
326
218
119
195
67
289
9
295
149
327
10
237
227
196
222
313
221
322
183
184
198
28
259
39
21
151
150
64
331
120
233
130
154
260
328
235
37
116
49
274
166
246
267
283
174
1
239
137
201
169
105
312
127
304
134
69
20
266
276
74
232
68
269
108
101
268
216
172
242
79
144
302
294
8
317
60
225
191
180
32
66
181
76
240
243
153
325
106
311
272
330
282
264
4
113
97
261
7
173
219
178
167
70
16
296
159
117
47
288
318
314
165
281
98
238
55
25
271
40
207
65
45
168
292
293
244
123
128
182
170
147
275
102
307
190
75
83
236
332
143
92
334
62
27
