186
48
53
280
301
121
158
24
305
200
257
265
286
104
6
229
19
145
90
141
308
247
316
300
171
87
287
35
298
162
140
210
30
15
226
185
51
17
255
315
277
197
217
262
177
103
291
189
208
309
14
11
3
254
94
148
205
245
156
99
29
303
138
56
218
211
289
54
67
326
295
89
57
196
149
327
227
222
164
111
107
221
39
12
112
198
322
259
233
150
120
130
331
220
203
249
154
274
260
59
328
93
116
2
1
320
246
23
267
38
166
137
201
105
324
223
134
127
202
304
256
108
84
266
68
232
82
269
242
216
34
101
172
302
50
268
294
191
124
32
317
60
132
176
240
243
66
336
181
139
215
52
44
204
61
282
264
311
0
4
16
192
299
178
70
131
231
319
117
335
26
47
142
314
318
165
281
98
77
271
133
25
238
55
65
293
168
128
250
46
244
199
81
307
102
147
36
182
297
275
332
62
42
143
194
310
253
92
