158
88
301
48
24
251
121
53
18
86
229
286
72
146
104
305
145
90
273
152
316
109
19
22
298
140
284
214
287
171
129
96
161
17
51
323
226
5
185
125
197
291
193
103
217
189
31
115
14
94
234
248
148
206
3
309
56
263
303
205
306
29
33
156
218
289
295
85
89
9
119
54
327
10
227
196
313
122
149
111
198
28
112
321
183
39
184
221
13
120
220
331
21
151
150
209
274
235
154
37
116
2
93
328
246
174
1
188
187
283
38
239
105
278
223
324
69
127
312
134
20
68
82
269
84
71
266
232
101
144
268
95
79
302
216
34
225
329
176
32
132
60
317
294
66
325
240
139
106
336
243
78
4
113
44
179
282
264
330
97
16
70
173
167
261
299
131
319
47
296
26
58
159
314
117
318
228
238
55
133
271
207
258
77
123
100
279
128
46
168
199
244
75
102
297
170
147
36
81
190
194
42
310
334
143
236
332
62
