88
121
160
301
251
53
24
285
146
18
6
86
155
286
265
72
109
135
247
22
152
308
90
19
298
284
96
214
140
162
163
287
315
125
51
226
30
161
185
323
177
31
103
262
230
189
277
291
14
11
234
309
208
248
94
148
56
33
333
306
99
118
263
29
295
326
195
9
289
85
67
126
227
313
196
237
57
80
327
122
28
39
112
252
107
259
322
183
13
151
249
150
331
120
130
233
328
110
274
235
212
116
37
49
320
38
239
267
23
283
174
1
169
312
201
69
278
202
63
127
20
256
68
266
84
276
71
114
101
224
242
144
302
172
268
50
270
8
191
225
176
180
132
317
78
215
106
336
52
325
66
76
330
264
0
272
61
4
204
44
7
261
231
16
167
70
178
299
47
335
314
165
26
318
41
288
238
77
133
91
40
55
271
207
65
128
168
292
244
46
279
100
275
81
36
290
213
190
147
182
143
27
92
62
310
334
83
236
