241
280
53
158
24
48
301
186
18
146
72
257
86
305
286
6
273
22
135
90
145
316
19
308
162
96
287
87
298
284
35
210
17
226
337
15
315
51
125
5
31
115
189
217
193
197
262
230
309
94
3
206
208
148
248
136
56
33
156
29
205
303
245
138
218
326
54
9
89
85
67
119
196
10
222
227
80
57
111
122
28
183
221
107
198
259
322
39
209
64
120
13
233
331
220
203
116
274
2
49
260
37
212
59
38
246
1
187
283
166
23
267
223
312
324
69
127
63
134
202
108
84
74
256
269
276
266
71
172
224
50
95
79
101
216
144
176
8
124
60
180
270
317
32
215
78
243
153
139
240
106
325
179
97
330
204
311
61
4
282
131
261
178
219
319
70
231
192
117
159
142
318
314
26
47
41
133
98
55
207
228
238
77
91
279
293
45
250
46
100
199
292
75
147
102
297
36
290
213
190
194
42
334
310
27
253
83
143
