186
251
241
121
280
53
301
88
286
305
265
229
72
257
6
155
109
273
22
316
152
145
135
300
96
214
284
298
162
171
210
163
337
315
255
125
15
323
30
17
177
277
115
197
31
262
230
157
208
309
136
206
94
11
254
14
33
138
56
263
303
118
333
306
295
218
289
85
211
67
119
54
237
80
196
57
111
327
149
122
322
39
259
321
183
28
198
107
249
203
331
13
21
64
151
120
2
59
274
93
110
116
235
328
137
166
38
174
320
283
187
246
304
201
202
324
169
105
312
134
232
82
84
276
71
114
68
108
302
34
144
95
101
79
242
268
124
225
270
329
60
32
132
180
52
325
215
240
76
153
139
106
113
179
272
4
61
330
282
264
261
192
16
70
178
319
173
299
296
58
26
159
318
117
47
314
281
40
91
25
207
271
98
55
292
128
46
250
199
168
65
123
102
81
275
182
190
307
290
213
27
334
310
332
92
253
236
194
