158
186
48
160
53
280
88
285
18
72
286
146
200
86
305
265
109
22
316
152
135
19
247
300
163
298
96
171
140
87
214
210
337
323
17
15
30
185
226
125
291
197
157
277
115
189
103
217
148
234
309
254
73
136
94
11
306
263
138
156
245
205
99
33
211
85
119
89
289
218
67
195
10
164
222
80
122
149
196
111
39
183
322
198
259
12
112
221
233
151
203
331
150
130
21
64
274
154
235
59
110
328
49
116
23
283
38
320
166
267
187
246
134
169
69
312
223
127
202
201
20
256
71
232
114
269
266
74
216
224
172
144
302
50
43
79
317
270
8
132
180
176
329
124
76
139
78
153
243
52
106
215
0
44
4
330
204
311
97
264
231
192
16
167
299
173
219
319
335
26
117
165
58
47
41
296
238
258
40
228
98
133
25
271
279
45
65
199
128
244
292
123
307
275
36
81
190
170
213
147
92
175
332
27
83
62
334
236
