280
158
251
241
24
121
186
88
86
286
200
18
265
104
229
305
141
316
308
300
135
273
247
145
129
96
171
162
284
140
287
87
15
17
5
226
161
185
255
315
189
197
103
31
230
291
217
177
234
248
14
148
3
309
208
73
263
29
138
33
306
245
303
99
67
211
289
195
126
218
54
295
222
57
111
313
196
327
10
122
252
183
322
12
321
221
39
259
120
150
13
64
203
331
233
21
260
235
328
274
154
110
93
116
188
187
246
137
239
166
283
320
202
278
105
312
223
169
134
304
82
114
20
266
71
256
108
68
302
144
34
95
172
101
268
43
176
270
294
329
317
180
191
60
66
240
153
325
78
52
215
336
0
97
311
264
61
272
4
113
261
231
167
219
131
178
319
7
58
296
117
142
159
318
335
26
133
40
98
281
238
228
55
258
123
293
279
168
128
46
244
250
275
81
297
147
190
290
307
213
143
175
334
92
236
27
83
62
