121
301
280
160
285
251
186
48
286
155
305
86
265
72
257
6
22
300
141
90
19
273
135
316
162
171
287
35
129
284
163
298
15
226
125
315
161
51
30
185
103
115
262
291
277
197
193
230
309
3
14
73
208
234
206
148
205
303
333
138
99
306
156
56
326
295
195
119
211
89
9
54
149
122
196
164
80
111
10
222
12
322
184
198
39
112
28
259
331
203
21
220
64
13
150
249
154
37
235
260
274
49
116
328
166
23
188
246
174
1
239
38
63
127
278
324
169
105
134
223
114
82
108
269
266
68
232
20
144
224
95
101
43
34
79
216
294
32
60
176
191
180
132
329
139
78
52
325
181
336
66
76
113
0
97
282
264
272
204
44
299
167
16
219
173
131
231
178
335
296
41
318
47
117
159
314
133
207
281
98
91
77
55
25
123
244
100
279
293
45
46
292
275
290
36
75
81
213
307
182
175
194
236
62
143
27
253
83
