280
53
301
251
48
160
88
121
6
305
72
18
155
229
286
86
135
316
273
152
109
145
308
141
284
87
298
129
140
171
35
287
337
161
226
15
51
255
323
30
193
262
230
277
157
177
31
115
148
11
73
248
94
208
234
136
33
333
303
306
56
99
245
118
289
54
9
119
126
195
326
211
237
327
196
111
149
122
227
222
252
12
28
184
322
321
107
112
203
64
150
209
13
21
120
151
274
116
49
154
37
260
328
93
1
38
267
320
188
187
23
246
223
312
169
69
134
105
127
278
114
232
84
74
276
108
20
256
79
50
34
302
95
43
101
172
176
225
329
180
60
32
191
124
52
240
336
243
78
325
181
76
330
204
282
311
61
272
97
264
70
167
16
173
319
231
299
178
318
47
296
314
335
41
142
58
271
55
91
207
25
133
258
98
45
292
65
250
123
293
128
46
36
275
170
290
307
213
102
190
27
310
236
175
42
143
83
194
