301
53
280
285
186
241
88
24
155
86
6
257
104
305
18
200
22
300
316
109
152
90
308
273
210
96
284
163
214
171
287
140
51
125
5
30
226
161
185
17
262
197
277
217
230
177
103
157
14
208
3
136
148
11
94
248
263
138
156
56
99
333
29
245
119
54
126
85
9
211
295
89
10
196
313
122
237
57
111
164
112
322
321
39
28
198
184
183
220
64
203
331
13
151
130
150
93
59
274
260
154
212
116
2
188
1
283
320
166
187
23
246
324
69
304
105
223
169
278
127
68
71
20
232
74
276
84
256
242
216
302
101
95
50
172
144
180
191
270
225
32
8
132
124
181
76
243
336
240
215
153
66
282
204
61
97
264
272
4
311
70
167
178
16
219
131
319
173
318
165
314
117
47
288
41
58
40
133
258
238
207
55
271
228
128
250
199
292
46
65
293
100
75
170
290
102
182
307
81
275
92
310
42
334
175
143
236
253
