53
88
121
280
48
160
24
186
229
18
6
200
305
86
286
265
316
141
109
308
247
19
145
273
163
140
171
298
96
129
162
284
315
17
255
337
5
51
323
226
193
189
217
262
103
291
277
197
3
14
309
254
94
136
73
11
306
263
138
205
118
333
33
303
126
67
218
89
326
85
119
295
222
10
57
196
227
237
111
313
184
39
107
12
28
252
183
221
209
150
120
151
130
64
331
220
154
2
116
260
110
93
274
328
166
137
174
188
23
283
267
239
312
127
202
324
223
134
304
278
232
108
71
276
82
269
266
68
242
79
34
43
95
144
101
172
191
124
270
60
132
8
176
180
153
181
243
240
336
325
66
215
113
179
4
272
282
97
311
330
7
231
70
192
173
299
178
261
318
41
296
288
26
335
117
47
228
77
271
91
238
55
25
258
279
128
168
65
250
244
100
199
170
102
190
307
75
147
81
213
334
42
143
236
175
62
310
92
