121
24
280
158
88
48
251
186
18
6
265
257
229
72
286
155
152
19
90
273
316
308
145
135
162
129
284
214
287
35
163
210
323
315
30
51
337
125
17
5
103
189
277
193
177
217
197
115
254
94
11
309
3
73
206
208
29
205
333
99
303
118
56
306
67
295
326
54
195
126
9
218
122
327
10
111
80
227
313
196
259
107
183
198
252
39
221
322
130
209
151
150
249
13
120
233
212
116
93
37
328
49
59
110
38
166
188
174
246
267
283
1
278
127
312
201
134
202
223
63
68
276
108
114
266
74
20
71
172
34
50
95
224
302
268
43
124
294
225
191
8
270
132
32
153
215
325
66
52
76
240
336
113
330
264
282
61
179
311
272
192
16
7
319
70
178
261
131
288
318
26
47
296
159
335
314
207
98
271
228
91
25
238
281
292
168
46
65
128
293
45
123
182
81
170
147
36
290
307
213
194
27
253
62
92
42
310
175
