31
260
76
4
77
182
32
146
258
98
102
149
184
80
96
148
219
100
104
261
78
35
99
150
254
117
47
6
113
197
159
114
263
264
67
266
7
225
161
68
226
69
193
224
195
223
9
5
284
140
143
290
289
63
216
94
60
291
176
91
92
14
179
214
61
12
175
212
215
244
64
177
204
301
137
296
208
86
16
302
297
206
54
59
58
300
299
169
207
249
135
295
293
205
55
89
37
110
152
189
268
272
191
188
273
82
81
229
190
151
232
23
155
40
41
187
38
231
274
153
166
53
122
200
29
281
237
123
73
128
203
72
49
202
124
25
278
276
26
167
280
125
236
239
240
198
