256
261
217
103
260
102
184
0
97
257
220
219
96
77
76
1
183
258
181
182
2
149
221
32
146
159
66
6
67
196
226
70
68
114
8
224
42
263
45
158
192
161
118
69
117
223
262
113
14
210
211
142
176
216
145
284
140
289
91
180
292
288
178
60
93
94
64
286
177
11
242
243
89
134
57
86
88
295
204
137
253
205
16
54
130
56
172
293
250
135
17
15
302
298
58
169
38
23
151
271
152
22
190
272
191
153
157
154
110
41
228
24
187
155
268
234
83
235
156
82
164
122
120
124
73
203
241
126
280
28
51
50
75
239
199
277
125
25
72
237
127
165
279
275
74
163
