259
34
33
217
147
256
1
35
102
98
96
149
182
258
150
146
97
78
221
77
260
255
218
219
3
194
7
161
44
263
162
197
267
118
227
46
195
266
265
158
264
6
114
68
159
119
66
196
244
216
288
282
177
178
292
14
145
95
283
91
12
92
289
138
175
64
63
290
60
242
286
291
57
15
294
135
249
171
86
132
295
58
88
17
208
303
170
299
173
134
16
172
253
209
293
301
36
234
155
109
191
189
21
22
110
24
228
108
37
187
41
85
230
20
271
111
157
229
39
273
75
123
279
278
163
25
74
203
128
165
52
50
164
53
26
29
71
27
239
200
129
121
73
199
275
238
