260
258
32
222
217
149
100
147
99
33
97
184
218
80
104
79
101
34
183
259
96
181
254
182
219
45
197
159
113
115
193
118
69
67
114
195
224
70
44
264
266
194
223
5
161
116
42
46
290
212
289
93
211
247
61
214
292
287
10
143
245
288
291
140
142
91
139
11
244
95
216
94
19
56
132
135
209
299
298
173
88
303
137
250
174
17
249
295
301
16
54
136
170
86
89
58
152
268
229
235
23
233
186
40
154
39
109
271
188
108
38
81
272
84
190
274
155
107
37
111
27
53
200
275
163
166
71
126
202
48
237
129
72
203
280
125
74
124
51
26
49
276
75
281
120
28
