2
255
218
103
33
261
260
257
182
217
219
79
34
102
181
150
99
80
0
220
222
76
31
3
259
192
266
68
159
267
119
194
223
263
227
7
195
46
117
264
225
193
265
67
5
197
70
47
176
175
283
94
242
180
247
178
64
212
289
285
141
12
213
144
210
92
91
138
290
10
292
145
134
57
251
15
303
174
295
54
59
170
19
18
173
250
293
130
296
89
205
252
253
16
300
55
191
234
106
230
111
154
153
107
157
108
82
39
85
232
186
228
24
273
187
83
23
233
269
36
72
238
120
241
128
53
198
52
50
26
203
202
278
51
124
165
27
239
236
201
167
123
240
74
279
129
