103
77
255
96
217
257
260
78
79
0
2
34
97
181
146
259
150
148
1
104
184
220
99
218
35
66
5
44
193
113
8
69
195
263
162
266
159
197
118
68
117
192
9
6
115
225
158
160
286
246
179
213
12
13
60
247
291
284
145
285
92
211
141
214
289
176
244
11
175
283
62
64
137
15
209
59
295
17
134
174
171
250
298
172
87
89
204
18
55
170
296
206
303
251
253
132
154
190
271
82
22
231
41
23
39
232
24
157
188
189
186
40
81
151
234
274
269
109
83
229
124
50
49
73
126
48
128
239
203
129
25
236
279
74
277
28
241
200
168
281
29
120
166
52
71
51
