261
221
219
103
32
0
31
183
79
181
260
104
99
3
222
149
254
150
185
97
101
218
220
98
102
69
117
158
192
5
225
263
116
226
161
114
196
162
223
262
264
7
160
227
68
45
47
193
14
292
12
215
177
247
291
13
288
64
144
63
244
145
289
91
213
180
141
246
176
10
290
95
135
86
18
59
172
300
173
133
19
55
208
90
204
293
170
251
16
250
171
88
87
252
295
298
83
82
231
112
85
228
152
271
187
108
189
39
41
37
155
107
106
21
38
36
191
274
24
190
129
276
202
121
203
120
164
122
52
275
281
73
75
201
237
27
72
123
124
71
163
48
277
26
241
167
