2
256
35
79
257
30
184
32
34
259
33
261
0
254
76
260
102
221
3
100
149
258
182
217
255
45
224
118
262
160
42
267
69
196
192
194
70
115
193
9
161
114
117
8
227
197
7
223
247
13
179
245
210
95
283
143
286
10
290
142
12
285
62
180
215
11
140
144
92
214
292
289
137
55
130
57
297
19
173
135
131
294
15
169
295
174
251
86
300
205
303
293
56
17
250
88
111
188
37
83
229
228
41
231
272
85
273
151
22
186
190
274
268
39
21
271
187
191
234
233
50
25
73
51
127
199
237
279
72
167
164
203
27
120
48
123
74
163
71
202
28
165
124
129
239
240
