256
79
222
184
260
32
183
99
220
217
181
2
97
76
31
221
258
255
35
0
148
254
101
98
78
43
6
113
226
9
115
262
160
5
225
267
265
45
266
192
193
264
8
197
68
42
118
223
210
211
291
64
245
212
292
177
95
283
93
61
290
11
179
289
94
287
244
60
143
247
282
284
295
303
249
209
133
207
87
16
58
90
136
19
205
297
301
131
171
251
302
18
130
55
252
169
231
40
36
269
24
271
37
154
82
270
191
109
268
188
112
108
234
273
235
21
105
22
155
157
126
53
199
75
279
29
165
278
50
71
25
168
200
164
52
124
280
166
73
122
201
202
241
51
123
127
