256
96
147
181
100
261
182
260
217
254
77
150
103
258
32
149
219
146
184
80
102
220
148
183
0
67
158
265
160
115
5
266
262
119
7
161
47
6
45
9
193
159
43
226
114
194
117
197
283
289
284
246
63
216
11
288
175
61
242
140
176
177
139
62
10
13
211
14
142
213
91
210
296
54
294
248
205
303
55
137
169
302
249
251
19
87
301
15
58
174
56
132
173
172
207
299
273
230
40
106
272
186
270
155
154
22
112
152
232
82
108
187
24
39
157
231
229
188
41
156
167
73
237
240
278
120
202
279
164
71
124
123
25
75
163
280
276
127
165
203
53
26
198
239
238
201
