183
77
146
259
184
102
3
181
147
1
185
222
96
261
78
103
76
34
35
221
101
32
149
217
99
161
194
262
9
158
116
162
195
67
7
263
119
192
68
223
42
266
197
47
45
227
69
159
176
214
288
287
178
291
140
139
93
242
64
282
216
210
13
94
180
11
215
91
283
243
285
145
90
171
252
301
134
56
206
19
208
86
89
302
253
137
87
248
58
204
135
132
18
133
54
207
37
228
24
232
234
152
190
38
151
84
108
153
82
188
85
191
21
187
272
268
231
36
22
109
28
120
167
166
29
26
75
240
165
281
280
276
122
201
164
27
53
128
237
72
52
241
163
48
71
236
