148
185
221
261
2
3
255
150
258
181
182
220
101
217
99
254
218
147
102
78
222
97
257
104
103
68
114
6
224
223
193
69
116
264
66
162
226
117
47
192
196
227
265
42
195
225
263
46
213
291
283
60
212
244
215
243
94
282
286
179
138
177
95
144
285
141
64
11
242
211
216
180
208
87
16
248
171
86
297
301
137
18
295
15
173
130
250
132
174
131
252
57
300
19
54
253
111
112
156
233
268
21
40
110
37
36
154
228
230
234
274
105
24
273
152
153
23
38
81
235
199
163
122
26
281
51
239
27
71
238
168
48
240
202
72
50
280
124
164
28
198
125
275
277
203
75
