79
98
97
256
78
183
100
33
217
254
149
35
181
3
102
219
150
185
104
103
4
257
32
1
261
159
68
70
8
224
46
67
162
264
6
193
262
161
45
267
114
9
192
42
160
44
47
66
92
142
13
141
93
65
284
95
140
177
12
179
11
246
291
63
242
290
138
285
62
210
282
61
15
87
54
173
133
204
251
294
90
208
172
88
300
206
57
302
297
303
132
59
56
136
249
248
81
188
85
233
36
154
105
268
84
228
38
37
186
231
112
155
272
108
41
230
271
274
152
39
241
26
53
74
71
198
199
277
27
25
72
278
125
202
122
238
129
167
49
126
123
203
164
166
29
237
