3
184
146
217
100
103
220
101
221
185
148
80
32
76
31
102
218
147
104
97
255
34
149
2
33
68
115
197
69
223
45
262
42
44
224
193
118
195
161
5
196
66
47
225
227
70
46
7
14
143
177
94
247
141
63
244
245
288
64
289
215
62
284
144
12
212
10
291
93
243
180
91
19
299
89
250
18
297
302
294
54
174
301
87
253
252
15
137
171
207
90
133
204
56
170
206
109
110
229
157
111
228
37
41
20
21
274
156
152
187
232
230
107
82
234
81
151
272
38
189
277
276
200
124
201
203
168
25
129
52
279
281
167
127
165
199
27
51
126
236
72
128
50
241
237
49
