4
33
104
148
1
77
103
79
221
261
97
0
184
98
259
254
218
35
3
222
78
257
2
146
220
113
67
158
116
195
265
118
5
192
226
68
266
162
7
42
6
114
47
160
196
267
224
45
93
140
142
286
13
180
62
141
177
14
242
61
213
10
179
91
63
138
283
11
215
216
214
175
58
89
295
173
130
57
170
171
131
137
88
303
172
302
253
55
54
300
299
294
252
209
293
15
106
187
189
228
109
269
83
84
235
153
23
155
233
108
191
82
38
186
151
271
234
152
39
85
124
51
129
281
202
237
123
28
239
241
74
72
71
276
122
279
240
277
203
275
168
198
52
27
49
200
