219
103
256
254
259
100
3
181
32
31
220
2
221
183
35
101
217
148
98
182
1
77
185
257
147
194
267
263
264
117
115
8
69
226
265
161
46
116
158
7
6
162
224
193
45
160
197
114
14
178
65
62
288
180
145
284
244
292
245
63
291
11
141
216
60
243
143
215
91
93
140
175
205
298
249
133
208
295
130
132
303
251
15
90
54
248
86
294
293
171
301
16
17
250
59
174
152
231
270
112
22
110
153
269
23
111
191
156
36
186
189
232
272
273
106
233
81
155
39
157
164
163
203
165
128
276
72
202
74
124
26
129
236
27
239
278
168
50
75
48
280
127
166
281
28
73
