32
256
255
146
79
2
103
181
97
259
150
101
99
76
102
183
0
78
148
261
219
184
260
257
149
47
195
158
161
262
67
193
46
68
119
117
43
196
263
223
116
6
8
113
114
226
162
265
292
283
62
143
211
244
142
92
177
141
60
63
289
61
145
282
140
214
94
10
178
12
212
14
207
173
57
134
55
298
301
58
300
88
206
130
250
302
172
15
135
56
17
169
133
86
252
299
187
109
24
270
269
157
235
271
189
22
232
39
37
154
234
151
190
152
191
156
233
274
229
82
120
278
202
241
126
51
129
29
277
238
53
240
198
168
27
122
163
127
166
128
164
74
123
280
167
125
