76
258
222
256
255
31
100
220
34
148
0
79
98
221
30
97
149
96
185
103
1
260
257
254
32
116
162
194
114
115
119
42
197
45
264
117
227
7
224
263
158
68
47
226
262
67
266
43
287
216
93
11
289
91
176
63
94
143
60
212
286
62
284
211
64
213
244
179
214
92
140
142
58
87
293
302
301
172
54
133
208
15
56
16
303
297
298
249
59
296
205
55
17
174
209
90
23
234
39
274
112
153
235
187
85
105
22
186
268
191
41
233
111
37
228
106
36
108
272
230
52
49
28
29
277
71
276
201
51
168
122
75
275
167
48
280
124
25
73
127
26
241
123
203
239
236
