229
352
298
414
356
21
49
148
111
190
81
525
478
432
492
66
441
349
546
25
270
301
240
580
413
556
608
29
185
79
288
282
538
80
569
427
259
332
222
202
254
452
227
323
38
398
233
605
354
212
467
411
16
96
207
340
86
551
369
236
13
144
429
151
494
403
2
30
543
458
493
566
600
287
166
63
437
417
459
7
420
384
103
400
484
438
419
350
138
33
313
132
244
253
367
208
455
289
128
439
435
558
520
200
474
275
87
44
599
544
194
161
343
214
268
35
210
573
85
307
10
526
498
47
20
519
351
581
258
304
412
150
471
184
571
34
302
401
273
443
346
116
552
375
362
363
3
50
463
228
442
430
365
505
570
550
266
14
324
296
371
204
595
453
246
521
137
368
308
42
312
127
230
497
141
353
159
290
545
473
191
448
555
124
149
499
590
334
187
72
366
260
440
196
251
219
11
404
306
337
241
372
157
158
285
68
512
164
565
300
454
92
522
135
113
436
360
483
486
28
509
378
239
1
319
256
46
140
392
274
387
598
65
4
409
133
394
524
213
134
104
320
588
518
225
170
197
215
6
461
112
447
203
314
364
295
101
504
88
109
78
115
591
456
374
477
199
129
395
5
53
143
294
182
283
169
345
98
575
145
407
421
276
248
381
579
321
464
9
54
416
488
604
43
57
380
189
153
460
428
434
265
338
181
553
490
136
8
476
568
549
257
311
26
563
358
502
594
431
97
55
496
530
523
542
293
582
330
171
12
533
125
183
264
531
541
15
396
297
597
177
205
601
596
83
238
278
235
444
379
24
326
317
534
247
515
373
267
540
226
564
341
583
277
218
451
516
303
465
425
561
231
559
339
399
562
165
82
84
106
479
481
147
585
232
280
348
76
174
391
243
119
178
584
255
220
466
209
506
142
315
17
510
548
388
593
250
389
612
221
390
245
485
198
370
554
163
572
122
269
75
508
576
611
433
606
126
405
69
