190
318
430
404
310
331
80
336
204
412
32
132
492
366
520
299
159
16
200
81
61
140
157
215
502
397
263
351
19
91
587
110
129
539
365
18
213
202
109
304
134
504
253
592
392
483
100
187
319
164
102
99
47
381
499
158
488
519
172
418
368
146
537
249
199
493
256
73
136
325
71
460
10
344
544
328
67
505
470
29
324
207
36
426
467
141
167
400
526
44
274
530
181
230
210
154
359
257
398
124
251
343
144
345
173
155
447
609
509
66
594
130
384
419
413
416
305
287
358
239
542
314
259
387
271
170
552
354
101
265
63
356
103
512
320
501
555
92
463
372
420
28
432
313
329
260
60
45
487
5
93
185
56
55
87
604
98
35
11
261
575
598
145
30
79
275
302
566
283
605
582
85
376
96
375
529
332
70
156
50
4
152
300
291
254
453
380
138
149
443
571
6
422
306
282
323
284
549
353
503
521
3
347
153
97
461
395
476
78
21
543
196
590
51
240
573
212
393
182
595
567
599
403
435
377
217
478
54
427
186
346
350
335
49
434
26
386
137
307
234
68
440
273
473
464
367
553
222
34
316
211
193
441
581
268
538
116
602
295
104
252
111
41
290
90
294
357
578
565
13
266
286
522
311
550
409
457
118
369
77
296
117
14
20
448
327
455
279
112
545
46
105
241
401
189
206
475
428
429
468
270
382
88
446
491
424
459
557
454
169
72
439
579
128
23
477
556
349
363
8
407
371
570
114
333
38
171
27
74
297
481
121
165
485
242
611
507
583
449
64
584
198
355
399
264
168
125
160
177
317
511
433
508
593
232
201
209
82
479
390
89
162
536
175
516
339
180
554
561
237
405
292
562
408
462
389
396
303
612
224
255
262
176
174
370
243
541
22
183
379
126
37
269
278
586
444
267
510
559
515
188
506
531
326
466
596
131
15
450
388
59
425
247
548
577
245
540
221
451
445
572
597
534
342
84
52
12
75
585
