80
47
369
346
366
545
271
371
382
542
518
469
179
67
387
314
397
137
522
41
167
124
400
499
202
146
51
598
476
359
457
483
488
88
204
127
386
491
26
454
311
153
93
282
112
229
158
358
409
573
60
401
62
393
434
558
193
605
265
182
403
529
251
248
555
392
56
9
261
418
313
249
63
211
412
467
321
502
58
464
181
368
472
380
599
74
194
222
407
217
196
298
148
21
417
354
394
244
299
441
0
72
364
595
415
129
39
154
452
578
521
184
438
437
306
428
604
66
210
296
468
486
430
197
329
136
57
362
567
50
145
31
456
110
385
414
552
161
13
493
98
94
320
111
367
517
29
285
372
291
199
6
10
233
543
100
411
603
591
459
301
332
257
266
563
331
102
114
54
377
55
420
334
18
566
477
70
581
419
71
532
46
589
448
30
345
460
103
73
61
328
319
383
11
20
81
293
594
118
85
135
4
496
130
286
302
474
565
505
487
590
170
115
207
365
520
1
44
150
155
212
324
268
140
435
215
295
512
2
117
166
28
3
509
316
395
575
33
284
447
343
169
535
421
538
185
569
410
203
375
347
416
189
305
431
327
557
104
330
200
241
92
608
587
159
609
25
429
381
455
120
374
571
333
86
109
144
427
549
436
263
216
133
494
602
96
258
65
23
570
236
338
336
288
490
259
164
550
128
225
519
446
546
186
537
404
272
270
192
353
152
172
600
530
68
260
356
523
77
87
526
357
484
351
440
443
219
43
323
548
108
515
195
178
373
370
514
168
223
131
585
322
76
533
425
292
82
508
482
267
433
198
297
162
606
451
52
126
264
534
541
610
408
485
511
231
559
121
479
466
317
576
554
561
450
611
119
402
107
465
390
224
37
89
339
280
379
577
177
123
238
449
516
513
593
175
160
583
348
399
262
391
106
17
601
560
303
481
247
75
24
125
40
540
218
250
562
174
122
221
245
574
48
309
232
188
95
165
176
