378
100
491
578
58
456
318
193
184
304
96
81
393
335
150
73
328
172
214
496
236
157
400
431
74
556
549
207
447
105
401
23
173
490
287
128
268
1
475
229
139
55
7
306
194
204
271
316
461
321
289
457
132
26
31
70
488
6
495
281
63
25
91
217
307
529
298
92
487
260
352
558
377
470
483
566
305
49
166
594
158
300
111
460
254
605
394
422
411
45
337
563
334
152
291
532
345
545
381
241
453
234
10
371
56
403
206
464
429
311
474
512
539
77
542
404
407
110
16
376
179
499
90
137
170
356
436
9
567
39
295
357
477
46
302
99
421
290
202
186
93
14
210
398
571
159
79
416
505
575
270
492
427
29
587
200
581
603
33
148
494
520
602
478
463
253
60
454
141
103
366
599
406
522
50
155
446
598
473
327
526
169
412
544
301
472
497
590
591
484
518
112
525
476
80
18
85
395
439
0
47
415
570
312
426
430
257
8
244
383
323
240
523
62
43
419
310
368
251
320
551
432
543
4
265
61
319
143
144
459
552
589
424
118
65
452
266
233
11
28
384
364
71
228
127
442
329
409
66
171
336
503
486
35
19
467
135
331
101
97
219
190
418
380
273
34
367
249
263
261
94
86
441
134
550
414
448
129
286
555
382
420
21
582
362
434
279
27
67
140
553
435
87
153
252
246
493
360
154
354
498
458
185
509
151
595
469
350
417
42
455
212
2
98
565
53
284
375
438
78
392
196
215
358
32
104
44
521
213
389
89
224
513
601
52
48
17
315
355
24
76
511
292
131
262
390
195
451
64
15
527
559
255
547
450
348
12
163
533
75
83
479
584
585
147
339
201
510
528
370
178
536
119
425
586
69
123
198
560
462
506
232
242
489
485
396
177
388
309
297
162
95
40
534
445
449
238
237
267
122
597
612
176
514
160
610
515
250
583
84
548
220
562
209
399
231
572
326
596
142
82
218
108
466
280
561
361
243
541
