497
286
202
424
23
234
478
557
374
537
409
200
417
330
529
149
324
464
345
552
96
519
468
6
134
110
438
283
30
535
103
112
509
44
498
36
301
146
563
197
296
101
436
204
199
521
458
214
0
34
580
171
469
249
27
94
313
276
457
293
546
538
100
306
53
369
410
157
413
545
68
447
291
248
133
403
172
401
219
57
467
98
167
265
471
476
571
416
73
487
90
191
421
525
206
284
47
393
550
55
272
603
558
493
252
128
140
602
19
87
18
185
415
556
549
501
496
530
164
294
38
61
3
566
20
78
350
71
254
362
120
239
356
145
16
227
88
28
158
192
166
251
79
144
441
56
156
428
137
155
333
65
211
608
398
263
454
594
461
573
418
190
609
434
486
152
435
491
357
14
99
314
194
181
354
253
376
423
271
113
381
308
35
431
400
477
517
273
392
320
270
474
179
184
382
143
453
344
567
246
138
288
332
351
54
159
591
570
604
114
329
582
427
539
522
77
116
150
275
130
210
448
579
229
25
318
386
105
599
367
419
316
588
97
578
289
115
568
281
2
31
365
440
85
5
132
312
337
233
295
109
127
352
299
575
407
41
26
173
91
49
323
21
153
495
236
11
328
338
300
244
216
368
58
129
590
256
304
86
581
63
67
230
404
228
475
141
587
336
385
432
1
358
7
187
598
74
104
340
203
384
473
241
406
207
492
80
327
102
334
375
124
70
359
305
349
81
595
62
321
565
412
346
555
483
544
285
9
46
388
75
480
576
513
147
596
220
606
607
485
445
37
391
593
560
572
317
514
564
264
390
601
315
541
585
52
188
59
379
489
237
292
262
326
178
574
174
444
516
232
238
528
123
396
231
534
547
84
40
278
277
561
515
510
106
610
611
399
465
17
82
373
107
198
83
402
540
221
180
175
243
425
177
479
303
108
511
160
583
348
449
450
163
508
201
22
247
125
121
12
322
562
64
309
533
341
168
122
481
