26
66
498
185
494
256
404
134
599
111
161
567
271
472
491
14
96
78
350
47
477
132
473
30
316
192
181
345
502
542
357
427
413
81
423
484
310
594
419
2
352
190
324
102
4
608
447
338
140
206
91
227
398
39
575
570
386
442
283
53
171
354
460
571
464
384
120
392
193
609
139
565
29
318
382
304
458
492
241
553
79
135
21
155
578
410
282
334
216
229
376
6
437
86
146
42
65
340
157
503
230
364
358
356
56
400
70
72
145
579
412
166
428
312
270
258
471
374
448
156
105
329
549
9
99
45
335
349
602
302
555
306
418
13
365
158
544
539
420
62
525
138
569
98
587
478
117
346
393
401
179
73
153
520
113
284
127
252
274
254
114
124
563
3
320
276
369
116
67
167
265
222
522
199
184
189
36
236
7
363
272
249
545
287
128
35
257
456
523
259
454
60
213
600
435
353
535
260
566
25
496
88
129
58
495
197
93
331
115
300
87
328
251
546
518
289
434
414
11
148
191
152
556
212
296
294
336
421
248
377
332
439
375
8
246
362
488
200
103
486
233
43
214
71
187
194
159
592
151
291
239
530
505
568
387
261
97
430
337
38
211
5
228
591
517
290
446
438
170
182
603
321
330
299
74
31
173
467
552
286
476
385
395
266
244
10
136
366
397
538
281
529
380
51
443
327
455
368
537
333
359
589
590
207
68
298
90
406
371
44
85
92
57
457
519
343
605
459
0
143
293
493
422
285
32
253
77
94
582
218
373
269
326
506
201
405
612
586
122
425
450
390
22
195
577
355
547
339
348
341
562
510
508
242
576
221
15
585
554
597
317
606
559
396
601
511
226
531
399
220
174
183
165
489
107
232
370
247
209
131
223
84
126
315
593
342
40
610
465
584
180
485
237
541
175
516
106
574
176
89
48
262
82
322
507
119
548
238
540
479
125
466
303
500
572
231
449
444
162
245
596
205
433
168
24
388
160
451
445
