170
453
117
470
166
191
323
151
96
34
424
594
521
501
605
190
105
134
133
71
497
352
3
582
45
438
327
44
28
304
279
587
145
153
261
602
294
135
384
189
543
268
454
545
392
306
253
295
412
400
401
525
56
172
476
193
14
289
600
563
272
208
26
443
246
79
523
544
407
431
332
340
101
558
386
503
581
446
351
591
455
8
211
46
345
328
452
350
418
518
336
416
314
154
305
432
414
435
167
302
429
31
349
568
276
32
219
227
477
486
283
77
13
301
87
579
281
604
113
197
42
553
7
25
298
382
53
97
85
537
21
520
378
504
259
337
185
290
9
200
590
490
456
419
80
110
409
526
459
447
186
448
5
473
284
360
203
217
552
464
375
129
359
308
86
296
491
325
54
364
357
120
94
362
10
524
578
27
58
434
88
608
124
73
57
334
499
67
228
494
92
213
111
318
557
240
344
157
498
426
320
589
567
112
571
99
353
371
65
47
212
530
139
241
509
555
66
496
588
483
368
103
487
549
330
215
70
156
271
307
6
570
565
214
467
251
61
74
310
313
423
104
393
286
556
329
475
173
410
256
546
551
202
598
535
182
35
150
603
146
204
41
335
136
181
192
161
430
505
333
484
354
413
0
210
539
529
474
60
51
138
260
285
16
143
420
566
436
493
457
152
287
132
275
270
471
502
118
11
72
81
68
288
62
461
49
236
90
312
542
116
38
492
363
381
171
299
149
230
140
43
324
599
532
114
282
398
266
102
540
534
76
280
218
224
326
235
15
209
264
465
220
449
201
12
516
223
593
292
583
107
466
232
531
596
175
238
178
174
562
237
541
242
479
399
611
601
610
162
121
586
577
205
533
226
83
584
24
450
177
106
508
221
606
267
255
445
168
48
64
183
389
405
402
559
95
379
547
131
451
52
514
303
444
361
277
597
160
75
195
122
82
245
108
317
485
560
390
341
391
309
198
163
17
84
511
548
527
585
