570
94
32
170
46
124
312
42
581
0
7
39
412
295
246
34
504
542
86
314
456
169
81
129
565
97
552
171
88
469
287
526
139
234
448
182
222
202
517
454
136
79
149
488
252
144
35
494
302
417
463
70
446
115
502
53
483
61
214
2
13
343
426
551
21
150
197
419
98
598
609
288
217
112
73
135
196
80
455
372
207
349
316
211
44
219
546
472
378
320
299
354
310
537
330
578
134
172
382
325
200
356
293
437
569
270
14
185
351
265
283
544
453
357
210
335
422
556
120
377
91
319
347
258
156
535
501
128
563
400
141
418
409
385
468
101
359
550
114
497
470
65
212
397
138
573
333
155
415
549
127
307
257
55
471
263
411
602
438
41
458
9
360
588
498
206
158
166
321
291
496
74
102
99
85
63
599
404
421
364
279
375
10
259
376
266
194
476
435
524
216
192
301
459
49
275
152
268
28
523
420
62
580
467
87
38
51
137
103
249
353
260
582
452
525
491
589
553
66
486
509
77
484
50
392
298
423
5
161
558
227
338
327
20
43
434
495
384
503
294
430
54
159
424
109
475
117
204
473
146
350
47
595
311
441
4
521
105
72
352
594
285
33
241
539
78
436
457
45
329
555
289
6
362
271
248
300
273
366
230
25
590
276
186
490
18
304
148
393
358
464
90
225
253
189
23
369
145
567
118
522
284
282
332
244
394
229
499
442
529
383
251
579
26
130
8
403
58
116
557
153
603
111
328
16
132
281
608
568
466
611
326
607
465
559
142
612
245
479
280
188
250
108
64
606
355
370
183
243
507
482
121
168
195
232
247
584
574
408
379
262
585
209
178
277
255
177
160
506
22
531
76
339
560
548
540
341
131
541
24
373
267
180
348
396
445
508
269
89
84
125
12
388
516
59
235
123
564
481
389
163
82
562
315
223
534
218
205
593
52
176
303
500
391
237
147
596
95
514
533
48
221
561
201
547
162
106
119
175
