472
156
171
565
331
496
150
283
73
152
85
46
313
311
377
375
401
117
563
194
228
603
28
407
39
158
202
392
386
590
145
240
275
372
477
45
494
420
423
182
6
116
424
227
270
434
542
260
318
170
96
426
414
474
492
327
254
118
141
295
282
44
248
314
128
77
148
459
549
337
429
335
543
320
149
519
91
499
487
381
551
544
557
418
369
411
90
421
310
359
475
366
133
446
567
279
258
490
54
575
274
4
594
470
120
233
29
495
553
346
103
321
140
57
316
443
298
67
520
333
23
538
455
130
263
344
605
404
93
13
442
251
157
546
212
33
211
230
365
587
199
453
435
11
556
210
143
21
9
217
609
273
192
568
42
376
535
219
324
582
566
10
467
436
36
323
589
105
291
207
325
501
468
497
70
236
31
213
97
464
51
265
299
253
598
367
406
261
380
393
102
144
14
113
483
530
47
437
328
307
539
286
154
521
371
360
80
155
473
410
491
26
169
193
134
100
431
239
1
363
461
602
289
503
19
478
456
86
362
522
72
387
87
591
124
35
79
109
3
517
486
234
268
92
353
412
7
300
524
281
505
206
471
276
151
476
0
374
308
185
115
200
438
578
409
41
351
104
383
397
493
38
509
132
447
526
222
413
49
58
266
136
458
347
153
502
349
570
296
532
592
330
364
101
50
244
430
249
463
71
384
184
558
545
30
111
301
288
304
552
8
498
137
65
573
452
306
340
259
18
454
127
129
25
159
294
78
525
419
339
121
561
250
373
361
232
107
342
534
277
64
548
48
82
583
444
224
195
547
231
402
315
221
237
584
309
22
462
508
482
176
119
269
69
485
391
177
527
606
278
174
445
188
481
513
348
322
178
223
585
577
388
218
610
596
390
183
480
370
165
75
238
122
245
593
465
264
541
466
198
163
560
162
106
95
125
15
515
89
576
511
160
17
531
516
562
147
479
379
489
510
40
255
52
76
123
528
83
574
