427
228
512
47
150
327
346
105
325
415
452
229
240
493
565
447
281
310
70
497
299
605
36
375
429
457
206
393
345
50
191
14
88
213
3
164
446
27
552
154
33
403
259
42
253
580
537
219
453
293
472
484
354
80
555
356
144
236
351
598
456
571
182
442
567
608
589
210
31
519
490
282
383
151
551
401
524
418
67
494
416
129
140
116
55
488
96
369
573
216
546
296
270
558
458
312
153
435
336
112
455
130
212
410
587
124
173
439
478
158
4
68
367
111
215
38
291
204
526
197
1
505
49
398
91
234
192
545
13
495
79
557
272
409
319
101
18
543
550
43
244
414
454
357
539
304
575
438
273
166
171
400
200
157
579
499
98
276
430
363
225
521
314
60
432
321
318
397
159
483
352
349
51
323
602
496
335
331
249
529
324
578
155
443
73
208
263
595
46
61
411
274
251
71
377
501
25
374
170
254
207
592
544
549
289
44
194
295
491
120
172
350
434
313
386
97
139
127
81
2
372
553
353
599
265
332
294
477
360
542
227
117
275
286
104
39
340
30
58
347
148
486
404
156
93
459
305
590
431
187
387
421
141
271
35
382
473
113
569
132
196
66
395
138
92
233
461
21
343
419
307
222
109
65
252
136
298
94
279
407
428
371
582
45
509
358
471
492
302
284
440
184
464
368
6
376
424
0
199
338
469
90
423
179
520
10
114
29
53
149
320
359
422
538
385
308
365
588
437
532
230
261
9
23
78
381
185
301
133
131
528
516
119
82
348
593
243
84
511
577
147
606
583
445
370
355
160
220
175
361
221
231
163
262
425
106
466
531
574
107
596
462
317
303
341
482
209
48
610
586
601
607
534
541
597
396
269
402
165
238
389
255
572
527
515
188
379
561
489
224
17
481
205
322
500
250
174
64
162
201
611
278
277
326
373
548
564
267
121
226
559
177
533
89
178
59
235
126
405
122
485
433
444
183
198
180
399
514
123
