32
190
79
404
98
93
422
283
426
254
431
102
454
555
203
10
265
461
71
148
439
409
435
382
472
272
337
334
44
270
86
225
214
434
296
187
111
416
152
476
331
233
151
575
504
186
483
492
333
173
279
58
6
7
335
73
493
417
495
80
29
345
45
88
284
301
20
394
259
395
43
74
164
488
137
229
251
336
338
453
532
202
567
185
132
189
522
530
316
170
602
321
437
234
358
172
124
57
467
14
420
8
161
103
35
94
256
570
113
2
299
289
28
212
529
455
1
118
13
194
72
78
603
595
498
249
298
543
169
457
544
521
308
360
582
117
182
446
369
258
550
210
105
65
463
367
386
112
545
204
18
440
594
51
268
129
380
300
569
410
509
191
477
274
149
539
239
184
114
150
501
281
252
517
535
192
241
551
30
491
418
236
571
378
448
25
154
193
340
47
26
282
56
171
371
419
287
143
312
159
519
346
318
497
365
167
314
414
19
67
181
413
240
579
458
276
109
383
471
97
349
92
311
415
208
526
397
293
217
227
456
563
366
375
474
363
600
605
587
387
39
558
179
557
484
230
140
470
423
11
54
275
49
31
248
329
36
580
41
206
591
356
392
68
599
354
145
200
546
581
42
228
90
70
376
290
60
377
553
101
347
468
85
50
520
16
609
138
604
319
166
578
87
100
222
496
213
568
374
3
133
196
286
452
197
523
0
428
134
542
384
447
313
524
608
306
21
146
407
305
592
362
116
487
490
411
158
244
302
108
559
462
231
255
176
59
174
528
15
165
245
373
506
201
597
388
107
479
342
119
262
481
242
277
355
564
315
370
548
183
510
601
466
226
514
221
534
180
89
389
168
224
450
106
541
607
482
379
76
399
82
195
612
585
243
84
562
572
326
303
561
162
24
126
577
292
516
297
142
121
451
348
48
223
125
37
317
433
218
560
278
147
554
237
547
507
175
425
17
198
341
177
596
250
269
391
402
131
205
