490
212
276
384
161
605
321
213
520
478
144
61
441
228
272
357
524
253
151
101
229
542
279
501
568
190
285
464
329
347
72
316
167
308
62
417
546
557
403
79
252
35
608
67
36
359
387
594
505
99
430
431
129
459
2
484
543
468
352
345
365
552
522
550
385
290
443
565
31
227
145
239
296
312
544
16
549
140
3
111
71
324
392
435
327
184
456
138
499
98
217
33
49
149
27
421
38
92
364
68
496
74
591
189
103
60
492
487
214
207
582
555
323
595
551
587
360
118
294
124
588
423
295
14
539
573
259
112
211
535
376
602
191
100
179
493
202
579
302
368
63
325
181
304
330
80
486
289
404
413
127
192
18
537
55
105
44
530
452
91
349
133
412
270
19
563
110
442
182
130
286
222
274
204
87
169
334
600
371
260
395
409
427
21
234
599
25
66
340
497
470
41
241
248
194
457
447
313
367
120
467
200
153
143
553
394
476
137
491
116
318
156
372
581
113
571
495
353
319
314
483
29
383
461
603
275
426
157
477
97
337
236
70
518
437
298
471
418
428
73
415
115
473
356
86
43
47
208
420
11
406
187
570
519
225
158
343
9
438
233
307
283
159
186
320
7
335
434
398
8
203
32
351
78
336
378
199
57
281
1
354
350
386
397
117
589
382
146
54
210
453
148
377
96
460
77
306
251
401
268
503
152
556
509
206
104
300
346
472
94
458
439
109
609
244
134
58
5
20
311
469
135
170
590
301
287
256
532
419
59
607
399
561
264
576
586
106
513
527
303
84
339
163
485
389
548
425
142
506
450
370
269
165
175
433
297
516
536
107
75
562
278
481
479
226
466
606
584
489
540
533
408
510
559
218
373
572
69
277
541
245
242
391
224
83
195
444
564
177
232
37
76
577
22
396
24
223
508
462
220
507
342
238
355
235
147
554
560
243
119
317
168
126
221
500
280
451
402
585
361
205
183
611
237
122
15
596
405
198
