199
416
405
842
187
17
846
332
371
305
537
489
501
769
737
709
303
854
119
390
793
83
597
780
579
770
84
481
254
58
682
860
517
160
496
878
308
283
264
488
519
550
619
419
354
468
373
589
144
414
684
729
616
91
852
177
20
257
804
315
295
6
90
393
344
450
421
376
369
111
587
413
4
374
848
826
482
888
99
307
466
132
35
752
810
420
487
881
538
127
596
821
832
495
11
407
624
165
215
300
515
24
292
448
877
621
392
484
558
858
775
135
880
529
516
700
412
835
105
321
828
273
749
327
87
316
355
175
346
820
258
147
347
618
353
805
451
830
823
411
337
857
873
304
25
782
578
384
279
812
248
864
502
656
744
786
391
504
795
356
370
86
535
886
829
372
277
865
328
889
235
97
781
532
312
884
71
428
302
746
252
131
772
100
807
476
317
797
462
711
422
110
77
560
284
124
45
644
299
712
514
651
381
554
765
48
244
102
699
610
145
408
840
243
220
545
788
652
287
653
249
46
655
180
471
722
628
706
573
660
534
240
736
800
678
378
49
844
757
368
574
209
349
718
259
657
760
130
112
798
672
79
334
559
441
726
562
64
551
219
509
250
543
27
708
148
427
546
777
326
796
553
320
188
310
136
555
80
622
159
55
340
648
221
8
666
322
565
561
224
236
66
677
675
741
281
366
202
617
104
720
442
30
106
791
676
233
521
1
293
443
50
359
194
641
318
714
395
146
688
205
397
431
222
29
120
182
785
230
163
385
151
121
330
217
831
139
251
108
827
109
426
691
446
115
398
687
806
363
179
581
189
239
168
288
33
727
174
170
406
137
600
275
564
142
362
211
162
510
201
185
818
22
12
92
69
418
640
753
843
123
314
379
437
650
758
547
735
604
433
289
609
776
68
212
802
645
10
571
724
176
85
768
778
268
53
118
352
664
429
126
792
72
387
694
78
526
602
152
96
82
267
598
41
265
605
125
216
665
282
707
210
663
430
483
157
192
639
717
789
480
424
271
361
51
681
81
693
164
435
153
885
338
269
876
493
801
731
380
200
21
626
13
178
198
591
150
396
76
874
588
460
335
423
129
862
671
566
167
449
37
585
329
350
161
290
364
54
773
620
697
206
246
214
659
415
492
285
238
638
695
61
15
404
761
734
567
623
685
440
725
193
715
745
822
5
541
401
658
702
536
296
674
458
208
107
166
464
608
154
499
716
44
465
43
28
540
751
274
197
613
342
524
668
513
336
101
870
324
2
855
630
207
478
343
399
728
594
461
698
143
583
156
713
646
872
242
23
837
569
740
825
533
263
696
491
586
270
38
434
754
730
128
454
647
766
39
245
601
607
195
231
867
528
0
98
784
225
669
603
