470
810
805
486
621
241
856
328
295
769
619
746
9
372
97
838
264
871
300
739
57
158
506
485
355
846
495
451
535
58
266
744
414
371
453
476
474
484
235
749
829
89
612
165
272
71
391
11
852
489
252
248
99
307
394
854
845
234
140
421
63
60
711
516
354
878
370
105
403
87
31
384
830
86
187
700
110
91
780
348
416
428
496
131
558
273
517
333
283
215
479
763
888
820
756
4
880
327
821
828
317
507
17
824
255
627
356
258
684
842
752
808
190
575
457
494
413
111
811
807
624
618
254
520
438
412
392
550
873
826
884
422
523
450
175
860
737
306
833
303
625
656
587
127
67
347
376
795
135
772
332
488
615
832
814
864
770
782
277
35
538
848
346
858
863
18
590
877
579
257
373
709
20
529
482
504
738
304
589
390
857
375
481
889
781
279
578
466
490
447
369
597
119
407
664
745
571
59
336
230
88
713
613
27
663
115
455
591
245
580
559
171
585
731
47
320
213
607
42
757
65
192
634
179
866
227
602
791
284
108
261
341
122
423
164
427
78
398
36
503
740
822
313
141
654
178
236
326
66
659
640
426
125
583
49
465
5
441
677
352
408
665
492
605
545
565
379
196
827
73
1
722
201
714
387
688
358
74
818
270
849
124
22
531
128
633
513
162
630
433
698
402
774
736
566
359
324
669
37
704
123
446
361
493
109
604
629
792
695
760
526
721
101
240
491
505
553
778
801
733
382
118
129
799
768
50
555
121
614
133
885
707
687
226
543
243
81
875
719
38
364
34
443
728
754
64
247
581
497
218
869
274
238
718
262
386
751
750
599
691
800
242
209
569
478
890
592
652
185
723
454
363
660
657
293
472
197
563
601
52
705
525
802
527
480
159
15
56
189
836
548
436
330
365
483
524
840
789
32
855
562
467
683
145
870
628
246
351
8
417
681
207
577
319
861
431
43
380
637
743
280
107
94
674
2
329
281
112
46
170
712
33
149
296
742
383
221
44
819
289
661
667
113
219
429
715
202
542
645
725
161
837
95
120
765
642
325
655
156
464
102
425
314
644
437
785
444
253
557
198
653
638
231
368
626
415
647
182
357
30
510
593
297
651
157
229
586
130
762
349
598
340
148
204
169
82
701
269
80
435
181
552
716
549
29
540
741
288
137
222
360
783
594
291
867
51
406
318
694
267
173
844
104
717
21
806
79
603
232
787
114
166
790
541
404
761
106
237
703
72
798
623
14
214
54
343
367
154
220
442
843
256
53
445
285
275
163
702
546
680
70
676
650
469
689
724
796
872
473
699
568
658
755
195
395
350
528
753
69
732
399
309
668
194
62
217
831
117
287
424
61
55
224
430
588
200
672
184
211
514
