828
775
63
332
709
355
432
466
772
18
321
486
405
6
582
457
782
816
191
595
857
283
518
856
470
786
804
302
488
373
390
770
175
793
87
99
656
187
97
199
841
438
315
877
266
369
482
420
865
496
393
384
814
257
829
345
744
795
823
84
737
403
878
517
119
412
578
100
111
729
451
621
507
845
228
312
419
422
132
889
374
475
616
392
301
241
421
805
847
481
820
346
327
252
4
587
618
769
811
501
596
511
516
407
476
835
456
880
372
9
487
590
682
846
739
781
612
286
871
852
506
347
317
452
264
304
813
834
279
339
135
86
354
556
439
468
448
127
31
807
519
348
414
859
35
615
860
177
105
83
854
538
60
839
558
756
17
110
810
25
295
344
884
77
780
376
575
20
333
537
140
474
303
535
864
868
850
144
165
147
337
838
824
272
305
215
523
747
453
746
388
489
67
447
493
593
197
732
544
27
338
527
383
329
193
172
765
211
239
552
652
115
731
334
65
15
114
95
377
36
126
546
336
155
269
299
192
408
69
557
150
194
872
141
94
201
96
721
827
607
109
74
604
887
539
399
548
259
182
216
318
547
454
870
162
658
697
268
205
418
799
497
130
145
409
792
207
208
137
343
559
164
275
366
12
806
410
402
666
224
62
195
104
543
171
426
784
125
685
380
573
463
760
260
569
382
59
217
608
213
314
427
80
152
75
844
365
472
82
601
81
288
121
553
630
713
551
320
5
533
815
206
843
600
180
465
642
361
148
679
704
687
232
644
151
153
664
498
530
675
499
212
2
385
202
692
743
7
50
116
524
246
790
417
167
748
122
367
21
885
406
446
51
19
469
628
620
510
285
222
436
561
562
92
38
670
851
49
837
585
364
730
545
0
609
378
136
204
471
103
237
425
46
14
225
822
108
605
480
649
631
740
423
290
55
708
796
166
178
249
636
750
478
112
751
681
37
728
276
702
777
650
64
351
645
324
293
381
549
78
401
161
342
331
138
617
699
568
554
233
149
683
890
565
778
825
726
139
672
400
106
869
703
143
54
722
788
555
576
203
325
862
563
231
47
541
632
522
98
93
291
866
800
680
415
473
659
341
42
753
686
53
766
613
634
379
525
719
298
146
677
294
209
676
867
253
440
287
173
44
614
223
584
567
514
521
718
442
289
43
240
282
483
128
492
745
362
323
443
879
242
698
768
580
531
736
79
10
783
113
669
715
185
876
154
570
30
588
296
28
849
313
123
88
695
491
591
250
571
599
387
653
694
229
40
647
8
581
464
397
505
513
230
791
723
267
124
33
221
564
26
741
274
214
583
602
243
22
663
566
435
831
477
434
657
762
789
712
875
330
853
646
714
689
817
350
720
68
754
757
