813
339
838
315
295
888
868
479
523
828
354
881
484
769
518
144
264
814
835
428
501
420
618
619
621
737
9
304
279
89
328
506
300
582
871
255
517
393
515
283
812
466
846
487
488
841
373
829
333
847
321
11
91
308
457
786
392
272
384
356
228
355
711
865
795
414
820
495
347
140
160
775
57
709
744
500
390
752
746
190
394
804
520
507
370
864
67
24
803
538
475
889
337
25
105
100
235
826
257
447
850
550
749
739
782
886
821
312
421
119
6
456
842
60
772
31
83
371
252
852
348
132
353
873
490
432
63
344
809
187
535
127
307
597
448
273
316
612
587
165
481
388
856
854
413
234
254
682
327
412
859
863
575
857
532
332
374
627
215
558
18
77
684
403
624
375
502
450
700
277
99
556
516
810
816
858
811
405
511
848
452
110
311
462
494
439
158
747
590
248
177
793
199
823
352
758
359
693
659
733
444
238
78
81
133
261
673
591
689
146
723
265
663
645
818
202
189
869
218
650
251
275
743
664
418
622
649
827
491
361
736
178
678
103
149
719
253
331
690
134
635
336
207
69
19
555
28
695
754
37
148
59
670
819
271
1
440
124
669
755
74
683
851
282
335
79
464
114
767
704
181
602
674
185
836
313
648
230
477
45
724
164
126
774
298
167
378
714
760
766
697
493
584
467
225
435
610
730
521
879
342
454
196
712
677
573
533
293
237
349
8
194
213
64
705
322
861
799
465
62
170
379
102
455
605
232
267
208
542
443
130
472
294
169
887
425
561
109
498
791
549
629
716
547
270
790
806
776
735
206
653
50
426
540
741
574
221
546
22
226
636
56
16
748
27
195
801
825
401
329
395
182
70
441
499
377
571
855
32
172
513
565
745
217
449
572
399
849
798
188
65
128
675
651
784
644
112
534
586
162
263
875
88
107
13
44
696
290
657
661
210
152
702
142
686
82
831
364
309
471
815
524
29
427
12
604
761
458
585
613
792
643
667
66
239
844
603
36
727
759
46
314
242
751
671
525
288
424
386
34
406
785
200
699
7
116
543
323
867
385
594
527
285
324
634
641
246
245
569
872
174
557
343
885
363
95
380
608
154
408
783
366
531
707
387
2
299
609
545
40
259
639
623
85
654
94
777
840
593
620
381
576
274
227
429
48
262
320
197
284
890
652
679
802
469
431
398
402
876
287
614
655
698
247
319
526
233
72
553
129
186
55
136
668
717
161
687
80
310
694
3
75
291
666
137
478
289
552
5
68
26
436
204
630
120
338
340
536
580
104
143
41
874
243
156
638
155
762
870
789
38
437
688
742
260
718
862
61
53
658
446
588
396
357
528
817
269
563
522
236
33
503
382
800
203
219
106
676
404
685
