24
500
304
596
618
711
833
775
11
428
60
165
474
865
821
842
327
739
241
111
506
135
656
809
344
829
110
558
560
392
847
57
388
504
881
468
279
582
391
307
627
35
684
448
772
517
355
422
283
90
519
421
375
587
407
494
337
871
479
793
488
450
763
248
17
466
321
780
462
612
880
91
856
347
86
105
301
854
394
277
63
370
83
816
412
97
864
579
556
621
295
490
356
183
20
803
58
346
532
550
18
438
9
311
286
538
485
511
501
489
873
863
859
595
845
339
795
372
373
807
393
439
487
31
144
886
187
589
496
746
884
824
199
175
769
255
414
486
814
841
516
520
797
6
457
390
848
749
376
25
835
857
529
87
852
860
700
411
782
878
518
308
808
190
384
770
828
858
316
451
834
804
877
575
140
345
597
272
4
100
369
535
625
481
830
826
781
495
470
77
258
507
752
729
637
861
697
626
464
141
604
29
632
22
874
696
546
543
129
271
714
691
576
276
668
310
48
443
56
533
406
399
134
568
539
186
423
559
779
531
683
201
10
459
736
584
364
267
381
690
81
230
85
189
603
435
44
342
480
789
617
800
0
42
585
137
163
349
93
594
798
441
188
194
95
213
715
758
819
545
103
246
713
641
774
694
788
275
866
663
102
477
209
498
222
887
115
309
508
15
138
757
92
732
130
669
380
620
112
471
806
741
219
253
409
338
449
434
383
207
320
148
588
404
776
555
742
648
836
455
73
827
170
524
601
181
840
247
571
724
751
238
236
743
79
442
614
59
680
54
433
719
509
875
55
611
154
358
80
27
717
396
269
118
658
661
32
629
699
341
563
666
796
764
755
145
657
240
608
116
360
299
727
121
109
783
166
851
41
14
721
233
117
382
206
593
395
106
649
1
225
557
654
357
591
5
598
256
155
644
674
265
790
224
297
503
96
278
262
569
114
159
227
28
367
548
19
45
844
287
787
777
630
444
547
660
259
171
122
613
168
645
212
150
120
74
417
296
288
430
491
313
50
314
113
465
606
599
98
2
426
469
688
16
410
270
510
146
592
643
232
398
174
202
47
53
402
662
526
250
400
705
37
704
440
566
458
673
72
197
689
553
51
586
334
445
124
229
226
762
75
551
23
454
169
695
243
730
552
622
570
817
867
492
40
162
463
885
513
581
263
43
655
710
205
853
642
773
735
483
3
766
172
794
424
667
461
692
472
659
883
152
62
408
634
268
541
401
82
294
745
161
647
728
759
289
675
221
66
361
142
734
791
650
534
164
544
231
210
322
623
156
837
467
185
8
635
716
325
178
204
825
184
577
78
677
761
214
542
429
693
639
425
173
446
182
108
505
720
49
340
602
69
249
180
678
890
397
46
731
