17
782
684
144
371
804
241
266
495
71
488
807
816
747
860
346
302
252
780
781
618
438
457
597
532
450
405
519
235
258
475
452
20
348
31
160
183
823
830
852
354
835
86
373
394
621
595
859
538
411
656
496
857
520
880
746
300
264
820
403
307
770
468
550
99
190
254
344
744
272
793
589
737
615
507
451
67
878
763
87
422
390
490
77
752
738
839
848
187
482
489
374
535
332
316
317
416
579
305
775
9
90
175
311
60
515
327
456
432
470
810
485
494
833
729
881
479
84
558
739
89
484
369
829
375
877
596
248
832
582
58
466
439
749
63
393
847
612
339
135
462
370
476
177
803
384
523
356
333
24
529
868
511
845
140
308
856
4
517
132
625
841
292
303
35
504
884
769
888
882
165
486
345
147
347
11
419
863
110
590
420
506
560
57
826
215
616
279
619
286
315
337
304
328
883
638
193
510
329
567
170
285
563
195
425
236
49
736
473
622
318
867
514
125
219
250
574
610
583
194
445
116
162
167
629
564
70
281
23
761
214
778
139
584
222
150
423
55
548
702
233
256
633
887
168
103
47
437
542
750
85
410
383
0
243
760
96
455
1
399
669
688
714
149
540
608
231
159
628
197
727
753
719
336
37
559
293
196
351
606
441
614
108
7
368
725
609
662
836
654
755
706
586
128
735
649
716
282
646
644
237
665
314
122
173
613
549
8
791
459
690
465
460
172
259
64
106
472
41
32
617
324
275
680
378
641
577
675
643
253
658
461
202
98
534
890
710
758
178
402
53
604
360
224
715
732
80
104
565
444
651
509
341
825
683
599
350
240
335
630
309
862
687
26
794
95
636
28
666
141
36
363
594
107
367
588
3
434
124
570
698
855
161
800
251
642
591
526
249
415
5
503
697
79
216
164
171
581
430
33
130
13
206
101
707
269
733
734
458
262
409
743
806
278
731
720
603
261
870
765
442
792
382
696
819
681
179
776
205
767
180
271
380
745
185
653
527
313
566
226
39
853
78
182
464
263
561
759
817
247
754
635
137
200
536
802
238
728
650
600
386
546
648
209
68
151
223
188
260
844
93
220
798
524
521
229
634
601
623
703
19
16
668
326
192
379
637
766
157
288
211
59
404
557
784
718
508
48
27
322
667
531
50
569
670
831
72
385
114
174
270
296
471
822
232
660
218
722
245
267
513
443
343
54
741
851
554
874
239
377
497
436
121
740
849
113
672
562
184
325
88
129
777
545
699
152
155
693
788
492
143
866
74
148
92
552
38
748
446
319
43
340
663
291
400
280
46
176
712
885
395
477
208
480
290
787
598
449
533
879
21
585
297
166
381
779
620
424
44
602
840
785
632
417
204
427
505
639
330
694
