307
234
484
403
821
627
826
489
255
67
511
147
241
519
854
144
450
448
308
700
780
889
295
886
158
119
863
77
248
339
482
772
709
264
369
422
625
485
305
315
805
127
556
873
476
348
590
859
372
462
183
419
272
333
373
301
468
439
374
312
781
882
813
523
797
388
595
682
624
25
187
20
100
11
487
317
86
337
538
71
747
793
475
824
490
140
90
880
829
839
752
31
775
878
587
860
618
502
370
744
346
496
846
456
345
111
414
838
616
99
9
87
60
850
328
504
486
481
105
375
252
191
769
416
376
808
619
518
884
97
354
512
311
57
737
520
286
529
316
292
852
303
175
845
739
24
438
847
864
84
488
413
507
452
810
321
535
392
177
515
756
597
589
135
390
131
4
451
809
550
877
300
804
110
560
35
871
83
738
199
615
283
165
835
457
306
347
327
578
848
353
501
407
332
330
628
367
340
696
526
287
56
267
335
789
203
734
753
243
196
613
399
706
166
568
298
218
138
644
51
539
359
171
547
879
611
296
155
85
818
762
7
227
2
350
170
236
107
72
836
491
395
761
757
34
869
469
325
549
638
513
55
41
675
680
703
133
78
530
174
580
665
492
26
98
207
260
50
387
525
93
862
658
161
645
851
668
465
681
106
788
43
461
261
213
750
270
61
40
146
640
779
599
605
68
815
514
794
454
278
249
542
156
23
377
429
652
566
806
831
630
689
593
876
423
480
634
724
435
309
202
676
707
606
189
785
784
647
176
887
890
702
787
732
130
663
695
776
670
436
336
424
220
383
379
459
0
247
716
208
563
148
602
678
581
274
406
434
855
510
604
36
718
758
5
52
522
143
853
567
3
162
710
201
735
528
122
548
661
334
141
294
48
118
433
774
690
275
173
861
338
265
404
134
70
692
483
186
817
251
464
546
666
245
172
21
30
73
109
760
765
380
509
648
12
80
418
194
396
121
324
342
397
849
825
8
136
351
443
232
38
827
867
741
139
123
14
240
641
614
15
704
246
163
226
777
363
751
95
632
224
766
545
822
783
725
508
29
239
730
649
54
677
565
553
181
59
357
659
554
679
427
521
289
778
28
467
767
643
126
96
361
360
358
229
712
564
609
463
531
555
188
280
151
683
250
583
801
551
460
253
237
32
472
843
444
536
365
622
699
214
382
477
193
408
636
646
449
120
386
82
722
653
543
53
223
145
343
178
65
314
368
47
381
759
719
800
505
210
318
673
693
66
231
798
592
75
291
499
768
49
840
164
352
866
62
269
586
585
697
608
179
101
341
154
76
362
19
723
603
409
796
872
705
620
225
570
108
591
601
440
182
691
81
701
754
238
115
195
713
310
572
541
651
600
431
184
102
216
282
