413
858
266
439
804
99
258
560
575
627
411
518
355
616
880
856
797
421
135
140
177
97
808
332
393
369
254
589
816
91
191
504
468
84
619
747
35
277
744
550
502
582
597
264
615
810
842
432
486
390
374
752
87
847
845
481
846
805
215
763
857
506
809
834
596
479
308
86
147
864
793
312
456
587
888
579
4
345
881
746
20
252
756
519
144
317
100
516
829
273
6
795
625
821
859
295
257
328
824
438
190
873
769
682
494
488
595
877
18
422
305
868
375
371
392
279
9
517
512
832
403
412
556
300
848
292
306
235
447
612
127
24
31
372
344
158
807
833
786
852
884
520
388
302
452
782
529
621
878
501
482
738
394
405
199
376
838
850
590
489
356
348
286
283
803
89
511
419
370
496
618
474
811
111
729
339
165
315
500
709
532
389
487
241
537
77
700
234
63
737
316
321
871
110
329
640
360
764
623
364
743
546
417
641
232
557
526
554
182
883
572
418
223
246
335
141
51
461
617
268
679
593
774
787
400
124
230
580
777
173
459
675
651
513
253
1
581
181
319
718
32
806
531
632
249
38
278
68
325
699
732
162
837
875
585
93
54
661
19
240
178
103
548
869
862
23
725
564
789
284
790
441
363
594
55
568
534
80
425
406
783
796
426
102
415
82
613
251
437
644
586
324
242
161
226
247
730
724
693
567
125
198
528
56
849
688
843
69
291
607
218
8
427
202
563
697
244
861
562
227
289
193
588
309
637
116
45
166
13
825
609
573
367
265
592
368
42
361
463
614
106
464
733
890
767
799
524
643
224
245
543
631
750
853
855
715
221
318
43
47
101
449
658
755
404
458
285
27
753
541
685
189
671
122
185
250
771
343
676
294
396
126
660
74
164
649
602
212
840
689
870
275
269
290
188
331
784
378
155
508
646
201
695
28
52
758
314
467
565
736
435
499
50
351
217
544
341
551
469
867
136
800
109
16
263
115
530
386
851
491
53
206
717
819
231
629
379
547
338
46
666
776
762
536
48
652
600
139
222
41
727
134
107
174
118
401
322
792
146
610
605
225
382
423
210
473
429
492
350
601
549
10
634
445
698
236
7
138
766
73
598
44
168
169
78
702
377
237
874
92
207
362
434
214
801
29
288
633
635
431
208
61
604
151
387
665
668
261
716
219
555
630
478
794
655
674
540
154
442
34
706
657
85
239
104
740
385
380
648
443
704
262
691
94
66
130
742
172
465
167
129
381
293
721
433
713
628
200
731
583
611
571
149
815
30
220
510
62
98
663
503
822
142
708
472
650
70
123
734
298
533
359
653
720
728
330
505
785
707
584
40
745
735
751
577
259
0
552
872
778
357
176
497
398
310
320
148
553
170
748
