25
468
77
575
266
370
481
839
272
737
838
353
264
451
58
589
140
772
556
515
813
144
537
6
60
20
90
812
816
829
582
277
355
412
596
495
279
67
308
215
550
470
413
746
850
814
432
456
507
86
489
860
847
372
91
532
752
763
384
71
624
590
738
795
328
830
501
304
793
834
248
160
504
500
558
711
474
348
775
283
832
506
466
621
797
57
411
864
618
392
749
119
820
428
538
780
394
132
518
344
305
345
877
332
255
700
484
165
810
9
482
405
131
99
781
111
490
339
135
187
302
447
452
476
100
228
842
857
316
24
873
175
257
63
889
438
865
475
826
258
523
841
300
315
317
729
337
529
835
684
808
485
578
682
486
4
374
439
147
809
535
782
83
804
858
881
448
292
884
347
811
407
390
868
388
254
709
821
416
158
177
18
833
888
859
450
312
234
511
311
886
517
744
110
591
101
548
69
214
890
310
565
870
133
544
861
726
599
819
601
817
768
68
762
426
441
876
78
202
193
299
736
776
385
741
693
121
268
49
638
680
527
620
743
800
798
586
759
773
703
142
712
218
654
659
722
201
360
212
831
577
617
574
566
604
95
45
326
687
23
610
483
261
56
671
491
246
567
637
79
734
207
149
211
298
706
263
174
103
796
585
120
27
361
425
15
362
334
107
270
717
631
80
377
573
418
708
702
294
663
629
366
409
430
363
697
869
440
667
478
206
379
88
256
641
153
542
163
853
851
720
699
251
679
728
156
13
467
883
313
28
324
505
521
755
607
43
378
5
571
754
168
643
695
219
159
417
399
503
37
171
757
767
176
801
236
82
677
166
41
225
725
104
721
634
431
660
685
217
593
733
642
818
109
471
323
383
125
210
825
614
875
705
692
765
588
498
395
613
723
126
381
785
791
265
437
281
719
874
75
205
424
547
602
790
444
540
224
196
792
102
435
70
116
664
827
543
143
715
429
64
568
52
836
691
594
458
750
732
525
683
561
493
343
562
33
688
779
136
777
233
572
397
352
114
499
536
173
623
106
330
778
287
66
40
788
553
34
128
21
710
681
569
213
145
262
766
724
365
799
359
245
278
771
497
745
742
564
522
672
647
181
465
32
455
669
198
296
164
423
155
464
461
98
141
879
454
635
85
46
557
694
280
696
38
469
340
415
96
740
887
118
229
584
51
253
492
92
134
139
689
872
674
633
628
275
657
267
526
188
758
509
400
208
707
130
76
541
539
701
670
530
404
748
583
760
200
14
10
231
203
434
626
227
108
284
632
402
727
648
314
239
822
368
146
546
48
61
358
223
113
50
460
94
678
129
784
433
62
581
185
65
182
651
855
436
309
178
124
480
238
269
42
250
730
549
396
271
716
3
