595
165
769
416
814
105
857
438
780
67
344
517
419
484
813
812
864
228
99
756
810
625
391
826
474
485
140
852
529
58
772
828
621
327
254
729
821
871
856
127
428
266
884
347
506
709
496
389
481
86
804
520
308
466
451
579
177
354
190
793
865
301
823
307
889
356
411
286
9
795
495
684
781
775
390
842
405
858
816
215
339
487
305
786
797
597
370
303
111
328
656
860
316
854
501
252
839
859
808
832
160
618
83
782
882
881
393
11
519
558
846
462
537
845
355
248
234
532
258
60
523
560
144
504
376
348
749
414
306
807
518
873
878
550
578
624
332
97
20
304
372
119
516
682
371
6
738
302
512
456
820
35
345
91
183
420
283
407
763
803
841
158
89
627
835
31
84
277
511
135
468
373
57
421
824
809
488
711
175
507
147
132
412
596
616
71
847
752
422
838
292
17
87
470
710
449
156
350
750
776
789
875
840
472
876
329
186
586
606
792
154
758
637
715
28
338
553
716
268
169
631
278
573
657
580
1
29
13
536
284
718
166
7
53
665
386
650
547
320
379
113
121
106
764
238
196
660
73
126
178
47
644
527
179
211
648
623
843
676
588
245
172
463
570
226
256
719
207
336
205
223
604
146
130
221
784
613
608
879
409
217
539
39
459
703
385
349
227
771
544
837
680
748
790
498
76
180
265
545
323
652
509
890
503
663
671
681
176
643
204
614
351
42
549
194
170
402
714
594
271
82
723
200
668
148
94
773
599
230
324
707
23
491
377
164
174
319
526
44
107
568
358
542
103
670
137
869
274
658
601
629
636
49
52
299
683
92
591
64
513
288
32
562
66
387
742
866
702
118
574
725
572
81
672
335
216
645
642
561
685
508
692
240
10
622
341
14
400
783
675
743
669
761
541
21
69
109
54
401
640
442
851
708
291
269
774
505
293
492
779
525
767
232
799
51
571
193
381
497
159
80
431
522
801
632
367
635
565
79
281
404
686
203
134
567
712
440
483
480
210
224
611
493
559
249
95
609
528
446
157
206
296
352
887
408
785
620
380
458
679
30
38
12
192
365
666
603
437
138
343
161
721
717
581
46
270
397
120
85
602
796
566
861
691
123
48
662
229
733
664
41
198
434
72
693
247
471
429
745
732
263
285
443
253
540
260
533
202
171
219
815
726
677
751
531
242
653
115
885
673
760
806
698
577
592
313
45
406
363
150
209
309
185
222
61
819
93
225
441
687
231
334
2
478
757
563
477
735
136
275
818
460
546
213
259
340
182
762
59
16
510
96
331
696
593
667
697
469
289
534
212
706
251
395
788
646
50
314
633
26
530
424
181
167
74
129
399
825
34
3
600
220
430
425
128
239
551
36
626
548
