68
198
223
460
247
40
176
374
424
88
328
206
47
261
354
87
195
15
242
248
217
114
59
220
159
344
156
91
25
51
309
107
433
117
314
73
174
20
280
126
315
6
85
207
284
108
373
343
179
97
290
78
288
213
451
359
411
345
166
269
360
23
137
138
11
69
233
115
76
406
122
417
397
130
404
437
202
320
41
312
194
408
340
133
132
274
38
255
189
48
362
154
50
396
199
341
327
17
333
459
441
98
181
407
246
214
399
191
101
239
435
350
155
19
412
321
418
3
66
267
331
30
95
86
109
329
208
436
387
240
409
377
131
457
349
439
124
388
260
455
167
237
384
382
168
389
113
165
7
336
34
228
110
143
92
313
371
300
147
94
291
10
60
8
35
5
381
363
184
53
18
204
442
271
182
205
190
448
376
243
419
216
93
226
357
298
234
65
112
209
285
111
197
302
236
192
193
338
188
415
144
306
263
282
105
45
370
351
36
70
62
440
134
256
273
452
32
222
116
444
96
221
245
13
178
173
44
324
37
332
83
12
422
100
84
241
421
90
54
414
405
9
219
164
268
416
104
21
311
153
279
427
326
170
316
251
103
141
425
58
322
380
356
353
232
262
120
330
366
186
89
225
29
402
22
187
0
56
33
458
121
250
163
46
323
286
379
303
449
244
24
249
27
347
136
102
264
150
296
342
129
39
337
171
443
429
119
292
365
426
4
49
230
395
420
162
346
28
385
367
99
372
