127
411
295
31
168
198
190
140
361
192
333
17
452
72
222
272
77
40
412
374
48
355
240
384
263
382
344
246
52
18
90
134
362
172
228
164
82
307
143
132
35
280
103
448
126
319
322
91
70
160
409
302
100
407
234
431
233
327
101
290
438
414
68
394
389
12
158
436
273
155
265
30
258
433
159
350
357
194
75
65
50
308
236
455
97
142
7
92
16
62
61
248
325
96
38
229
311
204
291
182
32
243
83
253
312
259
81
276
219
369
86
207
130
241
440
117
84
178
94
235
370
445
180
419
74
336
318
422
54
6
153
170
435
279
137
147
252
8
381
403
437
391
196
239
209
5
193
154
95
80
20
442
58
293
294
176
430
450
457
345
269
299
60
328
179
231
268
281
25
135
73
341
320
287
421
297
37
202
188
425
363
113
408
271
166
108
275
44
88
413
339
174
444
427
139
376
14
106
245
404
386
205
217
278
115
254
260
53
79
242
343
15
301
221
19
13
300
256
109
66
104
156
200
107
332
282
399
387
51
105
223
305
144
181
197
373
329
331
321
316
247
212
157
375
324
87
348
383
353
356
98
424
285
114
304
351
167
76
340
439
124
21
359
423
443
286
24
454
447
401
346
347
29
296
249
368
264
426
337
393
99
136
211
49
201
449
185
225
420
27
0
186
175
458
385
171
317
352
152
125
379
372
89
57
203
129
303
365
230
118
4
283
150
22
456
400
366
250
232
238
323
102
