70
436
231
59
139
142
294
1
413
6
72
287
422
285
259
272
88
10
173
157
172
188
257
32
363
158
48
151
197
377
267
369
269
392
370
278
19
412
68
137
224
344
82
131
192
245
441
362
355
202
418
452
440
460
198
295
261
103
65
96
13
75
309
38
431
134
351
360
204
241
108
209
258
387
228
213
348
169
415
114
260
319
340
115
177
373
95
90
111
304
442
219
223
53
380
165
302
207
85
279
116
41
5
282
15
284
240
193
325
217
26
80
182
316
320
356
394
42
109
311
138
338
353
301
333
270
425
408
256
124
67
206
107
44
315
60
298
113
314
404
190
243
112
424
141
87
14
321
234
78
34
166
94
174
161
299
374
327
455
30
263
371
106
97
54
349
149
288
276
343
178
252
437
444
101
100
239
144
318
2
411
130
7
184
386
160
414
181
205
409
384
73
81
334
445
93
51
221
275
359
428
31
405
381
248
293
35
310
297
195
229
335
439
357
350
339
251
313
388
291
133
83
308
416
214
397
145
153
265
242
459
52
84
218
345
427
86
126
417
222
341
220
45
156
376
12
438
69
307
332
399
361
159
176
403
273
37
164
76
254
16
391
227
233
136
150
0
201
410
429
55
146
128
264
99
458
262
432
22
337
385
238
175
249
211
57
283
250
171
401
118
39
121
347
447
33
368
148
102
125
443
289
185
303
244
446
123
400
49
24
292
187
203
29
352
372
43
449
367
56
286
323
