155
143
328
424
416
340
62
87
457
442
65
82
227
422
93
68
353
166
248
310
373
204
196
188
25
411
448
92
107
76
135
64
236
320
329
407
377
70
460
281
78
258
349
431
302
408
331
369
260
341
314
300
173
371
200
387
159
109
58
63
293
108
54
291
397
72
450
198
209
189
399
380
126
176
417
332
345
20
31
42
177
295
117
8
12
277
145
224
134
339
306
174
376
459
363
34
360
358
362
263
101
111
60
278
61
335
122
98
241
391
272
419
17
355
74
438
316
356
405
51
207
455
290
261
32
223
67
103
77
66
13
19
83
192
445
115
84
133
6
312
127
212
194
423
389
228
441
168
112
435
350
48
149
156
139
245
269
3
114
165
30
5
343
36
218
167
325
178
427
305
195
229
415
181
309
104
193
216
308
144
96
91
52
396
412
202
439
160
23
381
274
344
287
433
297
275
430
44
327
413
85
106
116
142
321
390
242
304
208
273
131
357
11
161
452
94
307
191
69
21
428
220
190
2
266
375
239
270
280
164
1
124
213
394
338
243
414
179
319
298
406
251
247
75
184
14
246
153
170
451
237
404
73
154
240
383
382
79
86
392
370
333
210
47
22
136
232
378
27
264
250
148
201
186
262
456
125
453
429
171
33
410
121
175
150
367
346
303
46
118
393
102
123
342
347
420
400
283
43
89
203
146
443
225
454
230
244
71
55
211
187
432
447
365
446
292
99
57
129
29
4
162
