389
350
351
105
431
23
245
198
430
45
126
86
218
288
172
266
215
18
448
190
170
80
308
78
282
411
113
301
193
413
67
252
235
440
438
195
408
5
122
436
15
428
189
312
236
153
137
174
381
371
166
178
97
324
68
353
242
309
167
421
140
344
441
214
259
274
442
69
134
260
455
197
13
268
424
277
425
37
173
380
298
382
77
444
370
54
224
246
405
452
254
164
114
194
100
8
460
74
208
192
418
334
81
200
141
135
157
278
154
315
348
311
216
276
42
256
124
36
234
396
147
307
210
213
50
87
316
48
127
304
103
290
144
95
284
319
248
321
332
30
341
369
63
412
253
414
322
183
1
160
98
206
360
184
272
451
258
270
65
226
176
299
359
392
17
223
313
11
388
85
209
338
84
397
205
407
132
116
21
257
117
294
450
94
374
66
358
427
267
44
243
6
265
222
273
233
180
217
96
191
92
263
335
93
375
26
112
32
373
409
416
142
327
384
155
104
106
399
145
188
61
156
269
158
328
90
101
159
130
73
83
16
231
2
107
318
445
422
423
406
169
111
182
149
326
457
62
115
361
281
212
247
168
20
109
75
70
383
314
151
239
271
306
199
120
99
201
203
55
102
129
454
148
458
232
33
447
303
118
57
262
123
162
366
342
453
393
186
379
49
46
401
29
364
292
446
323
211
175
372
27
24
125
378
71
163
395
346
4
250
368
225
400
238
434
289
296
337
146
22
121
264
