252
145
77
327
124
430
112
184
222
387
414
409
299
41
72
15
63
237
132
419
117
298
38
340
68
130
281
168
302
223
219
36
336
144
204
275
12
154
6
320
207
195
205
304
189
341
176
75
404
405
217
448
294
19
109
233
407
355
311
362
165
418
338
170
316
332
242
427
140
191
354
35
21
438
221
69
224
273
173
356
81
313
397
345
442
101
65
98
391
231
82
172
216
353
91
274
422
137
360
85
213
169
265
445
59
309
370
208
143
282
437
202
376
260
182
457
369
179
383
95
291
371
1
300
220
328
197
234
147
67
459
277
10
8
25
258
83
209
271
103
174
455
284
351
177
251
74
226
344
254
406
315
417
334
350
421
450
256
44
266
390
335
359
381
295
50
105
13
321
236
301
433
329
80
193
113
276
306
62
64
14
357
18
257
261
32
424
135
375
411
206
215
227
319
108
61
310
131
141
272
297
199
460
107
259
116
20
268
235
127
247
160
441
37
380
23
16
305
3
45
382
180
198
60
106
373
30
115
318
349
408
7
212
122
312
96
88
241
167
288
246
87
114
66
26
399
194
210
280
326
386
158
134
48
270
324
218
190
293
431
435
333
93
358
201
286
29
323
292
449
118
432
395
330
352
185
99
152
128
458
33
0
289
367
121
56
456
337
125
55
123
46
264
150
203
186
249
283
393
211
71
365
443
146
447
400
28
446
402
378
347
420
238
429
22
317
454
230
163
162
136
232
