90
343
320
431
16
415
174
386
396
85
332
433
149
65
256
259
126
91
183
406
209
138
439
448
180
298
302
190
334
333
179
50
34
110
412
377
329
75
252
290
325
314
100
3
134
248
169
20
437
284
295
35
82
135
414
218
312
322
234
266
167
305
261
58
154
60
407
145
220
418
208
193
166
226
61
204
424
417
74
37
219
59
113
375
77
92
315
227
235
311
457
143
382
114
224
358
242
339
184
155
359
80
18
140
214
12
44
15
36
403
460
194
94
79
301
363
408
176
197
452
168
217
10
21
273
88
165
309
357
239
7
438
425
254
336
159
351
195
111
31
206
200
66
419
181
435
132
267
216
70
116
288
67
327
282
413
62
370
384
258
177
172
156
350
416
83
76
115
436
348
221
263
124
331
277
105
451
228
93
335
253
294
117
182
69
144
269
241
371
141
383
353
137
191
272
210
276
299
160
222
38
316
142
445
411
285
268
205
153
381
19
247
42
151
23
246
293
173
355
122
196
271
361
380
373
127
98
257
423
188
11
158
326
441
5
354
233
198
278
287
104
107
376
308
30
215
427
321
391
106
103
459
236
97
68
392
161
108
131
212
319
421
341
164
29
429
0
123
244
296
346
230
129
186
185
43
203
24
148
449
71
367
401
443
379
99
46
303
337
232
289
352
171
385
410
39
262
119
426
238
57
150
201
136
28
447
323
120
283
55
162
225
152
118
250
49
286
249
330
372
368
128
