169
7
369
98
75
350
418
87
198
360
246
375
74
106
345
65
164
132
228
285
153
130
294
34
135
293
358
377
47
191
38
205
386
66
339
322
77
442
444
142
188
299
181
112
193
371
21
231
131
235
233
147
306
308
298
194
396
438
82
348
212
397
88
424
91
363
383
63
242
384
192
324
398
407
313
2
271
16
234
388
180
390
421
218
415
321
356
331
213
291
243
448
265
206
373
355
13
341
103
282
139
277
62
328
325
189
25
145
215
357
263
252
288
174
404
54
316
412
52
300
376
177
441
173
227
312
257
117
178
351
60
440
457
269
151
32
406
144
96
315
237
170
158
67
435
223
107
266
124
40
64
35
85
160
311
414
184
241
413
333
305
202
258
97
111
261
44
319
104
301
220
141
156
275
245
68
425
362
344
70
159
1
279
30
221
110
179
329
336
79
334
280
247
157
3
314
349
48
214
42
273
105
83
236
253
459
113
101
274
76
335
399
304
81
287
256
161
182
109
45
23
409
116
115
165
387
353
167
41
11
86
332
210
200
255
219
359
417
114
254
154
430
259
240
12
51
431
58
36
327
20
207
302
422
297
338
15
408
423
6
318
37
272
394
286
56
283
43
162
102
232
303
244
365
39
443
379
29
250
323
175
402
148
46
185
292
230
393
136
129
128
201
395
454
150
296
432
0
28
57
171
264
410
55
458
71
262
364
89
453
187
152
186
118
385
99
346
429
368
447
120
211
