239
445
105
418
371
109
348
298
442
122
16
38
297
139
189
288
131
440
274
231
300
409
103
202
457
374
407
76
127
414
91
36
5
306
219
411
98
107
333
390
223
220
339
108
419
81
316
425
73
126
452
416
377
97
142
215
381
254
282
198
161
183
204
173
326
174
437
451
261
375
17
325
329
412
48
3
78
321
344
345
240
423
90
147
194
279
218
324
82
278
343
257
327
18
328
177
86
117
403
291
181
256
65
373
143
20
281
272
23
70
212
396
322
351
68
353
26
96
439
166
67
221
116
196
397
251
34
154
141
376
135
184
113
233
157
247
438
110
299
382
193
394
370
31
294
253
158
363
95
227
216
383
319
77
408
112
290
310
85
47
52
199
320
13
267
305
315
159
61
459
417
160
273
9
392
369
341
214
362
10
268
35
331
399
74
80
302
259
192
63
255
40
2
213
295
15
11
182
312
421
114
44
115
441
313
334
357
144
209
60
200
145
41
94
354
167
180
195
79
100
75
349
179
53
229
293
246
205
137
301
176
153
422
66
72
311
360
197
104
263
276
151
450
436
359
93
387
435
338
106
415
206
460
224
271
284
132
64
7
19
287
358
133
168
56
128
449
102
447
429
432
401
28
89
372
136
446
4
342
29
352
187
43
364
346
337
458
163
379
162
456
402
289
292
420
175
125
120
146
230
400
232
434
99
249
71
283
393
296
150
121
225
367
152
395
119
123
262
286
0
365
148
