180
105
328
254
355
321
413
8
114
310
405
361
293
77
147
386
80
403
235
183
341
12
309
414
117
209
231
76
239
247
63
228
351
130
19
78
92
270
350
229
284
35
3
93
30
47
199
2
85
126
195
151
436
424
218
237
115
213
14
206
358
196
10
433
214
109
181
336
243
246
295
416
223
64
81
69
349
307
265
457
425
31
17
161
58
82
388
189
273
184
353
103
145
260
149
315
287
48
452
176
441
357
314
15
371
258
177
178
167
390
216
172
407
374
329
111
153
227
169
188
96
204
332
23
155
170
219
52
25
179
62
257
339
182
141
391
160
392
322
438
428
166
18
343
174
311
344
106
274
397
95
275
91
220
313
276
217
294
411
427
319
335
277
42
173
421
363
139
251
320
13
60
53
34
40
256
437
44
197
442
382
110
362
73
340
380
135
87
354
288
200
143
193
222
38
45
215
88
259
267
435
65
268
455
100
9
84
253
54
394
74
291
16
460
369
164
412
312
305
75
137
396
86
98
234
212
221
298
101
205
348
194
108
72
334
5
131
190
168
263
255
32
191
445
1
430
132
450
165
50
345
408
290
451
459
281
20
144
280
444
113
370
373
159
24
330
118
46
203
55
57
264
128
443
39
146
201
365
366
410
368
250
244
123
456
71
296
323
186
56
342
171
378
49
187
364
28
136
148
43
125
317
121
458
119
129
449
347
238
429
447
292
152
402
393
249
89
432
22
352
372
185
