294
338
70
16
217
280
101
316
97
44
130
31
258
151
13
77
140
172
392
276
424
417
335
440
442
212
332
341
386
164
115
84
8
100
383
350
457
174
112
15
373
263
124
54
80
406
389
82
193
328
20
336
156
228
122
58
437
2
86
62
348
107
103
297
79
88
133
76
198
14
111
182
306
236
460
362
397
451
326
60
411
374
414
42
288
285
271
267
399
173
382
61
251
160
167
178
161
339
450
305
168
277
444
155
313
452
356
18
351
219
355
108
110
431
327
241
358
439
415
126
375
407
224
51
349
388
19
207
360
87
23
199
214
293
284
300
229
428
421
278
85
227
259
405
192
210
255
141
422
324
233
196
166
215
247
376
403
21
380
145
63
208
408
269
81
345
144
310
222
274
438
10
139
279
138
147
430
254
30
270
354
109
93
135
319
239
202
45
301
220
98
204
73
153
34
176
416
131
6
315
94
334
169
78
261
321
329
50
344
194
260
302
369
180
253
36
391
314
183
3
234
47
272
37
191
298
427
7
48
32
41
370
237
143
252
195
320
132
308
127
396
409
311
412
304
179
265
53
441
12
221
9
257
184
91
325
331
343
419
423
116
266
435
96
49
323
347
346
102
136
71
24
99
364
201
296
39
171
410
22
28
330
379
33
150
29
225
55
128
385
454
232
46
152
352
292
378
57
250
286
162
289
365
118
434
129
264
187
446
27
249
43
395
146
426
238
0
203
262
283
367
420
