222
37
294
363
90
151
117
50
76
325
172
173
54
104
156
138
310
326
210
115
270
62
235
382
38
41
105
322
298
351
167
14
47
277
48
302
68
137
144
251
95
228
177
274
299
419
109
161
170
445
2
61
357
108
100
145
380
312
69
169
80
206
3
241
424
135
448
236
110
223
77
409
30
199
209
224
387
35
358
256
431
220
60
384
42
52
40
116
359
350
26
399
405
324
371
248
266
356
124
381
96
218
160
195
158
53
422
417
226
331
460
191
242
459
72
259
336
168
88
316
32
300
348
436
265
295
338
305
315
7
10
391
403
240
272
97
392
389
233
433
130
282
214
412
333
444
423
196
237
98
79
306
452
252
154
159
92
427
36
301
58
425
355
132
442
141
122
140
408
318
413
234
345
313
276
321
65
269
451
215
430
112
16
133
192
273
200
9
63
45
375
217
34
174
66
126
370
93
142
25
73
335
407
376
91
455
439
327
328
86
332
362
149
246
245
183
12
204
78
178
74
147
139
288
339
394
319
179
416
304
51
207
176
243
406
101
180
84
197
181
106
229
275
157
278
268
247
107
8
369
64
280
308
21
390
216
182
263
441
188
421
411
94
398
364
171
27
118
22
24
367
454
410
347
365
434
57
264
366
49
458
250
33
385
402
401
342
368
99
400
244
426
148
163
395
56
286
446
379
372
292
432
150
186
136
185
211
323
43
249
378
420
443
125
29
55
71
162
346
28
449
337
