172
117
320
79
9
293
159
116
40
68
272
309
44
118
80
326
187
64
243
201
334
109
10
11
322
141
256
255
312
206
114
86
171
92
162
248
209
72
200
163
195
325
182
41
241
161
28
88
119
146
258
274
175
188
8
324
83
269
288
144
298
56
77
132
235
238
271
97
105
27
122
48
327
5
233
203
301
103
131
102
167
15
63
227
65
24
139
208
0
71
275
331
22
135
125
231
247
225
170
46
153
2
84
330
220
136
34
185
154
297
93
213
59
257
237
303
51
67
265
85
33
49
112
300
134
101
260
210
98
150
292
66
45
294
217
1
279
336
121
30
106
43
310
282
4
318
221
133
81
332
286
60
142
199
174
202
281
214
317
197
78
124
178
166
242
313
130
335
61
273
19
73
165
284
91
296
222
251
53
120
253
191
252
55
47
32
290
138
20
158
198
236
16
35
316
75
52
12
17
193
180
42
259
287
148
232
277
69
