172
179
79
176
116
304
117
315
40
44
309
118
183
68
326
299
109
11
334
201
127
10
229
249
177
322
86
206
141
62
255
234
311
248
92
82
147
200
209
163
325
195
152
306
88
161
41
241
175
258
324
307
145
168
146
96
298
269
113
132
254
144
94
77
219
97
122
105
238
235
58
169
5
160
230
74
103
131
203
102
24
65
264
167
216
6
63
208
302
135
196
331
125
89
22
70
247
170
225
76
143
330
54
153
90
297
93
319
123
291
154
220
85
108
51
265
237
67
190
151
33
246
101
210
173
300
260
111
217
244
192
150
294
39
26
45
310
280
29
106
128
121
336
87
57
133
60
181
286
3
81
212
140
174
142
317
205
295
197
214
218
186
78
166
313
178
211
335
321
19
91
194
73
61
31
273
251
252
18
222
115
120
13
253
290
7
21
198
138
236
305
47
333
276
12
17
193
75
267
52
99
149
277
25
95
69
287
232
