172
79
179
116
293
320
304
159
129
272
44
309
285
299
80
68
229
127
109
334
201
156
10
268
37
234
206
312
157
256
62
177
72
92
163
248
226
171
209
239
306
155
41
241
152
195
88
161
96
324
258
146
188
145
175
274
254
56
77
94
144
83
288
104
323
235
122
169
58
238
27
271
131
327
5
283
233
203
230
301
208
264
65
139
167
15
216
24
22
135
125
70
331
71
302
89
170
240
330
225
46
153
54
247
123
220
291
297
136
34
213
107
151
108
59
265
67
263
85
51
33
260
337
111
210
49
300
164
98
292
217
192
266
45
150
294
282
29
310
43
279
204
128
30
4
207
57
221
286
181
318
81
295
278
317
281
214
142
199
197
242
50
178
211
184
166
124
78
273
165
91
61
228
296
284
194
270
115
251
53
13
253
18
191
21
7
158
305
329
236
47
138
100
75
52
276
35
333
193
16
95
232
277
148
99
287
69
25
