116
117
320
224
179
159
304
172
309
23
80
326
118
299
129
183
243
109
249
229
127
64
201
187
177
157
322
255
37
206
141
62
163
226
147
162
171
311
72
82
88
182
261
41
28
325
195
241
8
175
96
274
250
168
119
145
269
104
113
298
308
56
144
83
323
238
137
122
27
271
97
169
38
233
103
160
5
74
327
301
6
215
167
36
65
216
63
139
135
125
89
275
71
196
231
302
76
247
46
143
225
330
84
54
213
34
154
123
93
319
291
136
265
237
85
151
257
14
67
263
49
173
134
300
260
33
337
112
150
45
292
217
294
26
39
192
336
280
279
29
128
106
204
30
318
4
286
3
81
332
60
57
278
202
140
142
281
317
205
295
313
242
124
178
186
78
335
211
296
321
61
73
126
19
273
194
270
55
252
251
18
13
191
110
236
32
158
21
47
7
20
262
16
193
75
316
314
267
35
52
245
232
149
42
69
277
148
180
