304
172
293
224
9
159
179
117
68
309
183
40
299
80
272
326
156
334
268
249
127
243
229
187
114
86
206
157
256
141
312
62
82
92
72
209
171
200
226
239
161
195
41
28
261
325
241
155
258
274
119
175
8
324
250
145
269
56
113
77
298
254
288
94
58
219
238
169
137
235
48
271
230
38
102
301
203
327
5
103
215
65
264
6
227
208
24
216
71
125
0
70
196
331
302
22
240
225
330
247
170
143
84
153
185
154
220
107
213
123
297
319
190
257
59
265
237
108
85
263
112
173
33
260
101
246
164
49
294
150
1
66
192
98
292
26
121
280
282
336
310
128
204
43
4
221
181
318
60
3
212
332
140
197
295
214
189
278
142
199
242
218
166
211
130
184
335
50
73
273
91
126
165
296
321
19
120
18
115
270
251
222
53
252
47
329
290
158
138
20
236
262
276
17
316
52
193
314
333
267
148
149
287
99
232
25
95
69
