179
79
224
172
9
116
176
320
118
44
309
80
40
285
183
272
127
10
201
11
268
156
229
334
312
255
141
234
322
62
206
157
162
163
147
82
92
72
209
311
41
325
28
161
306
241
195
261
175
324
250
146
188
8
258
307
144
113
77
269
83
288
308
94
235
238
219
122
58
97
271
48
102
5
38
203
301
103
327
131
227
6
36
139
216
15
63
208
89
331
125
70
328
71
196
0
240
2
223
170
46
153
76
143
297
291
34
213
220
319
185
123
237
14
263
265
108
151
303
85
173
49
337
210
33
164
101
246
217
294
45
1
66
26
150
266
106
30
279
121
336
280
87
310
133
318
332
212
60
57
4
81
197
317
278
140
205
199
214
202
124
78
335
218
186
178
242
130
126
31
321
273
165
284
228
194
251
110
55
53
253
222
13
18
236
47
290
329
21
32
138
305
276
267
100
316
17
35
75
314
232
42
259
245
287
95
149
69
