172
293
117
179
224
79
159
320
309
40
183
272
299
68
23
326
156
10
109
334
201
187
249
127
177
206
141
322
86
255
312
37
163
209
162
82
226
200
92
72
306
325
88
261
182
241
41
195
188
146
119
8
274
175
96
145
56
254
83
269
144
77
132
94
235
122
48
58
137
323
271
219
203
283
327
74
160
38
131
103
227
6
65
36
63
15
264
139
70
135
328
331
22
125
302
196
170
76
240
143
54
225
330
247
107
123
297
220
34
185
90
319
85
257
263
59
303
14
190
67
111
101
112
300
173
134
260
164
39
192
294
292
266
45
244
98
106
121
282
43
87
29
204
280
181
332
4
60
318
286
221
81
317
140
214
189
205
295
281
197
335
130
184
78
124
242
178
313
19
273
321
73
228
194
61
284
120
55
222
115
110
253
53
251
32
198
21
138
329
20
305
262
276
314
12
316
16
17
75
35
42
232
149
69
95
25
277
259
