176
159
79
116
320
172
179
9
68
285
40
44
272
309
326
80
229
334
201
127
243
10
156
249
322
114
86
256
177
255
141
157
171
239
147
248
82
209
200
311
41
306
88
261
325
182
28
241
324
145
119
250
175
146
96
258
113
132
77
144
298
269
83
94
122
58
97
235
105
137
323
238
131
203
283
233
38
160
74
230
6
215
65
208
139
227
264
36
70
22
275
71
196
135
302
89
330
76
2
225
153
247
46
223
93
136
107
34
90
297
154
291
303
257
263
59
67
108
85
51
101
210
300
337
33
260
112
134
26
1
39
45
244
292
294
150
282
128
106
29
204
336
43
280
286
221
60
332
181
318
57
4
278
174
140
189
214
317
197
199
78
335
186
242
124
218
178
50
91
31
73
126
165
273
19
228
18
253
13
120
191
222
251
53
305
21
138
20
236
290
47
7
267
193
16
17
316
100
276
35
99
259
69
148
277
95
232
287
