955
1238
3082
1956
2878
1292
1971
2649
2023
2626
1989
757
2052
256
653
2176
2310
1712
2276
610
2344
881
1529
708
2312
894
1324
2801
2882
2561
2404
2410
1432
1811
2830
730
2471
1038
2923
1615
1276
2765
1544
133
2875
2463
2024
2900
756
748
2617
946
709
2669
2768
1527
790
2301
2909
1923
828
2365
1825
921
263
2419
26
2055
1117
630
1058
3006
2486
20
1182
1176
583
2622
1796
1950
2723
2964
1783
844
1751
1470
2268
217
965
1217
1592
124
1161
966
2044
2424
1175
1380
2809
2158
2987
2847
2126
1955
3036
3020
848
1340
2512
2204
264
1277
3048
2406
2632
1116
2866
1249
1257
1859
2162
2208
2591
1458
1119
1557
2460
159
2474
2177
927
2060
2592
1171
2167
2037
2076
1626
860
2709
1691
2351
2893
2145
1548
1039
504
1916
543
3067
2506
2454
1559
1421
673
2174
2705
1223
2555
11
704
21
137
188
2698
1792
3037
2835
2430
2573
1490
2934
785
2758
707
2321
992
767
536
2212
644
1453
759
1232
1472
2097
2461
1604
2353
2559
2285
235
1777
1310
2541
2628
642
1673
2264
2385
1279
2845
2043
2505
2979
1710
1754
225
7
1349
2613
1721
850
2274
2671
1216
1066
2010
2594
278
2314
227
656
783
2492
1556
2658
1656
882
659
182
2218
162
1080
3003
2855
573
3029
237
2199
2602
662
689
163
1867
2508
2794
970
2890
1442
2121
1848
1577
3025
1076
2510
136
3065
2980
1944
2655
2380
1551
2356
754
2833
1378
2428
1445
1649
625
618
1328
1668
1855
1480
2476
2459
1624
2974
2518
3081
586
874
2672
154
2025
123
1735
2261
779
646
3770
3253
3933
3239
4737
4951
4094
4172
4041
3301
3363
4053
4900
3220
352
3635
4601
4711
3279
4133
3890
3769
454
3658
4715
3984
4299
376
3801
4557
4776
4690
3222
3575
4033
3181
3417
3399
4915
4685
4028
4806
4780
3413
3636
3986
4290
4345
3576
355
4254
3353
3154
4326
3582
4412
4811
4304
367
365
363
332
4894
3787
4247
4338
3560
4425
3394
423
4667
4013
442
3781
3343
3328
335
4367
3385
294
3421
4571
4327
4533
3752
4397
3570
4933
4343
4342
3990
3595
433
3209
3388
3874
4121
4604
3478
4263
3441
4526
3563
3731
4581
4046
3964
4482
3914
4695
4155
401
4132
465
4868
3437
3344
3376
3536
3978
3462
3406
3292
4044
4456
4216
4820
3760
4736
4229
4474
4985
4699
3926
3296
4350
4358
4556
3255
3711
4500
3691
3937
3525
4348
4573
4819
3361
3585
3202
3957
3814
3320
4054
3448
436
4055
3613
4230
4675
4346
3224
3714
4514
381
3659
4568
4813
4778
3434
4153
3281
3409
4866
4852
4515
4871
4769
4061
3561
4440
3919
4673
4550
472
3284
3827
3216
4114
4928
490
3336
3375
4178
4861
4171
3843
4151
493
4888
4936
4113
4376
486
3276
4189
3750
3390
