1123
1329
2758
1624
2034
1977
1235
1025
2840
1341
869
1981
2188
2776
131
2817
2149
2036
1126
2703
1835
710
2715
736
2619
1207
2932
1743
1994
2929
2082
1971
1832
1049
516
1567
2910
2132
2551
2375
1302
2802
1920
1100
1021
2256
2630
918
1067
1704
987
1686
1498
2469
846
2846
72
1865
2543
2676
1574
2650
1189
515
1318
616
1781
2500
2977
1838
2806
1708
2987
2907
2613
3020
814
265
2942
1625
1958
896
2238
1432
285
246
156
2077
1905
1099
9
2380
2422
895
1970
1015
2975
2988
2458
241
2726
1717
2847
632
535
164
807
866
2073
2229
3018
1382
1331
2039
10
809
1201
2791
925
836
608
2361
1396
614
2624
748
237
25
1999
2810
2151
2408
2212
2079
77
900
1290
1162
2295
1300
967
763
2399
841
800
3095
1098
267
1065
1764
646
116
968
2153
1839
1759
3002
2858
2744
2730
2476
1963
899
2638
155
1748
2080
2926
1979
2883
532
53
1563
1967
680
1086
1226
1399
2908
1435
1706
1755
2488
1774
1771
590
609
282
2235
2530
1044
2213
2089
530
3088
1228
149
2577
1426
2200
1022
1619
1176
1253
1752
2694
2480
109
1231
669
1522
1634
1034
2472
2046
1701
1014
855
538
1893
118
1528
2330
1357
1336
546
2020
2415
2193
941
22
2631
2992
28
799
90
2887
2785
1293
1109
1288
2308
2390
887
2241
2147
1450
2042
1177
2531
797
2050
2174
61
668
2468
500
1306
1054
2850
2711
835
154
2922
1375
834
2234
1196
1652
1085
657
1532
3048
528
1433
2421
2265
19
1688
2557
596
2324
2177
545
575
99
2436
2226
2179
1225
2433
2085
3978
3950
4270
4878
4774
3585
410
428
3727
341
4705
339
3708
4216
3364
4252
3151
4768
3838
4789
4451
3687
4867
3394
4367
3470
3602
3846
4438
3813
295
3535
3344
4031
4394
4293
4723
4746
3352
3779
3190
4666
3473
3887
400
3217
437
408
355
4076
3881
3580
320
4228
3991
4105
4049
4956
4814
3877
3291
4715
3187
4268
3595
425
4559
3952
4115
3164
4798
4085
4414
4365
333
4068
4215
3628
3632
324
3922
4992
4704
4322
4372
3639
4326
4780
4132
4999
3314
3966
3366
4241
4363
4435
3873
4988
4095
3984
3222
3704
4307
378
3624
3387
3795
4974
3914
4846
4353
4104
3331
4703
3657
4583
3237
3863
3339
3300
4199
4595
4967
381
4020
4309
435
3715
3399
4035
3650
4532
3393
4825
3874
3385
396
4953
3752
3738
3835
3893
363
4592
3701
4540
4578
3829
297
4393
3183
4581
4812
3814
3711
4053
4829
3245
3928
4392
3167
4447
3664
3767
4457
3607
3675
4317
4496
4647
3600
3203
4886
3512
452
4656
3246
4652
470
4140
3138
4718
4541
3819
3539
477
4098
3594
3556
3499
3451
3215
3450
4925
486
4957
493
4235
4930
4743
4114
4432
4144
4927
4932
3372
4837
498
