501
1603
3061
971
3044
3002
104
2485
500
2484
1689
65
2123
2545
2371
85
2430
251
2923
2159
1935
2810
1751
2948
2224
2501
1395
676
1497
127
286
1086
2270
2170
866
1267
614
1060
1738
643
2414
2626
792
2518
247
1708
1001
829
2086
2699
2912
1483
3057
1996
854
929
1065
2049
1835
1613
22
157
1295
2358
227
527
1668
82
11
2300
2058
72
1105
1511
3009
1956
980
2187
1880
2613
877
2850
2417
1840
2208
532
2219
1849
2663
1805
860
2835
2495
2714
1283
957
1435
2023
2742
2135
960
794
2549
2942
2113
2888
3108
1456
2627
283
3103
562
2463
1630
1154
2039
1078
2051
1807
913
2183
931
1242
919
652
2134
1202
2650
1818
33
173
248
1844
1717
2883
1599
1329
1044
2382
236
3026
2245
1638
2326
1309
1914
905
278
1890
1262
899
2936
6
1429
1218
2624
3033
1693
1021
1570
556
1188
2575
1773
121
98
2913
1725
588
238
743
2753
1083
2880
3119
1597
2776
2004
1404
1593
1203
1
1620
135
2059
2028
2747
724
2670
586
728
2022
2446
777
2846
2961
1568
2199
46
956
1964
2882
2124
725
1500
1770
2994
2630
42
1854
1791
2367
88
1588
1093
1426
2992
12
1401
2144
928
2743
79
2963
176
2553
200
2843
2457
133
2436
3031
2191
747
1830
662
2255
1949
2763
2149
225
269
2515
1662
1817
1522
2140
1266
1730
1551
655
80
1901
1428
1723
1930
2540
2211
2085
1654
204
1255
266
2048
2726
2655
2674
1028
717
2532
2372
642
1187
566
1260
1153
1921
2222
1158
1961
1537
1815
3065
1098
579
1582
921
638
1069
2969
689
1759
4857
3267
3925
3578
4323
3332
3553
3882
3854
3795
4820
3448
3413
4230
3898
4635
4384
3614
3981
3357
4231
4478
3950
3784
3718
4997
4621
3586
3135
3607
3652
400
416
4624
3595
3537
4199
3480
3933
4929
4600
4712
4002
4933
4765
4390
4264
3551
3278
3466
4537
4486
3193
3359
4559
4295
4409
4617
4703
4685
4123
468
3339
4787
4132
4183
3755
4533
3275
381
3992
4815
439
4686
3554
4121
4029
3546
4850
4011
4236
4229
364
4337
3746
4543
3871
4575
3756
4412
4413
3803
3140
4610
3540
3899
3987
3657
4430
3487
4214
442
3376
3437
4931
4108
4482
4503
4595
4642
4496
3809
4679
3767
3761
3653
4450
3168
3482
3967
4388
3890
3381
4350
3155
328
3605
4555
3191
3248
4871
4848
3719
3167
4981
4488
4784
3189
3234
3853
4535
4126
359
4687
4138
3738
4021
4290
4912
3743
4695
4468
3663
335
4970
4692
4458
3371
4442
3669
3456
4607
3495
298
3476
4422
4241
3195
4538
3924
4270
4068
4247
3696
4580
4557
3532
4498
4187
472
4830
3484
4357
4467
3210
3822
4527
4113
3894
3356
4142
4991
4910
479
4947
4964
494
3477
3858
3907
4973
4899
4178
4938
4761
4128
3750
3860
