863
2721
623
673
1322
2972
2672
1054
2818
500
1099
873
2019
1410
2847
2368
1829
1407
1114
567
1093
2631
639
775
1391
2224
193
2367
708
558
274
1076
2441
2594
1810
729
2887
57
877
2738
1875
1874
1280
571
2416
2807
1019
1877
2954
1715
2206
14
2516
1221
2995
1098
763
1858
1887
630
1306
2029
3070
2845
1953
2907
2219
1397
1375
2271
1323
2570
1915
170
2343
2243
1755
254
2584
1943
920
1350
1793
2358
2107
273
2097
2306
263
839
777
2778
2846
2378
2554
2834
1041
1303
1415
1628
2244
2765
1995
206
1102
2176
1007
2617
2413
1804
2683
706
2349
159
2494
824
2740
2990
2547
1933
565
2718
2756
2431
2411
2551
2479
2397
1589
169
228
1256
2189
2680
269
50
2148
2955
2200
931
1457
3020
1964
1455
2039
1032
850
1094
2296
1454
1187
2294
1544
1967
787
1376
3030
693
1145
2351
1419
2214
2304
2869
664
1057
2449
1540
784
2401
1960
109
2251
1144
2278
2254
279
737
96
2302
112
2485
51
858
1580
1165
5
1181
2644
3033
2926
1714
3073
1862
1383
1578
2555
1760
798
3091
2913
47
162
1492
2971
271
1547
2237
1622
2943
2424
2446
2696
3046
1414
2965
1305
2956
2892
2284
1624
1236
559
2637
898
3122
2165
1993
1619
1705
56
166
2938
2497
2030
3074
2055
186
1183
123
983
910
3092
90
2798
235
1273
786
2339
2002
946
2336
136
2525
1550
2121
270
88
658
1091
943
2475
2099
2813
260
2889
1709
2720
1180
2136
2793
1286
2776
1576
74
769
1888
1379
2418
1085
1119
1329
1617
2789
1754
2183
29
148
705
1097
2361
1448
3659
455
4773
4488
3287
3996
3665
4078
4710
4252
4129
4846
4013
3264
4224
3501
4077
3548
3344
3794
3437
4388
4161
3995
3994
3214
4104
3915
3190
4979
3402
4239
3535
350
4090
4595
4512
4132
4571
3831
3617
4291
395
3613
4080
375
3248
356
4476
4043
4496
3167
3651
3766
3969
4227
3939
403
3156
4448
4727
4744
3192
3159
4701
3730
3566
3458
4337
3352
3253
3937
4389
4121
4662
3369
413
3384
3701
3664
4328
4188
320
4903
4195
3573
3638
4461
3997
4771
342
3639
3920
4298
4804
4403
4081
3883
3929
319
3956
3410
3637
4677
3893
4366
4723
3187
4607
3804
321
4867
4658
3788
4596
4880
4487
3145
4644
4829
4522
3772
3576
3756
4557
426
3733
3289
3292
4889
3946
3529
3958
4270
4420
3444
3516
4014
3377
4016
3317
3612
344
301
3964
4019
3311
3849
4768
4970
389
3673
4887
3578
4511
3993
4713
4102
3998
3403
3262
4742
4638
3219
3714
4272
399
3898
3628
4063
3225
3374
4491
4643
4365
3221
3660
4037
3820
4498
475
3138
3561
4294
3294
4944
3917
3910
497
4936
4923
4843
4492
4918
4178
4984
3306
4209
3297
3857
3469
4930
4905
480
4180
4179
3429
3912
