1152
534
500
1488
37
2661
2797
121
2230
2261
711
137
1241
1367
1932
1606
1261
2916
1369
3022
758
181
1455
276
977
2161
601
982
1179
2429
547
2836
1325
1154
922
1628
1435
1099
1430
668
2457
1520
1204
1497
3091
1432
898
996
248
507
2840
549
1826
984
1825
2766
2470
566
682
3068
2556
133
880
675
212
1317
1891
2152
1822
2677
2031
902
2901
1568
1785
783
31
1020
2500
1596
1019
2997
2442
2762
2044
818
2539
132
1362
1805
42
3106
1129
1232
2609
1472
960
1453
2921
2977
1742
2654
2967
519
1239
1130
2888
997
1219
2341
1859
999
1688
1417
3060
2925
945
1341
2725
2986
1653
3098
1153
2407
2886
270
2780
62
2158
2221
2076
2379
1879
41
1881
2265
2935
936
2496
1077
2005
1731
1327
2114
1334
2200
2928
1972
582
3070
2949
580
2129
101
2108
2305
2255
801
1991
548
2074
2096
2509
1725
2007
103
2830
1113
878
50
1734
2277
1330
1564
865
3019
2002
991
2551
54
1721
2980
178
3081
183
1806
791
2631
944
2719
1210
680
2400
2117
2256
2269
702
1759
289
1814
1535
1793
1236
2071
2468
2067
986
1197
1844
1041
1775
759
100
1551
1718
2713
1260
1591
1921
91
1100
1955
2359
268
2923
2342
142
2773
2757
1588
2617
1704
851
1598
2368
2512
2369
673
2483
1274
220
2410
1331
2172
64
1140
1918
599
8
1635
1426
615
1087
1353
546
2121
1296
2367
588
1284
2801
3057
275
2862
1854
2016
2383
1431
2673
1798
191
2561
644
627
226
1323
83
1687
2729
2908
2958
2331
653
3036
2239
2883
2614
1816
1852
641
2759
1382
4624
4372
4813
4482
455
4500
3970
3893
3368
4606
437
3272
3317
4076
3324
4306
4681
4088
4552
4150
4781
3173
3875
3969
3959
3606
3545
3254
3696
4851
3764
4976
4810
3522
3531
4487
4456
3633
451
3766
3214
3433
3513
4302
3643
376
4370
319
3488
3618
4863
3617
3667
4586
4324
3887
3730
3252
4013
4992
3239
3962
4305
314
4611
4417
4200
349
3955
320
4889
4260
4687
4044
4332
4633
4903
3551
3526
4148
3771
4495
381
3402
3565
333
3343
4160
4862
4398
442
3570
332
3273
3620
4817
4028
3269
3467
3267
4587
3952
3132
3779
342
4877
4240
3698
3833
405
3849
4127
3142
3575
4247
4025
4307
4478
4369
453
3989
4639
4400
4268
4204
3658
3685
3928
4544
344
3595
3922
4532
3744
3331
4649
4825
4073
3208
4686
4045
3287
389
3666
3809
3747
4468
4948
4308
3564
4413
3966
3702
4535
3366
3166
4634
4625
3482
4594
431
4316
4722
4494
4330
4671
4214
3209
4667
4011
301
4753
3759
3961
3694
450
3263
3212
4467
3284
4613
4493
4163
4882
470
4037
3918
3901
4180
4932
3897
3850
4177
3906
4930
4182
4906
4731
3457
3184
3161
4376
4964
3840
4166
3905
4883
4834
