2981
1242
1497
1224
1783
891
59
1070
673
2570
217
674
1508
2875
3063
1409
3098
211
2971
2513
1927
681
115
2681
1727
1878
1198
2512
2351
1922
1122
2072
2911
1054
2340
163
1541
3003
1689
161
837
2137
0
2585
2078
2472
2837
3034
612
2916
1507
1443
2817
1664
1364
2821
1467
942
1920
1942
2532
1202
516
2322
783
649
2537
2301
275
2091
695
683
2424
1077
2902
1389
1666
2061
2474
1846
1228
172
2712
3029
1724
213
24
977
1229
513
2888
1821
1857
744
776
1969
2661
261
122
1095
1970
1721
576
925
1840
32
733
83
2063
1540
2941
2191
1978
766
678
1729
2918
1796
2168
2163
662
2375
1602
1468
2401
2644
1911
1190
113
1233
1396
204
1963
2856
782
2950
1330
1423
2207
2504
1782
2337
2404
1014
1412
2176
2887
133
1280
1221
1672
2777
1547
1858
2443
2601
1728
1739
124
3010
1803
2596
2847
608
2463
2077
1434
1933
1802
1680
1771
2405
2247
1471
1953
2089
1866
2623
2238
965
625
1265
3013
3011
604
863
1
2160
1047
1454
2599
187
839
1137
1251
2343
1318
1084
25
2426
1623
2033
517
1162
835
500
969
2770
1015
1435
2311
1349
2412
1720
1411
2692
871
246
2140
1042
1052
2729
2542
2012
727
2790
2058
743
119
1413
789
1004
2316
901
287
3059
2128
1241
865
3091
2685
267
913
3122
243
2604
2591
3108
2897
1118
1266
1172
1688
3090
1855
556
2397
3066
919
2147
1621
530
1673
758
2246
138
554
986
772
1555
2492
2586
811
2376
2436
2380
2362
1763
2744
2092
2396
845
2926
581
2192
1406
886
230
1872
2781
2345
81
3303
4575
3958
3969
3885
297
4518
4558
4681
3986
333
319
348
3467
3764
4025
3624
292
4226
3530
4327
3510
424
4656
4721
4198
4641
4468
3781
3780
3176
4051
3728
3741
4948
4733
4279
3190
4067
4017
4672
4682
3177
417
3707
4798
3246
3700
4396
3405
4299
3872
3181
4134
4543
4101
4692
426
4272
4135
4915
4611
4367
4195
4096
4030
3920
4364
3926
4758
4401
4859
4471
3228
4270
3775
4520
4752
4635
4528
4277
4292
4239
4248
4184
4065
4232
4217
3596
3496
3349
4019
395
3962
4371
3748
3743
3685
4208
4237
4031
4744
3337
3783
3487
3864
4549
4395
3443
3586
4812
4055
3507
4048
4554
378
4446
3256
4063
4764
4762
4072
4088
3790
4121
4314
3605
4284
398
435
4497
4602
3351
4249
3534
4085
4385
4000
4126
3633
3792
3773
4561
4630
4526
4408
3472
385
3590
4204
4605
3463
460
3924
4107
3146
4324
3201
4799
4001
4774
3834
3425
4014
3737
3626
3755
3944
3696
3744
3409
3881
3532
386
4950
3439
3350
4613
4037
3539
4493
3562
3428
470
4882
4218
3232
4895
4171
4434
4941
3909
4893
4731
496
4039
4914
4421
4177
4923
3216
484
4168
3634
495
4235
3852
3429
