2834
1955
1340
989
927
210
2174
1686
2311
1293
826
1797
175
253
1745
282
1790
1229
2131
2473
1665
2005
587
1828
1575
1143
1536
2683
2256
940
1111
1805
1287
1366
2065
1922
1598
553
2024
3102
2629
2998
2404
192
2027
884
1973
2337
3080
1400
576
2387
3063
3024
1195
619
62
2890
249
943
5
895
1294
102
1197
1343
1304
1537
1451
2679
3000
182
2168
1604
924
1262
1988
2828
1330
2493
638
2105
1641
269
204
841
1117
271
569
701
913
1163
546
2401
273
98
626
723
681
1975
255
3119
1801
2642
1505
787
509
2448
715
1089
2697
2730
2120
152
2477
3116
2783
656
66
792
2017
18
2463
3012
1105
1353
1292
2993
1428
288
1054
606
694
2328
691
1053
222
2990
2768
1437
800
3025
164
225
692
2015
1885
2282
1906
2908
541
762
1703
3084
1226
1653
2976
1754
2682
1757
121
2275
2974
1348
791
3022
1172
2597
1191
3006
3027
1249
566
988
2208
1510
2209
108
2046
1523
775
2126
1804
2378
1877
1336
1256
2789
2506
2252
2449
2557
1646
2721
2520
1326
1990
803
679
825
1199
1669
3097
1682
1412
2466
2907
2109
529
1947
1583
2149
1141
3036
180
504
56
1527
922
134
3096
1408
2878
1273
2096
53
2415
2896
1508
2959
1203
1654
602
2585
938
1342
1045
1972
1511
1029
1368
969
2245
3122
998
2419
1208
2623
105
1274
1398
1688
1558
1486
124
2737
195
3020
2165
114
3070
1808
1918
838
2346
55
1250
2803
1382
2077
106
1354
1609
796
1738
2052
2917
2584
2259
1115
1584
994
847
1306
3056
232
3034
185
2223
150
2298
1223
4066
419
4539
4035
4080
3793
467
3540
4603
4720
3400
3314
3554
3587
3413
3199
3892
361
3525
3490
4344
4507
4366
4149
4270
3351
4184
3360
3467
4863
4682
364
4137
4014
348
4616
3557
3409
4254
304
4369
399
3723
4812
4024
4555
365
3722
4348
4228
4857
3683
445
3140
3227
3352
4338
3431
3925
4554
3194
3573
3472
4359
4081
3327
4478
4148
3171
3205
3662
322
3703
4088
4870
3298
3382
3899
4490
4018
4561
4213
3524
3177
4451
292
3486
4388
3797
3296
4278
4381
4436
4474
3734
4309
4963
349
4911
4340
3574
4085
4158
3967
4466
3291
3588
4754
3384
3951
4912
3546
4734
4116
3179
4577
3929
4258
3990
4201
4528
4545
4277
4403
4752
3762
3635
3739
4919
3743
4123
3864
4416
297
4625
357
4727
4551
4708
458
4043
4570
4594
3770
4392
3871
3470
3808
3658
3747
4612
427
4031
3880
3251
3726
3589
3522
3678
4269
3267
3890
4110
3585
3497
4569
296
4368
3221
4409
4391
4535
4844
3946
3667
3386
3196
3821
4541
4251
4591
3820
3822
3572
4498
4467
476
4432
4164
4086
3830
487
3457
4431
4434
4189
4174
3751
4040
4861
3471
3908
4908
3336
4926
3469
3851
3390
