678
261
2774
1837
1908
2655
176
1808
39
2137
1175
1127
1960
2748
2870
2028
1871
2466
2374
2257
640
1935
1723
2245
1181
1273
1415
2887
2116
2618
1030
1176
232
2898
2117
1403
2113
2050
3107
2409
1613
2956
2061
1442
191
1784
2442
2894
2777
1237
211
962
2788
2233
2494
1531
2733
1857
2770
2417
1452
835
1300
2261
1515
550
2086
2980
2798
918
1840
988
1835
233
230
1902
2020
1603
2064
1773
91
1141
1473
2884
37
696
1467
1069
2201
649
1619
1068
2354
943
2967
558
2735
2292
500
954
2529
1934
2975
1702
884
2128
1657
1520
630
757
795
756
2112
254
2700
2265
2351
2238
172
2141
47
2200
1975
3119
2543
903
1326
1992
1355
1262
1571
2644
2243
2066
533
35
1177
280
2002
612
2394
179
1922
2581
2312
1674
38
2060
1084
2023
2978
2176
1358
2590
1616
850
2124
151
1149
1947
1321
3005
2361
775
62
2814
1860
1699
871
1288
2498
515
1196
1194
1594
66
2708
260
1509
685
2369
559
900
2121
1587
1417
2907
1040
153
132
577
1441
18
45
3066
1510
2376
2166
3123
1260
2443
2920
2358
3023
601
744
2412
1682
1780
1330
622
1645
2335
2084
991
3125
613
2558
669
1894
1626
621
2048
2764
1713
797
2604
175
790
2999
504
1338
2356
1382
2769
2336
659
1778
748
885
2008
1793
2701
2070
1696
1646
14
819
1852
1100
2039
673
976
772
2669
2559
1241
569
2025
2605
1565
1575
2258
904
2982
69
2594
1427
1721
1557
1115
61
1067
761
971
1988
1243
2810
2970
1036
1880
1785
1375
1044
2919
1664
947
1494
2386
941
2059
2520
3127
3914
4008
4645
3921
3170
4099
4275
3407
4314
3292
4012
326
4697
3458
347
3505
4297
310
429
4640
4426
4785
447
4756
3812
4289
3238
4748
4489
3411
4653
3408
4065
4624
4058
4543
3829
3391
3658
3701
4018
3224
3880
3443
4650
3348
4955
3544
4813
3790
3896
3164
4635
4929
3504
300
311
4954
3683
4149
3226
3807
3511
4903
3577
4821
4479
3139
3699
3157
3606
3554
4406
3723
3496
4105
3738
4619
4481
4982
4596
4981
4090
3777
4032
3461
3885
3754
4079
3321
3792
4764
454
3576
4176
3932
4551
3129
4737
401
3734
400
3144
4783
446
3199
3519
4848
336
4544
462
4841
4686
4315
4722
4324
4225
292
3204
354
4404
3487
4233
4730
4435
3936
3246
3513
3308
3274
3935
4330
4136
3844
450
3254
4337
3608
3162
3619
3259
3961
3227
3309
3795
4822
4978
3295
3611
4776
4499
412
3698
4676
4477
3134
4473
465
4579
329
4620
4535
3864
4967
3517
4313
4659
4900
360
4713
4378
4825
4454
361
3552
3951
4882
4074
4428
469
3798
4440
3822
4769
3823
4670
493
4897
4930
4608
4918
3356
4901
4434
4050
3942
4921
4923
4169
485
4039
4920
4938
4971
4977
3851
3860
