2799
2013
1899
1823
628
945
1886
180
2666
2090
788
224
2672
652
2375
2187
940
926
2763
1085
2982
648
1934
792
190
2562
2944
2065
121
2595
635
2848
3077
206
682
1521
1359
3124
1444
2167
2130
1640
877
2381
278
34
2922
1367
2286
2179
3091
2014
280
2825
2083
1079
1939
1421
2604
1494
1237
2878
2411
203
564
522
3058
1103
118
2312
2616
769
3012
2319
1275
2618
2645
1262
3101
2993
1065
1818
1032
1060
1446
795
1613
1391
1321
580
2864
1510
2387
608
770
1665
1218
2686
2545
1330
898
2500
2476
1926
721
2698
2745
2094
2217
1992
1401
2258
1076
2340
2789
3094
907
1501
2
526
2724
1248
2029
920
3070
870
2281
1128
1435
1621
1984
2522
2425
1850
1100
1617
1701
2153
2405
623
1604
2417
1559
1040
848
2401
2407
2589
3042
2914
1256
1861
2306
1286
151
2171
1276
2490
2995
172
1684
2450
2124
186
735
1636
2352
1641
142
664
2531
99
3084
573
912
2676
504
1913
2245
2283
1348
928
1790
2977
952
2934
2952
790
2374
1698
1986
2333
1675
1746
2754
827
2575
1169
2169
2163
2614
843
1003
2941
859
2898
2203
1298
2413
892
3104
1340
1882
1041
2817
866
2713
2670
3044
2888
975
2479
2336
1244
631
1230
1628
857
71
950
3051
1605
2360
3057
2431
869
1667
2836
1907
533
2622
641
2611
909
658
2970
1460
1763
1516
1417
696
87
2484
548
2776
125
2635
569
1373
2419
1231
2414
1097
627
2214
977
3039
734
1513
960
921
226
1252
878
2975
755
2346
2330
1418
2566
2852
2892
895
3103
1303
1459
26
851
1721
2183
2019
0
4818
3679
3459
3468
4116
4090
4675
4692
3922
4373
3268
4055
4073
4035
461
4974
3290
4592
4022
453
4308
356
3765
3275
3230
3347
4872
4685
3467
4623
3176
4754
3758
4359
4230
4384
4958
4739
4283
4417
4556
4593
4347
4548
3802
4512
4355
3460
3565
4705
3978
4071
4158
3357
3206
4096
3213
4160
3929
4896
346
4898
4099
3622
3386
3702
3755
3202
3145
3150
386
4250
3607
4127
4784
4224
3550
444
3137
4006
341
463
3455
327
3282
3778
3695
4900
3146
3512
4989
3520
4107
4699
4132
4199
3245
3238
4802
4734
4277
3697
4841
3742
3353
4102
3787
4557
4962
365
4968
4825
375
3515
396
4255
4239
4703
3414
4270
4029
3644
4755
4993
3395
4770
4907
3462
4194
4733
3848
4296
4252
345
3886
3360
3666
3785
4566
4552
3882
3806
4522
3501
437
4683
3178
4416
4611
4318
3402
4232
4663
374
3135
3815
4021
4016
3691
3323
3682
3406
4121
3300
4821
4396
4758
3201
4068
3661
3641
296
3952
4161
429
457
4015
3163
4670
4944
3826
4251
4550
4740
3432
4428
3917
4977
4924
3216
4376
3479
4891
4914
4143
488
4934
3841
3942
4709
4971
3842
3372
3681
4432
3859
3824
498
