47
170
219
163
1024
1699
1216
2327
1639
2229
2675
1318
186
1197
2122
3061
3051
1999
2314
834
1357
830
819
1515
897
2543
703
1104
1670
68
1623
1086
1360
0
876
1707
999
602
2705
278
783
2394
2326
1136
2191
2105
2898
1306
1082
912
1628
2195
231
2050
695
1753
889
183
12
1470
1611
2249
1183
1536
2065
1754
281
146
821
1166
837
1767
1776
2982
2514
2951
2027
1564
1882
1247
2107
1111
2081
2797
1762
115
2340
2589
966
286
919
178
729
2777
503
2274
1949
754
2981
2644
2869
2017
2854
2769
905
815
3064
638
2004
725
1650
230
1739
2281
3071
1533
2055
2119
2383
997
1901
555
3075
1004
232
1440
1335
111
1181
1496
2920
2422
2290
2023
2650
2187
2373
86
731
2404
1140
645
660
2228
1518
3067
3093
2526
2788
2430
2539
3045
2862
2661
651
2302
937
2974
2517
1143
2733
1460
2528
1444
2522
989
1155
714
674
1546
1573
2101
1114
1716
1664
1663
2878
2011
672
2037
2591
1599
2846
1896
2681
2093
911
2776
975
2953
2226
1602
553
767
1433
2899
727
2614
1642
1242
3106
194
2913
1295
3084
1952
1298
3094
1986
3034
1032
685
2392
561
2787
522
2242
2876
133
1548
3098
1524
1531
2726
1077
2219
794
1254
1726
2072
1758
191
1102
1831
173
2364
2976
980
928
2682
1595
1668
1391
3011
227
1019
2791
2377
1899
2888
1893
1163
2802
1757
2495
1538
2533
671
2656
1304
1684
3047
818
2103
2019
1557
2801
2247
266
1525
867
2879
1191
171
2225
1315
1022
811
51
2379
182
2610
1355
529
859
2506
54
675
614
2339
814
1365
359
4229
337
3642
3414
3172
3704
3832
3310
346
3245
4136
4149
4102
3542
4595
4531
4244
4851
3292
3812
3803
4026
325
436
3872
4956
3738
3650
402
3658
4406
3612
3792
3581
3701
3198
4778
4603
4572
3560
4188
4774
4078
3350
4585
3329
3173
366
3437
3369
435
4325
3228
3637
4724
293
4755
4439
3149
4711
4466
4322
4538
4516
3716
4401
3614
4747
3442
3265
4103
3486
3512
4127
299
4993
377
3132
3159
4208
4058
4720
3579
4342
3621
3941
4302
4745
4776
3299
3775
4514
3205
3461
4503
4453
463
4951
3741
4352
4832
4287
3737
3162
3513
4446
4408
361
3155
4896
3488
4889
3705
3648
4293
3529
4386
4248
4196
4217
3882
4593
4214
3871
4619
3583
3911
3398
4116
4210
447
4800
3690
3687
4134
3870
3970
3346
3495
4286
3535
3720
3946
4411
4206
4259
3196
4034
4968
4230
292
4651
4006
4065
3899
4194
3846
3363
4528
4216
3384
4570
3920
4641
4536
4625
4818
4810
4254
3182
4762
4855
3848
3382
3238
3686
4197
471
3919
4037
4062
4301
3211
4717
3436
4944
3307
4492
4165
4010
4916
4908
480
3479
4928
4432
4917
3858
4175
4141
4899
4843
4937
4142
492
499
3426
