188
3070
2372
1997
2072
2345
689
2485
1405
2743
1741
2924
94
2660
1369
2089
231
754
1694
70
2649
2225
3100
3029
1427
1540
3017
2888
1775
1095
1549
2969
566
742
2510
1197
1788
162
2883
1498
2975
1611
2521
170
860
1415
1372
130
169
3007
997
2927
1797
1211
2120
2917
931
1535
2407
797
3052
1531
2300
2239
1180
1641
2195
1174
2309
1133
610
546
1213
2943
2061
1394
2126
244
643
3055
2280
1726
2352
3046
2044
2032
2322
1093
1825
998
878
1508
2409
1432
1400
2668
1407
179
85
1914
2540
2152
1632
15
1903
1730
1693
1203
757
73
901
2847
606
2158
2382
1516
3025
261
54
2552
1141
1299
1244
2935
521
2907
1084
1125
1938
2405
1060
740
2397
151
1604
1513
2507
2487
732
3045
48
2068
2633
153
661
274
2402
2415
1083
1387
2492
1662
859
1799
823
2785
2462
2833
1116
81
1201
223
22
2680
1017
2011
2178
2463
1756
1248
271
2390
243
2616
2896
1994
2422
697
885
592
749
991
1510
1225
2777
2676
3030
1445
2037
2056
848
2779
688
944
114
2105
768
2665
1810
259
2947
762
1749
1259
1143
1525
1327
882
500
2066
1350
1333
642
2438
2673
2168
1534
3005
2550
2124
2265
2386
908
1188
2746
2624
2512
2400
2134
1085
1890
1052
1243
1354
2954
2725
1710
1298
628
2330
166
1134
3004
2601
2731
2647
549
914
2817
537
1413
2380
3020
2509
2343
2982
1256
580
2090
3068
155
2450
1613
1566
2157
2957
928
516
1511
105
1571
2379
2378
149
2672
1707
831
2269
1653
2549
1777
2988
694
844
2812
1148
161
1846
748
2688
2017
2967
352
331
4886
3509
3538
3874
350
3595
3409
3377
4377
4042
4680
4356
3287
4237
3692
4529
4315
378
3777
4017
4741
3649
4444
4027
303
3339
4363
4341
3494
3694
4606
3712
372
3763
4435
3783
4875
3259
3233
3585
433
4841
3474
3203
3179
401
4184
3425
4004
4374
3555
4398
4787
4568
341
4767
3998
295
4450
345
4721
4314
4868
297
4123
4796
3790
4044
3397
4627
4038
3467
4111
4246
3272
403
4023
3308
4436
3197
4749
4462
4540
3734
452
4798
4211
4344
3677
3449
3328
4902
4354
3720
4048
4729
4053
3461
4455
3965
3846
3607
3359
4602
4278
3626
4419
4520
4287
4833
416
376
4484
3598
4297
383
3753
4485
4666
4966
434
3447
3249
4476
3928
4203
4622
4276
3839
3295
333
426
3195
4656
3877
4340
3746
4045
4103
4695
4337
3924
4876
4026
4805
3476
3473
3219
450
4649
4254
4043
4195
354
3238
4313
3357
3204
3816
3250
3588
4439
4101
4871
3925
4753
4651
4998
3742
4442
4699
3141
4135
4788
4536
4251
4074
474
4591
3584
475
3823
4527
4109
4197
4144
479
4926
4164
4905
4932
3676
3634
3791
4920
3430
3751
4174
4151
3453
4431
4040
4977
4843
4883
3231
