2525
1795
2741
2736
2335
2629
74
97
2210
1429
1909
2553
1405
2075
2003
2431
2122
2212
1825
2990
1292
1117
2205
258
2845
196
2285
2662
1284
539
262
833
3061
2594
613
974
1794
2646
1804
2547
3087
2889
1251
2375
2648
2412
2004
3053
3019
1274
2293
1643
51
2009
170
2715
512
2573
2387
1645
591
2642
1876
883
2033
2338
549
2742
1852
527
2705
2155
2359
36
607
2391
2051
1219
2273
1820
2175
1598
2473
2229
1803
1136
2302
1100
649
2074
2854
2760
1017
2677
1929
536
2158
131
2992
2193
1373
75
10
1484
1826
792
2223
1159
1665
1269
1352
3038
1728
279
3120
2579
2513
122
2774
803
2221
2821
712
1883
1297
136
976
1177
864
931
2439
766
2086
2237
2396
1768
600
2968
2369
1060
929
1681
2994
1206
1612
1154
2977
2265
2454
73
3011
178
2523
1937
913
2462
1520
2780
2204
284
2667
2727
694
101
283
2795
1131
1180
1641
2274
61
1722
1754
150
261
2685
2979
964
2282
2198
1257
1150
1372
1164
1459
2103
801
1515
2949
1811
921
924
851
2423
2355
595
2441
72
1233
1702
859
2817
951
98
1858
1457
2714
1392
3107
2572
652
3060
1926
659
1250
114
2657
1678
2960
632
1047
1655
2154
2864
250
3101
2925
2378
857
2825
1586
758
2236
2179
690
3084
1718
531
533
507
3057
2197
2121
1024
1237
2474
58
2568
1936
1262
1711
281
2413
1125
622
2711
229
637
630
49
703
126
1793
1016
686
1942
82
17
2945
2777
2534
1325
861
1027
2367
1839
1973
667
2936
2697
2723
2136
909
508
104
1865
1760
113
1356
1273
912
2805
3888
4343
4425
3417
3865
3801
433
3228
3769
4543
391
3875
3148
3786
4348
4765
4679
4273
442
4495
4544
3598
4523
3403
3950
4449
352
3345
4907
3845
4478
4000
4577
3758
4976
3889
3522
363
4028
3190
3969
3589
396
303
3180
3312
4987
426
4766
4968
4346
4560
4029
3384
4612
4677
4499
4424
4065
4100
3423
4303
3604
3205
3166
4385
3736
4379
4436
4429
3550
3243
4851
4533
3546
4563
3959
3475
4019
3612
4567
3606
4032
4747
4184
4094
4745
4317
4800
3996
4123
4353
3156
4401
3186
4876
3419
4659
3869
3761
4801
3834
330
3811
4953
4657
458
4127
4959
3132
4739
3890
3971
376
3712
4130
3734
4584
4359
4728
4154
4389
445
4845
3573
3352
4013
4632
372
3972
4660
4605
4664
4853
4069
3726
4986
4041
4005
4915
390
3526
3982
3310
4874
4574
358
4943
4827
4519
3995
3354
3176
3178
3547
4362
4387
3392
3541
3174
4155
366
294
3281
367
4803
4630
3954
3459
3779
3397
4878
4503
3675
3236
427
4084
3533
3284
4282
3977
3211
4646
4673
3138
3163
4830
4975
4977
4843
3556
4175
4433
4932
4964
4165
4924
3412
3355
4930
4901
3307
479
3843
4143
4434
3231
4883
