689
1399
2177
2806
582
728
891
3074
2074
162
2886
2721
2121
2839
2364
1826
1512
192
2231
193
2656
2860
2778
991
836
1062
1886
56
1850
3053
2188
663
1869
2201
1037
2443
2413
2459
520
289
2218
2877
563
951
2136
1778
1507
2988
2829
1855
2601
1327
2830
2144
2779
1743
2518
734
1931
1489
1108
1077
2532
2503
1759
1072
819
598
11
784
2690
1394
2818
2524
1481
2604
276
8
2526
1757
1275
1637
2887
1146
1370
911
241
1240
1035
1017
762
2112
1589
2356
2100
675
609
2297
1528
1249
1113
1492
252
2997
820
3011
2387
2899
1301
2423
2197
2105
2850
2507
3096
2433
2455
2420
650
1260
845
512
1602
1326
2631
1441
1625
1293
247
3061
274
1508
2499
1142
938
2967
2096
1813
2134
1054
1755
2309
1821
1832
1738
2675
3088
1576
2475
571
3022
1692
2007
1417
265
1339
812
164
1280
2590
2680
1955
679
1285
2947
2654
1373
1208
1485
878
1188
1943
2281
159
1487
1896
1132
3121
1013
1952
106
703
877
1770
2368
3033
628
1694
1796
1044
2187
638
3106
2641
1542
1912
1544
587
867
1785
2347
1112
1674
1385
2693
896
2538
1245
2897
1177
1689
1550
2571
188
1376
1561
261
2099
2300
2826
1131
2072
2141
2636
2192
2525
2310
1377
3124
2854
2492
2426
2894
1104
2761
569
3049
1519
2376
2706
1753
1369
1173
2694
47
2458
738
1698
1308
1802
916
2023
1309
1342
721
1846
1199
933
2154
2585
1844
805
2094
1223
2713
1330
2630
199
2754
678
797
141
2872
2274
1116
1055
80
3013
503
2172
3007
2109
2920
554
1775
1924
1992
1144
3109
726
1459
2202
3866
3813
3491
4980
3346
3972
4647
3890
4277
4549
3789
4110
4292
4707
4533
4880
4222
3550
4683
4423
4070
4455
4706
4233
3680
421
3600
4380
4033
4079
3269
4813
4014
4797
3242
4312
3995
3204
4815
3679
4243
3352
4285
3845
4417
3383
4862
4146
4196
3268
4321
434
307
4621
4123
4023
313
4305
4381
4649
3577
3147
4859
3415
3130
3684
4512
3537
3476
444
3224
3273
3968
4519
4664
3162
4672
3234
4362
3665
4948
4208
407
3309
4685
3376
4619
4387
3646
447
4841
330
4611
4603
4665
4425
3688
3713
4778
4912
4732
3241
365
4344
4725
4148
3377
4447
3887
4961
4484
3395
439
3535
3411
3389
4779
326
4967
3747
358
3797
4046
4237
3128
4236
4068
3745
3546
3402
4689
3159
4869
3570
3169
4746
4654
3519
3607
4798
346
370
3287
4341
4877
4556
393
3722
391
3609
3567
4063
3605
4486
3370
3883
4240
4870
4505
3464
3759
345
4108
464
3984
415
4529
4383
4782
4250
4628
3361
4625
3555
3496
3809
4395
4498
3152
4197
475
3826
3284
3533
4187
4673
3432
4157
4969
4947
3276
4895
3904
4169
4141
4142
4910
4376
4932
4181
4166
484
3916
4899
3375
3900
498
3750
