2278
1147
1998
3024
673
2816
2014
2063
55
2882
2565
1455
1258
878
1667
1657
2018
1183
979
2946
1632
2090
614
109
1443
554
182
1694
2700
2280
2435
2826
1602
1808
2437
968
2138
1014
2066
2878
208
764
2844
2192
954
1388
1462
263
2630
172
2567
2911
3046
1027
1396
51
1232
2490
1155
599
933
1890
2571
3029
722
1430
2468
1529
2876
1290
85
3035
2776
1431
3012
730
2554
118
2223
2330
2111
2375
2276
1315
899
166
1370
1675
1160
273
1516
2599
794
749
2668
2204
538
2718
2457
181
537
506
199
3124
1895
622
1295
2210
2061
1390
705
654
2277
2994
1800
2759
519
593
2501
2855
3007
1599
510
1917
2731
1304
2141
1427
670
930
1543
1948
1869
2652
1201
2086
2022
555
883
977
718
1493
2753
1055
782
1513
2950
1671
2254
64
1882
3116
1243
2812
2296
522
135
823
1101
2309
48
1575
844
686
1656
847
2713
1712
1863
651
241
1766
1621
103
3009
1739
934
1377
1322
1648
2667
3063
785
571
2351
1095
2669
750
2508
639
2491
2976
557
2541
3005
1157
1681
996
1008
2958
1590
1421
1826
2783
3078
2092
1517
1919
2064
1577
1833
1585
1507
2259
2305
1102
1715
1705
692
2415
252
1220
2811
685
3034
2955
1540
2271
2998
1139
2992
1916
137
3054
1271
2053
543
1009
3010
2384
1696
2604
1642
1572
2625
1868
123
1695
1878
3074
1132
2810
3052
2845
2355
289
1651
2688
2097
111
1674
1278
2401
2838
2464
3045
1282
1332
2849
2426
988
1921
35
1974
2087
906
1035
1406
3011
27
652
776
2037
3097
595
1748
7
2476
2543
607
1190
134
4872
3665
3519
4420
4150
3678
4509
3610
3243
3513
3352
3817
3637
4988
3392
4678
4987
3845
4625
4666
3965
4606
4992
4272
3381
4134
3542
3251
3970
3941
3669
4647
4321
4835
4208
3582
3529
4479
350
4195
3920
371
3460
4119
3229
4310
4755
4561
3990
3245
4253
3736
4514
4076
4403
460
3724
3815
3203
4003
390
4933
4778
3153
3386
389
3683
3768
298
4442
4495
3227
3234
4790
3765
3661
3931
4367
4356
3408
4088
4524
4335
3959
351
4699
3862
294
3254
3422
3411
3703
4535
3740
3537
358
4082
3600
4866
3958
4328
4494
3444
3856
3730
3382
3632
3242
4967
4172
4683
4602
3602
339
4533
3994
3995
4490
3606
3782
3199
4954
3776
414
4684
4911
3834
4083
4048
3520
4682
4111
3714
3574
3957
4542
3764
4955
4587
3784
3654
372
4041
4618
4522
3421
335
4329
3592
3228
411
4723
4528
3790
4078
4980
4548
3447
4963
4681
4115
4511
403
4614
3201
3623
4610
4672
3603
4486
3991
3132
3943
3922
3677
3417
3633
474
3572
477
471
4187
3561
472
3539
4717
3868
3356
3751
4910
4906
3916
3477
4114
4280
4157
4039
4141
3681
4696
4913
3556
490
4973
3640
4178
3851
3549
