1503
3076
2307
2287
1664
2629
1652
1869
210
900
29
2888
2143
1695
1196
571
2568
2541
836
703
216
1424
537
2856
974
2272
800
883
1089
2745
1440
2422
2923
1796
530
2733
263
3031
2871
1307
2864
3049
3085
2341
1103
1309
183
2658
2840
1511
1142
1819
2443
561
1517
939
2585
1960
1300
176
2091
2312
2403
101
108
2156
950
662
2335
2347
2111
2990
2997
275
677
2559
1345
2640
3001
2317
1222
2504
2292
2183
2102
1669
1833
796
2834
219
25
213
3119
1850
2444
1769
37
2142
812
751
290
1864
2516
2801
897
1893
2549
2642
892
2429
1965
801
2592
2762
1798
28
2718
148
981
278
1839
2548
2212
1058
2302
2306
1007
1978
1726
678
2046
2457
1861
230
2023
2644
1356
2915
2344
2870
2993
581
1806
579
2816
241
2226
2447
2013
1670
1939
282
718
1213
1963
2282
264
2220
1486
1263
1621
2622
2700
1933
2984
95
2158
821
2891
1009
587
2703
635
2461
212
590
235
2449
2836
2885
1887
1417
1919
2022
2246
174
573
2356
846
2532
3037
1858
2883
85
1480
2428
1439
2994
822
2753
567
1653
3113
903
1340
1106
2828
1846
1039
2351
2686
1737
2387
1048
2420
871
256
1774
2973
2240
1137
2125
1071
57
1971
1302
2060
538
3042
1232
790
1489
1387
2227
1322
1979
2425
1628
1407
1306
2398
2507
2956
2480
972
2189
1011
2519
2583
3063
2389
2371
1065
1500
2900
196
1550
1200
1006
1116
1233
915
3064
1266
2929
2188
1188
2797
110
1366
856
147
2101
2254
2015
1136
2935
3041
1284
1701
2867
2632
2370
2829
2780
90
2258
2605
2921
1969
2645
1337
3558
4295
3976
3201
3738
308
4285
4354
3711
4250
4224
4350
3883
3541
389
3316
458
3478
4411
4631
4566
3491
3349
3309
3480
3955
3366
4126
4491
334
4387
3587
3886
427
4339
4012
3442
4155
3984
3794
4090
3691
3715
3520
4961
4363
4719
338
4455
4111
4869
3994
4119
3892
4481
4488
3774
3771
4610
4420
3222
3937
4021
4242
3414
4603
4563
4436
3856
377
312
4824
3882
3140
4335
3605
3863
4817
4518
4120
4338
4730
3988
3143
3177
3371
3287
3274
4653
3246
3512
4739
3926
3848
3935
4461
4205
4781
425
4220
3957
3301
3948
418
3630
4258
3490
3242
4130
4725
4407
4813
4772
4046
3813
3716
4299
4865
428
4137
4043
4689
4080
3719
4890
4281
4029
4028
3290
4190
4016
3582
380
4585
4072
4204
3182
413
4468
4828
3463
4229
3374
4506
3529
335
4085
4774
3296
4683
3482
3531
4134
3400
4662
3816
4494
3777
3784
3318
409
3410
3492
4394
3593
3983
3746
4931
4958
4802
3513
3460
4626
4619
3153
3675
3869
4218
3294
4769
4251
4498
4187
4282
4646
4097
4197
4908
4143
3556
4709
4113
4139
4901
3841
481
4376
3894
4888
4928
3902
3336
4923
4843
3184
4937
3851
3912
