991
387
1357
1469
1028
528
1408
644
1305
1346
1087
451
1175
633
158
957
1558
1325
784
1559
562
643
584
203
52
340
998
1416
581
478
937
941
1549
561
1329
665
988
1101
626
1275
1153
441
589
496
672
532
238
420
959
372
74
1413
173
1076
923
332
287
341
706
1086
383
865
195
1059
771
1081
434
345
56
44
196
826
12
1164
654
1643
2874
2590
1723
2826
2626
1865
1898
2184
1606
1853
2327
1855
2275
2542
2903
1826
2357
1977
1716
2186
2827
2334
107
77
1774
2200
1883
2675
2465
2214
1933
101
111
2183
1779
1910
2922
1861
1803
2114
2599
2175
2311
2711
2000
2635
2375
2024
2621
1778
2530
2072
1602
1817
2472
2970
2029
2361
2169
1864
1980
1805
1953
2955
2563
2961
1877
2764
2528
2328
2417
2248
2841
2728
