708
56
1320
1381
1106
342
1324
965
162
1314
488
849
1304
293
1101
671
1563
984
445
1512
31
1557
1264
1284
35
200
287
348
34
691
743
1080
642
1263
1517
1412
1424
902
1341
770
848
676
1537
414
1043
266
1368
407
599
195
492
220
529
582
376
806
1208
640
1359
404
198
820
206
668
1136
1370
932
525
522
585
322
1387
1236
536
1271
2242
2756
2448
1895
2093
2593
2193
2443
2728
2512
2314
2343
104
1683
2211
2133
2580
2187
2273
2754
1636
1676
2163
1716
2991
2944
2794
2099
2126
2791
1913
2703
2079
2837
1959
2299
2173
2775
2341
1951
2624
2330
1737
2048
2983
2075
1648
2913
2446
2504
1608
2770
1730
2464
2389
1998
2110
2007
2890
2889
2763
2674
2748
1775
1826
2326
2419
2398
1886
2120
2424
2690
2144
2134
2844
