821
802
0
993
856
170
2
1345
575
608
1147
1187
304
229
829
1098
1461
670
550
895
1498
806
1515
1261
901
614
1198
275
327
471
1315
792
1023
1372
194
249
789
787
776
887
1059
908
1470
328
420
1312
1191
849
71
1235
790
518
588
1045
1531
507
1331
1284
1310
1078
231
1131
177
385
938
192
882
523
922
810
36
260
437
916
487
2018
2753
2696
2061
1904
2002
2340
2602
1956
1668
2667
1725
1588
1610
2035
2618
2632
2572
2665
2683
2890
2982
1966
2967
2542
2212
2103
1993
1635
1815
2689
2594
2396
2991
2039
2891
2584
2101
1801
2492
2415
2600
2091
1608
1851
2272
1901
2547
2922
1893
1933
139
1724
2343
2325
2072
1793
1575
2666
1667
1789
1811
2114
2431
1825
2635
1889
1972
1586
118
2349
1732
2000
2771
1778
