166
150
1339
405
1424
849
1113
1360
1240
410
760
256
1295
176
767
1201
244
1001
1370
489
1485
1354
1539
883
177
1474
1318
997
1372
836
1233
367
1411
1274
306
1112
1216
37
53
1084
1000
636
754
664
969
772
1286
970
1535
269
1251
1334
1179
559
1065
1254
535
1426
496
671
1107
1506
647
571
1319
379
343
384
1446
610
1123
528
998
622
1060
2382
1784
1882
2680
1962
2565
1942
2379
2361
2434
1821
2034
82
2920
1610
2290
2237
2940
2996
2693
2759
2429
2047
120
1851
2261
2595
2285
1797
2740
1855
2040
2342
2493
1792
2815
2521
2756
1645
2575
2937
2276
116
2585
2879
2095
1994
1999
1927
1598
2679
2028
1705
2923
2188
1789
2554
2631
1599
2306
2582
2041
2804
103
78
2642
2415
2548
2174
1790
1860
2914
2963
2939
2219
