1557
597
1568
801
54
1526
1169
532
1343
1561
0
1191
681
867
74
1248
527
188
1375
851
1385
210
55
963
70
247
1102
552
896
1506
1135
1307
69
45
1107
1054
1204
1179
864
1081
1105
411
1396
873
490
848
1453
1408
612
1403
1065
2
242
380
661
967
757
1410
788
229
741
1001
65
1321
709
159
934
204
1443
679
63
394
587
1200
976
2954
94
2005
2706
2051
2553
2810
2583
2482
2245
1753
2881
121
2780
2098
2123
2167
2376
2116
2707
2010
2936
2019
2103
1879
2462
1800
2569
2400
2117
2773
1642
2540
2047
2615
2272
1717
2789
1727
2347
2415
1862
1985
2840
2069
2048
2256
1897
2718
1936
1612
2727
2463
2768
1834
2095
2427
2292
1865
2331
2365
2215
1808
2539
1779
2713
1633
1958
2558
2285
2581
1981
2445
2308
2857
