731
1006
897
744
1262
1457
419
507
886
502
814
1515
224
1350
1423
694
274
305
1241
292
822
1312
1084
648
850
741
923
764
1430
1252
527
703
866
1173
361
1476
1400
1486
421
875
34
1140
287
570
1231
1018
1344
1127
1568
1330
51
701
1098
321
536
161
1482
264
1108
1265
459
1214
1535
729
1229
1272
652
797
992
358
1215
918
1099
1472
808
122
1670
1719
1663
2316
2992
2508
2892
2931
2305
2309
2610
1686
2489
2605
2185
2350
1784
2869
2126
2649
2122
2111
2807
2189
1818
1995
2396
2962
143
2915
2378
2652
75
2168
2808
2291
1894
2593
1778
2075
2877
2916
2428
2080
2853
1893
2598
2374
2204
2920
2878
1731
1997
1987
2095
2181
1683
87
2762
2903
1597
2475
2828
2744
2722
1781
1646
2113
2458
2129
1811
2897
2227
1887
