332
832
1067
1245
1143
874
1514
1496
1274
590
591
823
1335
1012
617
1187
209
1324
850
39
991
1396
241
1110
508
830
749
524
913
667
1026
888
392
469
961
333
1498
442
1244
921
1456
1400
1401
330
401
311
932
297
1567
1399
677
260
479
817
1032
421
1258
703
334
584
616
493
1566
1428
1554
1398
587
1570
431
235
1186
581
528
1446
1459
2495
2632
2935
1681
2043
2534
2498
1620
2214
2680
2818
1775
2980
1878
1598
1927
1675
2284
2483
2065
2716
2264
2817
2484
2820
2746
2734
1576
2163
2054
2615
2467
2402
1636
1773
2801
2695
2886
1774
2279
1859
106
2830
1902
1985
2511
1629
2813
1705
1851
2547
96
2261
1591
2076
2670
2404
2078
2619
1743
1906
2197
2346
1981
2566
2398
2332
2847
2790
1590
2914
1833
1652
93
1917
