1301
179
1629
1685
1607
1486
1054
218
68
107
1664
1062
372
895
1738
1270
1002
1163
1756
199
1350
977
635
1275
832
341
2110
1771
1994
1636
152
154
1355
365
1271
1178
757
582
323
1742
557
155
1015
793
1120
1008
44
1655
651
612
1787
2001
1078
1268
1117
2156
703
2028
838
223
690
32
802
587
786
1650
1846
1862
559
1511
1327
1195
426
1296
60
123
640
1980
906
1700
1465
1758
539
1600
1712
227
2155
1961
311
2012
1973
1562
1258
2141
787
1331
714
246
1701
86
952
73
172
1544
1248
2167
597
1704
1674
1001
1074
159
1418
417
15
1119
1185
1824
2127
134
1377
1259
1699
1132
254
427
581
1042
2147
1040
2004
1583
1872
1081
1394
887
1751
548
1987
984
683
93
563
43
484
1393
1427
2038
1294
2153
1939
981
673
1057
2058
963
736
348
1451
1164
523
1028
1029
370
502
618
1440
781
2120
1954
351
2158
506
685
182
1209
1796
156
437
811
1730
1371
1006
1075
847
2192
446
1211
2017
719
795
1468
1225
1515
447
386
1255
1749
443
1962
869
1416
412
1478
877
288
913
881
2190
1314
1691
367
1026
1204
1711
940
220
857
388
1244
