936
676
620
1224
1738
1584
444
1292
1332
607
1142
1133
1756
34
1111
349
1815
1945
424
762
522
204
1193
1728
5
188
1140
1116
1785
432
7
1319
1076
365
1493
430
1240
1849
812
1264
309
245
418
1274
1612
1120
1542
934
1279
651
1117
252
950
1462
2151
2088
689
529
1068
215
322
135
1980
1458
1540
1469
1675
457
2059
1191
690
1260
569
1326
1265
888
1031
1553
882
2185
628
1252
1961
2031
75
2194
69
1216
81
1258
2024
1351
314
227
902
311
787
104
835
246
1435
1824
915
706
324
1977
1680
1034
542
938
37
1237
1839
624
159
1674
64
649
718
1373
1886
1699
1309
1777
1966
581
1384
312
1765
516
1130
1724
1310
1754
926
554
1679
930
175
2023
604
1868
2128
592
696
1802
1106
1281
593
1289
1412
739
455
1445
981
1633
1201
2153
1884
1746
899
381
1956
1743
967
519
6
1402
10
143
677
1918
261
366
1555
82
1123
1683
1805
1209
389
1115
1049
1888
386
1020
97
358
769
42
1804
435
1156
1766
465
115
993
1833
2011
1932
1919
133
1461
794
1599
636
2188
1628
338
1478
480
2197
2025
1747
1347
1643
692
126
621
192
