748
762
2138
1790
731
1002
1358
1306
2027
1293
1899
1608
1592
1664
2108
24
349
1652
19
1142
1847
344
299
18
1165
1350
3
183
1193
1430
594
341
1698
2104
1931
575
1061
148
164
1651
830
1725
2019
529
2150
617
1476
929
1631
252
1345
2003
1299
1170
1623
1107
948
1612
1969
1206
1365
923
833
1863
2009
290
280
1540
353
1862
1482
611
2056
1137
888
2080
454
834
1511
2059
1556
168
1331
518
1973
2107
413
1334
539
1961
1073
1972
1566
1727
1457
589
1126
1929
1213
461
411
1897
980
478
226
1695
1304
1421
1084
560
591
681
2034
1342
1504
1261
1414
1119
1069
2082
1679
1040
1959
2004
729
339
2122
2144
516
1181
1978
930
1838
1915
197
946
886
694
505
1649
755
1056
1782
1857
1376
1630
1760
2058
1778
1667
1574
357
1427
1545
8
1774
1884
1889
592
947
306
1417
893
1202
579
6
965
1333
103
1175
1805
502
1037
468
2120
1769
92
520
1837
1369
1370
648
1043
1065
572
2011
97
1103
1362
1232
921
678
2154
1280
1168
443
114
1531
1975
1020
1716
119
1691
601
2121
463
1535
1266
1284
1688
140
1467
1481
2190
2132
220
1169
1273
1215
1570
