1945
384
1930
2087
237
607
1486
625
1595
1062
622
799
1425
499
200
727
212
676
1253
19
658
392
1811
1791
430
1429
1785
231
812
1178
1636
638
547
1849
1160
204
1880
1061
1047
1363
1902
223
1498
265
257
2150
663
1526
529
1139
830
1274
36
407
316
1127
1455
1623
546
1476
1017
802
1031
426
1887
193
1955
559
900
491
59
1590
290
786
1686
2092
588
1403
1781
1070
1176
311
675
1155
760
439
1593
1507
514
753
314
1364
701
1457
2024
1073
1407
797
1080
898
1463
2089
820
1291
2178
403
980
915
1860
717
1248
1892
2005
417
964
1261
654
973
2048
247
782
1872
1886
1966
1277
823
1959
251
31
1765
41
1720
1229
1438
1130
294
2163
1384
1754
1812
348
1852
755
1464
966
1451
8
1088
1445
2036
574
1884
189
1714
2128
2135
619
1148
1502
1250
2015
1805
320
1218
1343
1282
486
1320
210
1513
207
1508
1816
1803
1037
1642
562
579
57
156
346
101
1372
385
2154
1749
804
481
722
1558
1632
993
1528
2173
1428
1820
42
389
475
1075
126
1298
1677
450
2197
1266
1335
637
51
342
940
1519
1307
105
1989
48
238
96
2169
1222
