971
1321
237
179
2160
29
1323
1062
733
727
1163
1067
1567
731
2094
1729
284
1097
1689
534
1283
702
1350
1436
67
301
321
1240
188
1785
635
987
1672
1645
968
332
1316
638
1319
1792
433
1861
1745
329
1850
1274
162
742
1276
1058
793
1541
1923
1526
656
1659
844
2019
1200
1952
390
58
2196
1788
1511
1553
1675
1060
1739
1031
1431
1326
802
827
1494
1878
684
363
1613
61
583
687
128
1479
2012
201
714
2141
118
1364
1898
2106
732
227
1013
1761
1709
1176
1093
311
995
1119
1373
2052
1463
1421
289
1680
560
440
1010
980
937
1610
1504
767
1958
728
549
2127
1708
2051
1395
1577
166
1081
380
823
1851
1310
858
250
2159
1157
1808
191
541
1189
2002
933
507
1039
56
555
303
12
2020
1021
1376
1410
1873
1399
1865
378
574
1609
348
966
845
655
103
1859
811
437
143
1635
1805
1903
2113
532
1605
1328
474
1900
1322
510
1743
469
925
1769
1801
1766
70
497
1167
1468
1020
961
358
1589
169
851
1579
158
1166
203
665
181
1428
1168
1721
238
412
288
1643
1732
1534
601
1307
419
53
1869
1809
1543
467
79
1121
525
1444
1596
