1269
2095
2189
1664
94
762
284
211
600
1257
1054
1729
107
1963
1329
535
526
730
1741
1629
522
387
1636
1009
1116
146
1283
157
4
1904
3
1182
807
406
927
658
1672
1076
1619
740
1655
1120
742
1557
2181
36
1783
1612
1575
263
945
2039
567
1344
770
1095
2187
603
1533
907
1499
2123
660
1226
290
1974
230
2037
834
213
1686
414
457
186
1326
1327
1540
1744
871
1046
1821
1727
1712
1736
128
1569
1701
818
842
1
609
2049
1587
710
1387
233
439
1668
1013
402
654
52
298
806
2178
1892
1237
1958
1109
1074
1019
2082
1839
1418
1656
1421
2195
767
417
35
1908
234
356
2070
2163
823
1838
1187
1189
581
768
276
1799
782
362
2081
1928
1081
747
626
56
828
1993
1056
1502
765
1148
93
853
1802
1852
1357
1865
1376
434
755
1889
1122
739
696
210
506
738
629
941
1497
2096
2006
2158
26
156
2170
1136
2176
1803
1903
1485
1642
680
504
1018
2184
678
1030
122
1730
1558
485
1409
993
1378
1468
1589
1579
1968
1203
42
1718
1255
386
1989
1534
1570
1836
2121
476
630
46
1693
487
595
256
1578
288
1543
1023
1284
1691
601
342
