580
2115
196
1921
1352
496
372
1905
1567
639
2126
798
1652
1608
668
336
171
1270
2068
2189
154
432
1173
2112
812
1493
1941
807
1160
323
1706
1162
430
242
1363
1420
1436
1429
1672
1934
1353
2175
1946
1659
2182
651
1612
433
862
1498
49
1551
830
1360
1786
612
1117
1902
1541
557
2074
1060
160
882
308
891
2041
1403
684
2008
322
248
643
1491
1540
1143
901
454
587
1392
1465
456
784
596
766
1
1870
1709
1950
1702
2024
1761
1736
1176
2016
86
1246
2191
1489
118
324
1824
1090
2178
1022
810
669
2149
883
1435
120
1935
1463
1050
681
1034
641
1565
854
1304
250
312
505
771
16
477
2147
2118
65
694
2021
2081
886
216
1384
858
1438
325
1286
1978
616
111
756
788
1158
1374
1422
801
208
1256
1639
1840
1056
1692
1789
2172
1682
619
555
2084
781
749
822
1874
1348
26
54
156
1995
277
512
2061
2113
925
1644
1311
899
864
1805
468
97
1383
1156
1233
2173
847
1833
1988
577
391
1177
1804
497
1194
1962
1715
358
1180
2000
1896
2007
996
1596
667
79
1026
940
85
1347
1169
1215
1298
1775
388
1335
480
140
1222
1404
1300
