2180
1224
1133
1338
536
2162
371
2108
1764
1592
798
1044
200
328
1601
1134
336
762
620
19
1275
2033
812
949
1792
453
856
1931
556
547
1162
1762
1487
344
243
67
147
1135
2046
1388
948
141
1541
1462
1110
1345
418
1200
1985
1526
1952
293
77
1004
1000
1405
1268
2019
957
734
1191
559
202
178
271
1613
1231
1876
60
1540
1315
833
1675
399
923
1431
666
1403
2059
991
1712
817
1569
835
11
394
861
898
429
1587
314
1825
1241
2083
843
1331
514
359
1593
550
1373
2146
1463
2157
1242
717
35
1003
134
1663
806
955
1069
865
1897
2195
2082
184
102
825
282
1751
1770
1214
1564
197
2166
1025
2070
2163
294
1799
1395
1449
1229
180
401
1207
552
1197
1146
1782
500
1466
801
1697
828
84
55
1633
317
981
2128
1445
378
1890
2135
1055
2139
1085
448
519
512
156
1343
373
579
1816
361
829
170
1014
1683
267
1837
1138
618
1333
811
1796
108
872
497
1232
203
1448
1361
2079
1043
1893
719
1681
382
1288
2000
1589
449
769
1453
1428
338
1581
621
1016
962
137
1096
1901
1691
85
646
857
608
1535
2198
51
667
1151
1989
1986
