1624
1488
928
2138
1133
1339
762
496
396
1253
1321
754
1142
1134
1329
1967
1293
1899
1083
895
2090
785
498
1182
1785
615
1611
423
1397
1154
1184
556
274
2099
1493
1636
1698
1653
188
1141
1684
433
603
98
397
1390
1551
223
1659
1861
240
612
2187
1004
957
1527
383
221
1538
340
1482
409
193
958
1491
1894
61
1226
566
1855
682
1295
1494
923
988
1863
457
1781
202
1613
561
2177
1879
1671
413
1092
1591
753
835
528
1024
710
264
333
456
939
818
1898
1251
205
172
1958
1793
717
952
1337
1091
2195
2152
1414
649
1090
1386
897
986
1610
953
1656
343
1330
282
1183
1394
2051
180
339
552
1951
1263
1190
2032
1867
768
325
849
1375
1223
1740
517
946
1281
327
1089
828
2128
194
1692
841
1843
2038
815
330
2135
1865
1443
755
1427
1609
1868
326
1317
1369
1282
1497
1694
1998
1402
103
1737
1485
88
840
965
618
1981
1603
1041
2174
1874
143
443
97
431
2000
1156
1801
447
485
1715
181
2079
983
1233
1362
1475
1673
1893
1115
847
1734
1472
273
220
1051
931
940
2007
1188
775
1215
490
1266
1628
464
1149
1755
354
595
764
962
