1142
536
496
1624
2071
800
1814
1224
1133
1930
1580
2180
196
754
855
668
171
1854
1033
1066
1636
242
183
332
1316
1611
1382
7
1165
1742
2046
920
1047
408
1645
148
711
1411
1940
154
557
934
36
240
2088
950
2151
862
1441
397
612
573
1274
1015
546
697
1078
1107
1455
155
1403
1060
1913
2009
1863
1974
1220
2123
78
1613
1147
1101
1278
1231
900
666
1260
1540
1137
297
1973
797
1437
1648
1102
1825
791
1971
233
1071
784
81
879
201
1176
279
1906
1898
583
1479
2055
706
151
654
343
2136
331
1839
1342
1501
440
2195
1001
1637
1398
1084
2052
1366
1199
1860
1699
768
1765
380
1040
2032
1959
2051
1190
1560
1377
191
1806
1375
1577
1602
1657
694
1951
750
790
751
1682
472
1857
1615
378
1746
1662
959
1884
1588
1466
43
571
2111
1445
763
947
330
2096
1837
956
914
366
579
1343
1819
1402
1956
1927
811
1320
2143
2113
88
261
1547
1555
890
1371
1589
385
45
169
545
1006
804
1211
1448
114
1749
436
1075
2077
572
167
1288
465
1361
1965
1693
869
71
636
105
931
1726
480
857
288
1444
1391
1703
337
51
464
291
1314
884
