1486
1044
895
1163
1905
444
1664
535
526
2087
496
800
107
328
384
1358
196
1224
580
1002
408
1082
323
4
67
2046
658
1880
341
2090
376
1319
522
1165
453
430
1999
148
498
204
770
1249
1068
1684
1626
689
1902
1538
1120
215
546
22
1124
292
49
36
397
174
793
1498
900
1087
2123
1744
2069
1883
466
786
1340
106
1143
1446
1980
1235
827
1613
682
923
47
1392
1484
1821
777
1155
1080
2024
2179
2012
1701
1419
842
1736
264
1176
2049
1331
1401
880
714
439
904
1128
1199
897
542
912
1091
1800
120
1637
1414
1001
1532
915
672
2124
1492
1421
964
460
541
369
632
1413
1254
1259
1395
1928
909
1765
2122
821
554
334
1236
926
266
783
581
1310
8
1039
2125
756
981
765
1774
455
195
2036
571
1865
1895
1281
1313
763
1217
959
2058
2109
1796
469
1956
1647
519
1805
259
1642
501
366
441
1325
1719
1555
1605
1099
437
956
1513
1803
1205
1194
1558
1228
1982
1926
101
2101
1528
1409
386
2142
1888
1893
346
1255
138
1035
713
435
338
1149
1535
119
1620
1606
1505
667
1581
39
1807
374
126
2198
1467
1300
419
913
1522
775
