670
94
225
2189
606
218
1814
622
762
29
1086
176
813
1592
1336
727
1224
855
1253
2071
243
1880
18
1753
1355
702
1240
285
812
785
594
704
67
1594
89
1670
635
1827
1388
994
305
1441
110
293
770
1206
1000
1780
438
1170
567
1626
1661
1127
2088
223
1527
1498
745
263
1717
1260
515
1876
942
454
2045
906
2069
2080
1017
833
297
559
2131
569
363
1913
1686
1788
1318
1556
1648
1331
456
1196
1593
415
944
701
759
687
561
1
2024
1351
1359
439
1155
1442
1892
2157
805
565
1034
2048
1128
64
1032
1342
331
1504
375
876
411
1418
1860
1022
1242
1935
266
1105
2122
180
2147
1229
63
276
295
750
989
356
1602
1310
2081
2166
294
1915
1777
1263
919
571
756
1374
326
91
1399
2139
1217
2109
1943
270
1085
593
839
1466
739
2072
814
1852
143
1452
627
1537
92
1343
82
1317
967
1014
1322
1819
519
502
1547
1508
1903
2143
1844
1644
1371
1232
1233
1245
1586
647
657
1372
1589
481
2154
1079
108
1632
2192
1194
475
1112
1005
983
388
1416
39
1051
1011
1919
1045
1581
1188
1404
1439
857
2198
2063
1755
1641
1949
1298
1151
1869
