668
496
393
1134
2068
2189
1066
68
371
1877
1920
217
179
1007
1247
1301
1764
396
1536
670
949
1811
556
1319
1940
2148
918
1061
927
1165
658
1104
972
1576
74
18
1611
2046
67
1827
689
1072
1582
252
1510
1826
1483
221
257
948
2102
22
568
240
907
1302
1745
1970
1276
493
2123
1389
588
1540
47
1295
900
837
885
1955
690
1553
1403
1226
1036
891
213
2185
193
1315
168
1971
1252
2016
701
161
1784
1013
1126
561
1108
1593
1569
402
1401
1484
1131
81
675
118
172
624
1532
52
15
2127
1674
560
2076
440
2167
2124
954
2048
1304
912
1501
1935
1824
134
251
1394
1254
1799
1654
626
255
356
1928
65
1823
516
401
1987
1770
1277
2144
250
1679
27
93
1639
1464
2139
947
1289
189
1960
1676
1840
1148
1574
655
2022
1281
531
788
905
80
84
1903
1642
965
1953
1029
908
2015
501
1497
1320
2113
1123
129
1027
661
519
156
54
1432
1874
352
1428
167
1514
1984
1528
804
1589
978
1180
1885
150
1370
1896
678
249
872
1232
1558
1975
737
809
338
1581
51
480
490
1016
105
1221
1703
1523
1335
1305
354
1829
1063
917
1051
709
