1601
171
214
225
530
107
606
1044
1396
2066
235
503
1152
1607
982
1685
1336
1048
1133
199
1411
1742
1811
582
154
1271
920
146
323
1234
430
1847
1388
585
2033
522
1350
1141
1525
785
1206
1000
838
1462
1783
141
1015
383
603
368
215
1390
1117
1381
66
1582
1276
1200
1538
1058
836
1491
2030
1036
901
1235
1326
1295
1781
363
570
1640
1172
537
28
985
60
834
2092
364
2141
1929
1457
732
1758
118
1870
1359
687
1587
311
1251
1479
1727
1668
939
420
25
304
791
241
774
298
806
1509
964
219
669
2124
1793
1617
2195
560
460
1118
1010
916
1860
825
1185
694
130
1207
2004
2054
216
1309
750
1459
356
650
1243
2165
1187
1560
1377
1622
1227
2081
554
315
919
947
1667
599
1782
1916
2128
574
1055
875
1281
1545
109
751
693
1696
739
357
1760
1874
2006
1136
864
2143
143
306
2145
510
471
1186
1175
1903
2168
486
540
142
370
803
1328
1043
449
1975
1749
101
1194
1984
352
1371
1383
114
1926
1103
665
1673
1156
1035
1361
1075
1968
319
1949
881
1266
1188
1643
342
1572
1807
525
743
1416
476
1064
951
177
1620
1989
1204
1869
