496
1584
384
1044
199
1062
1624
225
2162
1815
377
855
212
2026
424
1899
798
1152
1685
1741
1791
1561
1827
1934
2033
1454
1162
1429
920
2098
147
704
1785
1948
40
1940
1135
1411
301
2186
1117
87
2161
66
2028
222
573
2150
215
653
1276
407
1268
656
145
110
838
1983
745
1542
1491
1070
363
834
1955
2044
1315
491
1171
871
1278
1717
1788
308
998
2037
1482
1705
1974
347
1712
1600
279
1871
333
163
1465
128
1761
550
902
1569
2049
1929
2024
710
1216
1909
1126
413
1366
184
2067
865
549
73
2127
1793
283
1337
1034
659
1261
706
1463
1414
1695
375
343
1512
1838
1806
2137
1777
598
2159
312
339
750
1812
1214
1654
1634
1309
1229
1724
401
266
2183
1765
1410
574
571
1676
1174
1890
1393
43
963
76
614
1852
1374
484
1427
56
1776
1422
2109
563
558
1218
1529
370
1099
1647
1325
275
366
1828
1138
840
2143
908
1328
1041
502
210
803
527
1043
1075
1766
1371
465
722
232
1550
1730
1468
1049
1962
2184
657
999
2000
1926
564
108
260
1949
621
220
1204
509
1677
1064
857
997
1733
105
1221
1347
96
525
1711
913
637
709
1924
