179
1097
1358
1963
24
1253
1033
1976
1002
2091
712
2193
2115
1332
2068
2094
384
1920
1567
936
392
725
664
968
1619
1193
1178
164
582
522
1561
1525
148
1771
976
1847
575
1548
695
987
700
617
418
612
568
1850
340
910
1520
950
257
1390
1249
844
699
573
546
2001
335
838
1191
688
786
1883
2123
2080
1613
1863
985
414
660
991
1491
1700
863
1944
1665
1265
1686
1914
2024
2179
1727
1587
1973
128
903
1871
679
1
429
524
1784
1213
69
1364
1331
1155
439
518
184
198
411
952
1330
1477
298
2195
810
1426
1544
681
2157
1414
2064
2199
1958
1610
1119
964
125
404
1823
255
1130
1227
0
1928
1210
2004
909
1560
1183
1189
989
1181
1394
1259
768
1243
1802
839
2038
610
966
790
1039
673
735
828
1445
2020
801
1943
1174
43
1106
845
1250
919
1642
661
1028
2168
1844
2096
969
170
538
10
2176
1842
1954
840
1956
156
523
1828
1803
2174
1801
1049
1681
572
1468
1255
481
1232
564
1205
122
485
158
1579
1550
232
978
2192
45
713
1688
1599
1986
476
354
1307
50
1467
360
273
133
53
1732
1188
319
1444
951
743
1543
917
