165
412
405
454
329
440
447
299
54
359
161
144
241
345
313
20
117
445
137
302
202
292
332
317
342
71
396
130
145
187
68
14
401
184
185
378
422
153
257
276
325
52
330
96
25
111
327
190
442
49
87
48
15
349
273
208
138
69
236
104
35
358
462
172
32
319
392
102
391
331
383
301
18
458
406
344
232
416
269
45
262
310
115
37
294
73
296
13
263
215
306
59
309
160
354
217
106
10
112
459
225
78
248
146
65
271
175
243
131
362
311
268
308
425
270
118
107
437
258
167
159
303
287
339
183
12
314
142
451
61
210
233
455
336
126
439
452
255
88
403
133
256
357
36
72
122
8
322
64
99
81
414
350
434
196
