341
431
390
335
144
192
453
174
198
30
158
445
299
41
239
329
290
161
87
111
163
374
110
330
66
137
378
96
229
68
427
321
226
426
148
342
121
132
203
202
28
247
93
52
379
400
184
29
240
21
173
214
351
393
310
149
383
114
279
34
402
108
265
172
391
394
181
47
76
416
102
234
423
429
333
43
45
273
406
150
301
32
3
331
269
344
217
444
70
224
280
288
112
263
389
242
79
118
457
354
249
146
46
328
27
100
134
39
131
147
225
271
113
343
59
296
459
156
309
31
274
65
122
64
297
414
139
451
11
40
61
72
336
22
287
266
8
16
221
360
19
312
17
261
44
295
186
339
452
36
133
338
233
275
58
