170
241
304
341
219
251
7
363
293
41
359
119
456
193
162
23
445
388
38
332
347
442
229
29
148
397
25
74
404
163
203
202
418
132
121
66
348
321
214
382
247
446
153
86
342
94
96
67
201
427
327
137
15
353
108
265
179
128
250
56
97
37
406
333
60
392
273
394
279
391
181
73
114
76
283
381
407
235
149
129
232
272
369
351
138
155
55
70
51
5
75
384
27
65
249
10
107
361
177
63
437
291
435
225
334
337
169
160
224
124
13
217
320
42
340
354
248
328
308
109
59
168
57
339
312
434
295
0
287
189
88
196
40
403
414
183
413
338
370
64
286
256
126
420
218
433
438
58
62
367
125
8
395
233
17
