170
154
144
408
90
239
449
405
304
84
447
323
346
198
241
440
345
453
427
332
203
442
145
105
25
67
430
195
426
397
317
190
267
422
74
96
214
400
187
418
342
185
28
29
321
14
401
137
327
52
110
365
208
138
236
250
15
273
181
43
114
245
281
47
462
171
331
294
3
35
262
269
358
316
289
351
101
150
230
77
34
344
179
53
310
120
5
306
291
134
75
112
124
263
288
259
51
175
160
320
63
156
334
217
343
340
278
296
168
2
107
106
384
113
10
309
441
253
444
354
457
78
218
88
17
85
189
122
298
83
183
403
80
297
443
19
210
287
439
221
455
432
261
16
4
223
57
40
315
376
12
414
62
196
413
