170
206
241
154
323
431
363
212
7
390
251
161
293
123
290
411
335
227
214
461
229
332
426
141
29
399
442
49
26
166
302
21
93
330
365
321
260
374
1
185
427
50
382
257
226
48
418
28
52
430
325
292
82
429
319
222
351
272
324
246
353
383
104
236
69
333
76
135
18
34
15
406
35
37
45
250
265
77
394
56
128
245
252
381
393
204
441
328
106
70
270
303
375
337
354
65
248
140
285
320
168
225
306
175
384
51
425
160
127
63
143
134
55
2
27
136
288
113
437
249
224
118
80
133
455
189
275
17
420
339
19
295
254
125
326
433
196
210
88
367
99
395
221
92
218
452
434
61
356
261
266
44
372
0
255
