304
227
313
239
162
91
84
241
219
180
293
359
450
355
453
408
366
380
426
300
364
264
352
330
214
21
52
327
130
276
14
240
94
347
132
137
195
187
38
203
342
427
321
202
68
121
404
418
50
185
397
71
369
69
149
178
18
279
383
234
252
45
319
6
43
181
9
344
294
34
272
32
394
250
353
262
392
416
391
316
82
289
135
458
73
155
249
131
89
156
242
444
176
389
278
224
194
159
2
113
225
334
308
95
384
182
361
55
253
63
127
65
459
134
205
271
140
160
263
306
328
409
315
186
12
80
8
11
326
432
372
312
318
413
58
254
322
40
434
443
19
356
451
368
298
336
64
367
231
395
126
183
360
57
256
