119
447
123
90
54
363
359
91
385
207
329
212
345
412
408
193
220
421
185
300
418
71
364
111
260
426
29
25
229
386
214
327
427
446
145
163
211
347
190
400
26
325
184
67
1
141
422
378
404
292
191
28
250
294
150
381
114
76
331
6
37
120
351
245
462
149
234
73
34
9
178
423
97
301
406
179
15
273
60
138
246
222
236
392
77
104
435
309
253
75
143
384
65
280
343
225
112
51
258
274
268
409
308
167
457
249
127
39
176
10
248
78
164
159
242
373
169
136
337
124
306
387
403
254
11
256
415
367
297
410
17
218
336
376
255
322
287
356
64
122
210
455
209
216
189
213
357
439
433
196
188
448
350
186
420
