197
421
193
123
454
447
180
313
388
170
144
290
20
428
162
359
227
335
66
105
195
111
321
67
166
352
247
203
426
25
29
26
330
50
191
21
137
382
153
401
185
317
28
226
418
202
430
110
348
292
48
347
138
406
47
265
15
423
272
462
273
281
43
383
392
305
277
222
135
181
45
344
245
76
234
155
407
56
171
6
178
252
235
324
236
351
278
205
249
409
156
100
112
242
160
444
270
42
164
127
280
306
143
224
248
75
328
167
377
140
113
106
375
303
285
389
384
51
271
274
159
70
417
186
4
372
221
72
213
282
420
11
322
17
298
360
188
275
223
189
83
81
286
209
216
57
287
414
61
92
40
315
434
133
452
