239
436
161
144
152
284
192
440
460
454
251
405
363
91
359
228
90
341
247
300
87
74
211
68
348
26
352
364
332
38
330
52
365
145
121
267
111
461
28
404
378
400
1
442
21
317
302
93
374
292
379
141
324
462
349
45
200
69
76
383
208
135
53
316
82
15
392
128
120
381
230
279
294
179
114
301
423
272
429
3
56
34
178
250
35
97
444
46
113
106
159
387
457
354
309
112
377
224
147
384
285
217
95
215
79
2
31
296
334
63
75
263
182
169
55
242
278
268
259
425
70
177
420
357
297
434
356
439
33
255
223
183
244
122
11
16
367
142
438
360
64
196
17
256
287
413
451
99
36
395
338
199
80
188
432
