631
2317
1209
1029
900
793
2391
702
74
150
1795
902
447
201
2014
1950
196
2170
1648
185
610
1033
2061
174
1896
1925
645
954
73
1653
950
626
90
955
44
1206
786
1605
619
1500
2615
1570
502
890
444
1904
768
2003
790
2583
235
329
2627
1199
1191
2588
2621
2330
2060
2548
1283
1789
9
1435
1347
2612
1576
1038
781
1718
454
1505
1591
1516
1415
1331
2595
306
2625
113
2281
2449
2083
957
322
1687
6
1905
1681
1589
1993
1732
2514
634
2057
228
1829
743
1987
4
1492
124
2123
1607
2130
2135
717
2590
801
2173
297
2050
2075
1814
35
237
139
1140
904
1310
2649
210
1903
2578
378
1194
1859
648
691
1532
2163
1508
14
2154
110
2630
1187
852
161
2329
433
246
668
1204
2600
2205
2122
931
156
471
1603
1165
2037
1862
674
104
456
1311
1506
906
891
1828
1547
1267
2180
468
2077
2289
1066
2553
1546
1880
402
813
2605
1464
99
1390
1723
46
1738
2632
638
1211
2166
582
2192
393
2027
116
704
2159
1158
2046
603
2116
2638
2306
1466
484
1706
1621
1620
2212
403
34
2328
165
1875
2519
2571
912
2322
1901
278
2155
334
2645
1652
2651
1544
2383
1284
205
473
103
2513
1662
238
1982
435
207
1914
2364
1704
43
1588
1679
2150
787
910
326
1942
2071
1803
1819
2467
1189
203
967
53
2196
131
1019
2020
2202
1169
938
2210
2382
1849
2291
142
585
1428
695
848
209
1675
1690
431
1613
952
1548
2386
118
2313
774
1830
1737
2134
1994
2352
2234
277
1297
818
111
2516
1700
2026
893
753
97
721
2225
604
2268
1458
1
1109
127
2262
2056
1775
2058
1808
764
1868
2010
640
673
348
1960
1674
2211
1612
2250
1750
644
1611
627
591
177
221
2624
145
2626
1174
273
1391
1455
112
750
642
2523
2286
89
173
448
2562
130
1809
2300
285
1978
231
1018
2505
1696
2314
2609
976
2536
1668
41
158
1263
1888
2198
169
716
371
1554
199
2028
2273
96
1025
1132
2073
1670
1967
23
555
899
1933
2602
305
769
737
2015
1360
2117
2392
1878
1472
372
2230
1573
607
783
70
1358
2617
2394
742
1197
2423
1689
227
1824
2091
186
2476
1720
1287
2129
1290
197
120
481
1932
430
1851
1986
175
2564
1909
1840
2293
1137
901
1218
2148
68
108
1921
1657
327
2114
303
596
2353
2478
1945
1939
1058
106
921
1825
1503
1173
352
740
155
608
1260
909
792
679
827
16
1855
2244
69
2109
395
66
1441
1387
929
762
2087
2593
8
460
2112
1046
2105
1717
688
2579
240
1715
995
77
920
2255
874
1537
1399
349
128
243
78
7
72
1517
1103
2113
879
1258
727
1892
193
1988
2043
622
1188
2126
2274
1695
1684
275
1231
1553
1101
1572
2044
1502
2385
1093
1883
908
2214
681
868
318
1074
1486
962
797
91
2039
1533
1787
2235
2024
2576
1842
2264
2031
1632
1257
715
2299
1527
992
1477
2157
1711
191
259
1006
480
898
2203
2142
1521
2081
1448
625
1594
1096
618
1225
192
2297
2623
1507
1778
584
927
1619
1996
2591
606
45
367
757
2606
1091
1575
836
2074
1707
184
542
884
1184
2132
224
328
2640
213
75
202
930
944
1224
1639
907
2614
646
2240
2120
1114
2247
351
2298
2359
2341
159
1902
765
132
1816
2506
2275
2282
1963
256
2217
2
2575
1574
1712
789
1685
1136
370
1167
2145
1873
1716
1299
2277
2529
2253
1487
2288
2294
1578
1703
1446
2263
989
1253
2421
2110
2168
1995
1205
242
1111
1083
1301
15
1090
583
1371
1141
655
1349
1936
2249
49
1372
984
2641
782
1618
1236
2221
882
2042
200
12
1397
2544
525
114
549
2495
1823
1325
1376
1379
362
1076
523
1359
170
800
1071
1121
647
492
2518
2349
499
1637
1420
746
1565
2420
494
1135
869
2045
933
1065
894
1048
1227
2427
1541
2232
1320
2209
2141
1733
820
474
2333
512
2582
1784
338
1907
398
1752
2107
1631
586
1897
2339
1899
2337
860
1054
2118
2270
1442
942
94
2372
1147
1408
960
80
1070
151
538
2103
2257
2550
643
1643
2499
849
2272
731
1990
13
359
2069
1761
1133
1497
2642
2636
1164
222
2452
709
2271
698
905
866
215
2594
223
2084
2610
2620
1948
2508
963
1832
1088
1586
2637
2566
1143
1624
2133
1430
1361
936
1916
1002
1478
381
959
600
528
1380
2370
1404
1753
982
1595
1724
2111
735
609
2584
2387
284
1661
295
2398
1844
25
413
239
245
137
2573
2652
1373
708
1634
1560
293
1381
923
978
1115
1324
1234
823
2183
1989
2344
2005
2545
331
2477
1794
29
1378
1265
1698
2243
2555
856
639
846
179
1462
2041
2179
544
410
1636
1003
738
1241
1567
1858
1927
2127
1005
1771
379
2343
478
1839
2515
2309
578
791
1465
1705
975
2395
1095
489
916
514
1774
1078
1112
505
1021
1182
915
1710
1069
1427
1788
1469
30
1646
498
672
699
2503
2567
2311
993
598
2396
562
212
355
2106
2373
676
1035
1940
1900
1985
2260
2468
2486
1820
1780
1768
557
1298
686
244
1302
486
2242
2259
1484
121
601
1059
2472
157
2012
2323
2471
999
2460
2219
2444
2094
117
1811
135
1642
788
1869
666
1513
814
1673
1910
2501
1912
2426
1034
1922
294
1749
1520
1190
2611
516
2261
1776
2634
225
532
1918
895
1369
171
1193
986
2527
87
1566
1323
232
2006
2000
730
551
2284
229
1423
399
450
1049
1984
1817
396
2433
2494
1489
2436
658
2556
2369
840
1953
415
1149
1336
254
253
1052
1295
2223
361
2462
802
2296
690
1146
445
2190
1550
2484
1228
2465
1798
1677
987
385
1333
1535
2226
1120
358
1247
1626
1160
1248
1175
2592
1084
1485
1558
2532
363
843
1964
1364
1309
2208
1152
1198
1350
2227
810
1214
1129
1416
1471
2397
1022
2481
2030
2011
2204
1384
251
1445
2400
924
1920
2412
2457
364
873
1476
1835
1094
2455
1475
1104
1991
857
1785
2138
945
1077
543
1342
1713
2569
973
2410
1468
58
182
1089
587
853
1734
404
1276
756
140
1395
1931
744
429
1754
432
406
2403
475
2425
2430
1401
319
1020
374
1874
913
2121
683
1742
425
1374
1887
1177
770
2497
2097
1411
694
1110
2021
714
1073
2435
2347
436
1831
188
472
1530
990
1581
360
875
2650
2100
1232
1943
2093
761
886
2447
2346
554
917
2604
258
1664
722
190
1063
1882
262
524
1764
880
2622
1765
119
2434
564
1031
1941
1496
2429
758
343
2078
426
589
1822
961
1743
1579
37
1421
1082
1281
837
2239
2414
1317
667
763
417
1459
2561
2064
1202
2446
799
418
1045
1339
1769
2438
2336
1186
1353
2474
1315
1270
1740
710
1585
382
1997
54
452
264
1523
1041
1354
1150
333
1810
325
2318
1847
719
1249
1398
1201
2525
1972
250
1107
2206
1251
1461
470
2393
2017
2033
376
347
712
1012
1370
2475
26
1708
2521
476
28
2482
1813
1833
1536
2377
2390
1951
1683
2175
1625
1080
1242
991
1954
1498
536
682
966
1658
2201
1596
918
63
1282
160
357
531
1770
1526
2356
3
545
1889
2402
1024
597
1568
1410
1385
1561
513
401
2419
1028
1926
1321
1367
180
2531
206
22
569
2279
2340
375
1210
2266
1834
1196
1208
2375
2407
1680
2342
2158
1226
1846
726
599
2029
2207
408
424
2509
1453
234
2345
1303
2408
2172
2258
1155
1913
342
659
671
11
1417
2439
2367
1102
1216
560
747
1207
537
1956
530
148
1961
1447
469
1792
2361
1635
1549
556
219
926
1261
881
985
1266
1745
839
272
1163
925
1722
2008
311
630
1252
495
1947
1098
2490
1259
941
796
2215
2290
1562
867
1393
1881
1757
1836
38
1804
214
1008
728
1983
580
1341
830
595
1304
2418
1067
18
1243
2540
579
1086
651
979
339
2500
412
1629
304
1793
2169
65
2520
1783
948
1407
1755
665
2526
617
539
455
1230
384
2437
2267
1418
2406
85
2161
88
1064
2252
1010
2124
83
1915
500
684
2368
511
2493
1124
1709
1011
389
2461
958
461
552
540
1962
2541
2047
438
1116
2096
1212
677
1600
226
405
2454
855
411
162
2469
1007
2304
1087
146
2415
1355
1213
949
1856
567
2456
2326
1280
2639
1876
1604
2598
1272
2063
407
2115
2517
2059
1981
1509
1911
2082
633
1262
1162
1672
2371
64
751
892
1389
1180
1400
2104
1000
2160
2070
1157
2491
1975
593
269
887
1296
1992
2448
2563
482
2586
1412
248
501
2004
453
307
1935
1151
2512
965
281
725
2355
1308
441
2657
670
1762
1240
561
2032
2405
794
842
141
871
1443
2167
2162
497
2554
2080
1106
519
2089
1245
937
2558
1746
2184
1938
2431
2128
1781
548
252
2543
144
1627
594
400
733
2018
291
1587
2350
509
2295
1075
1557
1583
2036
2176
1403
888
1239
755
1351
2197
805
1145
2354
922
2464
785
1518
1316
1714
1068
1357
2338
1854
1623
344
462
409
507
741
971
2054
1608
649
2411
1482
2189
1062
386
2035
1037
377
563
2053
780
1534
2068
126
2440
2533
779
1105
1763
613
194
1015
2151
1898
1293
2001
1671
466
345
2628
1254
2062
2325
2551
98
515
1893
1773
2301
1138
588
1060
218
1928
324
1970
1860
940
1726
2348
2546
1937
2185
1980
703
1693
2269
553
624
760
1577
387
101
1219
1051
623
312
257
286
2450
998
1499
1799
2174
1238
2557
2165
321
1929
1958
2629
804
1183
2524
1221
2417
844
149
1055
572
1268
877
1056
862
2287
125
1433
488
1148
176
1759
1602
2191
732
1081
1318
847
1751
1250
1044
832
1117
1973
92
1030
1525
1246
2565
2079
1314
685
675
0
773
2125
337
1552
1786
841
870
1402
577
2365
1908
550
1200
701
1606
340
2643
863
660
2522
504
865
2552
1857
2308
1413
943
784
2231
2066
1852
2479
1004
79
1617
168
1431
153
1739
911
2404
1288
1979
2199
1818
1827
2487
876
835
391
803
1736
