243
1218
2112
901
642
850
1648
2058
951
4
1300
2513
1873
2648
2225
1878
351
210
138
2060
2109
19
713
2248
734
1092
1570
96
874
952
1305
831
1173
2255
237
1870
2423
2451
1842
1682
930
745
2608
2129
124
1704
1224
2113
2150
2286
707
2114
2081
1477
1441
1500
1621
2273
790
1603
1588
1988
1902
2196
765
192
1638
2385
2321
2031
1689
1850
610
120
1434
89
1639
1134
2352
2055
109
2147
2587
175
43
2364
828
1851
2187
1845
1390
1828
1993
78
45
654
199
240
2478
1464
2105
259
55
1512
227
1235
1679
2476
1694
95
69
1594
273
2050
444
116
306
542
625
1365
2274
1047
1939
1191
2195
147
44
2599
520
108
1737
130
1132
1978
1614
2313
826
71
2649
822
99
2394
1258
2651
2285
1974
1387
2548
2026
1690
1472
1502
298
2293
769
1859
1466
1136
1158
1589
2075
2449
468
897
1019
2126
2330
329
899
1375
1681
1686
737
2214
1716
66
156
1960
724
740
2617
1311
1211
953
2506
1140
793
191
1959
2027
781
772
289
646
2624
898
2240
2606
1717
369
2363
954
957
2228
668
1195
535
727
208
1517
2090
907
2282
908
266
1508
1735
2549
467
1814
1091
1383
57
193
1492
7
879
90
1885
203
155
1257
6
2157
2057
316
1647
2575
303
2024
174
679
454
1546
2087
2202
451
1933
2244
76
167
1101
2074
1652
1553
702
268
1816
663
2170
2591
1888
900
458
1184
73
447
41
50
2002
1023
1711
1058
2003
2593
173
2632
2595
9
195
807
403
1286
1732
2615
2656
827
23
2210
448
383
1584
1674
132
1479
373
1344
2638
1528
1787
1046
1712
2235
1719
2537
47
2547
1632
2388
2156
884
2579
1675
2590
2386
673
764
315
1199
1556
2630
1650
596
1921
1998
2155
981
749
834
2015
2653
1775
185
134
2519
681
674
394
249
1225
2143
962
1137
2130
1996
2601
1619
2505
213
2052
1715
2303
456
1297
1756
2048
2320
460
430
1949
1165
1945
931
1819
695
1877
1969
352
2180
2102
301
750
1495
1014
1986
169
721
2306
1662
1271
2619
91
372
205
657
277
921
104
619
704
1684
75
716
1263
1872
1750
893
2302
2609
1971
798
105
2379
402
944
1168
1849
2578
603
1651
1901
1695
77
2182
1801
1006
241
669
2626
2268
1930
502
2281
1277
2262
1399
2234
1074
139
648
1987
2044
2019
35
2392
2192
2647
2134
1668
1458
2280
1593
1454
378
1267
1903
1573
1521
1284
789
283
1452
122
1628
1676
431
161
1174
305
1605
1886
615
2511
929
1516
1830
776
2237
1114
285
142
353
1760
582
235
1040
608
323
2250
2576
767
1758
1548
1855
1620
808
1188
111
720
2142
1544
585
1327
62
221
314
2146
1797
2314
2560
2217
334
904
558
1723
202
2020
2023
1505
1527
1291
1963
1729
848
184
2245
67
2247
1032
852
757
1782
159
1360
1299
186
541
1189
2116
42
2580
370
1720
53
1181
1701
1622
1591
2203
1891
366
2307
1448
711
2049
2360
2297
2322
883
145
2383
2571
143
1656
287
209
621
2236
787
995
16
2137
1909
2645
70
914
1176
1289
938
1896
584
1700
1914
196
1612
1696
591
131
371
1197
309
622
1391
1967
1025
2583
2341
891
256
2085
2289
2144
2275
1738
1688
1038
107
611
74
2135
801
10
1572
1806
813
792
1879
774
1109
1895
2256
1555
2581
1532
166
2572
118
1283
1507
440
349
634
1904
1554
2467
919
2291
2145
1463
1116
2558
1129
1767
2038
1303
963
2384
293
788
635
1082
2335
851
771
411
2466
2269
380
359
1821
115
2461
338
2607
1364
2099
215
1526
1894
2654
709
552
2011
2118
160
562
1425
2403
1540
1661
812
2475
1306
1130
1022
1010
2447
925
317
206
708
561
656
1856
532
2365
853
587
540
438
1910
1338
2480
1345
2190
414
251
1595
2067
837
1147
1627
1617
2398
200
1983
598
13
2434
292
1579
1634
219
1727
1981
2419
882
2226
140
2080
2152
2103
1956
439
1693
1947
918
1658
220
1142
1419
136
1000
997
121
1431
1285
1145
194
442
1207
1044
1063
2524
1447
896
1906
445
838
1518
407
101
1115
1865
785
404
1759
2263
2153
1308
2162
33
1035
799
539
494
1325
1302
775
413
2452
1084
857
2139
1301
2499
1078
2319
1245
2565
1417
697
1341
233
234
2267
572
2446
36
649
475
2051
670
296
1972
666
706
1030
1833
1927
1215
1423
871
247
1923
1352
2431
593
599
31
2402
1618
2252
2178
341
483
1036
408
465
965
1313
1725
2183
1561
2012
346
1234
1854
1951
580
1699
384
381
157
518
1009
643
966
2430
683
260
331
824
264
2527
274
601
2639
364
2390
1193
387
987
2518
2006
2241
2552
881
531
1741
1039
2062
84
1636
1351
2652
667
1083
1122
1120
436
2128
30
2040
805
2036
564
1772
1852
321
1190
2415
2408
2021
1405
835
1781
538
600
2604
1550
2047
1765
385
639
814
1958
1143
1071
2033
345
2284
230
557
1558
1146
1867
162
1625
2641
1739
729
1815
1745
937
1609
1398
1210
2412
1915
1097
1432
636
629
2078
1042
1766
2121
2100
154
758
1484
1543
1070
1844
513
1977
1813
547
377
617
875
973
148
1163
1346
527
2535
290
1450
1864
504
1180
916
1250
917
2309
332
1013
223
1940
61
416
1564
760
176
2488
1494
163
1861
574
398
2508
803
1392
1216
379
949
2481
302
2208
1393
2030
726
500
1655
1059
1475
2350
2450
1774
1764
1673
1599
1127
2409
418
198
1048
1318
2331
1384
928
2133
1336
1411
2354
1788
1362
933
1196
12
400
386
710
1238
2529
1586
1055
1192
842
2458
701
685
1410
225
770
1053
2176
1111
1937
1465
2270
396
676
515
2082
1667
1773
496
1330
1135
489
961
811
343
1156
87
1370
534
2507
537
499
2165
1975
1153
2357
1314
1381
2433
847
2443
844
1757
117
389
2326
2204
998
312
2005
1705
60
1252
2054
784
741
1514
946
1858
800
1635
1784
1730
20
133
523
1202
573
2185
222
1124
2009
476
1376
474
1126
660
943
725
2179
151
2169
1349
2543
2559
501
1324
1041
2521
795
1786
553
705
2510
2444
1769
1443
845
528
551
211
1422
2436
2243
1623
2629
1637
2538
2628
2598
1077
2215
1272
578
1337
977
2216
1244
425
1160
1268
2308
1223
1112
1989
1203
2259
388
1460
1309
1552
2063
825
2175
2348
81
493
849
2340
2441
1948
281
472
1149
1470
1929
698
1697
1928
1240
655
2377
1474
1396
284
1323
1832
248
1275
2029
1645
2222
114
1736
1065
1820
1369
82
2534
521
2290
2232
2312
1841
570
171
865
843
450
2343
1793
1334
659
2485
755
2167
1746
1839
1348
2249
548
267
816
1427
613
1754
1751
1413
1530
2316
2016
1834
1920
1353
170
2253
1221
401
2355
2032
2541
861
1372
2545
714
935
1386
1683
1798
361
2246
1395
802
1256
236
1742
2370
5
1293
2526
1418
569
1226
1416
452
397
1654
1698
829
2227
633
1804
2442
2528
1562
144
310
1973
18
2345
2177
1229
1333
2209
873
1519
2471
1162
2380
261
390
647
1961
462
125
1367
1151
677
1185
1551
2325
2462
694
972
2525
2332
1731
1005
1205
1110
1389
994
153
777
437
2568
1805
1491
271
1534
1017
2550
1962
2068
265
181
2200
889
1919
1382
915
1995
840
2406
2265
2242
2161
2108
27
905
1604
258
374
1800
1897
254
1054
362
2512
455
1691
970
1004
2472
204
2008
2260
337
2138
678
2336
2224
325
232
2194
1248
2378
940
969
39
2361
2474
1273
1161
1222
2084
2603
2573
1409
2004
1807
2115
1538
354
26
1917
1692
738
218
820
58
863
2375
1121
2311
2098
1581
1811
1276
761
495
1148
1777
1980
1733
1034
182
1031
2465
339
796
2435
214
932
40
1406
2207
892
1560
1598
1646
1935
1943
1678
1926
466
2035
178
2556
1024
2193
1583
1601
2411
862
1677
1089
2296
1755
1060
98
1269
252
2315
1890
2191
684
313
529
1642
1312
945
1015
830
1887
989
577
986
509
1090
746
2093
846
614
687
1075
2229
1941
1001
2013
2569
443
2460
754
530
336
1908
913
1449
1826
1468
2501
641
1037
934
592
559
839
1771
1606
2160
2420
423
1629
320
434
1251
1402
1342
2540
1373
1444
2151
1749
556
855
2470
2494
550
304
141
1316
1740
1520
2344
15
1139
79
960
2346
975
2181
1979
2186
878
1123
2184
1339
1499
189
1002
2338
2622
1279
168
1012
1296
1201
1955
1938
1747
1354
299
17
340
2220
2272
470
85
1525
2636
1175
996
632
511
1882
1280
2107
2531
2509
1582
1397
1355
1489
2362
2337
2456
1436
1079
1164
1099
1239
936
1964
146
524
2611
1098
1366
924
1437
294
1513
2490
804
2088
1763
886
375
270
469
2110
2127
269
1085
2642
1440
2301
1761
2428
288
2238
426
1907
586
751
1660
536
1952
1608
1208
32
2376
1266
1471
581
1404
1421
1232
137
432
1602
503
2323
1320
1359
700
1021
1072
1748
1368
2395
482
1791
1182
1459
1456
782
253
1924
2349
1274
747
1728
1298
1243
1780
514
1076
1585
406
2053
2487
948
2158
1529
2324
712
1680
488
463
1659
291
959
1281
568
307
2429
38
2459
2610
1578
1133
1326
1073
505
2213
525
2333
88
1846
242
571
1770
441
876
1242
1255
453
2257
1488
1438
1407
1442
1493
1247
2637
1394
1936
410
605
1753
675
190
1105
2399
149
984
2418
1026
533
1371
1378
2371
1640
759
1481
2448
1610
295
2424
870
1991
2197
2482
2111
1918
276
2373
1086
1580
579
763
2069
2566
498
1068
262
526
2502
83
0
357
308
1294
2405
1183
1445
1649
1485
59
2643
92
1261
1768
1734
2633
1563
1350
744
2503
958
49
2368
2318
2422
991
405
780
595
2372
1412
1510
2520
791
1379
1476
1566
947
457
24
48
2096
1669
415
2097
478
2404
1212
2439
756
1794
164
1889
1713
2171
672
1117
983
2168
1131
1643
212
479
1881
2092
1439
810
1159
