95
43
2126
585
402
435
1830
1888
718
1942
1905
1689
995
1684
1516
1657
1331
627
1165
134
612
2363
582
371
2571
1666
668
2245
458
368
510
2602
1571
1971
1613
1479
1297
1528
467
836
2031
2055
2653
1921
124
2073
818
1539
1058
309
2120
471
2613
1545
2233
2655
1428
1932
1883
634
456
2575
1391
1712
1016
1505
1723
280
2196
2530
2143
1231
1113
2058
1136
1982
558
249
305
266
1483
822
2154
2145
904
2277
1718
1569
2043
1114
1848
2247
2157
2394
2273
1873
184
421
930
2235
235
209
383
1025
1040
2280
542
306
1092
2057
1387
1594
1605
199
1614
99
2306
1548
62
2254
919
1570
1235
927
259
1472
1263
152
2353
752
268
1217
303
1662
1880
105
287
1375
813
2101
2580
2192
1868
9
147
2293
1914
1685
2256
2274
1168
52
1795
351
1758
1619
278
1187
1305
817
891
1258
535
1508
715
1808
138
2596
1711
96
207
277
2588
91
1096
1700
2071
663
2383
1959
352
145
1638
604
1006
316
2205
2597
620
2026
774
2052
1809
2645
2112
1289
681
827
2320
2003
2286
370
132
2523
1849
2163
46
2022
201
57
2240
1194
2027
2630
1750
1891
2144
1074
2048
177
1140
757
797
1457
2044
1584
2624
737
1188
1218
976
454
1184
7
721
1611
118
353
2328
241
2321
2248
1197
53
191
16
327
1879
1668
1174
2626
1537
723
2590
2095
798
2514
1628
644
2217
1960
828
2081
2105
326
2519
2228
1797
981
618
2564
1327
116
283
902
2352
1790
2117
2282
1319
196
1885
1019
1504
1837
1448
1576
1199
1735
1046
1902
2505
1612
106
2504
372
297
468
2155
130
369
808
962
955
394
1310
1029
1283
4
35
34
1572
631
2180
2574
1291
1521
231
1892
349
97
745
2285
2135
1547
950
76
45
2632
2644
1648
78
2631
1492
901
109
720
159
273
508
1896
907
1704
2587
1974
1706
367
1814
447
2262
1018
793
657
93
2173
1720
1796
1775
433
707
2386
786
173
2591
2234
158
1500
1109
285
2576
127
187
1616
1383
1532
217
227
590
1014
879
203
2061
953
111
208
2281
1091
1967
66
1603
1824
2542
1801
646
1760
603
740
1996
74
2548
2170
1789
724
2291
329
1851
602
1675
1878
2612
914
1782
41
1176
2310
243
716
1191
1271
766
2392
1209
1716
1674
1299
2478
762
323
2060
2289
1622
637
2039
2195
1544
1158
1434
1495
967
1047
909
1976
1173
197
2137
1945
47
1904
2214
2322
638
789
2391
175
2015
107
2020
1206
1556
1224
228
1257
2577
2606
1290
195
693
1875
1816
256
1502
1679
688
1167
1454
131
68
70
1681
885
169
1466
1501
1225
833
2640
2083
1850
2388
2255
2250
2579
2237
2358
852
611
1939
1555
328
1181
1651
1441
1812
807
691
1950
192
1779
2449
696
481
1707
1925
2091
2562
112
1828
1607
1632
2085
654
89
224
1592
42
1988
2244
1986
674
161
695
2638
289
378
2364
1653
395
1284
2600
2366
167
1390
669
1032
931
1267
2359
2046
951
541
750
2010
1335
2299
883
2034
2614
10
1978
1862
2156
1517
2300
298
2109
1620
1690
921
1464
193
113
2547
23
1573
1993
1717
142
1593
166
440
2549
393
1715
2506
446
1963
1144
1866
640
584
2023
1100
1872
2651
736
727
615
2211
1358
596
1347
2329
1043
610
2019
2116
1870
2014
954
1829
1477
772
2230
1696
1211
202
868
1650
2496
55
2536
350
1137
938
2076
2313
1093
2578
942
872
1346
2311
198
332
1985
522
566
1970
889
151
892
2396
773
1843
2175
1450
1268
1343
2421
2582
1398
2492
1484
1423
2462
1944
722
1071
1036
2603
2460
2452
418
947
1644
63
1929
33
1020
2445
1698
2543
547
2484
2239
1154
1526
964
222
2568
1306
1766
255
211
1159
2209
860
1672
2033
1061
1561
1867
375
114
2338
795
1045
1227
2481
2162
1282
181
2643
1221
733
1001
1643
1336
1266
1992
137
770
1640
1246
356
276
2512
1076
835
1084
376
2344
1811
1558
254
2009
1322
1815
84
476
1645
515
470
2335
1008
514
840
2545
2290
459
1979
2620
1634
924
1774
936
943
1313
1637
1810
434
2088
2398
1783
121
2586
335
2312
1039
624
2354
2035
1447
581
2438
2054
1453
1254
1240
971
2637
684
2634
905
842
455
474
1234
1669
1691
1256
354
2174
843
1013
2402
593
1269
24
2036
2556
1149
478
1633
417
732
495
178
588
2416
31
1229
1884
1743
554
1598
1323
2361
2301
1559
1741
2566
2474
913
2495
51
1977
472
915
991
2559
538
1138
676
1373
443
94
1665
2400
1597
697
1524
655
1540
666
2006
2066
1002
2029
2151
1065
61
1212
1968
777
294
2093
1145
1769
2430
1661
1422
1602
2278
1543
1834
1179
2442
982
660
406
1770
144
1170
1117
1751
744
2219
2585
1635
236
1125
204
2100
86
1317
505
1150
1551
1443
2439
1936
2333
587
1380
483
665
2428
2501
2350
1294
576
242
2160
1208
1460
1012
1667
1388
1585
2097
2136
2561
1773
2177
780
2604
2540
1307
1609
633
1098
1312
670
1781
1000
1975
2494
179
286
281
1196
2038
82
2459
564
758
1131
677
1937
864
1146
815
1238
1281
2092
2261
485
22
1488
1228
2432
295
2181
805
2589
2051
463
2376
731
2503
1420
1416
2563
589
988
1780
2067
1161
563
2534
1392
1754
312
390
347
1126
855
244
1509
1288
2021
746
1021
1918
1400
509
998
1404
216
1655
1429
299
940
1522
1730
1893
1276
2096
1082
1587
1105
1469
1776
1251
2403
501
1468
2639
2079
38
2099
1753
1003
1063
2012
1478
530
1467
846
1823
526
751
609
1270
1372
343
1671
569
1052
2295
871
513
333
2169
856
2642
2594
1178
1658
987
601
2437
1531
493
1852
1202
1120
1990
1606
357
1490
2347
1476
1108
225
2204
214
1965
1059
2294
761
1919
2454
1395
979
875
1549
396
1475
397
1301
1081
570
188
1578
2466
2078
1863
465
2133
1721
2224
500
1456
2259
594
895
226
261
1236
1397
2435
1143
2315
916
288
1463
1123
2340
1044
1359
701
975
141
1550
756
2004
1924
2128
1913
1304
1342
1015
810
1031
2470
1624
911
1636
40
1710
358
2357
1095
636
1080
1899
1406
878
983
2292
1203
2176
788
1005
1831
882
782
2199
1714
2059
1767
1436
629
592
1183
491
1962
1073
2372
1943
1641
1642
2397
887
1649
1152
1111
986
741
1481
2084
830
324
1934
1320
543
1328
2332
1784
1371
1127
81
869
2223
968
2490
1242
494
2611
2468
1156
2257
837
918
894
342
2104
488
490
2127
2242
993
2041
2472
2424
1894
1708
172
1498
595
1057
643
1449
1882
64
1599
1408
453
821
2337
2533
1568
1366
1419
1923
553
1835
1525
2216
557
2526
1482
452
457
319
401
1348
1827
2207
1072
1356
972
1200
1352
978
1817
2522
937
101
775
1129
1394
1402
1004
21
2339
579
531
886
1010
1874
2324
1581
847
1239
994
926
1906
2323
426
682
230
719
1180
2369
2370
126
1155
1997
549
1826
1792
2440
2208
2167
438
709
1185
1338
1562
2221
2441
2413
1116
2168
25
1205
1121
1928
1935
1692
2518
1438
1042
2557
2030
1367
2103
39
302
2425
1856
340
54
1772
2193
1053
420
2532
146
267
388
1162
1836
1278
1318
881
2565
2287
1157
1190
880
1953
2401
389
1163
325
355
2610
182
479
331
2040
1247
1418
1017
1431
1800
304
404
466
419
759
630
659
1748
12
1261
966
824
870
1253
223
959
507
2456
1432
2541
2016
1601
1374
2184
685
540
1462
2232
794
1115
1062
1957
2008
475
1786
28
1090
2373
997
867
1995
2406
1350
2654
2544
194
2510
1382
2348
32
442
2107
1139
2555
162
1222
605
339
2218
2475
597
1193
1396
2362
517
2371
157
432
2515
525
2538
2447
1523
320
2498
1069
1961
2349
586
2064
229
1513
2188
658
1028
1765
1099
572
1742
2531
2053
391
2086
1713
2524
2316
1024
2001
498
441
1577
1037
1725
2089
2215
935
271
1518
1908
2047
1083
1027
1245
1631
2271
2094
2191
2007
1596
1151
687
2409
2546
1446
462
486
527
2378
2404
1249
2650
27
2252
671
92
1259
2436
1339
803
876
1980
2178
1788
2389
3
1094
119
2068
1349
2229
429
2483
568
1629
877
1403
730
672
1237
754
2367
1494
2284
845
853
675
932
949
2407
1519
1818
1369
321
1736
1861
1248
499
2552
729
1425
2201
565
170
1683
925
1009
2657
489
1865
2121
1265
1771
2189
2469
2124
1421
482
2455
410
686
87
1433
2554
1529
651
1703
1610
1160
1699
2288
1368
539
272
2082
1920
2509
1252
218
424
2185
2410
2258
2450
1623
739
2551
804
2535
2279
336
450
37
617
425
2646
1947
330
1627
851
1272
802
2592
635
800
80
125
2527
1542
2528
560
2488
799
653
2567
1664
1049
56
200
1133
1660
1693
1617
1110
503
219
1295
1785
2633
683
1409
2153
1535
1381
1075
88
2243
641
2265
1316
2629
190
583
1285
2106
1740
2529
2636
1412
598
149
1764
1846
1876
523
1791
1329
2408
923
2411
2325
512
1538
1727
2072
1215
2453
533
664
1497
2520
1958
712
2283
574
519
1401
269
1777
1112
956
1761
550
83
1916
379
260
2493
536
2508
492
29
1102
680
816
857
1337
1444
1385
1948
1485
2477
1480
1309
784
153
511
59
1941
2485
1192
1897
841
2251
735
699
189
580
381
1089
1077
2444
613
2045
1470
1820
2489
439
49
1604
1056
1626
571
1839
2069
2206
160
313
1233
385
20
1041
2161
866
1363
253
1107
2381
544
2616
1798
436
1314
1678
1376
1364
534
529
1135
662
1361
1530
2448
1536
18
1805
1296
60
1514
1763
1035
2431
427
2269
705
2346
1564
537
623
1379
647
1496
1966
632
2419
382
2417
1726
1424
1595
1973
1341
1898
504
1858
1068
1230
1142
977
206
980
279
1860
1520
220
939
928
2119
2446
546
1292
614
863
700
2042
239
2393
706
1759
2296
1255
1972
2227
814
2480
2165
999
2365
829
1510
2464
