721
618
57
481
2210
669
2595
318
2236
2571
2631
2612
2049
602
2655
2135
2577
1628
638
1830
1134
2385
957
185
767
1169
2366
1971
35
1544
1310
2514
367
610
73
2614
246
2351
1967
2102
107
634
2360
1778
370
1434
1902
2159
1651
1297
1932
1512
789
2077
813
116
1959
1670
193
1225
329
976
55
484
1033
192
1866
1457
1976
207
351
1171
2449
62
1676
97
2087
2609
2010
2132
369
944
1872
1963
850
209
1074
122
625
1545
287
1358
902
2076
1653
2478
661
1806
1903
2166
1066
1319
2101
16
2025
1267
111
303
591
2359
2394
2588
2020
2137
766
742
118
2579
1758
2228
2145
1553
740
1735
1933
679
1103
1390
2656
1495
208
764
2083
2635
1987
1674
1883
2651
2600
1998
306
259
1614
1575
1809
929
2391
1211
2055
2626
2601
1176
769
277
2003
2578
1909
2281
102
142
2091
1547
1327
2280
713
1925
1286
1195
2057
912
191
1639
1569
2105
256
899
1945
1511
1158
155
328
1023
1690
2548
1428
1986
2305
2645
1711
1879
2134
395
1187
2039
1797
1504
1441
2028
2297
890
1905
833
1862
927
919
1729
1993
42
737
711
930
1455
2120
2240
874
2640
2625
371
1873
305
433
1632
2085
828
750
807
283
108
2511
582
1738
105
2273
2467
907
52
2386
783
2621
1715
2624
217
827
1500
1521
1554
510
2027
1859
297
104
2114
353
2071
1701
1479
156
1584
1877
2364
127
992
2536
1507
1032
1607
123
1779
693
1483
1942
2587
47
1277
2060
1891
1796
1501
688
1795
1287
1892
2173
440
654
134
1091
906
1842
2320
834
1702
2523
1260
1789
1871
1168
2146
1132
1851
1347
1650
1257
1093
585
627
1452
2195
448
1224
447
2214
883
273
1477
657
1840
692
132
715
1344
224
2647
2322
836
1700
2392
1503
2653
2549
723
1782
4
611
1038
2388
2254
467
1648
2058
124
1939
1505
2019
1999
1040
1775
1383
716
1886
1712
1611
2131
393
772
76
1732
473
622
309
584
1870
951
2547
1681
955
776
2250
2423
2048
2504
1258
1506
2530
908
451
621
2341
2202
109
1174
187
289
1888
2613
1706
1605
237
1652
1331
120
2313
1137
6
112
603
1687
196
1988
596
2196
7
106
44
2147
2383
786
2149
323
1206
2237
645
646
920
1194
2148
2234
69
2225
2593
228
1458
227
1399
1816
753
66
1016
787
2289
2282
468
1589
1025
1930
2379
2363
2117
2627
801
1284
727
2572
909
1750
502
1006
2052
1140
2113
53
891
1880
1723
322
2255
1974
2034
2095
826
1515
1656
1616
1576
691
1290
158
2244
1118
1283
1311
2596
1537
77
1167
350
868
19
1638
1340
817
71
1592
2291
1855
1018
734
2142
2248
2353
2285
2382
995
2602
2256
173
542
822
2205
275
901
93
10
1686
818
2352
435
2203
240
89
781
70
1679
628
1969
373
640
110
2024
301
174
1046
792
921
184
1875
2023
981
637
2155
167
555
2606
372
1184
2061
231
235
2560
1
1058
1100
1109
1685
1695
349
221
314
1619
2583
952
1588
1377
1555
2615
2090
2575
674
2217
278
2476
1716
2516
1486
1573
2233
898
1837
1694
762
938
1704
41
166
954
352
2293
879
113
910
1181
757
90
848
1191
152
67
663
2022
1291
1019
798
161
1662
280
210
454
394
2300
1472
263
884
243
2576
607
704
2599
2632
199
1696
2307
1790
608
2298
774
718
249
1113
2306
75
285
778
702
1556
1590
541
1332
464
849
941
397
425
359
1624
2001
948
1159
1968
687
1015
1419
2563
846
2223
1975
824
1116
2472
1030
1484
581
2032
896
483
556
917
1105
2029
1240
549
293
2188
1752
672
1519
1497
2410
2650
1734
1751
1026
1922
1094
226
2526
1920
1407
1947
1253
390
1693
126
1081
1146
453
2489
2415
1108
311
499
1380
1894
2401
543
2349
594
472
2263
361
40
2119
2348
1084
1143
956
1654
2183
347
1567
1251
340
2092
1907
841
923
653
1082
1446
181
288
1216
1487
978
302
651
671
135
1598
1249
540
2158
979
2206
313
1833
1697
1208
22
1219
459
1843
1563
593
641
2554
1839
2190
2005
1627
1382
1739
1079
1298
1489
2272
2200
1256
1757
1665
466
670
741
504
416
1201
1388
2218
511
2152
1890
1522
1884
677
1203
1431
656
1175
2040
2422
220
2546
855
2568
1531
247
2412
1961
1856
1001
1414
989
399
1467
391
1205
1364
2521
292
94
1549
1420
2319
869
415
2527
2421
442
922
1072
1577
537
1376
2288
881
843
2059
598
2216
595
643
1139
1728
2494
1755
1912
182
1520
554
29
779
365
1897
2515
820
971
1834
1247
1378
1826
1294
1120
1126
1422
2558
986
5
553
1449
1443
1562
1373
418
234
678
2610
1321
2397
1233
0
64
805
572
652
700
1617
521
905
1478
2643
2096
1745
2169
13
1237
194
1965
1352
886
2487
2008
2403
121
436
2629
1252
2441
2357
363
1170
1044
1646
1525
230
1342
2430
629
1709
2406
1061
1042
2111
330
60
1992
1302
684
1338
1660
840
1426
946
382
1389
2551
565
2450
1318
1052
1110
2249
870
1200
1805
2611
825
998
2402
1024
375
2115
2265
1754
854
1882
149
503
1710
880
1312
964
578
777
183
424
729
1725
25
858
2260
284
1807
1671
1813
119
1535
494
2453
190
414
2176
1784
1229
932
1190
1510
1578
2279
476
333
274
380
2413
1172
2362
1020
242
2011
2372
179
1192
592
810
2628
960
2295
2510
1608
2592
771
892
791
597
731
212
24
2290
785
1776
2493
2278
794
2208
1402
882
1056
658
1957
1463
1350
239
667
1798
659
98
1733
86
1899
1125
482
2038
1637
2304
2339
2424
689
388
1496
2529
357
1062
1411
1585
1351
1304
2193
1008
1634
1815
1560
1820
2390
211
1328
1210
2464
426
1951
1827
2136
842
83
17
408
58
2175
1124
1112
1088
1115
1964
344
276
2194
970
649
990
529
1330
1485
1423
2013
1250
1979
1021
1863
265
756
1429
2589
1123
2408
1552
796
2355
84
2495
660
2292
699
2531
1129
251
1185
1962
1721
2342
2380
1324
993
2463
574
257
1164
1049
2080
1929
1853
871
1934
795
857
2110
1412
1354
419
705
1786
2191
1749
623
1860
2189
588
1182
1948
157
814
114
465
800
1865
2053
2343
325
2461
2062
2492
2475
1989
2219
337
51
755
1692
478
1811
1427
1012
2508
2367
1236
1193
2017
1386
2213
1542
586
2344
429
1451
1743
2538
204
2070
1559
609
1279
675
1981
49
1068
1087
26
2125
1582
358
2498
1450
1054
171
2172
2434
1228
2167
1587
2204
2468
1460
1742
1320
1476
719
2559
1221
566
1272
319
434
63
1799
1278
2598
307
614
1643
2501
272
758
1177
507
1938
647
1255
1910
873
1288
20
1128
2375
38
1940
2243
1161
2239
439
2309
2078
1156
1152
2332
2541
2405
748
2561
2012
32
485
200
1641
712
332
1424
1149
30
1017
244
1626
1526
2242
1944
1022
1995
1241
180
2197
1437
1514
1794
862
2447
1059
1691
969
1102
1748
2512
2045
1160
1317
2426
296
1788
1345
1984
1867
1098
728
387
1568
599
2007
1861
2636
2396
2227
1246
509
2033
2311
1368
803
918
760
1121
1491
761
2540
2525
636
2585
1413
1488
1417
525
269
1248
709
1307
33
341
2456
1148
2107
1580
2108
379
1663
1005
1534
1804
2543
1157
1606
802
411
1393
2369
1366
2138
1095
493
2000
1070
2220
2428
1262
1064
1432
698
2633
59
560
999
1644
815
1900
2473
339
148
1142
2374
258
1847
1618
498
1615
254
491
1915
1002
770
1085
2042
2586
252
1713
2259
1869
987
746
56
497
754
888
829
518
1744
579
945
2634
1078
223
835
1353
1677
1746
2041
1935
523
1917
1425
1536
355
2544
865
160
2296
1315
1323
2267
1292
486
2557
2573
1396
2271
799
2414
1952
569
1230
1145
682
1106
2411
21
991
2618
2442
1565
1602
1893
1936
577
335
1039
1736
1499
551
312
406
2336
1270
346
2455
1447
1462
310
1308
2266
2086
461
587
2518
1785
1954
1610
2460
2490
2491
547
1970
1076
1232
233
1367
605
2398
1658
2133
2269
1881
2270
2471
2346
2088
290
1403
1558
450
1392
943
1680
384
1313
2165
519
1793
279
1163
911
1275
1333
2079
2283
697
2368
811
2238
1269
2569
2035
437
2139
1557
1293
1586
218
2215
2287
2435
751
1371
1011
1601
2006
2333
1198
2418
2641
2384
286
1566
2347
2365
1410
1780
2448
85
364
895
1493
1384
462
532
229
961
1630
528
2103
2483
738
966
267
1852
1045
552
2178
1761
1395
559
2509
2556
876
832
710
2326
400
1273
1906
1524
1430
2497
1404
1475
2565
1523
983
2503
1154
2318
2051
506
894
2436
232
1303
2209
1470
1301
404
847
1659
2181
1356
1027
1926
1295
198
61
1282
2582
2100
1151
2524
563
321
176
236
1649
863
1581
877
531
12
1887
2082
1956
2246
775
2199
2528
1513
137
2084
405
2654
1153
409
1817
2417
2241
1179
2607
685
2222
2177
170
683
1673
2420
1202
1538
733
1063
2457
1633
1314
1004
735
1642
2324
703
2429
844
544
1065
225
1329
2443
1597
2480
1943
1997
2479
2377
1034
570
412
860
1623
136
522
2301
31
573
576
2312
635
1631
1918
1051
1131
2160
2184
2477
1518
589
1913
524
1771
968
1465
377
2257
2387
1835
2258
708
538
2622
624
1583
1973
488
1791
567
82
1213
214
726
264
939
1349
1705
1322
255
1162
936
1268
1372
1348
216
1864
665
2315
980
1490
140
616
2141
2520
1119
536
163
875
571
575
1543
1397
517
2555
2373
1747
1764
1355
1099
2036
11
392
1474
206
1810
1762
701
281
1889
2030
1104
739
1509
270
853
1579
630
1438
666
2047
1831
2316
2337
1551
823
940
1183
530
690
1769
153
39
1740
830
2431
455
1792
1730
1919
959
1977
988
1753
686
1037
2376
1086
925
1937
1359
1469
1239
2340
1759
1009
2404
1595
821
2323
2533
317
427
495
600
1661
1667
501
2594
2657
2186
1876
526
