1533
1502
2144
1674
1167
2302
1016
757
1873
55
1605
520
793
2282
2244
688
2023
2113
1859
224
95
72
1197
108
1612
1483
1684
2647
1517
1555
2076
693
1801
1685
2217
1332
235
2142
1169
2303
2134
2537
2180
2576
1297
1335
2291
1014
1191
213
1681
1689
604
2600
280
1696
282
1267
197
1545
1415
1845
1365
720
2627
107
2580
1959
203
2020
2635
787
35
2583
716
1787
1377
541
1091
952
1711
2014
1479
306
1310
1803
185
2274
433
786
2024
646
143
2305
900
2578
1347
1840
2192
1716
1231
2593
120
2286
263
2383
2156
6
2597
2587
2574
2606
772
240
422
2506
2608
930
2595
736
789
2379
891
109
1932
1257
1676
77
1206
2102
2320
1184
471
473
273
134
1217
717
2572
228
1454
16
2116
70
1662
1695
2513
898
460
2198
962
371
91
2163
2233
2
458
402
2329
2645
813
1137
2605
207
2388
353
1511
634
1166
2530
1260
1572
315
1134
1611
806
1507
112
1277
1880
695
1576
2195
1679
221
1047
1383
2298
2467
2293
669
584
1729
1862
1103
1877
2248
637
1987
167
1850
2147
1300
2129
2275
287
2049
1074
277
227
2010
1528
1878
193
103
451
723
2626
957
186
314
127
448
1603
657
2547
74
2065
590
2143
1790
2310
1868
19
833
297
2581
955
1901
195
334
692
727
383
2392
1885
1327
893
1622
105
1824
1704
607
774
1694
1650
2056
938
156
395
2264
1025
1211
130
165
2328
1993
368
464
908
159
2638
2026
2039
2656
1996
1290
1556
883
1902
2055
1819
1452
2060
326
237
2476
2289
2057
778
1950
1512
2553
1879
2166
734
123
1093
2019
138
1732
350
903
199
1945
1570
711
210
638
762
205
1688
1942
2061
2050
174
1909
2003
2087
1986
440
1939
1632
2140
1291
620
2280
303
47
444
8
1963
707
591
99
1575
106
1837
619
2182
1132
231
848
1653
177
582
764
169
852
2245
1018
2090
752
2122
2202
1360
122
1789
1299
663
2074
826
1506
2511
2314
766
142
1286
2630
2590
2131
1165
910
1
1263
2075
2317
1171
1974
1189
661
1614
2352
1319
421
1883
1225
104
2109
431
2105
1546
2341
2548
2631
1872
2579
1715
41
992
97
1204
1593
1816
611
750
71
1495
1521
909
132
2211
76
238
2359
2609
1092
1702
1849
1750
2351
2149
2081
510
2299
1797
1875
1173
23
7
1758
1539
369
93
740
318
1472
367
1029
1652
2360
2203
2073
951
2043
2048
2046
1651
43
480
2564
1666
1466
454
1888
278
1399
1235
1101
2519
289
1700
266
2044
50
78
2268
1988
124
713
1656
1719
1501
831
2353
2117
1331
1019
155
718
995
1391
2621
2025
2619
2256
1435
128
1584
1607
674
44
1040
9
642
256
2306
1284
622
73
625
468
2655
1218
1718
2624
2071
1851
1118
131
2112
1569
1038
2126
1195
1158
116
1590
1775
950
902
403
2285
352
1737
1140
2313
192
1375
612
807
2173
1477
2148
298
783
217
158
2570
1503
2617
2297
2137
2230
1723
2130
2651
1592
885
246
640
1978
1574
1505
2602
53
2234
1796
1648
1616
1866
1537
2273
691
1690
446
558
1515
2255
1113
1547
1870
2250
1258
981
147
1209
2300
1682
2145
2358
929
715
1812
2187
152
1588
679
1619
89
1464
555
268
953
1914
1096
191
2385
1428
1933
322
606
745
209
2613
175
1960
792
1144
243
2159
328
1795
1181
2549
202
1639
1457
373
1500
208
2058
927
2154
430
1548
301
602
574
418
1359
2106
88
1162
1214
810
841
1893
1397
1491
2062
2222
2374
1785
1078
1431
299
2176
1193
172
561
1698
1009
1163
1120
247
1800
2013
136
133
1175
1050
1334
552
2444
2477
823
412
1673
189
2375
1003
2634
516
799
892
1655
853
404
2269
812
1127
1560
523
1314
570
2540
1956
1429
686
979
1899
685
2059
1253
725
1634
63
2541
1203
945
728
1065
1333
1884
729
1525
1678
949
1111
1071
830
2584
1129
2441
2512
1185
392
2220
2272
1526
2185
1385
294
572
864
1227
2355
1580
400
1028
665
2471
1672
1465
1379
1320
1069
1874
763
2447
1252
773
293
2395
1617
494
2531
1123
1070
1813
2338
1380
2161
2448
1497
553
700
2223
1196
2162
968
1734
616
1857
2543
32
1751
1147
486
1304
407
2397
2188
2380
675
2177
495
1460
1372
656
593
928
870
566
2493
1057
216
1384
261
212
1897
2078
1064
1180
1832
485
2213
1341
1363
2495
526
1326
1051
2368
922
1115
1094
633
1200
1073
1223
1876
2365
2406
2174
1496
38
420
214
499
536
450
1900
153
2138
1087
363
270
738
2482
1529
511
229
2332
1349
339
1152
389
1487
1954
1098
80
2550
1889
1352
434
1726
2287
940
2097
726
333
1241
805
1587
2345
236
365
2030
1841
1425
317
1818
2249
11
2565
2197
579
3
1242
2326
556
2430
1024
436
1663
398
2643
2045
1442
2226
1469
1566
1215
2178
1121
1097
1793
939
2246
2418
1366
1786
1745
936
601
1401
1150
1405
1085
2369
1965
1498
1943
2079
1229
79
1836
1079
59
554
257
2433
453
660
2070
478
2470
2417
18
641
846
344
417
1368
2401
342
1722
1771
26
794
380
401
180
307
1430
2021
2191
1343
137
666
503
2436
2396
678
1367
1542
948
2242
546
887
1604
973
1236
1470
1007
598
390
64
1928
1418
1804
1645
1563
667
2103
672
547
500
933
1541
595
1285
2611
2158
1578
1192
1394
517
2108
82
2257
2438
2041
295
2241
311
2201
1600
308
2107
2464
1562
100
1864
760
1361
2007
2084
2499
923
1330
1635
2450
592
462
2327
1226
1207
21
466
2000
1230
1159
94
755
244
359
971
779
990
1190
176
1388
522
2509
655
1671
650
1941
1234
1815
605
1346
926
1307
1400
1427
1913
1124
1561
1951
1823
1278
997
320
1010
1061
1421
2384
1216
1992
2260
1037
2121
815
855
777
534
170
2160
252
629
2040
712
1232
496
758
2295
2480
1179
2474
361
1122
358
2115
1630
1210
869
2402
1055
1558
2521
1740
2432
85
733
441
965
1811
396
269
866
1586
1437
664
1414
1467
1692
98
101
410
1826
1409
1369
230
54
1106
1248
2175
1985
2517
1759
119
48
188
379
1339
56
1110
963
1625
1550
1131
1440
1250
1086
2527
1309
1135
2194
649
2414
1315
819
1582
2227
575
1056
1048
225
987
1146
2111
1567
771
36
1983
1579
463
490
416
286
1062
411
1072
49
1531
1977
1585
2552
1042
2331
851
2508
2518
1002
1559
1398
1552
1972
488
2125
956
1922
1633
1731
838
1626
2535
258
2420
1629
493
190
1317
2292
1788
27
424
250
586
754
1598
941
2501
2270
2258
1451
2169
683
2253
706
1514
30
623
880
1212
1780
1090
1439
2533
530
491
1154
2387
2181
20
1280
988
58
694
1416
840
913
2354
2573
1408
689
1907
497
290
1011
449
1348
587
2296
2231
2265
2515
856
385
343
470
2080
163
2628
1724
194
2454
354
2001
406
1924
222
2463
676
609
2042
1929
2018
1894
2215
858
2370
1036
2502
2229
1753
513
1915
600
2415
1148
1660
1342
942
1262
1757
2500
1733
563
1847
255
2457
835
2367
2567
519
1646
2309
1423
2092
2311
1243
1240
245
2207
2461
219
983
1239
2339
141
2094
1664
873
2491
2284
1540
943
1157
376
2068
1354
886
544
1336
878
482
1404
477
1794
551
1393
1000
2029
732
746
946
1853
761
1534
557
1520
527
1906
2422
698
1699
2118
2324
1705
795
234
2400
2642
2534
1984
2356
1417
337
2219
832
330
149
1259
425
2445
1636
1095
1255
1292
2344
1170
630
816
25
319
1641
1119
982
2167
2439
388
1222
1376
232
1436
474
29
1887
1964
472
1269
684
651
1461
1955
144
1378
1989
1274
171
1161
206
469
550
1076
714
1156
548
1276
1640
360
2610
2099
81
1238
386
1577
1683
2066
2067
2507
2598
2054
652
414
1364
2503
2218
1463
2460
2315
1488
2639
1970
310
739
1233
1606
1764
1776
28
1080
1030
2011
2038
154
1279
1247
1763
1142
2035
2008
2372
1306
1926
1882
804
1293
998
889
1736
355
304
1608
2524
183
226
2004
1112
135
204
2442
1254
999
2641
877
2193
345
803
635
747
1237
1642
140
248
1741
1395
1743
594
1680
1911
1937
1661
2526
2637
2410
325
1151
1938
1270
439
970
1081
583
2139
1068
1386
1935
2171
996
1272
505
636
2335
731
977
2334
1602
2456
2096
239
1831
1084
800
2618
659
340
2325
408
677
1403
1266
1041
276
2184
1658
871
2538
532
2100
1869
1205
1865
1817
2209
895
2566
1444
2408
984
479
589
1031
824
2561
1798
964
1627
1453
748
687
1565
60
703
708
2124
2086
1518
524
1141
1177
220
811
2152
2453
2208
2378
1624
2036
1067
2136
1294
2251
1805
121
1509
1739
538
613
1102
2529
2434
1749
1049
2557
784
915
2481
262
1474
1088
564
888
741
562
1852
507
1952
1355
432
1549
2636
722
2497
2522
1973
2465
251
114
1228
1382
2093
624
115
2429
975
872
2318
809
2082
709
549
744
539
881
993
254
1728
825
1980
937
1107
2620
1138
1475
1313
1026
1810
1772
2409
875
932
989
2585
2261
2412
504
1697
2337
1034
1143
1746
1918
1374
1054
1389
1777
1318
1773
1396
1961
1784
2017
599
647
1246
2472
2179
531
2546
1820
518
1693
1089
2469
571
1783
1908
2053
751
377
2051
1856
1324
1420
362
802
1730
2239
1350
157
1535
1126
2657
1754
1027
1821
1322
1116
961
1468
0
1833
2224
1063
2475
1747
2487
465
1513
896
1709
861
1761
521
1077
1557
759
580
560
1596
2390
168
2361
2340
1766
92
1599
1471
860
215
1447
2616
2427
1991
2110
2486
2473
2005
2431
5
274
391
1456
1005
1449
2343
2403
1139
986
129
1860
639
1008
1202
1931
2405
2238
1691
2421
682
2413
182
1919
151
336
1213
2411
1981
735
710
483
1927
413
1082
65
1356
845
814
1295
882
457
438
2468
785
501
2510
1407
1251
894
2443
1406
374
86
843
