1870
2102
2609
285
2382
1960
2574
134
2359
906
241
1023
1277
1132
2626
1501
210
192
2264
2155
555
1988
131
1505
1091
1949
954
368
1914
1886
2300
1945
2142
502
315
370
2192
367
1576
383
584
1971
1686
106
221
1888
1271
297
721
976
42
535
2250
1760
1544
2314
634
102
834
145
2580
749
1796
2602
1716
199
2310
743
1483
1434
444
1711
1554
1195
2237
831
371
2123
1700
1695
108
2423
440
2298
1047
1046
2593
1850
2358
1101
2321
1260
688
1829
2130
2027
2211
2061
1909
2026
1495
618
2230
1319
1891
2071
1706
1719
1263
920
2514
2149
1750
607
1607
57
448
901
1310
645
995
1687
1136
1717
2019
1305
883
1144
622
1537
2031
2351
1387
2112
97
1987
467
1511
2140
1590
1801
72
1737
2548
1503
1508
1118
1681
1685
1592
1701
1694
2076
1828
1967
1457
110
280
2385
2010
833
2077
1570
2504
1603
217
2511
1830
352
1868
1790
2217
1477
480
717
1842
2530
1939
1347
224
67
1735
727
202
1612
2037
41
813
1812
447
1016
2156
2627
900
107
112
520
2214
792
582
2028
2247
1174
2595
2612
1479
2159
2360
891
1545
2255
695
2539
300
1696
2341
287
2202
1892
1593
2578
1950
1905
955
2383
1217
130
2651
2134
2196
481
1204
1472
277
1344
2195
720
366
2394
1621
468
1837
1014
1169
2039
1969
2074
150
1466
908
2274
2306
1803
1668
193
1632
273
1224
930
2302
46
402
2653
395
2322
471
898
2313
1184
2588
762
1993
96
1331
1189
1187
1670
621
1879
2024
1225
278
740
910
1851
903
203
950
1492
626
205
510
1808
118
801
458
156
772
1647
314
1676
10
2286
73
127
766
1258
603
884
1173
1548
1819
1415
2597
1188
1572
893
1704
919
2240
326
2116
2052
240
1720
9
213
1778
1257
132
6
2256
238
953
2234
1611
1311
2293
451
542
1880
184
1455
2513
1675
303
1666
2203
1290
334
715
16
1428
403
648
246
1688
155
91
1933
1291
868
644
2020
2364
473
2583
2087
1166
1848
185
66
2625
890
2023
897
2572
742
1942
2090
2056
2044
885
1100
899
2114
627
283
1074
859
329
2575
663
275
1006
1521
1896
1628
764
1779
2055
2014
2057
34
793
74
929
2451
2273
1167
2109
2126
1103
681
1532
2328
1235
1019
2236
1300
1994
752
1340
45
1458
1584
693
2577
1209
1959
372
1849
608
318
1809
2043
1639
944
120
902
104
718
1986
1588
1872
1267
2656
2146
1855
1502
2645
123
1018
1814
187
2467
774
2516
769
757
1191
1391
1638
2205
1029
446
628
55
309
852
1682
1507
1158
113
2132
2547
2085
2553
249
2601
2285
1662
1845
306
422
2599
1738
1614
2303
2299
590
35
2536
2648
78
2647
305
208
322
1358
2619
191
484
2235
767
1500
2579
68
2289
2649
1093
139
2564
23
1556
2615
2003
1782
116
1652
1690
914
2352
2135
1824
654
2608
2198
768
750
912
47
7
827
197
606
1555
707
2144
207
907
2605
454
2617
266
2305
186
1547
431
1168
2571
77
2065
1171
2157
1859
1506
105
921
1283
1932
1651
1517
158
167
2245
43
1871
1528
2075
1452
1795
138
2630
1365
460
2137
243
1197
1297
1575
1218
1729
1622
668
596
152
702
435
818
1515
1383
1883
957
2180
952
951
1715
679
669
166
602
1516
807
1137
1806
558
2228
2560
1140
2363
938
1885
1211
2644
822
2015
2606
196
2060
1895
2600
421
1594
348
2034
1066
674
1469
2340
1784
188
486
1703
1766
133
942
1153
1749
1245
1363
414
2522
1285
2227
636
2540
2427
936
2346
1008
2497
386
841
697
354
2438
1419
2372
2098
857
2471
336
1601
751
700
1659
2269
1162
1642
2084
1159
1359
2169
1193
488
2535
180
2404
1562
1962
1414
993
1324
418
747
1039
629
2641
79
939
1822
577
2356
1799
2344
1432
849
1728
557
1013
1563
933
1526
1920
670
1226
677
1665
550
987
1020
597
712
972
2416
732
2011
1558
288
1831
2208
2311
2445
1349
38
2271
274
1844
2441
978
2104
1551
539
650
1370
1610
1371
1342
881
293
2594
1583
1364
761
1525
1678
2409
342
439
1215
2552
1887
1705
803
2086
1488
958
948
2326
683
815
1838
2554
2209
2290
1669
1430
338
760
1339
355
1172
61
2072
1221
22
2183
1497
1692
1238
1366
1309
1742
2403
802
1543
998
2309
1899
2199
878
1751
2480
1911
536
1325
2413
358
222
758
2260
1981
2243
1420
1256
359
1739
296
504
1908
2563
1991
2412
1833
1352
1085
513
2054
1680
2636
1124
2509
1798
1858
1931
1433
218
895
2582
2342
1334
1429
1041
0
1044
1312
1057
1499
1411
1906
635
1320
771
313
1148
2515
1304
870
85
1099
1394
946
2604
2099
1427
2405
1346
1045
1881
295
1531
2426
2410
1065
589
2488
1522
844
2629
1170
1149
2184
1926
2284
1461
2111
1465
483
583
1089
1196
2188
87
26
1444
1083
2377
809
1597
563
1890
455
2239
940
1104
1733
1095
2229
1540
2206
726
392
2186
1075
2325
1202
2500
2200
2160
2472
1442
770
2119
867
1561
2336
739
588
961
229
2097
429
566
1373
1141
2238
1240
2487
1654
1027
928
271
1635
2650
2418
509
1578
960
59
519
308
183
623
1536
666
501
2040
1436
782
1644
2393
1239
699
312
198
1966
746
1161
888
1030
529
2045
738
658
257
129
708
337
1042
886
37
24
225
80
916
709
415
616
396
223
2089
1995
2491
2327
1935
340
1382
855
1630
671
2400
880
331
873
2442
388
2517
664
2485
1406
1097
1130
1884
2006
1713
2267
1385
1860
1183
1947
1102
1037
1667
1201
1919
1951
971
633
310
445
2565
1585
2637
714
2334
1846
1298
459
649
1369
1115
1276
866
1117
1918
1151
1471
1152
466
780
800
1443
553
777
1035
2454
1897
114
239
511
580
2520
498
417
83
521
1125
937
98
1481
255
2428
1268
1110
1351
2059
1820
1924
2038
1776
1004
291
2387
2475
1178
1062
1821
1126
2484
1550
1212
1437
2420
2161
2510
325
1380
1641
2425
1997
923
1835
1745
1783
1658
2047
1956
1214
1490
1236
1123
875
2401
2204
1595
963
1734
390
574
2589
2378
1234
1793
571
360
2460
1146
1330
2459
1898
92
2567
1094
1940
2518
462
667
1815
1535
1000
2544
1568
2138
362
2106
1596
1961
146
1810
2527
81
1762
2304
2153
1001
2191
1693
2093
214
576
1270
552
1017
1227
1306
526
1343
1313
1660
1602
2197
1979
493
420
794
2332
1623
399
387
2361
18
1098
784
1677
543
1631
1417
1582
1847
1910
748
2389
672
2499
1376
2338
449
1274
556
489
2316
2444
1876
835
1438
1155
137
1861
1478
1242
490
703
785
2603
1792
825
1138
1480
941
1496
518
1740
1559
773
2494
989
2345
1292
1567
587
176
1072
1699
475
32
1460
1007
2292
2643
304
1928
164
1269
2315
2556
299
1907
694
2226
1050
1028
1549
1509
405
917
862
2185
653
1727
977
2461
307
1401
2367
754
516
1185
491
1154
889
2177
2008
719
1182
1936
1863
1392
965
2174
407
1389
1683
517
276
1070
1081
660
1823
2103
2452
1064
2373
258
1252
755
1116
2558
319
2573
779
1005
1129
469
1697
2457
1774
1565
398
2532
1112
2395
1200
2440
1164
1763
1425
51
115
1788
1752
443
2654
1946
2189
503
1354
30
1564
1726
2312
1273
1731
979
1462
1393
1640
2333
2193
1422
973
1328
2447
2283
847
1518
1893
1447
1865
2221
1984
261
1445
507
2415
969
2538
1510
680
1247
56
121
2004
598
1954
232
1730
2533
1748
64
170
1248
882
842
2546
248
376
269
525
204
1216
1941
1869
2009
1577
25
2455
15
2417
823
60
1160
479
2407
656
1709
2422
1970
970
1059
397
2508
812
811
675
2434
725
546
1011
2473
2433
1077
2213
1219
1957
1786
1222
1280
986
2258
1721
2127
382
1934
1073
412
1147
1423
157
1372
500
1710
706
2492
330
2324
1326
1736
1329
1773
101
1243
1629
474
215
163
2397
2592
1817
943
2521
1288
1055
1142
1397
400
125
731
1917
1467
1646
728
1761
1069
2456
65
212
924
408
457
1145
1624
2012
2139
2253
1456
686
1049
605
2164
168
1009
988
365
1725
1341
1254
1513
2652
2435
1374
2241
2402
465
735
2070
2343
2498
1780
744
82
2013
2033
2088
1086
538
2231
345
1265
1759
1836
832
1244
2561
915
2465
2249
151
2222
2272
549
140
1523
1958
2477
980
1003
1413
2251
863
2421
347
999
966
247
290
1353
730
356
678
2261
593
1929
1278
1560
1557
1386
1229
2411
254
2323
1781
887
935
1357
1379
1088
1087
2000
1402
1208
651
84
2646
179
1708
1463
1403
710
284
406
934
178
533
1121
292
2481
586
1804
33
2308
911
2118
2110
1606
2201
2215
1143
1953
1741
226
2252
1753
2216
17
1552
286
63
3
357
2482
537
1175
1977
1318
1520
470
1105
1800
160
2424
2096
1770
2066
994
2431
2295
2436
2051
492
2639
1811
244
2503
1765
1071
876
29
662
600
1120
2266
1295
1747
281
1426
1724
2125
1864
2029
346
1636
374
332
379
1777
2136
2181
838
1416
567
810
983
1485
1948
2092
2017
2534
872
1912
478
1368
913
234
1541
1746
523
2032
522
544
816
1186
1421
581
949
926
945
1210
864
2443
1150
690
1036
1627
2507
1051
1927
2486
614
1348
1600
1834
11
2618
2294
2128
1744
1769
1250
1362
561
1599
894
594
545
442
2610
233
2376
821
1813
434
2100
1213
968
562
1323
135
1127
1084
1645
2501
2167
2350
578
1396
2062
2301
689
2369
1743
2408
1579
2598
2568
1975
570
1757
2124
579
1431
1754
1307
2502
871
2586
1063
506
253
1768
267
2381
12
2175
2288
2524
896
1294
2469
528
2396
956
1322
1609
2569
2063
100
2220
1440
1449
1856
200
569
2270
1031
701
1468
2219
424
796
573
682
905
2171
2432
1398
1698
1604
1671
1827
1664
1661
2555
2495
1615
1012
1135
1303
2450
2331
154
1807
1338
540
1395
1237
1122
2079
2190
639
