205
627
1701
1006
1696
1533
2143
44
109
669
1375
134
110
952
1790
1174
1517
192
1479
280
1448
2644
2256
93
603
1700
2601
1016
1547
2028
52
1103
1515
1702
2647
2366
615
900
637
1616
42
403
1532
2019
1712
757
368
921
2504
1689
1803
1390
1575
1674
1377
72
1974
1191
7
2614
1732
919
692
23
2591
2237
606
202
1795
349
1870
1029
2516
806
1539
1855
228
1231
981
1217
208
1556
2145
34
394
2130
89
1537
306
2359
4
113
789
1218
2198
1505
1344
184
769
2467
2619
1719
2392
1297
2385
1347
2322
458
1441
277
2187
1668
2299
152
955
618
716
334
1
2275
1391
1019
1074
1188
1670
1554
395
1877
2379
1694
2244
749
446
1477
2514
2274
1500
2536
480
1113
745
2649
314
1960
1204
421
1399
2148
435
2132
1220
1718
2293
776
1058
2360
2513
2131
484
907
467
2023
906
1588
2580
2180
2102
1905
76
1173
1848
681
2273
316
1032
2074
2549
1859
169
318
807
2061
175
2233
628
899
1569
2156
1118
1473
1880
1194
1332
2638
2382
1092
106
456
471
1132
645
520
1574
1257
2305
1903
931
1837
904
2022
2057
1166
1873
35
19
1435
2126
852
1171
2149
1976
177
1508
2075
2285
1093
273
323
328
71
1504
1300
1945
2358
929
1756
1507
883
558
859
1988
1814
2163
1925
2656
240
224
1662
57
502
2321
1458
2613
696
903
673
1197
2623
1614
289
440
995
2049
2303
1782
203
2203
238
105
2077
976
2159
1206
199
634
753
1715
721
1849
2202
1512
631
836
2523
1650
727
1933
350
1584
1319
1963
2247
2210
1548
508
2056
1987
2606
167
1040
2027
625
1720
2562
1235
1134
1066
14
1682
590
2313
2581
1506
1891
1996
1801
950
541
1949
2651
891
352
1688
2320
278
2031
2451
604
422
793
2085
186
2234
535
2363
2254
1675
2129
1025
2268
766
772
1829
2630
1023
1690
107
2081
102
1140
2596
2542
914
927
2060
139
787
797
713
2281
2277
10
1472
2597
831
2449
2302
283
1628
1340
2137
723
2055
2250
1652
2034
1639
1589
2195
2624
1492
1888
2496
1679
210
1862
1808
910
213
1729
2043
1971
850
1892
2037
2113
646
1383
602
720
1528
2026
231
611
2010
2146
898
1305
967
1758
1986
249
1544
1878
2025
752
2192
2048
1263
221
2245
1619
1845
596
644
718
790
66
1969
329
2577
688
848
610
187
1653
1225
707
1283
155
1457
808
607
1286
584
431
1850
351
1100
2003
1501
383
9
2588
1158
1657
2154
1018
159
2602
1187
2307
783
1290
2291
1779
353
97
41
2511
67
1737
2166
2570
2621
90
1914
626
1553
951
1886
1866
2530
1621
2583
367
282
2645
2024
2255
2002
1875
717
2095
448
724
2214
2383
287
326
268
217
1967
1684
1258
695
827
640
2640
1096
118
1895
938
69
259
2276
303
2394
1260
322
2046
2626
743
768
127
901
174
1959
2298
298
103
1209
131
1211
736
2506
2537
801
792
95
2157
2282
372
2262
1189
2150
2117
2112
297
679
165
661
47
1647
142
2341
1452
166
957
468
702
1851
1168
2289
1840
1047
2109
43
2627
227
2579
781
2548
1033
138
1806
1101
1738
1622
2120
1603
2101
2071
301
1169
1932
2564
1687
1516
612
585
2547
1651
444
124
1503
668
1681
378
1605
555
874
393
156
2225
962
2076
657
1686
2264
1797
1428
621
2608
370
46
2058
1483
473
1311
1760
2314
1224
2114
2205
2653
1816
108
2545
1780
1273
1012
2450
1867
1680
722
1510
2204
1913
168
1697
876
923
1011
1116
1126
1024
999
728
1929
956
758
1741
2610
1431
1110
1250
1773
2152
1262
2184
476
1192
2127
1992
2316
2216
499
1111
133
2099
1031
1654
2598
2475
1381
656
2339
1956
1160
1634
455
1514
1172
2411
312
802
364
2551
1351
1280
928
1893
2438
1089
918
548
1663
1912
1749
2267
2218
2540
593
27
461
1975
2508
1957
388
975
894
1369
1069
1432
1640
1480
2047
2294
1774
212
2461
1316
1551
1955
1294
2409
1429
39
977
2592
2457
344
1660
782
1563
1099
1579
2566
1102
386
2544
677
2097
408
477
320
360
2229
609
2169
1350
172
2434
2051
575
1266
1784
2500
141
1989
983
1226
1823
540
936
557
2243
1129
61
1843
1374
1282
2041
2485
1731
1333
1768
181
2005
2371
1953
2261
862
1200
1151
993
911
1781
397
325
1944
2410
1275
2465
26
2369
2437
659
204
2429
560
302
1201
665
1084
763
943
1858
20
613
1163
2033
1207
1793
823
652
92
87
375
136
1920
1722
1125
333
1180
1558
1645
860
347
81
1213
2133
126
2428
230
2036
2219
1884
1379
355
183
1832
1097
1082
1395
1529
1416
563
991
2381
493
2447
264
1389
1745
489
1839
341
788
932
2253
2168
1098
1269
682
2550
2507
1356
1898
2378
1811
1585
1057
2531
1067
13
816
337
2629
119
2510
1248
1088
660
937
64
1178
1523
362
2538
839
2520
1469
1874
1664
358
472
269
1478
1917
2270
2011
2345
33
1148
1393
24
1237
794
916
524
242
799
30
1911
1742
2035
2107
211
361
2408
233
942
532
1487
2370
1747
1127
2162
51
2486
1359
1906
229
2167
2639
527
2417
732
496
2555
641
2278
2199
215
549
729
250
504
1813
2269
1196
1430
1947
1372
2424
2448
2556
1411
573
1748
1805
1730
562
2362
443
380
905
1071
2220
1146
1322
1856
418
2439
819
1627
2013
2191
40
1122
791
1145
2546
1761
964
1726
1791
2469
265
633
2444
2567
2062
2396
2412
154
2493
1361
22
550
1595
1642
1629
1496
941
1565
970
1882
853
2636
63
869
1827
2433
1724
2153
1977
1244
400
2405
1568
726
1155
877
1045
1673
2098
1081
514
1279
1301
2357
1954
1948
1338
1147
519
1362
125
1373
288
795
858
2232
1388
2413
1646
1786
157
1007
1836
1049
494
666
1307
2400
1254
1386
438
1821
1484
888
1314
500
1142
432
1367
1820
1408
567
1357
465
2197
2221
1265
595
2563
2479
2327
1525
1985
2093
965
58
1743
536
2266
1131
335
2082
188
779
1542
1655
1170
1727
680
653
1185
933
417
780
1060
701
2068
2100
56
1364
1245
497
810
2053
1439
1740
220
683
2181
2309
1249
1121
934
1890
1376
2038
878
1847
2108
2425
1342
730
1979
1052
2106
731
1489
1285
1869
54
1438
2497
1161
1626
2080
870
1677
1965
222
974
872
2239
616
1916
1936
2032
1406
748
1292
516
2387
525
1854
38
2343
518
356
968
317
586
2178
597
1177
517
1766
570
295
1108
1562
2092
1349
2272
2138
982
1456
700
255
178
1481
577
1453
2585
1922
2401
1578
36
1751
449
1926
1440
313
1972
1451
1164
293
990
2189
466
404
176
2348
2194
1255
552
1482
1744
1476
436
429
1794
1530
997
2529
2533
1120
1598
800
601
996
28
85
690
984
2453
1436
2586
340
80
294
2283
1064
1759
1927
2215
2325
2201
1449
2295
1329
1938
1557
2118
2355
475
554
428
594
398
825
534
286
1421
1705
65
1560
1752
2477
2121
382
1838
785
1309
1923
339
160
2311
1276
2078
803
1106
2171
1807
1336
478
98
1658
945
710
989
1073
670
1261
445
2336
1041
1334
1400
882
1004
1771
2337
267
2279
1059
1370
651
2016
18
1232
2543
587
1799
1412
2498
2406
1326
1238
643
2375
1343
1139
959
1028
2471
1308
1865
171
1763
1788
1450
915
299
725
2535
2509
479
2633
1471
2176
2503
994
218
1317
1641
1281
2241
2646
667
672
1635
971
505
2603
1566
1083
2064
1636
1385
2006
12
1538
1714
2565
2395
2151
474
390
2226
2213
1318
1785
1397
308
276
2141
1908
2179
1330
463
384
1540
1138
671
2421
566
254
321
1355
614
987
330
2287
2365
821
0
1384
568
1536
895
272
867
290
1022
1615
1252
1056
698
1051
1423
1468
1030
1003
180
998
1817
843
649
1394
2344
1582
896
1420
1313
1602
1230
1792
2589
1447
2501
1027
546
1149
1463
1831
2193
144
115
345
2607
2472
179
1625
1050
1617
1876
2454
1157
1991
1725
292
1090
1055
1919
756
598
2008
2494
357
1077
2559
1444
506
1221
579
2552
1366
1183
2534
2397
470
1107
200
1445
969
1288
814
1112
2042
31
2458
2620
2436
190
1524
2124
1234
94
1296
1958
2432
2618
2079
100
576
59
2393
747
117
381
2242
1753
1721
1935
939
2528
1762
391
1295
1380
572
1649
744
2067
1054
452
741
2292
2188
2161
1044
922
396
2312
2063
2442
1757
686
960
1306
1499
1001
1264
2342
958
1021
605
600
270
485
2029
1683
2642
225
324
1549
2418
1984
2308
1119
1543
1152
539
1256
1124
1864
2338
2420
405
387
1910
236
1644
2495
17
1401
495
1010
1398
2440
413
1240
2460
655
261
1371
434
2158
1363
1678
985
630
1402
2446
946
2207
2398
426
2206
824
164
574
2463
2040
2628
492
2435
1474
2368
1834
1130
565
1219
2260
1442
2223
551
1937
509
2569
866
1462
1414
705
1278
1222
399
1241
2190
1214
2288
1123
3
25
1203
1068
2521
1321
2354
1304
296
2072
1941
1087
755
1601
2483
2021
847
1770
424
1324
2088
1368
1419
189
1459
2349
1461
925
986
1810
2407
676
248
805
2657
935
947
623
226
2414
777
694
2000
1618
830
544
336
1852
1857
1764
1175
849
1062
533
1243
151
2650
1853
2518
1354
332
511
284
1422
346
2059
1765
1800
2561
214
1242
1597
775
1210
773
2419
1609
1413
21
1897
1403
1080
257
1086
1405
2558
1520
1293
420
708
1039
2111
714
1966
406
260
1233
2301
1583
599
415
1844
735
1312
2104
2376
1202
559
244
1691
2403
1835
1961
291
1315
1000
2582
1418
135
84
82
528
1833
2252
1017
1931
2012
1141
1247
1637
1997
2304
571
988
2527
1710
1182
1075
829
140
854
258
2165
521
1550
311
678
2380
2326
1818
1425
1143
543
251
1133
114
1980
961
1581
1212
1005
556
1272
515
617
1659
733
1392
1190
2125
1783
2333
2568
2175
2222
442
588
887
1739
