2192
638
464
143
2037
769
77
981
96
2105
2180
2149
1650
1360
1960
1101
743
596
2313
155
350
444
1675
421
1046
679
1593
1331
1025
1455
368
383
2211
541
2574
259
1613
2010
277
122
955
393
322
717
1458
1174
2578
2353
1719
1875
1435
1554
93
1109
278
1670
187
1137
1963
2583
669
1902
2593
1969
440
2392
2145
1868
1428
2268
1512
789
715
108
720
790
4
16
2
192
2039
1
2129
1866
2146
1508
642
2014
950
2577
2423
2077
740
1806
53
348
822
57
1614
1605
1176
734
9
2166
142
1801
131
371
807
1797
1092
1188
1502
2135
1662
2034
2591
2073
1895
159
711
1511
454
2085
1556
1632
883
1681
104
2102
691
727
1950
2363
606
1194
2379
2114
2117
2300
2581
2095
1181
75
1723
749
2597
1472
2109
2024
1690
1018
1998
1521
951
1457
1528
105
1921
185
2202
2542
2049
904
1942
303
2052
834
14
1576
349
2236
167
111
334
2306
909
716
1628
1387
2519
43
263
2182
1682
446
46
1909
696
196
1553
23
2015
47
2601
1441
1260
2539
2523
2237
1169
433
241
1679
451
2228
1332
1066
2322
1616
783
2382
132
1505
2170
1760
2048
1584
2234
1707
1848
2627
657
1814
1850
301
808
1816
120
378
2248
1287
688
766
468
757
2143
2147
2003
10
1621
2310
1589
285
645
2020
921
1872
2055
1365
627
2302
2451
305
1574
430
289
231
2233
673
62
637
69
249
1492
68
1837
2537
1074
275
2187
395
817
1415
1572
1611
193
2044
954
2255
256
2142
2530
1466
1515
202
1377
74
704
109
612
1651
1014
787
2602
2132
2274
1877
2571
1225
901
1532
608
1829
1612
34
621
2360
1291
619
2075
2328
315
366
1892
1729
448
1824
1284
1235
868
1732
929
2320
89
797
1283
723
2478
1297
268
1939
2289
1144
1904
2588
473
2091
1891
6
2640
2647
590
484
1789
458
618
2083
2116
776
1988
1932
1870
502
1647
1358
353
1114
1434
897
2081
1100
604
644
2157
2383
1231
1901
654
542
238
318
695
1195
1573
1043
2031
2600
957
1448
1689
1880
1787
781
44
2264
2276
1218
1539
175
1258
713
1603
316
403
297
2277
191
1828
1720
2022
2467
329
702
1006
1594
224
19
1391
1040
1886
884
1271
1305
99
1500
1473
118
2113
2262
2615
2101
1038
1191
907
1590
762
2617
2273
1778
610
2653
914
2572
314
113
2562
2638
2123
1454
1796
898
55
1607
806
1812
177
1533
2358
622
2071
1652
611
1547
2298
591
850
2587
70
2449
370
2090
1311
306
1575
1896
2613
1091
831
2112
1914
369
235
1347
1905
2076
2027
1263
584
95
300
1319
2159
1750
628
1504
1638
2148
2247
1978
2575
1375
2364
1758
73
2595
2058
952
90
750
2560
2074
2282
1976
1310
1974
1620
1140
2580
902
1591
663
1158
778
161
2244
282
1925
1825
1167
2126
1113
674
208
2625
2225
603
1775
2576
906
2656
1033
631
72
199
2087
900
765
422
123
899
78
2297
2057
165
2366
890
625
2623
1756
1184
1639
1782
45
106
745
786
1290
2060
1483
298
1622
352
2341
2536
1656
367
1803
1019
2314
2385
1686
2156
2303
1390
2632
912
944
1711
2210
1516
1716
1197
1220
1016
471
2137
103
1058
801
1696
2514
1136
184
1029
2043
903
1862
626
798
1851
879
145
2511
2050
207
2140
2002
535
1878
1257
139
1501
287
91
2547
2144
2505
402
1134
280
2626
2235
2046
558
2307
737
327
855
671
1965
2053
2189
2616
2420
1185
2567
991
504
945
758
2367
81
388
887
816
588
1172
963
302
40
17
1345
2405
2473
33
998
2118
163
1298
1314
1882
417
823
267
1409
1985
1069
54
1838
1581
2381
1897
1430
771
1276
1449
947
1117
363
1406
1004
1328
2215
2119
875
568
1312
1525
770
232
2222
1352
264
1770
1107
537
1565
943
1745
2384
569
934
892
993
270
1658
526
299
2510
25
1800
2333
1856
1150
2482
397
2348
423
1237
994
1059
956
539
1798
1385
1946
1322
2331
507
418
1404
1649
1346
2178
725
600
409
942
1259
2308
1121
1163
2008
1703
565
1802
1609
183
1248
445
690
2325
2450
1205
2311
1318
915
548
2000
1821
265
1339
2543
782
1810
2226
2485
2190
2219
2561
2191
2099
2611
410
2407
2176
1456
2470
1523
455
1660
1468
729
1697
1170
1691
1953
429
871
2013
1226
1372
2368
653
1034
2652
1368
2598
649
390
1765
1282
1063
1811
680
1753
2509
571
2520
854
1678
2643
295
2413
2072
1317
2472
343
1470
1564
346
2271
697
2531
1644
2133
2179
2009
1637
708
1683
1243
1068
2568
32
140
865
527
860
2618
923
1202
401
1560
1381
2108
2469
2479
2620
1302
1142
1835
1531
234
1910
2466
137
308
1152
255
1964
1343
1041
1846
262
1450
975
1334
862
1451
1413
2491
2332
1321
2221
576
1348
59
2408
172
1744
1083
2370
2565
1567
1853
179
1044
2488
333
1579
398
284
2340
2177
536
2426
1514
990
856
2064
1425
665
2508
560
513
1867
1048
1055
1874
791
364
1392
522
2152
2239
1252
999
579
340
821
662
880
1543
800
2481
2067
609
2461
2128
1513
732
1269
362
1634
2418
1755
794
1028
815
1116
248
605
2021
2634
1422
1221
494
2422
728
1708
178
1412
1911
1183
1847
1739
599
1015
916
1983
1764
1893
1635
2550
1754
1003
244
1467
1007
290
2566
1669
888
1182
983
36
1549
1186
2158
1962
22
1208
189
705
2127
1519
358
1012
1710
1145
876
2464
1726
60
2229
997
310
1852
1938
685
2435
989
2160
469
338
2515
1336
1151
361
1201
1961
550
482
219
683
2115
1759
2263
2404
1496
1493
1677
0
225
1661
2349
643
2241
1889
432
1423
1731
1602
135
1894
2283
1663
530
1742
1070
1285
1042
2042
2641
1494
1133
738
984
1216
121
2096
2040
659
261
2444
2153
291
2585
2088
477
1566
253
180
1076
2266
247
521
407
633
1692
336
313
1301
2357
1522
1736
341
2607
1388
1766
1366
1127
478
2589
2500
2402
623
2269
320
2502
1125
2494
1995
553
337
2374
1156
2503
1834
1799
946
2540
1313
1008
570
461
1997
146
2628
700
2171
1420
1618
559
2167
1966
551
1427
129
2141
684
2327
164
101
2200
2259
1772
1898
2554
1192
1654
1918
1727
206
2441
1164
858
1460
1900
85
2399
222
18
64
913
332
2499
1509
1363
119
1045
311
1273
2011
1079
2639
617
2001
2290
759
2445
1751
2437
1148
1497
2378
1529
1784
254
436
532
1767
777
1447
176
2535
703
1693
2103
2471
514
1196
389
552
223
2038
1984
1241
2316
428
58
2251
1955
528
2361
2100
415
1780
2406
1465
2447
1884
214
1446
1970
2433
339
2490
1026
1843
1147
788
204
840
2301
2168
2278
1232
709
1037
426
1227
2429
212
1424
694
354
2387
1315
2012
1307
1382
524
863
1536
83
1338
1957
1320
1288
556
387
839
2175
2204
614
918
5
1624
2045
1021
486
518
820
577
2224
1699
1943
1162
56
2454
331
2507
1610
1698
666
48
1159
2304
470
1463
785
3
505
2188
925
2603
2586
544
501
1453
851
1487
125
1934
2396
972
1013
1061
1746
1991
636
986
1469
1730
335
1461
347
2223
979
1082
1378
1480
2432
485
2004
969
1822
82
1583
2528
726
932
2584
564
2427
216
2563
2292
656
2059
2041
2279
722
1534
1324
1672
2483
1956
701
2069
250
2498
2033
1490
1123
1264
2078
2558
1106
1051
2294
2452
2526
2376
886
940
895
779
1550
2270
966
635
2443
2582
1601
1351
682
672
1540
2465
294
1577
949
1864
1071
1749
496
1773
2633
1149
773
100
2125
226
667
1741
670
252
1833
2312
516
2430
843
824
598
151
1036
2035
1309
114
939
756
1056
466
896
1924
1617
1410
2094
1376
162
1073
1667
1836
1393
1146
1783
2216
1462
292
1262
2373
1927
1951
1355
1203
2093
251
1633
1072
2546
594
1389
519
365
420
1920
1659
1585
1445
1354
88
838
2106
1636
1858
2556
2062
2393
1386
2194
1222
439
1330
1138
2512
811
1774
396
1551
861
660
2309
877
968
1002
1630
1813
905
747
154
399
2324
1280
2089
2637
296
2622
835
1039
1520
498
1437
2538
549
182
38
988
2345
1530
810
419
465
2610
2365
1349
1474
355
2006
462
427
1229
1561
1734
712
2524
2252
1817
2410
2337
592
279
281
1247
1080
233
1673
1431
1771
677
1709
1207
1857
2032
2654
2249
1769
894
1266
1805
616
959
1714
1005
2417
1219
1552
1977
1558
2209
342
2124
1642
935
1928
149
1119
687
1436
1359
586
1606
359
416
864
1629
882
1541
133
2047
1979
1839
194
842
1664
1054
2557
689
1020
2415
2220
1128
483
2462
1213
1725
2489
2207
1440
2335
1757
1353
2354
2082
2181
1122
2079
1395
878
733
1081
1645
675
2347
1139
1274
1599
676
563
2594
2051
2174
489
2657
2261
257
581
1788
2412
1948
79
744
1818
2403
170
2338
741
561
540
1922
936
1135
2104
148
2434
847
2334
2344
1414
414
1200
1568
538
1926
382
1582
1680
406
1418
1131
1009
1306
1278
2369
832
857
503
29
1792
379
511
2121
1161
1193
841
2400
1108
1887
2253
977
1210
2642
761
1748
475
136
117
941
580
2295
144
472
2201
344
2208
1099
2527
1499
2315
2016
1557
2501
258
1631
1841
1214
719
1498
1542
1369
1578
441
1444
533
13
377
574
2005
443
434
1442
796
1292
1110
2421
1912
2460
575
1752
188
2425
1342
1356
2419
837
545
2342
2532
1367
1022
1981
2110
629
2199
1438
1087
2533
2440
1177
1671
115
211
1786
1844
846
1761
1815
958
479
2372
2448
2258
26
849
1362
1733
1094
2136
1724
2416
2151
2213
1265
1861
1238
2030
1357
157
1268
1944
2296
242
739
819
65
2339
557
763
360
2246
1640
873
385
459
1102
2541
1665
2436
274
2086
583
2319
996
1157
437
2070
405
1419
1643
795
2592
2232
652
1491
1625
639
1175
775
2431
1580
1001
37
1341
802
2555
2084
1027
