431
1789
1006
793
1845
1782
2651
1218
2091
2352
2595
663
2234
2145
487
278
2
883
1656
1220
256
2233
173
1332
1685
91
2277
2027
1289
185
147
303
1866
1311
723
1211
1375
2211
323
370
2148
75
224
2310
2476
1479
1902
2077
393
110
1267
1096
715
1189
906
8
2627
740
2247
158
228
909
1650
781
481
2575
707
277
2144
306
1945
1674
1158
2593
1092
604
2026
243
1546
927
893
1093
1885
328
1441
1719
1197
1168
634
2615
266
366
1592
1287
2123
1171
1738
2055
2511
1987
900
191
2131
67
762
1842
1686
348
2635
702
2043
1209
2255
207
1038
1716
510
1173
1891
897
113
885
801
447
2467
1877
542
1681
1701
874
1589
1939
349
259
1904
280
70
1959
716
1848
1506
2640
2647
464
2320
1814
713
1435
1502
1963
907
43
1808
2275
1415
241
2655
1521
1140
72
1960
1134
1849
1231
143
1458
196
661
2423
826
1809
2321
648
2244
2113
372
90
668
2143
128
2576
103
1930
1029
52
1300
2256
422
2095
2056
2048
645
2392
2073
1638
1165
1879
1569
1605
2150
1896
373
1503
353
955
789
836
1448
1344
792
1993
2596
1675
2609
2366
2159
1176
1191
1033
1670
627
1628
745
41
2182
2391
93
776
1760
2562
834
1584
1533
2155
2105
1653
859
1495
1895
912
1224
1682
1648
403
1689
89
2264
2516
2624
2542
642
235
2268
817
953
1694
621
2214
1114
118
558
742
322
1023
908
1825
454
1283
868
2109
327
2228
1872
1796
1319
1652
1464
1365
1286
2205
884
2648
50
2023
720
2114
300
695
2196
2597
898
197
2299
237
2057
2621
1169
74
508
2135
169
124
1976
2600
1118
1875
2024
2031
76
2052
394
2519
1204
69
314
2608
2134
1511
451
1058
772
1932
1575
480
585
1500
460
2074
1101
1851
995
2363
2147
2192
368
1715
2591
1483
1607
2081
440
1377
2578
2574
1472
1933
1291
610
1167
879
1187
2195
73
749
692
210
334
612
287
371
99
1704
929
130
2203
790
1504
402
640
4
852
1914
1297
1828
1588
195
930
535
2612
818
1390
351
2003
467
2198
283
1194
957
2613
97
34
899
134
638
1619
1942
2276
1516
2087
596
919
350
1632
458
2588
2599
2166
78
619
2235
44
910
766
282
246
111
2314
737
1707
55
6
1696
2071
2060
767
186
433
954
2572
2022
2025
1310
1136
1358
890
139
2019
2280
2341
240
2656
783
145
1025
1988
1527
7
2638
177
1666
2010
1528
2549
1611
1260
2653
2580
2353
227
1109
1723
797
2364
1572
688
2112
2217
2154
2539
1921
2050
931
2579
1886
192
2553
2451
1614
679
1967
1043
62
2560
1905
1998
367
693
976
2359
285
2282
2606
2306
1706
2602
2360
704
1544
2449
691
1613
1712
1512
902
848
23
473
2262
2383
2156
736
654
316
1515
203
444
541
2170
628
2570
112
2291
35
1901
1188
717
1840
297
1750
96
1880
309
1217
2058
1690
2250
2102
68
1507
2386
1883
1735
1612
174
127
1137
831
590
582
53
1074
2504
2076
2122
249
1573
2137
2090
1603
1184
967
696
298
1756
2297
205
238
448
2281
2061
2101
166
165
1651
1532
1892
637
1732
213
1263
901
108
602
808
1590
2130
2065
2601
786
1837
152
221
2180
2571
1862
456
681
2351
201
625
71
1277
1700
102
1679
2149
471
2146
305
1539
1695
2547
1360
1166
1816
2322
962
2496
42
778
1971
1593
757
1014
615
828
217
2632
1021
2032
519
160
1138
1329
1966
311
678
2618
1739
51
2521
2327
1722
1538
2434
248
1248
380
219
354
775
1610
39
851
889
2482
1255
854
1146
434
1894
2238
2334
1380
1421
1563
1119
335
419
1147
1836
1324
1351
244
1005
777
397
313
1551
2563
32
632
2265
1031
148
358
2416
1692
1522
578
3
1212
528
563
2456
251
2103
1356
1261
1776
2396
1710
2403
2158
916
1374
636
2365
1182
427
2316
2463
1774
420
2312
1908
1640
556
988
676
1343
773
2079
1482
261
1402
1352
384
58
2206
1846
2565
2489
1048
412
1444
1323
800
1099
1111
2402
2078
1697
2249
1280
429
2438
1341
267
2098
1186
1193
1491
1484
844
144
665
2440
1364
2054
320
1307
2628
1975
457
1985
1984
1056
1142
190
973
1952
1550
1456
2636
25
1693
1095
2053
1471
1447
2088
1566
220
2444
1215
1678
1407
1170
682
1044
337
100
2370
494
1568
2267
530
2566
2185
2200
512
2124
2603
1478
1751
1940
80
2652
770
2251
1051
2175
2643
892
1404
2524
779
2470
1565
234
1487
1655
2409
1559
270
1242
1470
1757
2452
514
390
2099
117
780
2106
119
59
982
523
882
571
2220
1673
125
1389
2176
31
2620
2290
643
1082
1050
1342
911
2541
232
2152
726
1230
979
2357
1089
2219
140
719
1747
616
647
1912
1558
2443
414
1786
1373
2657
499
1240
1615
2428
2186
432
1600
2589
1936
2425
686
1245
1406
1541
1041
784
1408
2269
157
1944
2367
2111
469
274
1567
794
1649
1094
1920
923
2497
1667
2543
413
1192
1742
2387
840
1116
264
428
325
1239
1740
2189
1432
1183
1149
1233
978
875
1098
1110
441
2430
2427
877
1552
1728
1292
1911
1065
970
478
755
495
2569
379
488
1951
1724
697
741
2231
387
1979
1946
573
1973
1831
2546
1354
712
732
656
1474
1821
1683
115
761
2343
1977
1081
1677
722
1965
2174
1395
1764
407
355
2348
2324
1121
501
198
1780
864
2634
462
1080
1321
1281
2177
1061
1725
2522
1200
2445
22
189
1606
1865
805
940
262
2491
296
652
580
1417
843
2437
1767
1190
2561
253
2447
2555
945
2118
1748
1145
551
258
934
593
1833
338
1893
725
1320
653
932
1392
12
1597
1412
1493
548
2347
1273
513
738
48
1874
1460
557
1440
666
1627
304
869
1205
247
562
1714
170
1792
2097
1480
575
1141
1586
423
2201
1691
2362
445
2629
977
1241
1881
1115
363
1938
1817
2554
1658
357
1221
245
1251
515
1339
2288
1844
1226
1362
1540
1237
1009
536
855
984
1771
841
1705
1086
470
1000
239
1418
2047
1608
1876
2510
2378
1203
947
993
1386
887
835
1626
1983
439
1961
1090
500
613
1422
2405
525
1557
362
2252
2110
986
999
1913
212
1731
876
1749
399
1097
518
2483
302
655
281
401
1659
30
1350
1526
2331
1252
1234
308
37
1011
1003
2459
1744
1148
1451
1699
1308
1709
342
340
2283
872
939
1405
1560
437
796
964
330
2337
2127
672
2062
492
1931
1394
1179
101
2092
996
687
2433
1379
550
812
2243
565
1943
2544
26
544
382
2646
1671
2550
1396
2197
873
2326
2059
1262
1256
1899
1112
1698
443
2471
374
1057
1523
2141
2119
1384
1799
1624
1585
1062
760
804
746
1494
2568
465
690
1769
20
1498
324
2033
614
1633
2622
2457
546
2557
2333
2161
595
1268
1972
2295
1125
2221
135
1660
1442
2035
1427
291
60
2432
1629
1010
1630
2369
814
137
1439
2008
694
1937
463
64
968
956
933
2381
698
1223
2616
2080
1398
1232
2229
1414
1847
1826
660
1609
2552
1275
1598
2585
65
2070
2339
1238
1367
2376
452
1835
1580
1927
2375
1133
1752
417
1219
521
617
1923
700
242
758
2582
2558
1346
577
36
917
2528
531
1604
994
1117
1078
1746
476
2242
2481
2136
472
1636
49
684
823
2340
2545
1419
1713
344
936
1889
13
2641
375
461
85
651
1293
506
1072
27
2462
482
1008
1349
1956
991
343
2374
1995
1805
1243
98
1768
179
214
2272
1049
1075
870
1034
1804
1488
1520
1036
1073
2084
1807
2133
2172
2531
255
1957
1518
1907
1443
1322
1839
1453
685
1476
1326
272
1155
1249
1856
894
1063
821
2439
1309
1426
1424
466
288
1222
1680
1102
0
183
2270
489
1543
233
1017
2009
2477
2004
2411
1536
670
1024
2213
2492
2400
1645
1253
2104
5
299
290
667
279
1853
2503
331
1382
2586
1759
2361
1531
133
1992
2486
1198
1303
2507
543
1459
1906
2336
2415
2036
126
1107
552
1266
2030
703
2610
564
188
837
554
250
896
1278
2517
1991
172
2349
360
1579
2304
683
849
714
1599
728
2005
729
2398
2604
568
1039
400
2171
1918
1302
2466
915
1783
1997
1153
708
943
1642
1773
2271
1067
2181
1151
2642
731
1762
1363
2011
2207
2188
2502
1926
549
226
641
1968
2094
1295
2021
511
1366
594
2384
639
1128
424
1535
2421
2209
2551
2007
816
411
1578
408
1431
2082
307
2373
2650
2239
381
1087
2567
1425
649
1105
1509
2420
1162
969
479
1296
2332
1843
847
388
2263
2380
1054
1929
2260
1028
913
1745
2038
2012
216
2165
2259
928
1129
1150
527
2069
1076
2418
2108
1514
586
2408
1259
972
1884
960
2013
598
1355
799
857
1669
1970
1549
1465
1861
2287
38
1333
1301
1160
2654
2368
498
1798
744
2527
2227
517
24
2406
677
28
1139
1042
86
975
601
2178
905
2266
1467
194
1007
490
1827
493
1641
505
2417
1079
295
496
1617
1143
2246
168
459
2261
866
2474
1316
1400
260
895
1397
553
1661
2296
364
566
2315
2573
533
2512
1069
486
1012
1159
114
587
820
2072
361
1513
1163
1438
2241
1108
2455
605
1083
1733
2125
572
415
1788
1663
1285
1542
922
863
206
699
1864
2301
2395
1446
215
1201
709
763
141
410
1213
405
1468
2067
1948
436
252
1388
1530
2435
1935
1867
862
1274
1823
503
2093
2639
1810
2309
1207
2292
2151
453
2538
1981
92
254
1834
1753
650
839
1172
391
1461
2454
2153
1334
82
1357
1122
2426
2525
2041
2066
2355
2487
425
136
2458
1068
2335
2258
980
538
785
1564
87
2278
181
1070
1157
706
164
576
1353
1015
1631
1450
539
2346
449
1815
751
1088
11
1841
1989
2540
1214
1315
204
2167
1312
635
1265
569
2194
1524
754
2325
1898
1910
965
1208
1595
406
529
2218
2308
83
341
2042
1708
2216
418
2164
2468
842
491
860
1772
1854
2633
21
1161
522
