950
34
2020
2289
640
720
2644
2228
1701
2140
1809
1816
196
1387
1574
1903
2614
621
352
1211
646
2513
859
1803
1347
1732
1132
89
1591
2240
757
112
1662
901
1720
1674
1
1689
2656
2632
1040
105
1199
1477
1495
786
1675
1472
1383
967
2245
2010
2015
2564
1925
372
1137
2391
1287
460
2230
45
1188
1209
468
1812
123
663
2247
797
2149
1840
1335
150
315
750
268
1218
1224
1950
110
1886
2214
74
1999
2081
1729
2548
1377
2580
2635
175
1719
1588
836
1737
177
508
2590
195
1305
1158
585
451
2154
203
1870
155
2102
1165
1986
874
1712
1466
900
237
2601
90
1879
2596
1569
1091
717
422
403
2014
957
1575
2572
1830
329
2071
1885
2595
93
648
787
502
2025
2109
249
2609
808
1191
210
2623
481
1479
2504
2359
2236
2192
1690
743
834
852
1592
243
69
2002
301
2101
2157
2212
2143
2159
2385
1517
740
1092
1134
327
246
208
1998
1682
2577
944
1539
1760
899
127
78
903
1695
1873
638
266
2061
1594
152
1435
1614
2003
104
2028
520
1505
2451
1829
318
7
139
43
817
2180
2353
2341
2655
1959
2277
1996
431
1100
1976
2310
2148
783
2514
695
850
2083
111
2117
2305
619
2328
661
2366
772
1795
793
1344
71
1930
1657
749
1195
2123
159
383
173
848
879
1787
2394
2571
734
2593
2293
2516
1500
1006
1448
642
1528
604
1258
2211
1533
2126
2027
776
145
2576
737
350
184
1932
1859
1235
366
2210
1982
2170
692
1639
764
454
1963
2322
1502
716
1967
1616
2234
1046
2203
1896
349
766
1492
1782
951
1758
1225
1696
1144
1332
2608
1851
1702
2360
113
2023
603
1707
778
745
1189
2627
2649
14
207
2314
1988
1194
2537
1909
1501
1895
2122
1483
8
57
818
42
2182
2505
2606
2055
1949
107
952
378
2095
2638
1871
1537
1365
2
1118
2196
1434
1032
1668
2352
72
440
2217
309
612
1756
306
1711
1554
1508
402
227
1572
669
2090
1109
801
1612
142
1797
2134
1521
590
813
2044
1891
66
715
610
52
103
2575
2645
1778
2130
2583
2640
2291
1457
789
122
1043
458
1628
628
906
768
1880
542
626
2085
885
2129
868
205
912
116
134
535
2276
1573
1173
2050
1589
620
132
1969
2591
303
124
1828
1960
602
289
608
693
2602
2478
161
1590
2523
2300
328
1300
618
1454
954
2113
187
1023
2615
2351
2264
2057
1650
421
174
1486
1796
2449
2048
897
240
447
2056
622
1685
1319
920
1849
1824
1842
1789
2626
798
909
1808
1945
351
1825
1723
1515
1717
186
2135
277
1868
2511
1584
1506
199
908
278
1653
1914
962
1231
2034
681
256
1066
1532
1971
1687
2313
2091
433
2046
1619
2049
456
263
2173
674
1101
235
1648
2298
2039
283
1684
736
2587
446
1171
2273
2150
2648
2235
1862
35
2653
596
99
480
2542
1548
1676
724
1611
1297
6
2382
955
2647
2282
130
95
191
1503
2574
109
2621
2280
1019
2363
444
2560
2530
1933
1516
76
138
953
1096
322
1267
2651
2624
2549
1441
654
2599
696
1311
2026
128
723
790
131
23
106
627
752
353
938
1504
765
167
2244
2116
1181
1570
2386
55
2052
1545
606
2076
1555
2250
1544
668
2379
2307
1507
1331
827
44
2105
1038
2225
644
637
2060
2476
2467
2329
75
1694
1571
1670
221
2195
1978
393
1257
2578
471
1340
2144
992
615
1647
831
2286
2519
2132
1866
201
2358
2376
1234
1984
701
1955
703
2011
1884
2162
961
1769
1221
1392
2078
311
1577
1068
427
2009
1972
1348
2100
1451
396
1148
1308
84
477
1117
2040
662
2415
1182
540
2213
829
1090
2263
1044
429
1743
1468
2080
419
2284
1579
788
2416
413
747
803
2411
1643
970
1836
1431
1728
1935
1823
671
2372
1337
2108
2480
1746
1952
1731
1386
2042
153
945
847
655
1063
2070
2500
1598
1762
1911
869
886
114
1363
2183
457
2395
2354
1752
1807
293
977
239
543
33
896
1980
2266
1254
1398
1654
1705
1786
27
2206
2594
1393
1595
1087
299
2428
639
1153
2554
466
2224
1869
2138
2342
574
408
867
1618
1813
956
1002
88
1915
1361
1907
2082
1296
439
1112
2175
528
2030
2518
1177
398
2555
281
1150
1754
2079
148
635
2238
1240
2267
888
1740
356
755
1388
215
1659
1529
21
172
1261
2396
1535
534
31
993
1192
652
547
2532
2218
499
1550
593
1151
1519
1400
1906
1121
2094
537
1073
1039
1229
1341
2607
1938
1353
1223
1003
1369
814
860
587
649
331
1918
1817
2184
616
800
2229
882
233
1233
1923
2304
140
1396
2171
2413
2347
699
1667
36
115
450
523
589
1416
258
325
1346
2033
2534
474
1246
1802
1838
307
424
1146
653
2006
445
832
545
2482
2381
1417
524
1832
2622
2456
479
958
1175
1349
312
839
2454
452
2483
1844
180
516
470
411
2368
2585
708
1078
1773
1609
1755
2448
533
1131
1106
121
498
1764
748
1111
1459
2295
676
2604
2531
1874
518
2323
2525
1381
1463
1122
1201
1273
576
376
1644
2568
2018
2066
1071
170
1934
551
1899
987
2425
963
1293
1265
1804
1876
1230
206
345
389
347
1881
406
2311
2161
1031
2543
687
38
1052
933
690
1409
2610
1785
1916
1931
2168
682
975
2191
997
390
1928
2414
2629
253
2294
1673
979
2339
1143
595
735
250
1421
189
1072
712
54
1077
561
234
151
2121
853
1857
320
1913
2657
141
2520
1766
1538
1739
1210
2332
1834
2017
1774
1742
252
324
428
1581
2160
791
1861
2035
472
2470
581
2188
2552
559
2357
2558
405
2158
1513
2067
2012
1406
1070
1430
1026
913
1437
2459
617
1549
2529
1788
198
1493
194
2432
319
1541
978
117
1488
918
1215
816
1193
1608
335
1462
1382
386
1536
436
856
1203
895
982
2408
2465
489
2207
1279
731
509
2064
1753
2045
2545
1447
598
1042
1419
983
2151
1089
841
802
2618
892
2517
2498
2309
1076
1780
1009
1057
2118
100
971
1062
1965
1997
154
340
2399
1116
532
2650
1037
556
501
804
1307
2445
1147
917
295
1362
1350
2442
2535
1262
2499
1384
2265
573
1811
1095
1460
1491
176
2072
2036
706
575
1243
1088
2269
658
1139
1542
362
1968
2189
364
2573
1292
779
2512
511
550
732
1800
1104
838
1170
1669
223
1270
392
738
1338
1004
382
455
601
5
1726
2246
526
1821
2429
2493
504
2292
875
636
733
1864
1847
1367
1020
1245
2424
796
1442
1107
157
936
1714
494
384
359
129
1846
517
1784
1991
1411
135
1083
214
1897
911
1882
2501
2133
81
1582
940
2220
1841
2104
1600
463
519
2380
1376
1202
1425
1065
1564
462
1309
2526
2592
2348
1403
728
665
2485
2521
972
1822
2446
1355
1213
2103
2430
144
773
2344
1518
461
2455
2194
926
1634
1079
934
1053
761
1128
754
990
2546
1339
2361
2401
2458
1663
1105
2472
710
343
1482
1242
2190
1540
775
698
725
387
1530
577
1067
2223
1408
423
1951
1524
2370
1625
1326
965
2473
568
37
2054
1413
407
1352
2494
1956
1854
2378
613
1697
168
1315
1281
700
1475
381
564
255
1858
1799
1404
491
1910
64
1578
1097
2174
60
1084
1566
2634
2436
80
1481
1489
599
1359
183
871
2431
337
1992
1936
1438
1288
1379
946
2251
1389
999
1818
149
2439
2069
415
2219
1041
1497
2567
242
332
1135
2084
1059
2004
2487
1216
678
336
1276
2484
1465
284
1520
624
1119
2435
1238
1665
2444
1102
1924
837
2092
2441
815
1180
2119
1494
1179
947
2249
1401
12
1856
1086
1015
219
1034
1990
1534
1637
1030
1324
784
2503
825
2221
2598
2491
2239
1200
1212
1604
380
1317
1499
1127
65
1007
1049
1302
512
1414
2283
420
2110
2557
92
1973
1138
1794
269
2639
1894
1219
1783
24
722
342
1060
1226
1887
1560
1765
1749
1172
294
873
2559
529
1478
1450
1301
2333
1496
1178
2397
650
1920
2259
181
1227
1374
2125
1407
1981
2271
25
1108
1929
2197
530
1629
546
1852
1214
1256
1633
863
1937
562
1759
2471
2453
2290
1064
1436
2409
2533
554
1745
1345
1835
630
2642
614
136
1394
449
1526
932
2287
809
2041
1833
1252
1255
2497
358
709
2475
1275
1130
959
1658
641
2502
1378
1304
265
1081
572
1757
812
495
1985
2447
685
1946
2053
876
304
87
182
664
2316
2260
1426
2141
482
272
2461
1724
968
1865
2199
2177
1708
1433
586
2216
1559
846
2469
1954
799
2252
2389
346
355
225
245
782
1424
1405
1155
310
1099
507
1947
1282
1264
1552
744
1557
2007
1480
1372
1597
513
632
2253
163
58
2464
2426
291
567
506
2115
1522
1602
321
2437
2059
759
2356
414
2068
1975
2288
2136
1048
2013
1523
2462
2350
365
751
1249
1157
17
843
1129
1156
1001
2000
2620
719
216
1826
162
1655
1423
388
1190
29
1336
229
672
1024
483
583
1313
1330
923
2261
870
1440
2340
2098
2111
1565
2420
1995
1709
2440
1445
98
1853
2258
178
357
2628
488
823
2176
30
2569
922
385
2422
453
2308
689
485
2185
1251
1748
865
1244
61
211
330
1366
26
2374
1772
820
1306
1768
404
1422
317
1693
1587
56
1631
1751
2654
425
1792
2241
527
171
1583
2124
292
426
1543
770
1561
1045
2510
1898
126
1342
226
2371
805
569
1328
819
2407
2544
276
160
2637
2222
377
594
1940
887
539
274
1771
2611
1551
861
1867
705
1125
1444
1961
2633
1476
525
1183
1626
2355
1412
994
1641
119
247
2508
416
771
2335
279
2029
2474
2331
2509
2296
469
1110
1484
360
412
2417
2128
565
1269
857
2515
40
244
1660
667
220
2062
2563
1418
1671
86
2139
1123
1562
432
858
248
1596
2346
63
660
1239
2477
286
763
1966
1303
11
1456
1439
1645
137
1000
2433
2272
1446
2165
51
2393
824
522
998
1683
1022
2315
1051
1318
2178
257
1035
271
2488
864
2616
1371
1741
949
308
1680
