862
720
367
830
185
722
613
433
400
290
183
218
761
935
324
147
757
440
583
512
508
361
690
505
652
78
148
790
182
726
795
756
114
0
649
149
472
866
439
754
903
3
939
6
793
364
759
470
79
39
152
620
969
72
219
432
580
4
936
220
506
36
504
44
184
545
581
260
682
971
469
686
976
619
217
325
111
796
434
331
252
547
436
254
474
180
115
1
863
360
828
37
224
222
365
476
868
974
330
794
223
151
546
296
827
650
510
540
366
617
900
112
905
651
582
145
647
108
2
293
473
684
898
181
43
762
413
950
910
447
513
694
87
340
914
661
871
477
195
119
907
806
698
377
875
300
88
691
733
878
192
696
624
10
978
556
155
842
982
191
448
520
376
83
15
47
658
17
728
876
553
873
872
118
333
908
516
9
335
411
299
370
231
443
587
84
557
120
836
122
838
555
46
732
86
123
89
588
591
267
262
765
483
409
586
302
946
948
444
769
230
840
984
767
729
81
196
731
484
951
373
190
121
521
160
336
843
51
11
549
154
410
339
12
479
157
835
305
659
589
551
660
52
911
481
233
626
985
909
156
194
405
738
706
378
242
206
61
344
170
307
92
24
707
845
743
775
59
924
414
596
528
703
779
708
272
455
25
631
273
350
420
559
704
885
952
851
91
18
306
169
19
560
97
597
276
203
886
310
58
23
844
164
345
852
772
381
202
527
168
566
846
22
162
986
850
90
671
486
558
739
129
343
278
777
346
601
235
98
672
810
270
523
128
921
132
198
134
205
994
57
916
958
744
881
524
165
705
419
237
271
277
808
562
888
204
953
561
918
630
776
595
629
166
493
416
633
450
632
526
670
312
563
314
94
811
236
525
136
318
464
860
389
503
891
539
359
786
315
105
782
460
995
889
930
173
69
962
569
637
176
143
606
316
894
33
745
531
784
395
818
208
1001
749
710
893
822
137
323
680
753
641
640
279
244
467
538
214
68
1000
462
896
463
533
823
459
679
933
106
643
393
426
207
102
638
394
819
604
855
713
609
853
354
99
681
857
895
178
858
423
427
286
859
424
64
961
1002
175
430
284
932
783
997
820
535
139
103
243
388
890
567
29
63
355
28
996
356
678
568
27
283
571
928
209
714
496
250
750
140
717
674
967
572
104
