220
40
472
109
829
399
581
720
115
360
361
470
293
687
651
865
255
652
401
362
182
721
324
224
436
397
796
976
831
74
510
754
940
400
288
834
613
974
936
862
0
188
475
690
972
289
5
75
221
1
511
473
368
614
935
582
296
512
544
866
152
433
252
905
719
650
906
185
685
330
181
471
253
332
365
366
686
726
969
653
682
941
689
38
898
863
147
435
648
292
256
112
548
290
540
618
39
186
649
254
217
468
758
432
868
403
327
328
180
507
761
2
367
584
110
77
900
688
116
970
440
722
654
579
793
404
374
227
481
549
119
765
763
694
121
978
876
551
338
806
261
804
697
448
949
228
553
948
447
517
516
661
771
695
805
46
586
86
49
449
731
696
299
624
53
877
979
557
591
767
50
555
125
550
514
589
12
621
843
837
373
159
835
196
477
480
944
764
11
375
698
267
663
190
52
269
231
15
10
588
484
662
728
734
554
193
191
770
376
158
836
412
369
266
370
336
48
518
408
556
951
985
910
660
735
124
981
984
13
622
914
303
297
226
301
733
371
82
195
838
333
977
874
45
691
337
730
265
16
552
51
305
166
378
493
162
780
348
628
59
167
777
55
381
419
527
91
814
90
312
847
921
566
562
993
559
491
24
848
564
882
347
94
275
778
380
881
991
489
704
236
563
529
454
345
25
600
594
810
812
486
809
989
238
487
235
165
850
488
23
736
923
202
959
271
666
276
452
384
237
561
917
56
54
314
665
706
307
994
707
633
129
524
952
273
595
739
19
920
418
170
164
58
960
740
741
849
597
198
918
346
61
664
126
958
632
845
458
451
311
738
528
954
601
382
241
743
18
342
701
851
987
737
349
702
26
772
415
674
138
1000
247
424
319
746
639
819
889
459
287
930
101
429
501
538
895
353
818
207
610
316
213
100
858
176
679
713
637
1002
65
572
782
355
68
210
141
283
929
70
748
107
214
251
781
896
172
215
317
787
175
532
503
140
894
499
279
644
789
568
931
928
860
750
496
105
784
643
322
712
497
136
645
390
248
67
861
498
395
285
135
535
604
961
785
1001
466
680
464
823
715
427
318
575
531
99
567
638
174
280
606
246
284
28
430
963
571
857
463
539
817
426
933
354
460
245
574
998
749
570
892
33
143
603
675
