901
795
73
42
79
580
682
148
832
793
436
576
475
293
618
542
0
40
975
938
687
653
619
183
327
971
969
796
973
794
614
253
41
620
685
257
866
508
80
864
941
721
292
935
252
110
790
865
294
942
724
906
905
650
689
937
186
718
903
934
615
797
578
432
38
613
584
216
288
541
361
936
476
473
5
616
258
472
396
791
182
723
761
76
504
505
759
260
649
762
43
400
399
690
2
683
579
582
976
188
756
331
224
112
184
324
435
863
255
401
326
827
111
725
617
220
44
363
223
437
398
543
688
295
187
433
803
876
229
800
835
767
516
951
45
549
15
121
625
268
333
12
910
14
769
878
374
805
877
411
9
872
871
265
340
122
302
299
985
125
550
947
408
449
372
699
593
53
696
557
82
154
119
799
369
85
479
193
341
155
909
517
409
196
88
46
513
410
298
585
406
339
375
950
698
836
520
232
694
660
763
266
912
233
554
693
692
658
443
231
482
84
160
226
444
588
948
161
765
801
159
377
334
879
697
336
371
913
804
301
197
230
228
556
590
515
407
943
264
478
695
771
914
983
445
979
842
192
728
304
875
978
382
241
848
812
992
527
954
560
416
565
884
921
23
132
386
708
492
594
383
166
308
277
881
528
62
703
668
850
486
452
816
633
20
422
775
162
774
885
522
91
490
415
670
566
743
274
524
525
738
309
342
851
809
704
204
494
700
314
987
350
991
26
846
666
559
880
664
278
493
92
275
924
311
384
671
168
923
705
414
419
847
988
458
381
563
379
133
54
236
628
169
273
744
886
455
418
599
25
130
523
385
815
952
811
61
672
203
887
453
669
960
777
852
635
380
665
128
235
530
57
198
491
529
457
986
129
747
713
495
425
501
1001
247
353
787
502
173
428
102
244
786
896
211
67
390
575
673
317
136
323
210
497
171
172
965
460
243
640
933
503
676
752
138
30
461
855
895
893
825
856
463
712
496
967
817
531
215
175
316
352
101
70
429
356
28
781
604
782
997
998
212
822
466
961
279
749
248
605
430
858
1003
143
391
388
677
209
283
859
104
785
999
106
711
931
499
354
569
641
68
788
932
285
746
208
854
387
926
319
539
611
29
426
963
251
572
32
34
929
821
745
537
284
64
315
177
536
467
818
678
431
642
357
