396
473
80
654
761
506
365
512
900
797
76
938
937
147
866
755
326
760
144
868
368
935
579
3
722
187
869
617
216
581
223
36
222
149
74
548
38
110
685
833
252
217
792
794
114
793
439
975
2
505
41
399
43
400
790
0
830
188
79
829
224
75
258
508
436
542
540
471
791
398
653
686
181
504
293
111
758
616
218
834
649
331
899
437
221
329
150
219
969
440
970
796
289
684
726
544
474
940
113
42
939
364
688
618
651
648
255
724
116
186
367
798
328
718
904
109
832
432
472
615
578
4
39
690
330
795
369
10
231
448
157
587
977
879
87
802
301
553
589
304
696
160
948
549
516
336
197
912
190
370
81
117
228
518
803
376
872
915
265
730
372
159
447
983
479
262
298
156
485
621
125
86
554
877
442
943
339
268
590
728
660
841
871
623
9
52
477
556
593
340
189
914
155
15
624
979
799
692
13
82
693
551
89
335
12
552
410
161
83
46
695
303
120
232
123
876
984
478
483
949
154
446
557
338
911
658
192
16
406
14
978
480
657
550
84
50
982
261
227
49
691
764
297
371
555
373
980
767
985
299
121
333
489
199
90
959
670
955
779
62
23
458
530
200
847
162
957
96
415
629
742
274
628
598
347
21
126
665
306
707
886
701
565
240
378
743
345
386
595
170
812
880
418
204
203
239
414
887
488
919
851
773
956
987
417
813
201
490
846
198
60
529
777
774
384
778
594
738
600
494
382
780
702
671
420
24
98
455
844
380
525
631
706
528
127
54
422
276
632
20
383
348
705
558
18
988
94
845
132
700
775
566
924
343
601
97
917
165
850
312
922
164
349
739
452
636
668
960
633
989
524
849
314
25
883
486
381
991
106
177
1003
171
320
609
929
138
893
538
463
392
1001
712
889
716
136
574
140
709
500
819
925
966
430
105
173
681
249
71
282
215
818
243
643
714
896
892
497
281
100
680
860
356
570
710
280
928
462
499
822
250
637
466
394
175
179
68
998
713
854
428
753
431
352
785
604
784
891
642
717
501
429
67
389
533
143
675
30
427
537
961
855
245
715
29
390
926
104
70
99
751
315
460
640
101
605
897
995
357
495
857
425
212
859
788
64
248
322
139
214
749
856
781
967
388
821
931
933
996
823
503
284
208
176
745
