256
976
904
620
361
898
220
975
718
4
969
726
440
720
505
294
722
186
108
289
899
115
365
724
471
470
973
941
146
862
900
152
224
827
619
903
147
112
72
938
797
73
363
399
114
434
116
38
110
0
902
328
436
580
682
468
469
109
43
508
719
582
683
754
182
762
148
652
543
258
332
906
687
725
690
221
331
942
791
826
360
41
618
75
218
869
217
404
327
188
510
688
396
473
150
44
5
723
403
183
793
255
259
866
438
970
216
971
368
864
474
432
579
367
325
684
402
829
364
613
39
654
974
617
901
759
627
226
124
593
481
804
550
264
837
121
513
977
879
83
763
521
659
51
191
877
371
551
449
12
189
299
728
87
13
265
443
88
981
838
233
801
842
872
803
302
699
227
14
263
478
765
46
123
53
948
585
375
693
807
913
878
874
231
17
735
515
732
369
698
556
978
119
413
16
407
194
589
410
516
519
441
587
840
841
193
122
408
695
806
983
15
85
47
730
947
909
800
89
951
229
300
303
979
590
517
657
477
980
692
376
81
157
406
479
771
555
405
553
118
297
985
305
190
549
588
372
337
11
333
158
125
57
95
851
994
200
530
565
489
272
744
560
522
170
307
452
707
239
235
55
276
240
487
454
206
26
742
92
849
523
528
456
704
414
670
455
628
91
20
633
564
809
955
881
386
380
342
24
526
919
236
737
957
880
634
776
924
419
671
134
777
345
237
738
308
167
61
96
598
886
18
811
306
494
779
273
702
815
309
743
344
629
348
415
346
599
953
58
850
97
706
602
736
450
203
241
668
988
525
416
238
920
672
888
918
350
271
562
958
310
631
453
566
527
772
812
848
275
992
382
133
701
486
529
201
19
131
999
393
33
574
388
142
466
640
890
135
143
889
855
105
604
531
426
962
897
247
1000
568
390
931
854
674
605
965
673
607
322
961
824
176
428
817
995
497
430
464
498
137
1002
321
427
71
387
967
136
787
823
285
641
424
710
785
353
63
749
892
676
179
500
323
603
677
681
638
609
819
963
31
717
610
571
425
501
429
467
391
539
139
283
1001
997
745
1003
248
318
538
570
966
930
465
30
713
502
27
210
251
637
357
287
679
461
643
356
29
103
281
929
818
891
535
246
894
573
896
781
606
207
104
611
67
895
316
