547
440
437
936
898
180
400
476
111
653
901
540
968
473
475
685
296
902
327
397
73
760
112
827
866
79
829
683
690
905
798
832
831
41
288
360
934
185
115
940
80
432
756
183
401
328
614
580
509
935
508
724
75
150
0
511
330
900
937
108
722
682
584
260
402
546
2
970
797
620
256
649
507
222
290
435
578
254
364
757
1
903
116
74
723
613
362
5
113
36
794
541
647
648
833
796
217
471
365
505
973
868
255
37
612
869
151
109
367
72
689
904
834
40
762
899
504
469
4
223
110
363
220
720
8
258
117
160
694
950
264
449
768
695
407
838
153
484
909
802
735
190
267
945
549
771
557
550
621
946
227
446
553
585
659
155
943
481
17
122
592
951
373
516
441
297
875
269
874
872
300
912
229
842
156
485
266
624
119
335
623
657
333
226
442
193
483
520
14
50
914
660
911
979
48
51
656
376
409
194
625
514
944
839
840
554
806
372
728
836
878
370
16
588
341
83
123
230
910
85
727
12
411
807
730
985
159
11
981
302
876
843
590
984
261
622
268
262
626
517
734
767
231
593
800
410
338
982
88
195
444
948
19
596
201
310
595
813
884
918
271
26
558
308
57
90
528
378
489
451
812
344
597
956
238
386
634
776
994
738
20
958
22
23
633
924
525
959
701
919
955
992
456
453
203
165
166
206
486
740
849
777
58
814
313
59
666
314
419
277
990
381
21
164
775
742
487
530
780
127
270
564
126
988
236
382
134
309
55
885
133
204
987
665
846
415
993
887
923
526
493
342
704
98
347
345
916
774
494
847
492
163
422
599
600
490
240
629
886
454
491
167
239
205
991
602
672
816
455
129
272
559
276
418
417
628
311
883
823
532
787
425
896
606
785
675
497
925
215
748
246
281
178
676
35
822
642
209
104
680
248
352
637
639
68
101
284
499
1001
715
818
431
930
788
965
996
279
179
359
69
354
430
714
681
677
27
573
29
243
176
287
285
498
926
323
495
717
388
962
640
33
964
393
424
570
461
429
750
31
610
207
315
539
394
821
745
427
283
244
786
571
245
465
891
860
141
282
858
496
249
63
387
67
752
567
99
32
214
712
135
136
853
1002
679
998
817
250
1003
355
608
789
894
172
895
824
927
674
66
251
605
643
933
34
137
