43
253
934
259
689
151
6
77
41
542
326
508
331
862
112
898
828
797
796
541
3
146
439
398
472
433
368
654
289
761
290
512
42
834
906
620
223
219
293
148
719
904
399
544
181
614
220
618
829
180
833
760
612
473
4
900
686
254
115
79
476
793
256
652
545
325
37
790
39
647
899
400
182
332
826
149
252
577
506
968
438
942
971
798
186
720
583
330
905
759
613
329
867
432
44
111
435
540
504
866
469
288
150
646
510
260
548
40
511
718
901
832
402
365
327
5
973
185
902
831
397
903
578
294
78
791
625
333
480
550
592
158
407
769
449
949
521
192
338
409
557
697
730
514
658
154
804
800
947
553
117
948
228
477
589
623
298
196
945
517
261
980
841
586
555
733
370
806
412
444
875
339
765
445
585
843
520
768
305
662
519
908
516
977
699
52
50
157
513
195
807
337
160
914
729
877
11
805
264
621
269
871
907
118
49
51
803
660
551
85
265
799
727
122
735
873
944
408
838
842
48
698
17
656
734
406
872
374
593
878
123
413
375
335
767
766
549
232
661
45
484
692
230
770
411
46
226
83
909
227
983
627
205
778
812
342
634
200
454
887
920
491
418
850
344
846
917
742
199
162
167
744
558
379
523
776
955
601
668
54
309
851
201
306
631
956
310
24
492
992
20
346
165
386
882
348
671
630
385
559
488
133
736
451
629
419
880
416
772
958
664
276
90
349
596
23
272
959
382
422
314
130
55
886
487
95
813
238
672
702
59
168
566
918
739
380
312
844
493
916
21
809
993
56
455
919
779
198
773
97
308
561
738
96
270
417
988
740
703
494
923
522
420
885
845
704
94
131
275
986
628
453
635
706
457
811
705
667
102
639
104
317
678
784
821
247
931
28
171
538
965
251
315
249
357
711
644
894
539
785
783
387
423
209
498
933
495
822
998
500
535
393
354
1002
889
999
679
137
177
431
1000
286
858
100
318
893
394
246
533
860
355
353
390
995
212
391
33
352
861
572
781
466
281
1003
674
716
926
316
424
248
891
996
717
29
68
929
358
105
287
34
604
673
103
136
574
135
210
605
789
961
138
537
680
713
250
497
140
499
67
786
213
643
642
859
503
395
532
141
351
71
853
139
823
897
65
172
178
966
389
997
745
427
244
64
