404
754
865
543
971
220
184
368
473
505
903
74
367
294
111
612
725
579
433
332
718
146
649
329
398
759
939
830
832
755
904
144
509
581
439
435
793
828
689
720
684
544
794
296
690
969
8
834
870
39
2
507
510
6
683
940
253
80
36
902
757
827
113
75
647
217
547
938
148
721
476
935
468
826
580
973
151
546
182
512
364
653
866
685
577
901
363
79
403
260
620
362
937
112
219
365
899
288
542
942
475
900
974
290
254
38
183
187
3
221
5
723
976
40
257
0
437
361
682
472
440
584
796
471
108
541
445
658
302
553
878
118
17
335
801
557
117
585
14
264
515
226
663
484
448
122
587
265
769
334
84
261
950
766
160
303
661
123
197
518
914
88
195
805
161
49
408
410
875
624
871
943
985
444
804
157
477
443
768
369
910
978
191
980
266
907
411
233
945
301
262
480
52
842
626
46
11
944
125
977
225
13
948
625
765
554
228
590
298
803
729
655
82
982
520
513
909
124
734
550
192
336
696
876
549
47
87
45
589
409
155
485
800
698
840
158
263
229
341
81
731
694
911
299
733
376
693
947
517
556
767
983
343
888
594
199
418
741
701
923
812
130
559
452
417
523
740
882
238
312
200
380
486
597
162
489
887
851
708
24
93
776
493
953
742
422
166
990
311
528
201
669
164
416
349
92
487
204
844
993
849
921
19
736
348
458
382
419
922
170
920
346
21
240
847
90
167
414
743
96
809
202
881
494
98
774
991
846
236
529
958
671
522
206
205
56
234
415
598
886
917
852
450
25
815
703
126
131
344
313
421
700
134
562
992
456
707
276
952
270
706
596
525
454
630
62
18
378
636
203
633
61
272
601
342
668
602
814
498
961
640
323
358
394
391
788
500
465
27
389
388
318
215
531
681
250
467
172
750
784
715
931
29
177
963
817
69
786
751
106
1003
66
251
140
604
680
425
855
317
825
746
574
638
141
137
711
891
749
135
355
781
427
392
503
208
569
320
964
572
534
927
537
929
211
393
283
30
642
352
287
856
35
679
570
573
459
70
896
895
533
143
207
930
571
179
637
782
243
390
644
714
68
499
717
103
213
214
285
464
353
424
176
747
102
173
495
967
897
322
857
748
138
284
321
63
606
247
136
932
997
1002
244
645
535
