218
795
222
368
330
471
584
435
968
184
719
797
793
613
80
970
252
580
433
942
220
438
722
721
509
217
37
116
576
652
755
830
296
936
470
6
651
78
292
403
73
905
221
831
975
1
865
726
760
223
757
259
756
181
832
653
614
541
74
182
581
5
759
402
326
796
2
361
258
866
257
187
547
579
113
898
7
976
147
399
686
400
687
833
939
829
906
294
79
508
718
288
647
938
720
510
507
935
505
472
650
151
468
864
75
620
145
828
291
790
183
899
834
725
649
868
396
365
826
256
255
689
76
146
475
440
554
985
983
802
13
448
373
556
302
587
659
624
766
408
592
978
191
231
160
950
908
298
449
520
555
161
406
444
157
697
984
662
85
377
87
159
980
948
663
873
877
478
658
803
807
694
197
16
656
912
413
81
156
52
84
263
482
842
12
485
15
875
693
190
447
333
374
911
946
698
118
10
590
232
46
557
622
871
483
194
981
124
303
593
340
370
265
872
947
553
913
50
764
266
551
269
836
734
17
516
89
479
879
518
521
799
405
909
977
841
733
806
297
730
514
268
982
621
193
477
732
699
305
696
51
914
167
777
636
97
743
202
633
595
671
382
418
989
846
742
772
90
953
566
126
344
917
491
314
312
169
814
450
954
270
670
313
737
560
738
489
599
705
198
779
916
165
776
664
666
380
242
309
923
419
57
56
986
131
849
708
527
26
203
952
990
271
701
205
455
350
237
134
416
422
848
308
170
493
239
959
924
740
602
130
600
20
736
775
988
492
378
774
561
597
884
565
381
525
164
486
883
25
880
487
311
665
307
850
703
634
23
417
273
845
162
488
991
744
885
168
132
240
780
58
955
206
277
562
274
129
24
357
606
353
71
820
459
279
717
317
67
65
501
709
998
1002
568
464
70
710
175
677
143
818
431
571
27
673
788
750
105
890
250
359
676
752
430
711
933
426
855
966
352
929
604
745
533
536
280
323
503
746
889
1001
178
859
391
609
69
500
136
106
999
713
537
644
897
574
135
463
531
209
607
103
824
932
34
388
286
107
322
675
638
861
825
318
997
354
532
645
358
854
1000
891
390
927
395
931
285
392
534
641
605
896
423
610
64
101
996
926
783
608
212
679
207
498
283
538
787
460
28
287
321
819
639
138
213
