5
827
648
367
869
683
186
540
398
41
146
866
754
864
436
974
43
73
904
901
220
577
293
432
325
253
438
256
182
109
976
291
583
505
152
865
8
181
616
968
292
433
439
472
647
900
362
475
366
473
504
72
791
258
216
289
470
830
290
468
404
217
543
402
78
652
546
939
831
187
111
471
797
618
365
434
833
686
44
288
114
74
689
329
37
615
868
685
651
324
863
975
687
829
510
906
3
653
509
396
935
331
834
545
617
180
221
936
721
330
327
542
252
722
188
723
761
332
580
972
614
902
115
2
223
506
447
15
843
9
372
764
873
697
154
662
877
908
480
411
412
915
805
51
269
586
337
482
124
513
86
556
53
699
766
658
189
840
627
340
83
477
190
50
659
517
591
981
874
231
409
264
587
663
732
983
801
192
589
197
839
910
768
233
298
980
88
836
484
951
375
878
268
842
625
373
520
13
592
552
10
727
553
516
731
261
485
448
158
593
85
81
441
945
979
549
944
303
370
305
405
408
590
735
232
49
729
155
16
84
122
876
909
626
334
734
230
443
338
377
341
406
765
694
661
445
483
695
692
45
267
301
97
916
924
91
707
169
990
349
884
307
93
848
270
920
743
382
128
415
598
346
487
669
384
744
18
777
778
564
98
60
379
494
558
992
634
421
170
273
486
312
94
561
814
922
164
630
272
422
419
664
127
919
635
850
986
628
737
815
344
134
166
454
198
311
960
885
600
602
126
958
347
881
452
523
955
700
417
206
993
776
708
383
130
845
779
414
529
276
527
59
671
775
705
26
492
204
812
994
239
237
21
703
742
813
96
271
633
489
23
597
450
345
491
670
918
736
242
530
959
740
563
133
19
308
566
851
34
824
710
858
323
27
535
463
567
69
997
280
965
354
821
751
681
29
784
213
896
748
675
99
390
712
65
495
785
643
176
642
1003
889
570
610
209
357
639
998
467
1000
788
573
861
283
825
391
673
753
104
789
462
964
315
427
499
425
143
136
676
787
925
677
532
284
860
1001
536
747
781
606
571
105
611
500
392
461
967
928
892
68
279
395
175
638
174
927
961
211
464
607
215
897
389
321
786
64
603
533
966
137
569
35
243
320
66
932
854
465
498
962
823
140
353
749
895
247
139
531
356
282
538
426
715
177
