904
252
397
184
834
718
578
720
542
42
899
254
651
654
616
795
828
615
186
653
512
546
216
185
188
614
224
754
396
832
647
541
294
436
794
826
223
722
972
719
582
289
756
650
182
78
687
827
506
652
332
327
366
540
724
471
759
942
470
620
0
684
547
432
576
75
256
900
505
258
291
905
468
331
475
435
438
73
864
114
973
218
292
360
221
868
685
613
72
40
259
38
935
901
187
41
721
792
648
511
473
934
472
402
581
116
504
295
152
543
290
688
111
509
253
863
150
77
146
43
255
437
36
108
328
145
48
483
842
876
912
229
838
193
657
412
660
517
190
557
86
590
980
765
302
696
448
727
341
89
232
481
985
83
82
621
406
84
588
374
626
376
839
948
340
124
52
233
694
191
14
269
699
225
550
337
947
946
265
802
733
411
553
875
338
587
656
655
763
443
943
840
835
10
230
479
977
16
409
480
837
197
47
514
299
556
518
333
15
298
513
552
377
551
117
555
13
407
413
911
659
268
873
81
227
297
372
231
161
625
158
945
913
589
195
478
693
734
879
984
658
375
981
11
155
521
766
120
910
874
53
909
526
596
234
779
703
847
952
238
342
308
744
25
739
664
668
845
380
419
54
126
527
776
563
20
916
492
529
384
275
814
702
888
773
561
736
808
816
487
24
345
566
522
595
919
19
812
311
201
635
310
525
273
128
956
960
887
636
954
849
23
241
18
417
953
700
22
272
132
780
414
524
130
598
741
206
628
21
421
810
633
455
204
240
493
918
988
631
199
740
162
809
565
347
488
94
701
239
564
198
886
992
884
528
456
350
26
885
236
202
846
599
489
270
379
346
993
602
743
594
987
58
994
203
129
558
127
140
787
961
460
784
139
963
251
393
431
997
213
572
501
640
250
498
821
137
892
637
643
105
825
639
896
610
102
608
426
714
966
817
387
210
751
391
463
928
352
925
964
320
859
891
854
752
749
359
786
390
245
496
249
462
35
101
279
641
996
537
425
819
63
995
897
820
712
392
858
173
642
678
211
535
317
243
357
532
568
930
604
710
244
99
67
171
30
495
645
893
857
853
29
32
536
31
423
534
424
464
680
644
567
926
750
890
283
282
106
248
715
389
70
280
207
967
748
358
354
785
395
929
574
33
823
