365
689
37
581
797
8
221
759
647
970
259
832
580
826
616
216
183
254
834
862
544
290
760
830
294
619
146
252
75
721
578
36
433
576
258
184
39
434
471
398
470
726
504
108
577
223
331
906
794
542
220
148
620
939
332
473
651
866
404
617
968
360
795
757
0
217
828
869
793
831
798
547
649
151
403
827
865
652
613
972
257
579
40
111
476
439
329
293
400
367
507
38
723
653
648
867
219
904
762
790
684
72
718
974
5
683
863
903
474
936
510
682
74
116
975
472
402
509
582
435
144
758
292
364
512
440
412
300
949
13
372
835
727
51
410
662
405
229
661
732
660
154
86
262
730
805
699
907
517
553
951
441
950
556
516
119
658
555
406
655
913
588
12
335
550
873
985
983
514
519
948
155
908
15
125
84
191
48
587
484
446
694
874
912
764
911
871
265
230
697
981
47
838
841
160
656
52
158
622
518
914
691
49
448
226
233
698
980
590
771
339
877
263
944
374
121
593
304
485
521
197
336
979
840
872
302
836
843
842
483
945
765
338
11
334
480
408
17
800
156
371
626
413
124
482
767
443
879
411
161
585
766
773
202
917
130
200
601
55
206
523
668
524
385
742
960
880
737
238
886
422
701
234
597
167
922
237
632
706
779
384
704
162
203
959
670
816
420
350
486
307
707
381
494
127
489
888
955
306
240
989
278
199
165
347
236
166
383
851
18
455
96
599
239
417
272
598
450
274
25
275
845
849
887
22
993
953
667
525
815
416
58
633
566
311
19
988
957
812
131
808
168
846
700
134
958
740
665
378
343
419
92
20
522
848
920
456
956
61
201
310
558
309
924
918
529
98
852
380
559
776
780
562
342
169
163
418
883
710
174
897
356
751
64
678
677
854
428
106
209
857
212
466
208
320
353
1003
63
889
102
896
823
459
855
856
322
675
892
745
283
281
712
499
287
961
604
997
819
820
895
463
175
173
1002
214
570
135
926
894
286
783
251
853
71
574
391
138
243
639
748
35
389
27
611
605
244
821
789
142
464
539
68
387
28
575
995
676
140
103
354
429
533
715
351
962
352
537
100
787
784
965
637
460
608
139
643
172
177
215
746
532
822
358
31
711
249
394
1000
817
568
247
423
245
930
679
392
279
569
495
141
104
966
609
925
