904
719
862
900
223
440
863
188
653
689
615
2
433
506
5
620
325
295
218
646
473
973
898
252
76
969
504
434
435
476
718
368
793
145
759
291
546
903
968
109
972
687
8
151
400
222
149
577
108
544
868
545
507
790
866
324
296
612
468
438
826
905
762
180
363
475
79
617
7
688
183
547
436
754
360
541
970
684
292
75
219
576
906
150
290
144
829
543
398
470
833
432
616
652
259
902
37
116
224
899
757
548
724
865
542
186
901
112
505
403
147
146
39
540
941
326
720
257
111
579
330
870
971
792
396
332
660
735
767
266
119
12
843
410
372
663
13
835
770
730
409
158
516
943
82
727
879
696
264
49
16
298
445
339
192
448
554
768
233
982
592
587
268
123
443
231
836
483
551
914
412
373
334
374
838
51
515
984
153
48
377
875
697
442
232
122
799
340
154
947
514
624
482
45
191
800
915
196
949
657
978
518
626
763
842
337
46
729
227
83
517
876
193
52
946
912
81
837
195
121
552
661
555
118
155
449
408
981
659
407
335
731
89
299
444
804
376
406
375
197
159
805
734
625
88
228
341
588
478
658
556
806
452
529
850
960
206
628
918
162
846
18
24
558
419
670
57
203
271
343
991
884
384
742
451
421
488
167
705
54
199
849
952
812
278
308
702
597
701
739
23
90
347
994
737
522
98
525
816
26
596
166
775
314
165
348
313
170
455
494
561
450
957
990
880
773
917
633
273
811
58
274
776
671
741
493
920
847
916
594
270
312
457
415
988
277
565
202
92
94
126
134
275
310
382
953
707
989
704
986
848
344
22
955
562
133
342
844
91
664
672
921
420
530
414
129
923
629
204
919
309
241
55
706
59
417
598
234
502
753
100
138
64
570
855
250
142
607
752
143
715
390
714
856
249
176
746
102
539
1003
495
853
280
567
389
251
246
431
1001
789
34
822
497
745
609
642
503
538
783
355
894
211
926
638
66
931
996
283
781
31
608
572
536
387
710
70
392
711
897
207
817
68
823
574
173
821
611
426
356
963
859
177
1002
995
104
680
171
892
679
103
500
966
69
71
678
893
32
243
353
533
351
65
930
359
357
641
107
573
575
459
141
282
391
178
388
712
33
465
788
929
610
215
818
29
675
603
172
964
320
319
395
605
105
786
