360
367
826
583
144
252
616
901
829
476
942
791
905
547
111
582
256
651
719
77
976
646
7
363
761
968
830
938
327
295
614
259
398
647
970
362
469
404
831
756
257
868
255
253
790
432
723
972
580
792
186
620
866
150
475
722
682
39
754
36
506
548
114
863
254
541
147
397
688
906
37
366
40
113
42
294
545
862
109
971
899
403
726
151
222
44
939
834
73
760
72
721
937
584
689
216
146
152
258
181
509
434
438
762
145
869
507
505
935
75
439
827
8
618
365
870
224
796
364
725
399
332
470
41
400
296
444
478
16
9
913
554
624
89
691
872
556
230
877
879
119
660
947
770
692
412
302
731
550
372
585
123
301
229
269
586
950
875
446
984
262
771
373
623
587
517
838
117
799
84
766
840
519
733
663
17
263
333
836
521
265
447
590
337
11
553
121
800
764
588
155
52
874
87
377
728
193
656
697
13
14
83
449
375
125
156
520
803
157
876
910
977
549
120
267
407
408
369
303
161
374
195
261
483
48
625
411
81
801
413
298
297
655
807
304
189
985
485
10
627
592
735
805
804
232
376
49
409
593
264
443
727
419
634
59
93
203
22
775
347
668
524
348
808
815
701
277
880
955
850
201
342
168
18
240
306
307
811
170
773
561
528
163
954
809
848
952
958
671
344
489
776
669
739
601
238
204
382
629
780
774
849
273
95
451
494
130
55
563
989
200
558
560
665
455
236
881
562
62
346
134
953
416
986
60
778
24
738
595
57
457
670
56
523
740
453
672
737
632
599
90
450
886
96
882
702
127
169
594
919
957
314
631
564
97
456
559
666
385
847
19
492
418
491
272
922
21
812
526
852
960
700
529
239
600
421
994
845
571
782
215
286
572
27
933
175
353
358
67
137
752
643
534
141
351
783
245
389
107
608
315
139
965
101
140
243
820
997
176
931
891
786
423
817
998
394
29
856
246
929
609
822
461
466
66
611
460
995
285
638
890
103
143
637
605
858
500
574
823
34
709
210
142
65
607
135
894
244
857
424
214
570
536
710
825
859
749
501
819
387
100
395
359
717
279
69
781
645
788
211
322
388
321
860
318
925
675
680
495
889
789
249
136
174
71
497
603
208
104
465
604
247
681
712
354
715
498
961
172
178
964
746
459
610
