204
330
67
290
220
206
158
336
148
87
143
250
227
132
209
123
179
88
215
335
153
140
169
292
214
219
342
92
126
81
151
207
6
168
275
107
137
136
161
177
259
238
334
186
267
166
279
346
124
152
184
20
271
197
105
324
326
296
210
315
84
339
28
95
287
16
73
298
251
128
43
90
104
17
240
75
131
304
74
78
274
221
211
248
94
23
60
244
176
286
234
224
225
180
347
7
272
113
182
3
165
311
338
121
301
29
65
319
258
70
11
52
189
348
243
231
47
322
82
89
147
307
14
64
239
303
191
205
68
138
241
45
262
190
83
246
343
127
91
125
51
10
46
305
93
344
97
188
217
110
139
50
4
276
249
294
135
77
317
150
171
213
58
236
144
8
142
35
162
0
30
155
134
59
119
