32
295
109
123
306
56
215
67
88
330
87
337
13
290
114
335
163
270
48
153
204
320
209
219
292
140
92
340
157
282
177
61
346
126
254
201
238
136
152
207
57
184
151
156
37
275
255
31
259
81
299
187
197
266
20
16
104
269
210
298
33
251
312
199
18
75
95
44
174
105
159
74
242
324
21
34
25
73
90
23
195
264
211
309
245
234
108
182
221
66
286
248
60
111
7
224
94
283
192
176
69
237
230
319
82
42
281
338
15
288
96
322
147
52
185
12
175
297
189
70
258
65
85
49
344
313
97
51
125
246
120
300
45
83
68
149
91
14
22
226
205
277
261
303
100
302
223
229
139
134
188
116
236
196
162
171
276
285
150
170
35
213
58
144
8
155
273
310
218
53
308
181
263
317
19
