292
206
62
148
204
143
32
295
48
158
209
55
214
13
164
56
336
216
227
179
290
215
169
109
306
173
279
260
282
342
57
156
101
152
255
194
154
253
151
161
166
168
107
5
92
340
257
124
31
61
238
33
210
326
199
74
20
17
251
18
84
105
271
44
41
16
333
40
312
21
131
128
349
159
102
328
90
269
298
212
274
9
111
309
27
345
272
108
195
264
98
80
332
23
203
347
284
221
176
222
301
76
327
348
36
322
183
297
321
42
15
243
185
281
47
230
121
29
70
341
65
338
118
14
83
343
228
85
125
262
10
138
261
277
239
167
291
313
246
300
232
120
51
68
344
149
316
139
30
317
142
8
294
236
0
53
329
249
19
229
150
144
273
71
276
196
4
171
247
116
110
263
77
35
162
