117
270
88
335
209
204
122
336
320
62
220
164
227
145
55
173
140
132
208
114
67
280
193
216
330
56
154
207
79
318
168
184
37
255
177
136
194
99
126
5
340
346
161
166
279
299
201
107
92
57
31
75
328
28
20
271
73
159
130
240
197
199
333
25
315
287
41
40
349
44
74
242
269
34
174
105
326
16
210
234
195
98
7
221
113
3
108
86
9
248
27
26
345
78
244
284
252
1
309
245
121
12
89
129
42
256
322
185
314
198
297
230
183
146
29
69
301
38
348
147
243
165
93
226
262
190
51
313
68
344
125
167
64
91
200
97
205
303
138
10
232
300
277
54
49
100
45
0
317
59
213
50
294
110
293
58
310
178
171
155
217
247
308
263
30
236
273
229
329
141
276
278
139
8
196
