335
158
123
208
227
280
148
24
32
62
220
306
143
114
270
206
209
145
216
219
132
48
320
87
88
193
31
257
279
299
259
152
255
79
161
207
166
238
186
267
168
81
5
177
253
154
184
92
289
107
201
197
130
40
269
324
90
73
240
298
339
25
328
33
312
95
199
18
105
104
271
128
41
28
74
131
102
20
266
27
248
113
225
192
26
66
103
203
7
108
323
78
284
176
94
3
233
86
286
211
314
307
36
70
38
321
172
29
265
281
129
301
185
82
230
69
89
338
165
256
322
183
22
261
45
202
246
228
93
138
262
46
127
85
191
149
97
91
343
190
316
303
223
54
200
118
14
30
63
229
293
285
249
139
196
162
35
278
50
141
247
171
4
317
217
59
77
112
150
110
19
58
218
276
178
