67
306
295
173
123
32
164
209
143
335
208
158
148
114
163
215
13
122
204
337
280
320
336
330
206
227
161
289
260
184
106
318
325
99
334
257
79
107
124
259
342
156
282
101
238
201
157
166
154
6
37
333
128
242
34
90
28
73
210
240
25
75
43
95
269
44
328
102
104
33
339
197
105
115
251
159
174
312
74
347
111
345
27
72
284
221
66
192
211
113
222
225
160
234
60
309
212
195
7
272
183
327
89
121
76
288
129
11
265
52
338
314
36
235
165
47
319
230
38
297
243
237
85
39
261
91
226
200
51
64
344
125
246
239
313
68
2
303
97
228
45
167
302
14
300
93
241
116
249
308
310
218
263
58
141
278
150
0
293
294
35
142
213
139
4
63
59
71
273
19
171
236
77
135
217
