62
336
114
55
117
209
67
173
290
145
163
204
215
132
140
193
227
153
169
335
122
109
148
206
292
320
201
194
137
101
6
31
124
168
334
61
154
5
107
177
260
325
299
156
342
279
184
318
282
126
151
328
95
105
90
174
34
271
74
25
296
131
43
44
21
187
251
28
18
130
240
269
349
40
159
197
102
312
84
225
182
345
224
234
80
284
233
192
26
78
72
176
283
323
3
222
264
274
27
98
185
301
42
70
327
314
230
268
256
76
265
281
258
29
297
198
65
69
172
47
231
348
64
127
246
125
39
277
239
118
83
167
316
46
85
120
2
300
241
331
232
313
262
302
205
100
91
293
317
188
294
236
0
141
112
218
53
181
229
58
8
249
30
134
170
50
162
196
155
142
144
71
19
308
285
