114
140
88
209
193
153
179
109
143
320
216
290
330
220
145
280
215
158
132
206
250
55
62
270
173
292
207
279
253
136
157
184
79
37
166
126
152
168
5
289
255
124
6
254
259
99
201
257
156
340
81
266
28
304
40
33
17
333
159
339
115
75
315
328
21
44
105
240
128
130
43
287
104
18
269
73
174
74
25
176
284
234
211
245
225
323
264
9
224
221
66
347
272
203
86
180
233
26
345
113
96
230
185
12
307
198
322
52
47
321
129
183
69
314
147
89
165
65
235
146
268
301
205
97
10
83
331
305
85
54
302
49
91
118
343
262
22
64
239
167
14
93
291
303
223
277
125
317
308
249
116
59
139
273
213
8
218
236
162
30
19
71
110
50
181
217
171
53
58
276
293
329
135
247
142
