169
164
219
208
179
153
145
295
227
336
122
220
123
24
117
62
337
13
320
193
87
48
204
292
173
143
194
92
260
340
151
136
154
346
207
124
126
57
255
61
299
325
152
107
186
289
267
137
254
177
318
34
328
128
18
159
199
326
16
41
315
296
251
271
312
333
74
242
95
240
21
102
269
210
339
130
105
115
20
108
1
234
103
26
233
345
252
274
286
264
224
244
80
180
222
3
72
248
176
66
319
12
38
183
147
96
165
42
288
237
47
321
322
189
268
348
185
314
231
129
65
89
51
167
100
228
68
64
205
14
331
246
200
223
39
118
83
22
261
91
45
120
241
262
191
10
85
53
71
119
273
134
329
217
247
293
142
218
50
35
285
112
188
155
8
178
276
171
294
162
263
116
236
139
150
