123
153
330
295
62
88
193
164
204
270
114
320
13
145
143
280
56
208
140
219
306
24
290
336
250
292
161
299
79
267
92
151
325
253
260
207
334
289
107
275
166
282
154
61
340
201
168
99
257
31
346
287
74
242
41
304
95
328
17
269
271
333
174
73
339
34
43
25
210
84
131
312
197
104
20
33
326
315
40
272
86
221
252
26
347
323
60
176
309
9
274
108
224
72
284
233
1
3
133
192
69
121
258
36
314
96
52
29
70
321
307
11
82
47
198
165
15
89
12
175
301
183
39
241
300
22
331
97
223
68
46
93
149
226
125
54
118
51
191
14
167
305
277
291
45
91
316
63
71
142
278
285
171
141
144
249
19
110
247
317
213
77
112
30
0
135
119
50
116
181
196
58
310
4
293
