314
656
1506
655
1481
463
14
281
272
337
477
1372
1611
16
1387
604
38
65
1584
991
564
1209
1538
366
197
101
622
1327
1356
353
539
1402
522
1336
968
135
80
606
1545
1556
986
1250
1044
1296
1390
1078
148
1258
233
431
69
336
629
630
172
1042
404
651
1519
1242
1291
1194
302
181
1418
113
1554
1264
0
332
1032
321
1080
637
1439
94
977
1453
593
1222
1150
1279
1199
75
1018
625
398
1597
489
653
1395
1306
1232
254
1524
212
305
464
1394
1334
1549
1300
1268
1106
235
1578
247
1302
1221
1066
1429
1013
562
74
1416
294
549
397
551
1431
88
1487
566
1161
1228
1342
1100
129
263
1281
1419
1575
1503
583
1532
1474
490
252
1252
1287
2
456
569
455
1301
1587
1321
598
429
467
1598
1243
230
976
422
508
1037
202
554
407
1259
1482
661
1444
1472
1325
1260
1212
1070
1374
133
974
1059
392
1213
1235
1604
45
1284
1594
19
993
507
482
1192
376
534
537
178
424
1110
95
1283
570
600
12
276
262
475
316
556
1099
377
1461
1088
970
1154
1443
1271
1338
1073
163
1355
1053
1033
166
1528
1178
396
582
1568
496
1347
1565
416
1086
1132
128
102
1351
1292
1410
23
1133
25
560
1217
211
452
1385
1521
1234
371
269
349
36
364
1359
1530
433
266
437
444
1156
541
1469
8
979
280
1621
1485
1350
147
1123
1548
158
87
1276
1447
1286
189
1488
319
411
1239
184
244
1052
159
1427
509
1560
265
15
1522
1574
225
1348
177
638
998
259
1134
1491
1254
550
9
146
1508
82
521
1169
609
451
1465
1369
380
351
1326
169
391
246
483
200
136
563
270
194
1184
1285
1378
450
182
427
1075
1227
89
190
1360
1003
96
63
188
1406
1456
1021
1602
1245
545
381
1380
1544
1074
51
1138
512
1144
359
1195
492
139
1502
1108
1613
157
1151
1203
1305
1256
1361
55
70
308
1460
56
1591
1230
1007
1029
1581
250
1177
35
1125
119
649
1270
1515
1467
514
1307
636
54
76
528
1543
43
1520
257
153
40
1120
162
1211
574
1616
1409
503
98
1509
459
453
1623
1294
1058
1173
413
1060
488
502
1454
1601
506
1039
1455
615
1533
1047
468
239
491
1593
167
1333
6
1501
1423
1238
134
555
1277
484
285
260
1112
1181
309
204
248
1174
1475
473
1293
191
1384
1030
971
1051
617
379
1343
654
141
372
1480
533
1542
1368
1261
256
983
586
7
505
1111
1303
1224
1191
1236
317
1104
1580
1024
1562
1425
1362
1009
486
329
577
161
1165
1364
1420
1489
1117
299
518
286
1596
1109
559
1063
132
1375
1452
171
599
310
91
1220
111
198
590
1610
1569
1309
154
267
296
1312
1017
1
1557
196
1004
145
386
513
1248
176
646
1448
312
445
61
288
261
1346
1012
975
1553
485
1025
273
557
1383
390
370
150
1389
1094
504
1599
138
1476
634
83
1083
1190
50
30
221
127
62
1577
240
1152
495
1118
1331
1014
984
1315
1328
659
548
1147
1299
1518
333
1095
1550
1566
439
443
493
635
346
571
307
1531
1314
472
1337
565
1237
402
520
213
1330
1585
57
160
1411
498
458
1332
1539
300
497
385
525
1397
361
531
11
20
1226
1180
992
538
338
1089
186
123
1373
193
989
322
474
657
342
274
423
1002
658
623
174
401
479
1278
175
1011
37
620
278
124
1280
1176
1266
1122
644
1214
1189
1168
1352
1185
1255
118
478
1459
26
243
292
542
126
1193
29
1507
1097
1625
1442
1699
1800
745
1866
1635
932
748
1662
1856
746
1653
956
720
922
854
730
761
1687
880
812
911
1664
839
1833
1734
1763
836
1812
1838
1723
688
1797
934
943
919
957
1882
1787
1894
929
763
818
1902
877
710
750
1911
937
772
882
721
724
1794
1884
1807
815
785
1868
767
1768
1739
861
728
1689
683
684
1878
873
760
1669
921
1759
954
779
1681
1677
1637
707
1654
1782
1656
1638
1858
1777
749
1751
770
726
816
796
1834
1903
931
1650
1642
1711
700
1661
1843
963
1850
685
858
1660
946
771
788
892
1775
696
798
1909
1702
794
1879
837
824
704
947
860
1917
1643
692
1808
1832
959
950
1740
665
1744
735
1694
1670
1703
717
1628
1719
1724
899
1817
715
741
1806
1780
889
740
1741
1766
1760
1731
1710
1862
832
918
888
1673
826
1690
1665
1791
823
884
1779
1634
1679
764
1774
857
1636
1897
930
1728
1746
1861
1811
695
693
1922
774
962
1798
799
706
901
765
955
790
1880
800
698
893
828
1776
909
1835
1742
1767
820
801
1928
786
809
1769
1651
851
951
671
681
1735
1926
1778
1640
1854
1916
896
806
1762
923
1842
902
1914
1729
775
1674
825
890
1904
885
907
813
782
1801
708
1814
1857
712
705
791
1721
834
1755
777
1849
674
1743
742
1691
678
844
1722
766
722
1915
1686
862
833
940
1645
1641
1883
1924
725
1770
881
757
1887
811
787
1629
1704
814
926
864
942
1873
1725
1747
756
1693
1847
835
1923
1818
792
773
863
1830
1750
928
744
905
1885
1772
876
1881
1925
739
669
1930
1841
895
1756
