359
357
112
194
1125
1304
1494
1603
1008
1441
990
157
1031
1258
374
304
1340
1281
123
3
1299
347
1118
577
1212
193
1183
1460
1336
65
1471
199
1555
646
456
1377
144
1048
61
1207
1481
137
1093
1013
549
148
1372
1440
478
1181
1083
238
249
312
989
380
515
980
1423
1199
323
1376
1060
393
140
288
1156
343
1098
239
560
550
263
1401
1619
1562
1089
592
1079
516
521
57
188
187
477
19
1563
328
616
1070
1522
585
1280
1113
1117
1341
86
6
349
1046
201
1553
1559
243
1015
586
1491
360
416
1049
620
428
542
1337
573
1479
1583
121
1087
131
475
1456
1062
248
1513
637
107
1222
539
1483
1120
150
1020
1023
1414
160
1314
1536
514
529
1065
1546
1
119
31
976
1350
30
386
1216
1215
636
1600
69
264
186
81
623
482
1238
80
439
1071
1295
229
316
50
1163
421
228
593
522
1464
198
971
352
658
999
1402
1399
42
991
1407
1239
1014
1590
617
1248
613
493
1176
293
407
290
1080
209
97
72
649
143
1501
1096
1515
362
197
1379
216
1192
58
1369
232
660
1432
1019
1042
1073
464
303
1476
563
154
485
175
1021
502
85
1516
152
1415
1267
1437
1468
103
78
227
1123
427
116
247
146
1353
1564
1000
173
1127
1610
46
1234
180
1622
147
499
1204
1543
596
1187
164
557
1025
468
1053
1283
1417
318
122
95
210
45
1518
400
1039
1055
626
190
387
334
1496
594
168
381
91
1457
1086
378
565
1178
1196
73
1418
1385
1488
1567
324
631
1022
618
301
1361
1255
656
1115
431
566
1244
115
296
1588
1451
1365
1084
27
1231
1009
987
1527
317
1165
606
235
1609
603
16
1329
109
487
1313
1149
1213
262
1191
1029
1027
1343
361
214
266
339
370
1517
1495
330
1502
411
1253
568
321
1552
450
1449
402
1198
1557
1362
612
1058
83
1434
1469
633
4
51
552
1558
1153
458
126
581
139
1224
1389
578
355
471
1443
269
1570
509
162
1145
287
635
255
169
1106
1011
1373
1133
587
314
1043
448
602
170
221
99
1584
1290
1122
574
1250
472
377
1154
311
967
132
1370
350
447
7
206
389
1566
1541
204
562
654
1477
1410
1227
1236
28
1028
548
1012
1179
189
108
1579
488
1317
1322
638
597
22
1492
376
1487
1508
1284
1480
205
93
965
224
1345
1159
969
1109
1129
440
526
1035
977
64
1252
583
92
537
1411
423
498
178
1400
70
75
429
554
1045
1256
1286
1614
128
540
202
48
611
211
425
994
87
1010
1404
1442
246
614
1121
1193
1595
1448
1613
1511
588
1607
130
469
335
1403
270
327
1618
1235
1310
391
1594
1384
1581
353
1505
610
1297
1197
155
1561
1082
1526
1393
1424
445
1277
1485
179
1470
10
354
67
145
1560
415
1004
506
300
523
1587
1257
437
972
648
138
1378
195
1458
449
1354
570
1592
1200
1249
1242
1507
385
1548
1576
34
1512
89
1301
1190
0
1611
5
1175
988
101
981
39
528
452
124
177
136
336
118
1573
1532
505
1406
1052
192
1462
1194
1232
600
1217
1210
460
41
358
297
615
517
558
1205
465
410
1454
1137
1550
1173
1172
527
1427
1088
420
1225
1273
1627
590
457
111
973
1260
1237
979
1233
1047
102
454
1381
1316
1395
1151
1229
1054
1521
68
1591
546
1542
1289
1131
1038
252
1061
1142
134
1578
1265
1105
127
1380
1535
1246
237
1599
1544
1334
1625
55
74
105
163
1221
1436
1032
1155
639
1421
1170
518
591
1076
1447
1834
1769
1731
866
1688
780
937
1645
962
822
742
1747
940
683
951
803
839
663
920
1819
1852
740
738
1728
775
1844
1713
741
672
897
1818
875
908
1749
1801
960
915
1806
849
903
1649
841
731
1848
1683
1636
1668
1902
666
746
926
917
831
1705
824
922
1849
833
808
1833
744
748
927
1797
1734
948
779
806
1841
694
1807
1696
1702
950
924
1667
1800
1750
961
732
1658
863
1646
759
708
725
724
815
932
676
766
677
671
1812
1842
1706
1652
1850
1796
835
721
1828
1903
857
1878
1742
944
912
817
892
715
804
680
1661
1912
1918
757
954
1738
1914
890
690
1743
1648
684
1923
1876
1883
1794
836
726
846
1816
900
665
1884
1823
733
791
906
1762
1885
847
1881
923
1630
728
865
1908
1913
701
1839
675
747
902
698
1735
1809
1860
1708
776
1698
1739
938
714
1814
829
1745
956
1863
691
868
809
679
1736
1776
1737
674
867
1869
1672
722
681
1894
1685
761
1870
1719
710
1922
794
1898
1851
706
784
858
1676
1707
873
712
782
1777
935
769
773
678
1826
727
1926
688
1721
798
1917
1740
1757
1875
861
704
936
947
1787
1640
667
845
796
818
1632
1662
764
843
730
760
827
905
793
882
1925
1760
885
1726
869
904
1699
874
810
1928
802
1690
1714
718
807
911
749
1916
736
1704
1638
821
1915
1886
737
859
1732
1892
1910
1811
1822
1805
1871
1895
1779
1712
928
856
1904
1700
765
1815
687
884
1670
862
1724
778
685
1890
889
1681
785
1856
837
880
801
1633
1872
1857
820
876
872
768
1774
871
