1213
515
14
263
1615
620
1403
1488
256
1497
379
441
1566
514
179
225
1170
1580
394
1511
243
343
1196
1612
434
1543
1571
1354
1418
1138
1217
1335
152
55
569
257
642
222
1058
1154
1027
1514
1255
312
368
375
503
1117
566
1307
1010
1466
1458
1086
488
1489
1393
1145
58
37
150
1110
628
562
221
486
602
1156
1180
208
504
11
1131
650
292
363
71
1291
396
1484
1351
531
1218
1328
581
571
33
98
1586
1359
1482
427
1419
277
1223
302
219
223
1073
615
12
444
59
387
241
1275
1095
1536
996
24
983
1142
457
1549
1039
1285
1118
88
0
1151
484
1555
250
1202
1021
463
273
1474
15
1278
1624
1486
1621
965
313
1107
498
1395
1587
1310
1365
1063
109
1224
1509
1539
1128
73
31
1229
1533
1129
1014
429
1301
462
1111
178
1326
1147
148
1331
653
1532
1101
1485
1195
171
229
165
1102
1500
516
268
595
510
524
584
438
329
264
461
563
1618
1265
1518
195
412
1439
406
22
1465
511
137
1343
93
1249
311
636
534
122
359
626
1126
325
512
1575
1412
169
1064
1146
1013
1627
1559
1460
187
155
1380
1417
991
336
1313
988
1297
481
1581
603
465
1415
1360
1274
105
186
612
1087
496
196
1122
4
1397
176
1071
458
525
308
141
56
568
1263
1564
1114
1337
539
1494
1028
1016
613
1053
381
1243
1473
600
123
1316
634
597
378
1493
1454
1079
177
1431
157
978
1238
633
1432
1112
1228
502
52
1537
400
1358
276
357
1003
435
80
1269
288
1599
65
182
1034
386
1467
1144
1544
460
985
1007
607
587
575
1211
1506
115
1169
1017
560
278
967
1065
415
493
1390
50
1226
1617
522
260
544
1233
374
591
1409
199
1333
523
1012
421
1547
1585
136
1132
1030
1568
232
1098
239
459
163
399
1527
1026
1453
307
1468
212
117
1296
1594
1292
1025
1572
371
35
590
557
430
398
160
1336
408
1546
1379
968
113
94
1167
992
432
1340
201
1225
78
1121
1239
1364
1054
1200
1037
1245
215
1210
1099
1424
1515
230
111
294
1002
630
1106
1247
1576
1103
1355
203
401
454
43
1140
1186
545
478
1115
616
984
1606
112
1177
499
477
17
614
1448
107
1
330
269
207
1578
976
433
40
1153
1304
92
1069
1004
79
1189
1250
1251
1531
156
439
87
316
231
291
1192
254
1235
1056
1330
596
1398
1124
1020
1416
646
1592
528
1031
1440
1024
403
248
1191
132
190
1158
1272
228
1385
287
1348
529
1201
1281
1579
1595
1353
1148
470
1528
1183
1188
517
102
306
1055
619
1427
390
1470
1074
500
588
1190
1362
1441
134
45
578
1135
972
300
140
1060
1136
168
1077
226
1332
1163
181
341
2
315
593
519
1185
464
384
1262
1526
1597
349
280
1437
166
162
1548
610
1008
63
1257
407
332
46
1604
340
1172
405
1222
1600
345
1256
1596
1164
1429
1133
395
96
1513
255
1149
1516
1339
1399
1057
1524
629
237
205
8
337
331
487
1444
480
1096
376
1476
274
1338
1608
1613
328
1342
1512
1610
350
344
153
605
576
91
397
541
989
1134
1366
1295
240
1400
270
1279
542
1423
25
1391
974
185
382
158
565
1045
210
1100
627
13
10
1061
1602
348
180
1152
1502
32
1614
23
1125
1498
1009
366
521
1436
1535
1469
1113
1306
1204
1369
41
362
1041
135
1181
188
1046
266
645
1097
106
651
121
1504
51
476
1067
971
993
1561
103
373
1168
1270
1287
242
1552
1433
299
424
202
640
296
183
385
1900
1758
853
819
1649
1798
697
899
1759
723
828
698
942
711
929
1915
1870
1812
689
1916
728
1679
765
1815
847
1809
962
1641
751
714
833
959
1841
1746
1744
930
804
1716
701
687
1764
874
939
1790
1817
753
1692
864
1803
1638
784
1785
1810
860
1721
846
1851
1806
1906
776
754
1842
868
667
1921
830
1717
1730
1904
1705
1799
1761
1775
1801
1682
1774
1727
1741
1666
672
1685
1829
897
1828
769
1868
854
900
902
1869
869
743
704
926
1837
1792
1771
885
816
822
1674
1752
1919
1824
1818
1633
921
960
1862
1709
859
904
1712
1846
768
1911
876
1889
1766
1789
1814
1657
747
1672
815
909
730
852
1670
1816
872
1899
1813
720
1826
1738
944
1687
718
889
691
1654
692
775
844
1714
1853
737
1707
1793
1922
1839
843
675
1710
945
1830
1691
1783
745
727
682
1777
802
1676
671
685
858
893
674
1924
1634
1908
767
1913
719
907
1770
1659
1903
1719
1859
725
917
1767
1888
1881
898
1794
1739
877
1673
1827
1743
803
713
1873
1787
832
1811
738
937
957
710
681
1650
1878
788
1854
1645
1860
1910
943
951
883
1713
831
1639
1819
756
862
1848
1893
706
1776
752
1769
1750
886
935
934
779
1723
1680
1630
1865
1662
781
811
1885
827
1831
1821
1844
1668
795
790
1660
820
880
923
1694
759
1675
814
690
1840
905
884
742
783
888
1927
805
1780
1802
1907
733
684
932
882
956
1791
1825
664
676
1644
823
1729
841
669
1797
1867
1909
755
1706
716
760
663
785
801
1843
722
1796
773
1703
1640
1734
838
906
1800
952
