1125
466
1266
341
1084
540
1152
325
1000
98
1518
1544
292
1312
1225
1029
1180
1338
404
59
331
581
441
248
1115
1218
27
1205
1092
461
363
1088
1534
1363
326
39
1169
194
370
164
1198
111
1268
470
611
992
1110
640
1171
1193
1077
536
1005
374
1412
551
556
235
195
188
662
50
12
333
1135
657
101
450
1279
449
998
343
1382
1317
1271
594
993
1200
1379
13
397
436
1521
417
1058
597
1458
487
1134
1299
1156
1335
1342
1100
523
1085
1050
14
1515
177
1617
1392
1508
444
1463
569
168
1089
987
1207
463
604
1251
1242
10
137
1220
387
43
983
484
258
300
310
1336
1146
445
274
426
1345
1609
973
1389
562
106
1476
1584
583
982
1278
519
1046
412
1500
237
170
1020
360
457
1031
157
1253
408
1102
103
1264
485
456
624
1327
1451
317
1454
1383
1565
1197
176
311
1450
218
442
122
1040
1369
1318
652
1461
201
619
283
1583
654
506
1594
71
573
1547
1349
171
1289
1554
1397
1273
36
167
600
610
362
547
1309
301
289
1490
620
979
381
1277
29
1238
560
996
1619
204
1027
313
537
1030
24
1384
1589
159
1275
1176
221
142
231
1065
511
247
1376
172
1433
275
198
1598
1260
298
1385
1361
1120
636
1437
586
1381
1221
1067
421
439
372
269
67
3
1566
291
989
502
1622
1449
1447
224
1513
1546
1398
530
161
1505
151
1243
1625
1032
138
598
141
1127
280
299
246
321
1041
1353
512
574
1165
190
369
1107
1597
646
1118
23
1255
1179
1043
347
1497
422
147
1168
533
477
356
1162
350
542
590
209
267
323
346
1537
488
549
1203
991
967
119
108
9
134
1270
475
496
1112
622
1326
383
1466
1443
1487
365
433
568
65
83
1540
1240
136
1431
96
228
1009
1572
1531
216
1621
56
1593
1071
997
1503
1519
988
401
1170
1045
1344
1163
1182
1254
1189
140
462
1269
1011
1339
1280
509
1394
217
1481
400
75
63
366
1187
986
242
250
1147
1157
1407
577
234
79
1070
1137
1564
1393
1514
78
616
302
1081
166
587
634
1375
322
368
1573
1555
534
1214
1442
499
351
1204
1153
1199
535
497
541
1008
229
966
1418
1196
1037
1365
1257
282
1333
1480
969
1545
1448
1334
1464
1493
334
243
1618
515
1439
1348
109
130
1473
1097
205
1072
1075
1061
522
1356
388
314
1113
1281
396
1608
358
1314
405
508
1620
1104
263
565
1377
1444
42
1396
1541
1522
1388
1206
129
116
1141
653
1155
1215
1370
1051
1063
1359
1149
1209
102
316
1415
975
1467
469
402
1017
655
474
1568
244
117
1516
1007
643
1316
440
193
149
1501
589
320
1542
1488
1395
16
252
1049
386
1483
1224
420
395
81
526
612
1472
37
1364
154
1194
1062
520
348
1015
1492
112
1078
1094
1533
210
1174
1160
6
241
1068
1337
354
495
35
1471
468
1414
1494
1293
1607
424
406
403
104
1539
1124
1154
398
1172
339
1478
1340
367
489
1246
642
1360
613
207
393
1322
286
1485
504
1247
377
110
319
1288
631
121
427
1294
1128
434
120
5
41
1586
543
4
1399
1311
584
1231
307
557
578
11
1587
1419
1122
1371
26
60
482
22
1550
1368
123
1413
1119
1002
150
270
1185
88
1258
1324
1549
429
1138
1267
1069
554
186
1614
1367
31
416
425
579
173
965
1574
1560
1042
1283
315
1101
1528
607
200
1304
629
592
97
324
1373
1552
127
1012
8
1446
1130
1427
25
1105
399
1108
1331
1411
1059
38
86
94
1076
763
954
1764
1750
1889
856
1804
1800
1662
1907
724
1788
1698
764
1718
1691
1774
850
960
754
1724
1872
838
1789
933
1730
808
1731
1880
752
1791
1803
1895
1922
790
1717
901
1825
1768
1827
1806
826
696
1649
912
1858
1843
902
1680
774
948
1684
1778
1837
733
931
816
760
810
1660
1696
1904
1628
854
1868
1823
757
853
1716
1930
786
895
881
1903
740
1881
773
1787
1733
1656
921
1916
857
941
770
1632
1703
1847
679
1792
827
880
686
1668
867
685
830
1743
712
950
1701
927
715
1740
1925
1683
1751
779
1898
964
667
940
1758
1923
1814
1824
955
1629
1765
890
821
1846
704
1850
870
738
1738
1757
847
1658
678
755
910
1839
1661
1911
1676
781
1646
1793
680
783
886
1736
701
1679
1652
1909
729
1727
741
889
869
1924
1776
834
1734
879
1763
945
1667
1748
876
943
697
721
1761
1869
801
1770
1754
1844
1878
746
1894
1631
917
796
1686
1760
799
1719
1833
952
734
1892
683
1744
914
761
935
1897
1713
706
822
805
1634
1901
859
913
911
794
1755
1637
1884
730
837
1639
1890
861
1767
673
846
777
717
753
1664
1899
884
695
1927
898
918
1766
1644
699
778
1720
963
1896
892
676
946
905
1828
700
780
841
1650
862
1886
959
1669
848
785
797
1648
670
840
1865
907
1836
1695
824
1845
915
819
1780
1786
1906
893
1705
1759
716
692
718
1746
1673
1817
1928
711
836
1697
1645
1859
1670
958
802
1811
937
1775
1681
843
787
1647
765
1777
1929
768
1795
845
1856
690
809
1704
1876
720
1926
1726
1919
807
792
