1205
453
660
1610
427
211
8
441
346
1625
305
1037
1334
336
1368
1242
659
1121
184
1526
227
99
1328
1490
405
302
43
1214
334
465
1524
1094
256
100
1457
1619
1124
1221
585
1074
230
116
1151
194
195
1428
1398
1095
1515
310
126
1179
38
1592
608
1251
450
119
1217
1297
1219
125
10
28
1547
554
425
1360
1260
380
1505
258
1474
113
1551
1298
1155
1296
335
1069
1153
545
590
448
626
262
92
1013
210
94
1462
1540
226
1598
1412
1093
1225
1005
452
638
77
1301
307
145
359
657
218
368
288
90
179
1578
1507
1065
482
25
1571
1390
446
1042
1109
296
1034
242
563
128
1006
594
204
1002
539
479
1234
1370
144
243
588
1089
1364
616
988
1536
276
1446
267
1544
1139
91
270
1199
566
513
290
263
1511
1342
1133
1272
1351
148
1518
1012
432
237
1043
1024
228
489
1086
481
1313
449
971
1583
542
979
578
420
1030
1451
1556
557
0
1075
1203
397
206
1072
1071
1366
1539
120
1027
1306
1320
1209
1046
549
1335
1513
1084
1170
1531
1160
520
1302
1532
1216
1194
1192
161
618
415
1375
579
1414
326
1595
1333
372
1196
64
1367
1291
1495
1346
389
505
1622
1285
1345
1496
153
985
1137
164
525
470
636
1602
1337
434
1383
999
1053
1486
1011
423
1432
1181
1107
1123
1573
459
1424
1016
484
388
147
273
1206
1176
642
1096
1626
1248
15
58
1254
981
1198
159
644
369
185
350
1299
320
274
1493
393
1325
1207
1201
1441
68
1068
1559
1354
533
295
51
1567
175
1290
1144
1185
1118
298
376
1200
490
1318
177
622
1411
239
1543
238
40
1264
1523
1271
207
1617
289
80
1385
370
193
67
632
1128
530
1452
514
151
984
42
1307
982
1232
515
136
1376
624
1059
31
1611
178
989
311
1574
556
1004
251
1380
1067
488
1563
532
63
103
469
1215
550
169
607
361
1534
1608
396
1371
1029
315
84
60
504
306
78
1627
1558
1148
1189
1052
1187
235
253
1548
1407
1280
249
572
1246
32
112
142
1224
1618
1117
183
1418
1528
1477
284
1386
1522
1164
1149
1516
44
399
325
1288
1437
661
1330
1136
1560
1303
1103
419
338
173
1438
1021
1035
1041
41
385
524
1401
1238
1535
612
1267
1577
87
54
89
1147
1143
1612
1369
1047
1344
374
257
191
444
1406
1373
552
1108
1600
1152
97
1222
1420
83
1395
411
300
401
1359
254
1392
430
1415
341
521
205
24
62
1408
1517
986
1317
1076
633
1362
1350
1521
3
135
1460
455
595
991
187
316
79
615
1111
1276
1433
643
1550
1485
1281
1562
637
356
1322
1228
650
1259
501
1182
1378
1073
1087
531
408
1606
438
1396
436
303
1475
1588
1472
1025
575
314
1499
435
297
1220
589
98
1591
158
13
442
1593
620
1099
312
390
1572
250
1391
429
343
76
559
1417
1161
1250
141
627
1150
1479
582
1115
570
1113
1295
299
1085
1463
1482
1101
365
1585
523
1257
591
966
166
387
224
304
133
1480
1581
366
460
1202
598
518
485
1300
247
404
134
18
1054
1409
1274
428
319
1131
970
1381
1049
431
629
105
1586
1310
603
1338
1545
282
1570
1169
1293
23
362
200
1078
652
1504
1329
1195
1180
1347
1286
458
287
1533
188
157
447
1173
1510
201
1253
20
972
413
56
443
1549
124
568
1416
1331
1218
1421
73
1594
139
498
604
1227
1001
1061
493
1091
277
222
1168
219
57
1171
1058
269
1356
564
172
152
265
358
1621
1389
241
639
596
506
517
739
1780
1800
829
765
1710
1880
959
1844
1768
1899
848
800
1712
1909
1847
1863
1746
1852
1683
730
773
885
1645
1753
1868
1823
1666
675
860
1662
1894
664
1865
935
736
898
934
924
882
1829
907
1703
706
1786
1636
779
1826
1718
820
1681
1861
1731
1658
1704
1854
1781
888
1665
1716
891
945
893
798
1730
961
801
716
1813
1750
1754
689
1788
799
1859
1672
1798
1735
804
1916
711
1796
1876
1668
1759
897
1638
1713
771
1822
793
752
910
1659
1912
862
866
894
1751
731
1905
844
1814
745
872
1911
880
957
770
863
763
914
875
831
1653
727
810
1706
781
680
874
833
767
835
1819
1669
797
915
766
722
748
1850
740
1882
665
673
955
1871
1694
859
751
952
1896
1808
949
1692
1650
1834
843
871
1785
1832
1920
1652
913
1790
1722
1715
1635
1743
1864
1841
1884
1639
1867
1915
1888
1740
1680
1926
737
1720
802
778
696
1721
1807
663
677
1705
939
1794
1651
702
1885
1777
1838
1887
1877
1775
901
842
674
899
942
826
769
1825
1707
1890
757
813
724
1701
1769
1726
1629
1632
699
1799
690
858
1923
1873
1914
878
1696
1806
1809
1745
785
884
708
1784
743
1709
1664
892
1634
807
789
1719
1846
896
865
1856
1818
916
1866
1782
705
864
1648
1851
824
1742
1857
1761
1862
938
721
714
676
759
1903
1654
1805
732
1723
1687
788
1732
782
828
819
695
870
1783
1655
1929
774
1901
772
709
1816
735
776
960
937
666
1907
1727
686
670
1922
845
754
700
792
1711
909
1872
717
1906
1671
1883
715
1793
1689
734
1767
692
