1142
1542
153
1614
1264
1561
526
987
105
359
1148
50
1214
1245
1331
63
1163
417
1525
1406
582
1603
662
1319
1021
471
1410
1501
116
281
1347
624
1029
272
1020
1436
247
517
557
421
331
606
1596
227
4
273
969
972
194
1232
324
164
1488
274
1526
1564
1337
328
1424
535
1224
1583
1521
397
190
574
1164
321
475
1417
633
1397
1183
111
69
484
334
1366
295
371
499
1560
1563
1491
1275
426
292
1369
427
1258
1492
129
367
1026
1591
1270
625
32
1058
380
1575
110
144
985
1431
348
159
1618
1538
1278
1416
233
414
1262
491
93
1047
1090
1101
1540
1393
1341
74
1627
1285
1415
108
1533
44
1515
635
525
996
469
1099
1237
1300
1328
1420
1203
474
465
1370
1432
550
1440
570
1327
1246
363
338
1322
1102
1014
1236
57
1272
479
181
231
199
1579
1296
311
1269
1173
285
155
1447
626
993
1048
174
1116
1280
17
512
234
551
1312
580
1550
1599
1523
1298
1032
1387
1398
1015
1161
232
478
1375
212
1196
1389
197
581
441
1497
532
191
984
373
262
218
149
973
1615
1219
597
434
1230
636
1315
1150
976
286
967
1512
659
647
1606
102
508
5
1412
101
1559
1555
264
1460
493
283
49
167
1357
657
1359
1234
1039
113
1409
642
1531
568
497
654
442
71
94
1390
562
596
1175
133
627
593
1334
1547
1131
629
244
374
1473
1069
1241
605
1384
500
396
1535
585
40
55
1244
1085
1055
347
210
276
385
211
1572
80
539
1079
1442
72
134
1623
195
1201
1487
1400
530
1604
1589
1191
547
1371
1404
1325
377
1585
1329
341
1227
1502
1261
375
628
1200
650
1351
1192
1186
1052
251
1075
104
966
1151
1084
1519
206
383
1147
1613
1524
200
1156
1222
139
1143
1317
381
485
1493
1028
1073
2
429
1279
1551
1471
1113
634
67
419
449
1001
1464
661
548
1266
1548
1514
563
1483
76
184
248
1070
162
145
522
1509
163
640
239
980
1286
1053
178
1352
1107
583
1408
62
1395
207
1449
395
1301
428
332
457
1303
1257
48
467
1570
157
219
351
1354
1225
639
1129
490
378
245
122
516
53
1290
64
519
999
1212
425
1098
235
182
26
270
1435
1326
579
489
309
501
221
1462
1340
1363
352
1313
114
1481
271
1108
496
1539
561
106
1118
986
1018
130
447
188
120
1125
10
1314
70
520
1605
483
35
1598
630
46
1168
575
1425
1463
1444
314
350
1394
138
1253
121
456
275
205
379
84
18
1480
346
1379
420
222
1495
1377
656
1567
290
25
1080
1268
267
364
968
613
1204
1376
289
66
601
462
1383
316
1348
1626
369
1206
1060
1562
107
1110
1573
11
1382
229
146
632
1392
1323
156
653
1034
391
1494
599
1003
1421
1454
1260
1461
1506
355
1318
152
1619
450
453
1158
1520
1211
637
1522
125
1100
537
339
998
1549
1256
1145
123
158
1419
1517
1004
58
1566
1292
1504
1307
306
408
513
1072
112
1063
573
1427
337
386
1036
19
1092
1078
1624
1082
192
413
1074
1316
1124
533
406
1557
1106
981
136
1361
77
1345
1043
1479
611
1083
349
989
1140
623
1368
1194
558
298
1356
1114
186
1235
1059
1189
1510
354
1238
604
1205
1040
132
480
619
294
126
1062
246
365
587
1144
1333
1255
415
990
641
1418
370
12
1362
1568
1465
1482
1472
103
261
978
39
433
85
1138
612
1037
1429
1423
602
329
14
1209
655
1115
552
269
615
1500
1595
1543
995
230
1213
27
1087
317
451
455
1159
1842
691
1641
792
695
712
841
1837
908
1764
878
823
1721
688
879
1700
757
1800
1730
698
722
829
886
1811
1742
1651
690
1780
847
1896
1729
1874
1762
1856
776
1649
1731
895
1750
708
706
678
1884
1892
931
865
833
953
1707
1806
882
804
1894
1851
1734
806
955
1907
1745
824
716
843
798
1758
680
1693
1727
750
958
1853
1861
1719
784
896
913
1708
812
1911
1803
1720
1846
881
1709
1799
1736
840
769
849
1779
762
1836
1643
1665
1675
1774
1839
810
860
745
760
925
932
1809
1772
729
906
1867
1632
814
771
723
749
1655
856
1633
1703
802
1923
872
1639
917
887
1788
1683
921
766
1863
1900
1668
685
926
767
1744
694
700
900
1917
803
1827
1880
831
868
736
1926
1859
1652
1667
1850
697
1654
666
914
842
673
936
725
1794
811
1701
744
702
957
1688
874
703
1798
892
1875
1761
1883
734
963
934
683
681
709
1662
696
1697
1903
800
905
902
819
778
1891
1756
1864
1845
672
1876
946
772
1819
927
1733
1786
1913
1830
817
1778
1910
938
818
1897
775
826
799
844
663
1815
930
1822
1681
795
1765
852
669
726
1890
797
1634
1888
853
1663
737
1766
1808
707
1929
864
1715
1698
1781
791
1642
1909
1696
1889
1717
1743
1832
687
807
1680
753
670
1860
901
794
1927
871
916
1759
1705
1630
1868
861
738
845
1670
897
1855
693
777
711
1628
667
1770
891
718
899
741
713
909
1692
1661
704
907
1825
1645
1679
1920
820
720
1684
889
1885
1915
664
746
1673
1902
1664
1916
1773
1805
732
922
1677
1829
947
