574
1472
71
376
1317
1614
232
1222
632
1543
146
1117
579
641
242
38
986
362
1261
244
581
94
1341
1025
548
991
1368
1503
1313
45
637
1555
554
1161
1549
1240
465
539
23
505
321
1051
252
1205
1386
412
1234
169
478
1448
309
278
129
533
130
655
227
1151
292
318
438
971
1031
1048
1266
1480
1451
1299
1093
1493
332
198
110
642
1106
1562
1284
1492
1524
599
188
1458
1112
1175
1461
587
509
454
286
272
230
1391
462
617
439
987
422
518
136
1372
622
44
536
1433
990
1126
1148
103
427
1398
607
1344
1182
537
1000
1011
1162
970
149
283
300
350
1038
1324
356
41
375
1235
1374
357
1305
523
1200
984
36
515
1605
1241
507
1232
550
1273
275
46
1272
1242
1039
657
285
73
75
18
547
1085
1245
1195
1173
174
500
1603
1215
90
575
1412
659
1221
403
1625
1486
1246
993
1133
463
42
503
1332
582
224
1013
1177
16
1462
485
1529
1104
1149
425
1535
182
266
1283
406
401
9
1178
1298
1616
1030
451
490
1582
1373
534
595
1363
576
540
455
60
653
351
1312
1550
633
1561
1057
218
1145
315
1473
1609
65
1218
1471
433
1269
1434
1370
611
1247
1565
215
1385
1184
1576
142
172
589
277
1578
92
1251
1289
323
1418
426
3
1258
231
1484
25
1068
373
14
1501
605
234
282
209
1599
382
1113
1089
436
542
1422
1248
199
590
213
1450
1019
1456
126
1594
196
1029
1026
1402
395
109
529
273
1132
1489
1545
1404
270
1316
85
1022
1620
291
508
416
180
1530
19
344
1335
418
1290
54
1309
131
324
193
471
1091
1377
652
1353
1590
1072
1328
1536
1393
1143
1262
72
1163
1154
222
313
1015
13
55
1381
153
290
301
1378
237
1589
337
284
430
1396
635
466
1139
528
123
1514
1196
39
1144
1348
1206
293
979
1010
1482
204
1627
1547
176
1400
1588
570
147
148
296
1141
1523
981
1356
116
346
1203
1608
68
223
561
1318
1128
1146
1511
379
128
1212
369
1540
1017
70
145
969
429
573
1612
1156
1394
1359
119
333
1506
201
566
1123
183
541
1001
1405
398
602
1375
378
1432
1593
166
37
988
43
1574
1016
1069
22
459
66
1334
535
1395
211
1129
263
216
467
349
1440
1602
488
140
428
1296
1297
1619
407
504
320
380
1225
366
79
1263
1431
994
1554
1522
360
967
1351
980
358
1270
165
631
310
139
498
1542
512
164
1121
383
625
1419
1519
340
322
1478
392
1505
643
1474
187
1125
1078
1369
312
1023
1410
249
1513
516
1077
1495
1147
1256
1525
1260
1469
1056
370
1457
1310
254
1286
627
417
51
1097
1397
565
1559
1027
93
532
585
102
1264
319
1352
973
443
195
52
1366
661
1105
1430
1302
47
649
26
1250
1583
1340
1153
1534
1552
338
448
135
1053
1288
1429
1587
1409
640
601
6
77
1046
405
616
999
1140
394
1208
1252
1379
189
308
1102
1476
450
260
1150
127
1615
1052
1357
328
1453
255
1168
108
134
1541
298
190
1081
1108
1229
62
421
76
624
1040
152
1159
410
1320
1520
347
217
352
1349
371
1556
1164
1498
1586
502
171
1191
88
1100
184
104
1604
1322
1308
506
1371
1233
1600
444
1086
1548
1597
623
1197
1454
658
1267
1166
1293
194
4
178
61
239
976
1598
1109
97
521
157
1508
1331
484
1213
400
1294
1268
247
1584
1172
1012
1134
446
1047
1516
1512
1249
1500
156
1090
468
1279
1114
1181
1214
499
28
1174
1426
138
1050
1490
1280
481
1735
1887
766
929
1886
772
1870
1667
860
805
1774
1821
704
1699
844
751
953
1787
874
1893
1688
1859
1844
949
819
917
1640
1726
1882
937
816
1676
795
818
688
859
1728
817
891
925
946
757
1757
779
1697
1804
941
1890
1914
900
788
765
1637
1683
1707
908
728
730
1677
839
682
1689
877
1906
674
1856
812
887
709
1696
1661
1789
1805
951
851
731
1919
936
717
1928
1790
1645
1740
1812
1706
705
864
1737
1880
1738
1845
1764
820
1833
783
758
715
747
791
675
1860
837
1892
738
1747
955
885
1850
815
732
770
1665
746
1782
845
778
1641
1670
1930
774
1829
920
1638
1902
1783
1796
897
763
884
1721
1691
785
790
963
852
888
1653
835
1664
1841
1809
905
695
915
1768
909
1633
810
898
923
1720
945
723
748
1695
1693
1830
1662
1682
821
712
707
849
841
1632
1908
883
1770
1751
720
1881
1848
1895
1654
693
1630
960
687
1824
667
1899
1685
1769
1864
1832
1851
867
830
1888
698
775
699
1897
855
1891
777
1628
912
1748
848
1799
1894
932
1786
1803
1739
846
683
907
1773
901
1650
1672
710
1792
1868
729
1722
1643
1905
910
1826
787
1749
803
1878
1869
899
962
740
1762
1674
1835
1822
1918
896
1840
1876
838
664
686
1925
1631
1736
745
833
1704
1744
716
894
1702
799
1909
1920
921
722
1817
870
853
1777
694
1659
875
1692
1710
1867
1872
804
947
1750
711
811
1756
673
1879
902
734
1781
1668
714
1866
957
928
903
1921
668
800
858
1898
1779
866
1731
926
1917
948
680
750
850
676
767
1884
934
