263
141
51
241
1199
1423
275
128
113
489
569
111
548
13
328
34
1097
164
285
1220
146
571
471
98
216
593
1126
450
289
547
1441
326
305
652
1037
1585
268
1189
252
399
186
207
983
971
397
1312
408
1553
1103
1185
1168
17
973
110
237
1259
641
508
1343
1583
1279
379
170
534
1084
63
20
1162
650
1297
1609
1027
463
1143
1459
1197
108
374
1619
1448
430
308
1039
976
609
407
587
1489
1598
294
1304
1490
468
367
1572
283
1335
1295
556
204
457
1081
1602
1340
1397
43
1053
1190
1517
522
1049
1589
1044
1571
1501
189
640
284
185
151
1542
594
511
651
179
1090
1207
574
68
172
1485
1535
325
498
194
1399
152
1208
361
1180
415
1176
46
27
478
536
1041
109
1567
122
228
506
603
1548
101
1484
573
642
618
484
1038
1256
1492
1034
1193
355
1023
377
981
396
336
1486
510
1080
369
637
1222
363
60
1069
1556
1625
1431
1147
982
1462
975
658
619
351
473
1411
1568
1194
9
1384
53
15
1426
617
1386
1465
40
1377
1447
993
1054
1108
83
1137
115
1316
1235
447
595
517
1382
1033
1614
1414
633
1584
330
96
1057
970
1525
1036
48
598
1238
1132
125
1142
54
318
123
99
1627
432
525
253
1344
97
220
1324
1067
968
967
1307
638
416
621
12
262
643
426
1164
602
1554
1042
1607
974
562
1130
1579
1552
232
347
1288
578
1159
1419
205
1350
280
1488
1558
1408
1017
1060
1171
445
1586
565
540
531
157
1510
1232
140
160
1217
523
1597
1547
1418
1444
1087
224
1119
1425
350
1497
1277
446
1227
278
409
1592
1120
23
1001
1533
372
1355
966
1141
1430
503
1062
1131
1443
620
1010
1009
231
147
167
1276
70
1446
1622
171
1000
168
264
395
1569
272
985
385
1339
420
1287
42
1214
1351
546
132
1565
38
306
383
513
1046
270
358
1467
166
656
71
474
1228
1157
606
1371
1549
1429
572
1294
316
1020
507
4
1177
1002
990
518
500
635
1454
564
1245
1471
94
95
1253
467
431
412
1178
493
1005
58
989
454
462
24
1612
1075
530
492
244
25
1482
452
222
1006
105
1481
130
153
1328
509
1383
1513
1320
504
1450
1623
75
36
1464
488
1341
1392
586
1058
1432
199
1417
134
568
259
334
1008
3
1215
210
196
1231
1322
1300
1052
1327
26
324
1096
1427
1527
1019
418
1026
61
1378
1420
1591
451
339
1537
1099
1615
389
1269
1072
1433
1204
1250
541
1366
249
1574
1455
8
1318
1317
1436
300
1183
1070
1262
127
74
655
657
1315
557
57
1416
88
611
297
1451
217
998
1445
1173
1083
344
1241
1118
414
1101
319
1264
1605
1435
1122
410
1524
1140
266
6
138
163
1387
1466
1184
1388
1018
590
19
533
1117
597
1319
137
1381
558
660
995
1263
1546
1258
327
317
1284
1373
528
526
1237
479
338
585
148
1475
1520
1358
246
365
1257
198
1504
1007
1278
610
483
158
315
256
1195
384
177
1223
314
357
298
455
1266
649
527
1404
159
1014
360
1593
202
999
112
1205
307
648
422
1224
1022
459
1390
1004
449
1566
80
1050
215
1519
30
242
1048
209
1442
435
1139
1539
1505
551
544
1112
1102
662
403
1608
362
271
466
1479
1391
277
1581
1557
1346
1375
442
299
375
1356
1472
1015
472
979
563
1498
388
22
1200
124
423
1487
1172
1150
1624
142
50
1405
623
1333
81
482
321
1400
1145
1560
66
1468
1551
1203
417
632
1170
64
139
1367
1587
491
1838
1833
869
1726
1906
837
846
895
955
763
858
674
1748
1858
696
813
1665
1874
1706
835
1655
925
897
1865
871
665
834
1675
1826
1796
903
1733
880
788
1653
1930
1716
1880
769
1654
1816
1684
1745
910
1819
823
735
694
1789
771
1769
748
946
896
1882
790
1722
1852
820
1660
841
1846
712
1831
1801
838
1721
854
894
1640
760
1926
1892
812
916
902
833
958
770
1811
773
1642
904
1883
959
1797
859
860
1868
1904
811
1648
1652
931
1631
1916
1920
1925
961
700
1885
1703
673
1828
803
721
663
934
677
784
1764
1731
1732
1794
697
1928
1818
1708
720
1843
1908
922
855
1788
695
742
1783
1691
1736
1668
670
1837
785
701
1679
683
1770
884
749
867
787
1787
1807
844
1851
1635
1694
1714
1844
1782
914
848
1778
1727
1853
892
1805
707
1689
875
1667
806
714
699
1700
668
1744
868
936
767
798
715
853
782
1671
733
1713
877
1659
1760
809
1752
1765
947
883
815
942
1917
1723
1637
1918
1698
1638
739
828
927
1757
1900
786
861
743
1701
924
804
1718
1899
832
1687
750
1859
1890
692
825
847
746
1662
1855
836
1738
1889
1785
842
1909
1767
1848
829
1661
1643
1686
941
1755
1910
818
734
900
669
905
1895
1761
792
1875
863
1897
1658
698
1705
920
1822
888
710
1905
1724
1854
779
866
1780
681
1719
667
962
709
1651
1692
1774
1766
886
1776
890
1827
1793
1893
1792
857
1832
919
819
1673
1676
1922
708
1712
821
1666
1876
1730
1894
772
703
831
1835
1728
1878
1664
727
758
1795
1746
682
913
768
1842
1634
