506
507
657
331
1199
459
183
1152
1072
363
464
108
1116
342
1487
114
576
1036
337
415
1452
1621
981
1267
443
1203
1071
1522
1478
552
1229
250
239
1103
1574
420
1438
1387
217
1033
1315
993
28
1343
398
1528
971
11
1440
309
1198
1131
488
155
193
1113
478
187
177
602
631
1475
1457
1165
1050
120
1624
1156
566
578
104
43
1447
1562
1358
512
1423
1224
119
1263
635
633
988
528
97
229
1476
1283
293
1051
1575
394
174
1349
1380
1424
338
998
483
369
224
967
1001
1392
1154
441
253
999
1597
5
1578
185
1034
965
1106
645
348
579
1411
265
75
181
1556
1118
221
969
80
1323
1348
130
659
571
272
1325
1055
40
169
516
644
125
1523
1214
124
102
595
148
1231
1311
1189
1021
473
1232
461
1434
417
133
1133
1507
1492
1595
1272
1466
280
113
490
1167
1143
207
1321
1129
1513
1228
1174
376
57
82
1550
1141
1354
1553
1251
1
1061
388
1425
33
327
626
254
122
1360
577
1416
466
607
1508
109
196
406
314
1297
255
269
271
46
434
1588
372
1040
1383
485
603
1619
1076
537
510
467
1373
1201
1053
513
123
302
1184
613
1235
1158
1442
1082
972
524
378
1445
138
1584
589
475
1563
1149
1307
1220
1330
1125
1402
278
1465
1208
386
1238
407
1139
1456
1389
225
83
22
1514
1121
504
162
248
987
258
261
418
198
230
421
1495
1493
1538
127
136
18
409
128
361
568
968
392
59
201
61
1450
281
1191
1566
1150
1618
476
1359
639
400
1623
209
1340
1428
1560
1294
1138
301
623
304
1350
1018
1270
171
1327
1483
1222
27
509
560
1247
379
1093
194
1586
1521
117
1282
1057
624
1171
1341
246
160
1520
1164
307
67
1285
1098
1385
1210
134
1064
242
320
1030
94
1458
1437
1468
1337
1181
100
341
195
263
358
1233
1020
3
1236
533
1363
1414
1473
1509
1213
1361
615
1256
49
167
1329
1275
391
970
1535
204
1054
567
1250
1568
145
1085
1049
1016
487
432
527
164
1186
1469
1490
1432
980
1489
652
180
1405
1546
52
1616
638
1176
1298
1561
1577
17
991
380
1530
1202
1390
1148
1081
1499
1286
1482
135
540
1399
213
458
351
1446
1433
610
1368
308
1017
284
547
311
256
658
71
158
1126
570
1441
1003
1108
1192
599
1622
1381
1313
984
1474
597
208
554
435
1059
1367
56
1172
450
582
1426
526
1038
1144
210
333
1261
1542
1549
559
1362
1161
42
1063
1153
621
456
543
656
107
340
402
191
87
1467
1147
1410
519
89
1547
422
1190
1460
1170
1070
1625
1069
469
445
405
36
1197
1430
446
642
26
611
161
1583
73
553
575
10
39
465
345
590
1443
1168
285
629
1124
1393
1099
1102
522
1183
1087
41
601
1073
1012
77
1290
1429
1090
1436
1207
115
310
1221
371
653
273
414
322
383
1043
1260
412
1626
1544
477
1418
1269
1022
362
660
992
146
1134
1439
1573
1194
1462
1123
1163
1338
1372
447
1518
290
384
328
31
287
1394
172
468
1215
1534
101
81
1576
605
1531
555
1083
1225
494
525
16
471
197
1241
646
1541
1041
1056
215
545
334
1142
429
166
1455
1600
1524
1611
286
403
1347
173
297
267
243
305
1612
296
534
1345
7
563
1100
1080
306
436
288
330
343
206
649
591
1146
1506
1112
317
1027
1218
1365
1570
486
1180
1408
452
1084
1288
387
655
367
143
14
336
227
428
1135
508
455
1255
463
598
1079
1248
192
562
542
1401
218
1601
628
858
915
1628
1886
720
829
1684
1817
677
1646
795
1759
1841
758
796
1885
749
851
844
1826
1839
667
1645
750
1925
1809
1642
1836
845
1749
1702
873
928
1720
1728
903
1789
803
941
1877
701
753
1790
940
1774
1666
1863
1892
822
1657
1883
770
854
1895
782
1751
776
1844
955
804
832
1690
768
917
957
1767
1802
807
1675
1922
1750
674
838
1801
836
739
1660
938
663
784
771
689
1733
866
1685
869
692
806
847
719
764
1806
1730
1776
1827
1825
1867
1665
862
1857
1688
1659
898
690
920
1914
809
1881
1856
893
929
883
1696
688
682
1851
834
882
1853
880
726
859
1658
867
1771
1654
693
1928
754
1795
944
786
1710
868
850
960
746
1631
820
670
1732
1902
831
1854
1852
800
945
1901
735
1724
1804
1803
848
729
942
1773
1705
1693
813
840
694
935
1741
846
1667
1748
792
773
1744
901
731
744
870
1765
780
1747
1850
1791
1709
1837
1672
1894
863
933
961
921
821
1772
1726
841
1639
1777
1898
1823
1752
1785
1888
1758
1905
939
908
1738
884
914
811
1911
1700
708
711
1746
951
849
766
1656
1711
718
872
723
763
1831
839
1716
1864
959
1929
1893
954
1887
1695
1878
1834
777
892
676
1779
668
1648
1713
1783
906
1636
1904
687
1917
759
1643
1903
1780
956
1735
1874
1739
1635
683
1633
964
675
1647
679
878
1682
709
1742
889
1808
757
778
1919
1930
1707
833
1775
1846
1706
925
1799
794
704
1842
1810
860
1814
937
824
943
1757
895
1651
857
1820
696
855
762
1889
703
1812
1727
962
952
791
1650
714
