1586
1575
1094
61
332
515
1217
1464
1267
90
1375
1178
977
1199
202
1331
1254
1109
98
1143
529
1555
511
573
1434
259
965
1150
1520
1163
338
367
105
604
541
25
525
1146
1062
1515
1452
495
1390
1181
94
1090
1130
333
1583
1432
1019
1343
1241
1325
1239
987
155
175
203
3
382
467
1079
1505
1007
449
50
268
1252
477
513
97
258
1327
1038
439
442
1423
215
1384
574
1116
1607
517
54
1099
1321
16
547
496
1460
444
19
164
15
577
1151
1257
1430
465
424
1153
314
244
538
37
64
598
510
1177
1015
1283
422
306
434
1595
1245
1037
1531
1243
117
1209
1409
1288
159
1478
236
1568
968
1219
264
1132
109
1030
1271
1598
1345
1532
66
41
374
558
476
1526
478
1086
1415
1483
401
414
1227
1319
344
1569
1040
1010
279
654
255
1367
1481
440
1125
223
1372
612
197
1470
1157
1610
1399
1140
522
294
68
349
627
169
587
560
438
115
1226
1101
1133
1058
1316
126
1534
177
237
1160
542
1611
1542
221
1599
396
1450
366
1024
1281
1172
1619
1540
31
204
40
619
1196
646
1419
1621
216
77
1290
317
1137
636
1490
1128
1451
170
1603
5
1487
1518
1087
1018
275
143
562
146
1020
80
1545
322
616
1053
271
1076
421
483
1351
565
605
1258
975
1554
430
554
1382
508
552
55
503
1616
1427
1159
1294
1308
1358
1207
1183
531
132
368
285
551
1156
270
373
209
461
1173
1504
1581
241
1473
201
1615
1052
1224
1458
1456
399
1429
360
350
1403
1522
254
1112
329
362
982
1276
1579
1489
121
383
53
1402
595
660
454
46
152
518
622
1237
1184
519
34
429
406
389
6
600
1332
1127
1594
1371
292
1428
23
1050
1225
230
1330
167
506
400
1223
490
1551
308
277
81
214
99
509
316
1081
447
613
394
652
1180
103
1148
1609
548
1144
1233
1194
1479
111
1438
607
979
355
1078
1208
1120
1206
1048
1454
556
363
135
597
1536
226
1113
557
272
1121
630
1017
1499
1034
210
634
131
1567
20
67
127
301
315
1468
1256
1582
1472
393
104
468
469
1301
1303
398
980
1106
1061
617
1356
631
1036
1338
93
1284
1064
1513
1035
570
32
1397
113
1092
458
320
291
407
650
645
451
1404
1096
1503
1126
1449
345
178
172
1039
644
1426
582
1431
1000
1004
1110
1348
220
1592
1169
486
82
136
1009
419
473
1623
147
431
1500
593
1247
621
52
1597
1016
1244
611
1561
1448
1274
1115
1114
1342
142
1193
307
1471
326
302
416
643
493
1457
402
537
386
1344
102
423
657
1349
261
7
205
983
392
265
1265
1593
1136
42
125
583
1521
1497
579
1578
1042
471
352
1161
1385
1229
1602
1328
9
1026
274
993
561
85
1574
100
1051
1485
1154
150
1255
457
1215
96
1044
485
532
1396
1413
1395
549
260
1480
1387
1165
589
133
1447
1587
27
282
71
1421
33
976
1502
1405
997
1210
426
1591
70
1407
287
186
1435
233
1548
1012
1174
433
1205
1059
1266
1129
623
353
1170
280
1005
139
603
51
1608
154
1494
1240
1492
512
179
1439
153
1369
1339
1105
1008
1605
637
1313
569
591
1242
1162
1056
1523
0
1547
487
1292
158
335
1329
213
639
1065
640
1355
288
1011
1556
354
249
1510
369
1103
428
174
1029
626
514
266
647
1441
533
76
1001
990
528
124
1433
1216
550
521
615
563
235
1590
1145
1095
336
1063
30
206
1501
1341
8
1122
1564
1066
1488
1524
580
1359
408
1323
606
28
985
757
1823
1660
777
733
1808
735
849
686
911
1794
690
855
1810
778
1778
1912
830
1750
1659
693
1711
1800
776
1917
819
682
688
1731
1732
762
1746
882
1670
1863
900
1637
1689
784
1840
719
1739
702
763
667
1651
812
715
732
1817
766
1700
1788
774
679
961
854
1763
943
1661
726
675
951
752
1629
677
1709
850
1813
958
1830
891
1818
898
1772
1726
1722
941
904
772
947
779
1843
1920
716
875
764
797
824
935
696
1922
919
1876
826
953
1923
781
1639
817
823
1864
852
934
862
1749
1910
1852
1893
1874
1662
924
711
1735
1784
741
1690
730
1858
1777
1667
1790
927
1916
714
786
1717
1834
1744
1644
1713
1836
903
846
1738
1801
963
737
1833
1837
1710
838
1887
922
1638
879
1767
1655
835
909
708
789
902
843
895
964
804
1855
740
1733
1906
865
866
1675
1812
1872
1628
672
1868
851
932
899
825
1714
754
687
1913
1862
1897
1715
1695
956
945
1844
1687
1889
761
767
1857
885
1903
705
1829
1883
1693
1882
1631
1701
1649
946
957
1753
1692
703
1741
666
729
1866
948
664
923
859
920
721
768
912
751
878
759
894
1896
839
734
1703
896
1720
1647
930
848
863
1822
744
1781
942
1678
1865
1742
1908
758
938
1891
861
1890
796
694
1853
893
828
749
1824
907
897
959
820
788
883
810
684
954
940
1819
704
908
1820
1838
840
1779
822
1653
699
813
873
1648
806
928
1646
1734
939
1656
1845
925
1640
1668
1707
755
1786
1835
1658
1636
1892
818
718
683
1894
1919
1697
738
1752
1642
707
1900
1795
