589
1138
557
379
606
495
1114
1467
1120
540
1225
51
1269
299
131
263
1201
448
300
324
286
611
1564
1080
1398
1525
108
193
1085
93
117
1336
1128
1205
1379
382
1552
523
22
109
506
61
258
1400
297
1480
346
1526
1048
1092
372
176
257
1498
230
490
341
1115
1125
274
1374
49
633
267
573
595
40
1203
85
1435
1472
101
1341
1425
102
1209
283
1349
441
111
1488
1006
1608
1095
1585
53
1059
1101
1559
126
1304
1437
238
617
1221
1361
1419
195
1430
1385
584
1178
1140
318
1571
1477
431
1409
244
1087
1066
353
175
153
1200
1520
408
385
308
169
1280
359
1378
265
1244
1156
1415
1191
1270
145
564
1268
1376
1313
574
640
332
455
147
1163
1460
58
312
1159
1062
1155
643
1104
60
181
103
1030
157
285
81
568
629
56
236
32
1107
1434
1377
1165
977
1038
1034
223
1184
1326
337
253
1215
430
547
336
1478
1620
1523
9
590
421
222
1405
389
1613
129
466
1183
439
151
146
134
207
1086
1621
1112
1258
497
553
1181
503
1190
1122
292
1186
333
1549
580
264
578
1512
1351
1254
965
1106
92
94
224
121
1220
90
261
1216
453
972
307
603
600
979
1421
1248
999
461
990
107
1448
1089
144
243
1457
1022
1305
428
289
120
1312
654
644
579
1508
1286
1207
1539
391
1238
446
1299
622
1455
1422
1582
249
1485
116
463
1028
250
296
471
368
345
988
1002
442
91
39
16
444
110
1386
344
627
651
655
1573
225
1247
1544
0
1493
525
456
397
79
409
1295
638
1287
604
469
509
166
8
293
1219
1108
1574
1049
519
1562
1591
1081
273
477
541
618
1283
1278
180
73
1093
388
1277
546
1162
77
387
1580
997
415
232
280
1116
1588
386
479
1431
204
319
437
1510
330
1098
543
96
1606
1359
404
976
1040
623
1496
1327
1257
1499
1466
1064
1338
254
1342
1490
149
1301
1297
1189
1345
429
1245
1026
80
1117
1029
106
186
524
414
1320
995
355
1514
41
1314
327
326
512
968
427
173
562
197
592
1053
1607
518
1152
1024
70
65
468
1406
183
1446
1211
100
1577
1500
334
1042
210
548
1579
1088
1456
148
1134
1142
200
76
12
311
1556
1423
1599
596
457
390
551
637
198
1491
1566
45
384
1007
78
130
1561
1471
366
1160
1071
1016
1413
973
1369
1224
1051
302
20
1548
159
539
621
1532
998
1601
1076
545
472
1382
982
139
485
1043
1354
4
975
14
1148
1513
462
114
517
374
478
1182
248
18
1252
282
245
1538
64
1393
1416
1241
392
556
380
1468
1536
1458
1595
1256
1293
1619
284
1334
1302
74
1188
1150
1524
1502
141
1212
1019
271
576
1100
433
1518
1418
1444
1325
398
35
50
125
1511
1596
218
229
1056
529
340
1324
530
1309
1067
1527
1223
438
1598
411
1180
531
538
276
535
537
492
235
1343
43
323
1318
542
367
1592
1308
1179
1261
1005
127
1391
165
305
237
983
510
984
208
1025
1077
124
30
1442
1240
1515
246
1082
1061
624
233
1540
365
1218
1390
262
1091
66
1330
1424
1008
1396
217
505
328
1267
475
587
1483
306
1124
1395
196
1194
498
991
482
1516
632
601
185
363
62
1035
281
1170
1521
652
1168
57
1317
1609
288
226
515
1623
544
966
488
1171
1479
83
89
1366
1298
36
1214
1565
1177
1210
343
1197
502
1353
971
413
331
1381
1610
599
1519
489
993
1151
486
588
87
1445
163
1289
1362
29
317
1017
256
167
1198
1503
1897
1836
746
1660
911
776
951
944
1690
855
1807
1736
1881
717
1756
1796
800
1764
1808
1738
964
1649
730
1629
902
1867
901
1759
1839
1699
1814
1702
875
686
765
1872
742
1765
1790
736
825
895
954
1747
731
1692
775
729
835
898
1639
917
869
842
1908
1788
876
691
940
755
832
1901
724
1927
821
937
852
903
1921
844
771
1757
1855
1697
786
941
780
674
1818
707
1743
675
764
1706
1631
1916
1711
1682
950
1803
888
1794
1748
863
1740
839
1822
819
831
678
777
1884
927
962
795
1758
845
919
859
1728
1769
1703
1835
889
781
1786
1658
1863
1846
1718
1910
870
1761
829
1810
778
1657
735
788
916
1715
747
1834
796
928
914
727
858
663
918
952
761
1670
702
1829
1877
1632
815
1679
818
721
1737
1793
1780
1851
1914
1708
1643
908
1898
1912
1892
1795
949
820
1860
1741
956
840
1891
886
684
803
1804
1713
1734
1815
817
1827
1871
1726
1700
1893
1862
1707
1816
1852
881
816
1817
1919
851
1766
1813
1857
1719
823
849
1806
1664
1841
887
1752
864
946
1868
1907
907
1680
930
1651
1767
749
1672
1698
1853
812
923
1684
669
836
1838
1797
757
873
924
1911
1906
848
1842
763
1665
1693
1865
1902
1824
861
1686
1671
894
670
665
1654
1724
1647
1641
1925
850
1801
1635
740
921
1652
874
912
1691
1729
774
790
1720
758
687
948
1642
793
1926
963
1821
1628
1849
1917
1663
1677
1705
883
713
1831
922
932
1840
683
698
762
1770
1751
1778
1771
1832
939
1636
688
704
810
854
1777
1666
694
1760
716
751
904
1662
