141
20
287
5
250
290
47
144
176
267
157
60
3
40
15
190
244
199
153
215
158
24
69
248
178
254
11
205
230
8
265
201
297
6
212
207
189
295
64
198
151
16
175
66
288
276
35
241
10
70
169
49
182
160
23
172
231
51
26
18
14
164
54
44
274
204
31
194
219
200
185
104
442
424
400
310
433
426
391
80
348
118
306
354
120
351
440
387
109
379
368
302
309
101
85
96
320
103
330
318
76
72
416
105
327
107
390
438
321
344
375
115
71
443
121
129
329
411
371
108
397
131
388
126
336
362
367
393
339
326
333
377
353
401
91
