300
15
299
140
266
136
172
280
202
69
219
19
0
13
229
68
25
177
142
40
64
259
210
288
166
273
14
212
218
257
206
48
26
63
290
175
243
29
230
167
284
51
265
201
268
223
248
251
272
283
214
190
191
235
11
240
141
260
295
297
54
185
163
194
155
176
216
5
188
247
222
426
120
403
341
103
80
450
321
326
415
109
76
329
366
408
449
440
310
77
74
370
339
429
405
397
335
422
318
88
386
108
106
90
100
348
93
325
133
436
338
342
96
81
332
409
123
129
392
356
398
102
71
311
314
410
333
330
437
401
305
359
425
394
355
