205
144
148
264
3
149
165
11
209
146
2
221
241
57
24
141
250
184
66
154
180
185
196
22
186
212
173
288
235
244
8
190
60
243
158
277
50
229
46
251
298
285
142
204
272
270
152
13
161
9
18
224
211
31
294
65
286
138
189
14
27
179
40
45
228
32
202
163
300
28
63
369
134
355
449
333
123
77
102
106
374
319
322
412
382
439
98
326
113
100
352
101
301
96
379
88
398
335
109
432
414
376
447
73
353
122
431
401
81
321
399
380
442
97
360
421
338
94
395
127
400
351
419
85
378
131
385
349
74
368
390
405
302
403
406
