258
219
167
60
177
65
158
26
172
159
278
180
42
156
291
256
48
242
268
199
241
210
200
34
67
283
25
233
31
238
236
285
21
0
148
191
245
27
203
290
284
136
144
262
2
201
45
182
255
50
263
225
277
164
30
186
135
272
194
149
226
14
202
1
151
35
20
235
206
175
5
85
384
361
438
130
372
107
110
345
341
100
394
409
134
79
98
411
437
307
378
129
76
348
114
386
121
381
389
423
314
402
86
367
391
407
78
305
109
342
449
332
117
370
74
328
416
326
359
447
73
414
376
430
396
445
330
412
436
306
362
83
346
385
131
