20
213
30
54
211
24
275
280
10
266
44
208
177
221
270
199
176
66
41
13
35
269
138
192
175
300
157
23
65
295
220
182
153
178
219
154
25
286
64
205
217
173
170
6
28
12
29
135
18
223
5
233
2
247
3
228
165
163
186
53
14
229
290
224
195
184
222
204
141
293
9
315
115
370
374
428
371
369
129
396
442
395
372
91
440
333
86
434
358
426
89
306
411
398
103
422
321
76
385
394
325
360
445
314
107
130
409
400
83
351
356
80
435
304
73
96
443
309
312
109
87
308
357
346
123
354
126
124
95
132
407
338
353
78
340
