225
233
136
250
167
23
261
146
62
295
25
151
4
30
3
215
205
57
26
251
299
242
154
275
175
42
235
231
65
296
263
5
211
226
192
206
144
191
238
69
55
285
229
194
1
33
247
178
290
153
223
195
0
212
221
170
279
267
203
258
152
17
27
287
272
164
196
204
209
228
160
425
305
349
346
380
309
303
409
311
433
449
127
392
432
115
445
436
86
362
371
410
348
423
71
129
98
89
75
440
373
79
112
326
356
402
434
406
99
317
126
357
114
360
313
130
438
363
134
444
87
102
301
379
428
124
329
404
108
96
417
82
414
118
353
