215
254
283
20
60
257
160
155
255
204
169
175
62
219
225
282
64
1
289
238
213
281
65
297
182
183
13
214
259
37
146
31
16
233
240
179
34
266
210
291
196
136
229
40
292
206
263
294
216
256
33
181
151
220
30
41
26
244
194
8
269
45
222
285
284
139
195
7
245
208
58
110
348
108
317
371
98
404
116
326
130
76
314
392
377
335
81
375
307
302
97
132
422
448
102
342
308
445
408
306
440
373
312
303
363
366
357
419
134
388
446
315
401
336
431
75
380
364
343
322
120
77
78
435
354
383
394
304
95
106
109
340
407
88
406
