26
208
63
235
142
202
47
193
289
155
257
268
184
173
276
191
194
59
218
277
68
55
60
206
271
219
69
24
163
252
19
272
35
56
299
239
229
255
188
167
245
290
20
233
5
151
147
273
166
49
1
2
242
58
10
61
46
6
140
70
195
52
162
200
238
180
7
300
39
266
227
354
437
305
366
406
384
355
393
377
114
111
309
95
424
402
124
427
87
304
310
302
344
77
351
398
113
407
121
336
435
89
308
409
429
447
132
72
374
423
405
386
339
331
416
105
115
425
428
379
433
353
368
118
328
417
85
93
75
348
78
399
337
79
81
