206
66
157
30
23
174
51
239
282
247
7
285
36
264
222
192
300
170
209
273
64
290
148
63
265
235
67
161
242
212
165
215
284
160
142
164
288
188
249
65
236
216
287
42
261
252
253
12
9
275
33
270
219
70
39
143
171
299
183
276
234
68
182
241
10
154
13
32
15
191
195
304
362
100
406
91
380
378
71
351
115
430
313
338
87
120
369
129
75
339
394
402
78
353
309
98
106
318
111
356
92
101
371
444
431
331
377
130
83
421
306
391
89
399
79
432
355
122
322
132
433
367
315
303
439
370
104
327
110
308
73
342
316
386
435
