256
217
155
68
270
293
177
189
12
157
291
58
273
158
30
228
19
264
175
262
260
278
277
172
212
263
24
253
137
146
40
145
161
297
187
213
266
70
149
31
243
279
34
10
169
139
255
181
289
32
56
164
26
37
252
198
250
185
199
41
49
6
43
66
239
142
183
206
141
160
35
345
398
344
132
79
405
399
338
391
349
352
301
368
113
94
355
117
316
341
335
414
340
98
110
397
425
377
363
109
382
419
444
372
134
396
105
365
78
336
346
334
434
357
378
310
322
104
332
381
88
93
131
71
439
324
305
427
441
390
77
432
358
375
103
