141
265
224
262
255
13
168
270
238
222
140
207
300
64
59
63
34
247
20
183
151
230
188
62
186
153
173
172
233
199
293
5
21
1
184
239
236
211
223
166
278
294
137
44
281
235
170
214
156
53
180
47
159
290
50
268
228
234
46
136
198
154
28
144
145
229
241
273
263
164
232
313
396
100
323
123
305
106
424
438
84
385
380
327
311
134
415
409
120
325
378
321
444
77
400
81
72
416
358
404
353
127
131
370
118
418
388
112
317
367
446
352
308
435
329
442
430
377
355
105
334
75
344
373
85
316
83
429
448
90
384
394
88
73
379
