306
122
383
1
74
5
320
339
317
3
449
193
4
2
11
0
315
381
520
578
604
349
396
359
345
116
288
358
326
602
592
456
595
80
601
230
413
281
360
86
497
514
94
600
136
148
100
362
376
373
495
440
173
233
91
318
459
104
271
146
105
103
573
310
387
188
532
196
279
588
353
511
385
165
585
483
65
111
550
166
82
356
394
569
599
95
313
598
137
127
235
191
393
438
543
587
510
241
237
570
299
270
548
167
131
295
323
275
597
83
364
132
397
489
498
67
179
324
533
557
355
69
265
259
451
577
205
267
347
584
392
368
168
77
452
454
432
185
62
544
44
133
102
529
60
546
88
477
87
301
311
212
141
464
249
84
418
575
263
370
466
472
147
537
58
192
138
257
593
296
509
369
581
402
447
152
354
162
264
126
429
409
49
163
388
157
17
341
18
566
255
214
309
31
475
24
113
215
124
344
549
274
28
66
243
169
580
194
434
407
488
99
268
539
411
481
202
589
487
484
561
319
170
50
562
460
287
410
338
150
361
252
307
71
186
231
398
560
513
218
482
38
213
10
551
68
406
496
331
250
52
75
340
43
6
223
232
206
76
16
9
367
391
436
92
420
135
541
42
422
348
56
178
439
149
377
160
140
507
269
266
450
247
139
424
93
491
293
15
64
505
328
125
51
203
244
401
448
14
426
525
437
535
527
342
37
522
395
161
399
284
465
558
531
547
332
300
351
463
556
365
153
61
239
129
405
404
480
181
229
98
337
305
297
443
107
73
221
503
208
242
524
207
272
47
485
470
302
334
277
471
478
528
33
228
57
253
312
143
34
85
128
59
210
314
72
441
177
380
248
294
350
545
144
8
120
26
32
504
408
41
467
21
25
225
7
292
12
329
500
183
357
180
371
174
499
190
374
200
386
