339
317
416
122
5
2
1
0
199
449
306
74
320
3
11
193
112
576
196
313
119
355
171
121
459
363
587
346
497
431
173
275
245
569
259
279
397
318
333
512
299
364
65
602
555
588
444
438
270
137
557
146
94
412
559
567
323
104
414
349
550
599
327
164
191
372
536
230
131
381
514
486
273
517
583
489
90
326
359
127
458
376
165
483
510
387
219
70
103
440
585
598
360
265
271
123
543
172
233
595
321
80
596
498
288
579
385
82
362
315
445
461
132
67
167
220
310
573
394
235
353
572
179
523
209
581
464
286
36
258
568
184
205
152
417
584
81
571
529
58
466
552
366
506
546
212
126
108
429
138
147
457
537
392
39
477
369
145
574
249
509
591
442
432
162
474
87
447
185
187
257
45
594
472
195
468
577
452
435
44
151
409
263
214
476
542
508
415
215
18
309
274
344
421
388
283
17
28
27
516
423
341
566
176
501
519
378
379
216
169
390
40
488
481
243
582
66
222
115
202
492
439
314
221
129
382
16
204
109
521
130
463
26
174
207
32
505
266
231
404
25
352
211
525
308
150
367
22
9
467
348
312
229
98
287
558
524
522
160
340
319
236
540
335
551
293
465
351
51
426
503
399
218
405
208
47
106
336
480
338
371
424
248
223
89
73
277
395
41
7
331
78
292
117
247
30
420
406
561
15
272
316
85
455
389
29
13
473
180
334
38
302
408
64
56
436
170
19
441
135
53
37
50
560
42
427
478
535
238
107
198
325
140
161
12
294
530
14
500
342
453
34
499
71
92
462
531
76
490
143
377
118
337
153
200
114
471
226
380
496
250
422
254
307
425
197
186
59
252
253
284
491
305
322
329
556
513
139
443
343
494
357
93
504
52
256
493
33
242
6
400
206
154
541
68
8
240
125
297
227
