4
449
3
2
320
1
193
199
11
383
339
306
416
0
74
5
512
498
91
358
313
355
245
171
597
123
596
273
497
510
536
83
394
548
458
526
533
576
570
349
290
136
111
116
550
431
414
486
65
164
559
299
246
396
555
603
511
121
563
79
201
363
554
103
219
137
237
360
583
397
110
565
523
602
459
412
291
588
90
209
373
67
251
70
94
279
54
514
364
127
333
600
585
270
517
359
260
483
179
587
86
82
259
592
376
155
557
419
461
318
598
601
276
604
572
440
233
479
356
323
95
444
166
196
567
417
152
435
97
472
36
518
263
81
330
87
552
457
141
591
44
182
464
88
432
298
433
584
468
586
368
45
187
126
77
257
574
280
185
168
477
96
296
39
590
138
354
264
60
593
474
546
151
454
184
418
58
529
452
147
442
402
568
163
549
388
157
255
423
282
415
421
215
17
516
508
31
113
309
274
475
566
476
378
589
66
488
194
379
539
224
481
115
222
580
538
484
501
216
390
197
312
207
380
107
221
480
253
469
335
272
135
181
125
33
361
76
530
401
428
528
29
14
227
23
63
186
398
485
473
200
292
106
545
453
218
350
441
269
424
420
226
490
240
98
430
180
328
129
254
524
300
118
562
160
68
297
493
250
72
400
198
340
446
174
242
15
336
178
427
277
558
71
491
38
143
139
247
42
293
21
331
114
322
513
75
177
153
142
494
57
527
395
144
92
470
43
374
150
319
426
19
203
117
465
439
540
22
405
8
337
53
134
16
12
386
496
175
52
256
284
30
204
158
467
7
109
20
210
50
213
478
238
78
56
34
130
48
47
404
334
189
534
338
120
208
228
560
170
159
225
308
455
329
37
351
556
399
342
89
382
223
206
59
73
492
239
26
154
531
503
305
287
377
161
522
471
561
190
437
