5
1
199
2
306
449
317
74
4
122
193
0
416
11
320
383
121
79
559
381
376
479
265
220
532
67
578
533
131
167
345
234
461
123
111
103
196
299
235
209
346
495
364
599
602
372
458
514
349
360
173
363
116
55
565
171
260
592
295
179
512
362
526
555
230
275
517
237
290
91
444
241
604
587
105
245
550
563
569
598
270
497
310
100
440
86
321
326
585
164
69
324
573
358
356
595
456
438
291
219
110
156
288
315
132
259
445
281
233
112
414
303
536
165
419
353
82
271
596
597
80
579
572
323
588
447
575
590
452
568
35
145
506
280
151
435
418
217
409
88
205
474
354
87
102
195
311
267
330
591
509
138
577
544
301
298
402
84
457
429
97
586
571
192
264
81
141
45
594
442
370
258
477
152
581
77
537
432
60
58
184
584
168
28
283
508
124
475
215
17
27
421
309
274
415
423
549
388
255
31
516
18
163
539
66
582
538
216
379
580
481
378
434
407
169
46
501
487
176
411
254
405
427
23
266
507
239
22
204
338
292
226
556
48
59
221
71
316
227
154
47
398
297
15
430
78
76
352
248
53
470
492
256
252
109
465
38
231
319
285
144
183
374
331
314
37
308
391
107
329
159
562
29
175
450
190
448
68
42
469
422
380
158
455
63
403
242
218
206
142
294
32
8
197
521
160
343
135
21
10
43
545
467
365
436
522
480
41
106
531
424
14
357
118
371
482
57
441
73
399
334
505
19
186
561
547
328
51
269
530
335
98
540
120
211
382
20
302
129
439
9
499
177
189
406
491
485
85
6
229
130
551
153
305
203
181
503
375
496
490
428
535
410
50
253
277
426
149
200
460
114
244
493
225
26
377
560
340
504
75
463
64
240
524
72
93
198
348
350
337
322
174
7
210
56
525
33
213
232
180
