199
11
74
5
306
339
317
449
1
2
3
416
320
0
4
122
94
105
345
517
288
83
601
592
259
65
191
576
355
111
523
565
458
103
110
173
564
414
265
381
510
171
554
376
79
112
533
233
291
303
573
394
123
483
559
600
578
165
359
479
486
116
602
327
188
543
572
585
502
80
444
324
440
588
393
515
235
346
498
95
570
548
241
54
313
599
438
569
279
86
583
555
260
364
172
363
563
196
166
67
132
295
603
387
164
237
310
356
90
360
219
397
315
273
413
276
321
349
358
299
333
532
137
146
567
102
301
217
267
568
62
435
45
354
261
552
586
452
577
409
447
417
584
184
392
168
96
133
330
506
369
280
442
58
87
477
212
77
347
418
457
35
44
574
263
138
591
472
571
594
537
402
49
366
205
195
257
298
432
185
466
464
151
566
542
163
476
215
274
124
516
508
113
421
415
282
549
157
214
28
344
27
388
169
501
484
46
176
224
99
582
538
66
481
40
216
202
488
519
379
140
236
10
453
32
331
272
117
7
227
551
134
30
269
524
22
384
135
455
287
503
26
494
408
68
248
351
558
73
308
114
277
242
348
253
463
480
307
382
210
170
496
208
254
430
500
391
48
336
448
329
530
252
352
400
38
175
527
21
436
361
143
401
521
59
23
29
225
545
338
450
207
256
375
47
75
293
350
556
386
51
531
200
428
63
460
118
33
499
340
377
107
357
203
109
560
507
365
525
120
130
446
211
158
221
15
437
57
469
93
319
427
285
398
314
505
465
180
197
380
240
562
328
150
206
153
406
492
244
85
403
374
160
422
485
129
491
42
213
292
142
19
50
37
462
302
473
125
232
34
92
405
470
335
9
71
247
471
278
367
513
78
72
228
178
106
25
490
561
467
16
223
441
439
312
389
294
139
493
399
