317
339
193
306
122
5
320
74
383
2
4
0
199
3
449
1
510
602
359
489
563
173
291
396
412
548
121
583
111
353
259
567
598
327
373
234
495
413
592
557
136
483
123
585
110
385
55
451
511
70
458
604
502
358
220
290
273
137
326
569
526
65
86
346
179
440
444
104
397
587
355
345
94
95
275
310
360
349
363
276
570
132
246
523
82
281
103
498
515
387
364
164
588
295
479
318
486
514
105
165
601
299
172
166
572
265
303
219
533
83
596
127
100
69
414
167
461
67
393
279
79
146
431
156
237
432
60
537
249
452
370
88
49
96
84
584
36
77
264
447
506
433
418
45
102
298
81
257
518
552
261
586
58
544
39
435
286
145
141
162
571
152
409
591
212
509
474
402
594
126
301
429
62
195
466
108
575
354
442
151
457
133
472
18
17
124
214
388
542
566
157
255
274
476
475
309
28
113
24
549
31
421
508
539
194
407
202
501
488
66
390
176
379
40
115
216
169
519
411
99
561
534
53
59
430
422
73
302
170
154
114
203
469
98
305
226
289
177
314
406
175
30
491
551
20
223
61
500
328
56
236
142
64
527
499
19
473
247
232
181
153
109
198
348
294
125
338
50
240
174
158
342
178
308
285
47
492
42
448
221
408
22
437
242
361
75
200
425
256
206
507
180
253
386
248
93
207
204
300
252
535
331
25
293
319
186
427
562
521
287
269
238
462
420
460
352
244
439
254
48
334
85
480
144
384
15
547
446
266
12
485
278
160
150
297
23
505
34
316
272
229
325
424
118
467
398
68
436
312
389
496
528
455
117
380
400
139
149
357
545
482
21
367
337
335
504
63
211
228
89
503
277
140
343
14
340
524
33
128
37
307
9
371
453
556
8
522
292
525
189
135
493
410
183
129
490
218
227
531
336
