3
4
449
0
11
193
74
416
383
317
306
122
320
2
1
339
191
321
260
363
511
604
241
246
119
458
290
167
69
91
548
54
245
563
486
104
585
419
148
209
587
103
413
171
456
121
385
270
303
600
173
136
259
444
265
67
273
440
459
495
536
237
565
82
219
578
355
532
172
592
299
155
79
83
345
188
569
179
359
461
596
360
346
564
555
137
414
165
479
65
353
445
601
196
451
502
235
362
579
275
397
220
514
489
557
116
304
543
333
515
559
356
70
164
291
412
318
603
110
323
533
86
55
497
373
185
88
261
571
442
102
468
417
168
464
477
133
518
593
162
330
586
147
182
594
584
409
192
454
263
212
590
546
574
108
58
205
466
44
152
145
581
258
298
286
195
435
537
77
45
87
96
62
575
347
184
369
126
452
84
366
392
472
344
423
388
283
124
282
549
17
113
163
542
31
274
214
157
475
24
215
341
566
481
379
176
224
115
434
99
538
411
378
216
169
407
519
390
487
268
71
15
343
406
177
140
467
340
7
294
389
254
144
395
491
293
239
325
9
420
109
525
528
50
180
142
150
401
106
6
64
448
160
59
25
277
211
329
117
174
51
494
285
404
247
20
200
314
19
436
13
269
158
545
367
208
425
308
562
335
422
485
53
92
129
455
153
63
61
328
399
42
37
430
336
47
135
41
232
128
253
441
228
322
159
427
221
266
75
400
238
33
469
561
480
22
453
114
231
357
450
302
351
342
76
26
178
331
513
312
377
507
499
57
540
386
240
72
547
307
426
503
332
560
522
424
334
242
203
408
89
410
154
262
462
213
551
78
48
8
284
443
223
350
556
34
256
403
23
73
292
521
29
38
56
226
43
198
470
149
248
139
118
197
68
189
439
229
170
490
541
181
428
250
375
437
186
14
30
107
