320
193
449
0
74
317
1
5
306
11
383
416
199
4
3
122
137
498
550
165
557
570
359
517
303
486
100
94
265
101
414
587
563
246
569
324
440
155
445
172
592
495
523
555
55
595
148
110
136
123
82
260
259
171
356
80
397
412
532
95
533
65
583
251
271
364
220
323
275
576
358
349
515
313
164
413
127
510
355
291
456
116
333
385
119
54
548
458
360
104
597
112
372
279
451
241
235
599
167
179
70
554
79
318
273
230
166
315
362
173
559
459
393
578
191
326
201
511
598
502
310
295
67
543
572
151
454
162
249
301
212
537
477
263
147
217
590
168
468
62
36
518
39
402
409
58
108
435
591
185
87
509
392
586
184
49
257
133
88
296
417
466
347
571
187
433
267
474
452
182
429
553
506
97
584
529
546
447
464
141
152
258
457
476
388
124
415
549
113
214
516
31
27
157
18
423
282
24
309
274
421
508
475
390
176
216
194
222
169
378
99
488
519
484
411
224
481
538
434
268
33
425
504
208
422
57
16
332
361
374
203
114
85
130
426
493
469
200
399
410
140
64
405
248
471
305
190
513
134
437
300
186
228
527
160
232
406
229
371
269
500
450
177
32
535
335
482
473
22
227
23
485
262
210
129
391
302
350
174
159
398
348
10
47
314
534
404
560
530
38
525
181
14
460
367
351
170
496
428
253
153
492
357
384
524
491
63
293
430
78
180
68
365
139
149
206
48
89
494
213
389
285
231
19
238
558
71
98
480
453
541
204
161
120
462
175
551
52
143
427
401
408
308
41
547
334
92
443
9
21
20
30
441
211
278
556
505
337
6
42
242
531
128
340
342
352
562
545
403
499
189
400
25
223
316
336
386
254
236
490
561
12
338
221
37
329
43
29
7
377
8
117
319
125
448
239
26
446
142
436
