11
3
416
306
4
0
383
317
199
320
193
2
449
74
122
1
90
543
155
600
55
281
567
498
209
245
385
563
376
260
358
246
323
412
290
237
349
324
570
148
346
413
79
95
459
359
104
569
188
592
596
372
414
381
458
123
318
166
431
393
191
201
310
91
461
397
326
101
105
65
533
564
132
565
119
304
483
70
444
587
121
583
165
353
131
355
515
554
321
502
373
172
387
523
419
110
299
451
273
598
156
497
588
173
196
585
271
356
603
456
536
270
80
86
601
94
100
333
179
259
363
127
578
394
557
195
529
454
477
88
81
151
217
577
58
35
141
126
257
370
286
472
354
574
162
432
205
417
296
591
145
546
96
77
586
212
468
267
152
168
433
409
568
36
464
447
87
330
44
108
84
347
258
553
552
298
402
474
102
263
593
264
594
215
516
24
28
124
508
27
475
476
282
157
283
415
344
566
341
18
255
163
214
488
407
40
539
378
115
194
66
481
589
202
538
519
176
224
99
501
328
153
232
316
178
357
462
262
43
513
140
470
76
252
177
150
52
239
47
322
287
144
478
408
240
561
238
395
20
307
37
473
541
380
142
371
200
109
524
143
530
15
531
159
551
125
244
374
300
253
256
403
272
114
149
398
348
560
9
218
534
446
118
19
277
305
343
12
254
248
297
420
496
535
154
198
528
229
410
331
170
308
404
428
106
32
386
128
160
471
29
42
21
399
485
53
25
351
422
14
289
391
107
556
189
51
269
23
430
401
250
439
30
13
389
10
135
71
450
278
325
482
436
120
427
338
437
329
522
89
139
231
117
16
350
213
134
491
365
293
226
467
337
463
174
425
302
64
384
294
342
382
340
73
400
78
314
352
525
284
361
266
493
72
221
547
225
469
292
377
158
540
465
236
500
426
503
50
85
480
