3
74
416
5
11
2
199
317
122
320
339
449
306
1
0
383
360
86
70
251
444
105
353
201
65
548
569
156
456
458
598
241
110
557
364
486
167
233
288
554
511
55
393
510
564
303
459
512
372
304
517
313
270
82
80
123
196
595
83
260
576
119
259
291
543
111
237
385
281
345
219
438
376
414
324
321
179
246
587
583
279
563
412
276
275
440
166
271
585
413
355
318
573
431
172
146
445
209
121
234
381
103
599
230
95
323
326
604
132
67
116
579
54
165
295
572
171
191
497
363
495
173
483
315
565
368
60
152
447
263
182
409
474
518
584
145
39
151
185
267
442
392
472
347
571
418
81
311
62
417
212
577
468
594
133
477
509
184
574
147
87
187
44
88
593
141
466
433
370
195
298
108
258
84
102
575
553
138
257
162
217
591
435
508
309
215
344
516
475
18
388
542
24
282
476
415
255
163
28
124
283
31
113
487
115
268
434
484
46
202
411
580
176
378
481
224
99
216
407
501
208
284
89
175
460
422
338
491
540
37
561
221
140
384
513
139
439
493
144
154
334
377
534
292
560
528
240
380
530
375
425
525
256
29
227
494
522
109
53
398
238
367
492
30
556
34
73
41
75
524
14
149
406
76
266
33
408
507
319
443
114
558
374
225
527
325
541
278
247
337
428
302
289
427
335
300
186
305
400
478
269
12
236
308
158
174
204
6
68
471
424
10
231
500
189
26
342
430
297
248
465
332
61
312
272
228
505
446
436
357
469
389
316
13
71
314
426
170
22
106
531
437
8
203
7
207
410
361
252
448
197
441
322
210
244
420
198
213
401
181
504
262
351
226
128
371
9
129
135
294
453
85
307
253
467
20
352
125
48
285
535
130
19
178
343
254
382
98
57
232
547
545
399
143
134
490
365
239
59
23
