5
383
2
306
122
74
11
339
317
1
416
0
320
449
4
3
241
69
596
94
356
440
431
90
166
557
326
233
105
353
91
373
387
599
572
321
219
565
451
489
385
290
260
363
104
235
136
79
234
54
412
364
397
381
65
271
413
502
101
251
520
362
291
315
346
461
156
585
510
82
414
70
576
372
595
604
230
358
601
127
536
532
165
349
548
396
116
345
146
573
324
191
167
458
459
359
80
103
592
188
445
554
533
196
237
419
360
355
155
281
570
578
497
444
110
246
299
567
259
550
517
514
67
112
95
133
447
212
152
584
286
185
36
330
280
81
518
586
366
192
552
108
577
347
418
97
60
296
409
267
249
35
168
147
581
509
457
62
58
591
45
187
44
506
354
417
261
529
464
544
126
568
477
88
182
454
593
370
468
537
392
369
472
421
215
309
475
282
415
283
341
388
542
113
566
508
24
163
476
28
27
214
274
40
216
378
539
501
115
46
488
66
589
582
268
222
194
224
176
519
25
19
467
399
334
78
455
109
437
170
450
269
350
266
312
63
75
221
471
351
225
470
37
231
403
106
244
331
190
469
98
118
528
208
328
522
177
505
47
8
400
482
50
308
238
128
53
480
367
424
22
491
401
227
206
428
284
513
436
493
61
29
316
183
525
371
404
439
278
218
175
256
335
410
85
485
336
72
181
297
14
375
560
71
223
197
13
161
531
465
239
139
38
332
361
21
48
340
561
294
377
16
143
229
293
534
42
153
252
6
540
541
7
374
305
262
443
460
277
499
398
473
254
41
521
253
51
73
142
52
289
365
34
382
59
556
149
204
535
500
12
89
180
125
494
76
319
343
236
15
287
562
211
210
558
314
9
453
307
186
33
490
134
130
342
200
117
189
384
20
352
302
26
248
285
92
207
272
300
292
