306
339
199
416
0
3
1
5
193
449
122
2
317
74
11
320
414
358
288
246
372
279
515
363
156
179
565
585
376
459
550
362
397
123
327
137
171
381
602
355
326
79
310
576
131
295
583
173
359
111
456
219
451
597
438
373
172
136
445
511
321
80
512
600
323
155
479
396
569
86
431
533
166
82
592
570
483
601
393
486
235
67
573
281
495
273
587
567
303
110
514
313
559
536
271
385
69
233
121
517
345
318
116
101
54
291
349
458
299
543
148
604
127
498
104
419
526
91
461
132
333
103
237
275
165
593
537
586
184
195
574
354
474
258
468
466
138
529
577
97
45
217
590
402
77
182
369
87
187
261
133
212
552
88
168
126
257
286
147
58
298
581
409
571
575
568
370
594
39
546
509
301
418
141
263
457
442
36
366
264
249
433
454
113
508
516
17
255
157
124
475
274
566
309
423
31
388
341
476
163
549
28
27
66
222
379
538
582
488
40
216
411
268
434
390
589
99
378
194
484
229
460
93
68
406
242
106
33
244
38
491
500
109
73
453
302
139
198
170
425
75
211
289
408
386
76
277
439
426
294
352
482
23
469
128
334
53
208
71
43
420
134
331
236
335
293
153
183
269
161
203
492
405
190
332
20
117
140
175
56
181
13
7
223
272
231
197
25
200
336
26
493
177
463
228
348
160
285
437
47
256
531
342
522
450
129
314
521
377
485
297
473
250
64
384
343
107
462
505
262
504
480
89
338
206
252
14
528
143
436
239
16
367
114
410
72
305
15
238
48
441
471
130
142
227
530
490
254
10
503
63
226
144
180
308
351
92
400
319
465
422
159
34
247
300
178
448
494
380
189
51
284
210
307
207
340
218
85
365
322
21
213
424
371
455
32
225
125
513
535
253
149
361
527
278
42
478
287
541
428
