320
3
2
317
5
306
1
122
199
74
4
339
0
193
416
11
303
295
318
230
323
271
532
461
356
489
235
394
310
598
54
101
137
165
588
90
385
393
523
304
483
279
363
599
564
604
554
381
281
585
601
358
327
412
555
83
105
444
209
67
353
333
559
290
359
326
563
80
131
550
600
536
376
245
502
451
572
166
173
569
565
414
495
346
112
234
345
397
458
419
597
132
321
70
514
548
315
526
155
497
364
288
570
360
237
438
440
511
543
498
167
517
116
313
246
520
431
486
373
233
275
171
69
362
55
88
586
126
84
280
409
392
477
468
263
509
417
108
195
354
537
418
464
370
584
581
529
472
544
368
474
145
152
402
429
182
39
466
552
49
433
60
249
192
568
258
96
571
185
574
553
577
518
264
366
36
147
58
298
286
301
311
44
28
475
282
341
508
113
283
17
215
163
421
549
31
157
274
24
566
476
18
344
484
580
222
99
539
216
202
538
115
501
411
434
176
481
268
243
390
480
206
408
159
197
400
499
149
436
227
238
505
292
252
161
337
125
63
114
302
289
153
6
297
328
71
178
540
406
47
503
422
300
494
13
37
21
470
29
471
374
76
334
118
144
469
351
521
229
478
307
30
342
189
455
462
262
142
562
425
420
256
150
228
513
448
560
350
338
357
490
200
57
52
253
426
491
473
174
231
365
308
61
78
210
531
294
134
336
398
160
384
285
507
128
181
272
59
277
244
250
525
331
117
23
109
25
551
439
322
399
424
120
561
68
377
32
236
43
198
213
211
170
34
485
254
522
50
38
465
403
207
530
496
8
92
53
129
547
430
75
535
19
51
223
375
405
56
218
332
527
10
143
41
225
558
316
85
33
22
232
7
367
401
73
382
504
446
204
287
98
107
208
395
312
203
500
453
266
467
