329
882
450
7
567
900
627
154
932
590
940
824
540
23
239
656
1083
499
1044
887
1025
842
20
888
41
969
428
98
979
500
359
1022
1123
193
162
1023
587
447
174
760
24
220
910
838
598
660
355
782
666
764
937
580
110
212
669
885
1063
977
445
896
341
1000
594
762
852
917
839
792
486
586
572
517
130
470
49
709
378
822
508
614
489
1102
908
1050
1076
1
342
596
390
972
302
784
121
1066
404
846
453
482
96
431
1006
738
926
202
671
1085
706
327
21
610
430
468
66
267
1128
1027
578
899
300
466
964
938
981
330
68
379
542
933
111
74
884
651
310
1115
35
77
418
104
47
714
406
171
427
789
230
662
765
603
652
718
236
426
1045
273
200
604
332
1037
582
348
941
252
9
234
564
321
743
653
461
968
758
1064
663
364
135
246
382
178
33
309
82
723
261
354
568
705
1057
376
362
734
142
118
1065
270
370
316
1018
1047
1116
646
503
828
923
615
793
218
448
3
1087
72
954
79
146
825
55
935
337
722
80
584
451
129
314
51
1107
814
126
495
1078
574
31
752
1082
1051
1074
62
992
268
807
721
649
338
944
643
710
1126
607
1011
808
1032
866
1008
864
512
812
681
1038
595
334
367
231
756
785
494
305
831
27
1021
474
19
862
747
164
701
559
298
801
285
248
697
675
726
169
70
167
581
518
794
1081
115
571
539
136
837
880
790
275
554
1061
547
45
1056
682
357
89
46
593
1132
506
925
124
821
978
658
904
322
965
127
998
700
600
333
102
881
182
1131
951
1042
962
715
339
960
301
403
549
575
735
467
719
853
295
73
1118
308
402
891
678
636
731
189
472
628
441
1092
375
282
1106
799
492
259
989
225
970
945
720
443
858
1048
315
648
10
44
589
131
266
804
318
791
975
642
480
