997
1069
98
91
462
916
239
363
887
471
251
1103
770
974
932
41
154
987
525
969
532
161
842
123
485
712
627
119
850
1025
566
165
590
882
940
1080
498
1093
405
587
854
782
623
869
895
206
335
724
144
761
198
491
25
929
839
565
50
380
195
227
572
445
917
212
341
977
1101
768
580
26
29
586
513
49
746
508
709
788
879
1050
596
264
622
211
378
1140
390
829
302
920
614
28
431
325
611
856
398
453
404
121
1133
153
545
706
602
926
327
1096
68
737
468
201
899
365
379
803
103
1036
203
292
1027
1129
897
330
964
892
667
966
155
422
933
996
913
399
810
97
272
150
204
446
128
101
246
349
714
234
673
9
321
277
138
1115
18
718
114
1035
332
653
6
765
77
461
728
1031
745
909
1091
941
310
135
427
406
364
172
35
570
1130
582
159
971
186
530
243
865
992
481
646
133
1008
495
726
975
1079
601
392
1124
612
1099
376
437
522
735
734
281
1061
88
945
880
1039
1094
557
249
176
370
636
527
791
772
1032
255
1088
1017
643
742
358
414
988
65
672
478
73
680
337
391
45
1052
589
677
55
561
894
248
642
301
458
113
368
832
844
4
306
891
558
855
296
328
1112
160
798
585
112
1059
1134
785
372
654
507
1018
866
719
1095
771
616
912
175
547
282
118
131
925
209
146
1078
1004
722
518
946
156
991
1116
506
311
573
1092
5
747
989
183
1138
1139
286
695
1117
2
834
625
278
825
568
756
89
807
748
778
106
703
107
512
194
801
930
805
384
245
12
357
126
827
1089
182
303
11
546
3
600
308
494
794
76
455
990
965
217
457
797
423
934
633
464
802
553
1106
109
759
1118
872
480
691
395
361
681
942
514
730
599
316
442
919
1132
448
315
435
334
1122
127
136
324
13
1015
381
168
