1044
932
806
500
533
532
436
471
23
450
485
817
927
875
20
151
428
499
842
469
385
192
158
299
1069
621
987
30
940
688
1022
974
898
888
624
708
555
421
180
355
763
1002
293
761
405
830
475
869
983
24
341
517
284
572
1033
768
470
917
669
746
26
1000
388
1105
145
260
29
93
783
929
896
937
130
977
491
1140
709
1072
843
390
857
788
508
635
949
829
317
622
976
87
347
1066
543
1030
240
528
835
1006
939
86
876
950
48
545
1096
396
352
819
466
66
897
803
1128
267
1121
468
276
899
1129
292
639
892
1049
692
300
148
776
667
250
966
43
542
208
603
743
104
178
718
1064
252
135
237
269
353
652
745
399
101
1003
1019
663
1041
1035
446
18
272
653
349
1111
941
1012
758
364
236
393
418
171
1005
536
383
47
1130
582
273
114
1084
34
150
827
571
539
496
751
1008
625
442
444
164
1131
821
601
17
873
259
81
356
583
793
287
675
417
5
942
134
109
834
891
36
862
1057
44
112
833
102
1028
893
1038
1124
167
78
960
296
703
551
847
748
951
147
124
731
522
629
3
809
523
769
209
858
381
799
544
553
665
58
985
672
711
262
368
336
409
677
779
904
324
771
254
733
280
433
424
988
749
581
798
695
657
747
1134
912
1058
116
1060
129
514
894
654
957
391
584
935
88
1032
224
459
434
1061
600
595
693
92
73
860
618
55
275
33
805
634
755
704
1018
726
699
696
218
283
739
419
1135
100
439
169
308
253
358
245
1054
1015
1011
255
993
0
807
697
802
225
53
744
713
1055
415
619
574
811
437
1024
22
270
640
216
395
215
535
244
316
946
213
730
403
919
998
615
579
79
735
633
333
953
509
944
682
721
512
467
176
963
210
322
46
149
710
608
546
505
670
60
778
457
947
715
