823
23
345
566
627
525
842
940
632
151
329
806
471
712
1123
916
154
732
850
567
299
656
540
428
997
727
7
219
488
688
1110
385
987
504
932
405
366
874
456
849
830
869
174
645
637
1137
761
180
815
905
917
839
1033
38
676
197
229
50
513
886
541
517
195
84
460
800
388
768
145
929
25
440
594
937
659
857
378
137
976
191
1076
185
87
105
412
390
454
342
949
1026
836
121
939
453
325
543
28
398
777
526
716
668
1096
780
396
352
545
706
166
964
103
365
578
1049
861
148
1029
466
276
692
897
66
639
173
981
1125
609
994
776
422
651
1068
399
200
603
1064
743
1005
269
15
674
204
418
765
406
252
786
652
1019
429
222
383
653
138
446
536
97
909
237
6
604
968
1037
150
1115
9
277
728
32
1045
235
1003
941
393
332
1041
984
178
698
328
8
444
403
274
1106
962
694
995
439
558
577
589
1038
410
1065
496
142
256
367
591
699
254
106
265
638
188
643
613
83
243
318
287
39
81
261
723
1124
481
868
490
308
1118
847
451
340
825
51
773
156
741
131
697
944
990
238
742
506
904
749
432
978
880
878
925
1089
457
423
122
351
547
395
832
149
13
965
672
297
644
942
919
814
889
778
61
17
935
505
509
463
991
922
719
438
476
266
312
361
283
947
1067
1082
196
160
1056
315
690
248
99
249
649
179
1136
4
420
787
258
833
224
279
771
1042
124
221
270
524
733
414
859
752
848
808
1032
311
280
584
731
458
182
864
1113
443
459
376
936
213
391
785
455
320
957
478
710
1120
474
95
701
5
253
608
971
415
419
268
693
757
183
629
678
559
92
36
57
557
858
0
554
129
303
1039
194
1018
1009
646
1100
1116
530
834
809
625
747
384
113
209
102
452
1081
108
769
372
189
521
