887
540
898
1073
900
428
592
974
969
192
323
462
499
979
485
824
157
1014
152
207
299
239
679
632
471
30
165
504
151
219
997
345
436
304
408
1002
473
366
724
1093
815
90
228
335
447
849
905
983
782
763
541
486
198
445
195
247
659
852
565
93
885
572
145
38
586
840
669
937
676
1053
800
470
519
517
50
342
836
264
390
709
211
1140
185
976
508
347
1072
302
879
1050
1
928
398
543
96
1006
526
784
813
630
52
706
926
819
738
132
71
153
257
1036
938
276
639
964
578
226
1128
379
1049
292
867
899
1121
569
148
173
397
994
667
56
401
980
427
652
15
789
171
1115
230
374
1012
913
138
252
273
1037
1031
714
9
235
6
104
135
1035
984
406
663
204
687
114
172
353
426
18
128
332
150
364
662
718
277
200
909
1084
234
181
745
208
318
1059
625
675
713
539
944
81
42
354
544
923
820
223
634
808
559
942
601
194
1054
638
588
338
373
558
749
702
613
678
1008
595
102
691
811
1112
0
1088
189
902
832
1100
253
377
116
999
644
755
455
424
58
261
177
793
947
45
1056
1089
337
368
159
1048
285
95
791
740
694
1071
65
576
107
439
773
270
79
877
271
4
720
554
51
514
769
859
573
147
417
481
88
183
825
677
1095
682
704
209
711
858
118
255
487
848
936
333
1017
259
361
33
129
529
37
878
873
1015
1134
55
557
837
781
1038
959
27
62
1086
921
925
160
458
372
615
64
410
633
863
438
697
136
893
370
828
99
988
787
262
12
124
985
778
872
957
289
1113
593
797
553
70
403
798
935
131
1013
657
919
221
736
730
521
1122
295
63
215
80
395
955
413
945
1052
322
512
326
249
993
1124
72
912
495
423
700
288
474
394
167
794
1090
2
31
441
286
1051
562
1081
641
254
