566
531
20
900
499
504
1083
91
23
1014
450
940
842
1022
408
1123
500
484
888
428
532
154
7
345
239
1073
684
987
436
624
725
385
192
488
567
220
874
1002
228
869
206
645
903
144
421
760
661
838
830
293
212
513
519
1033
247
852
163
195
647
839
29
896
617
768
917
929
871
491
380
676
626
388
93
197
470
489
211
317
920
1072
949
454
137
508
347
836
302
1050
976
622
972
121
835
716
630
876
386
411
465
184
774
780
689
1075
202
668
71
706
292
1027
257
148
379
1129
173
1128
737
466
631
449
938
66
892
276
226
899
933
651
43
250
966
884
1115
246
674
237
178
222
348
234
399
272
1005
1031
32
582
383
687
426
204
1012
604
429
1064
104
114
1003
34
1111
1091
374
728
765
758
1016
369
230
1045
418
332
968
269
961
101
172
603
536
273
22
1138
305
124
113
985
271
209
1139
722
756
1134
853
584
1056
947
811
990
275
387
904
435
1020
297
591
146
72
286
487
457
752
930
657
612
858
539
107
538
779
1009
781
833
735
1017
225
801
64
883
551
160
243
992
291
196
143
136
562
873
1047
455
530
802
870
698
865
318
922
703
634
599
268
750
413
629
597
1094
773
1065
311
167
337
549
258
1021
42
17
681
256
934
102
705
759
787
862
794
701
75
37
307
156
0
561
244
328
825
316
39
434
518
514
544
281
261
796
62
370
57
218
891
494
1113
389
10
175
40
638
831
554
354
619
80
189
134
719
1120
585
280
483
872
441
993
265
467
1114
1135
1087
357
27
472
557
338
262
282
832
608
100
560
973
296
274
1071
403
902
19
677
739
73
186
372
61
242
1132
506
116
76
16
942
921
648
199
294
589
713
757
989
409
848
893
1131
640
509
179
245
820
864
108
279
889
521
410
126
936
295
