927
117
436
533
532
1044
23
161
725
500
363
664
932
323
531
875
1022
499
540
817
170
471
239
1098
795
193
1077
119
504
1014
98
241
484
462
824
405
556
869
355
54
475
335
764
907
851
24
587
206
874
895
247
26
871
49
626
886
647
341
729
38
1105
840
141
565
29
212
580
260
929
617
1000
517
541
937
513
1076
1072
1102
510
187
342
908
976
709
347
214
390
137
454
879
563
94
386
528
184
948
1066
501
856
767
96
706
602
202
668
1075
132
926
226
1027
964
66
578
981
21
867
466
276
938
300
897
803
818
639
201
1128
980
542
111
401
250
966
234
369
348
374
1031
310
426
77
273
321
961
114
743
674
6
1084
246
208
786
178
1016
349
913
128
1111
406
277
252
18
269
1091
718
399
353
1045
32
429
222
407
604
1130
97
1037
765
745
230
597
217
39
80
973
1051
901
373
529
376
248
455
1009
387
872
188
487
633
947
766
573
343
731
878
853
975
520
989
848
307
483
607
755
146
859
808
677
701
549
894
62
600
480
1078
143
978
1017
287
720
809
37
368
535
585
877
452
1010
985
713
1118
546
458
505
1100
644
394
395
384
1079
954
1107
45
59
1039
548
742
1114
419
547
759
1126
1082
338
1060
295
13
561
291
539
648
707
904
922
820
912
866
1090
1108
1131
557
753
521
367
22
497
356
296
70
232
496
215
64
658
46
771
530
574
51
739
1034
415
794
263
297
113
649
751
69
389
167
993
285
361
182
1052
873
261
748
636
476
112
196
245
275
757
1032
700
350
509
4
553
1040
354
619
1020
1113
936
99
266
589
826
608
490
89
862
956
625
1124
324
225
254
377
362
576
579
527
721
309
959
860
710
825
381
958
568
678
221
179
127
322
1099
1120
434
78
61
1117
286
1047
1058
265
801
417
79
