732
898
193
119
23
479
158
940
656
688
91
627
170
363
469
1044
932
875
727
304
299
345
41
979
251
1077
30
664
525
684
408
824
974
590
359
905
661
931
220
405
1137
645
910
782
498
830
587
144
623
1043
491
852
163
50
284
655
130
783
586
929
937
534
729
572
93
1109
25
380
388
840
229
1101
486
917
38
342
191
622
1102
390
211
508
908
489
1026
187
317
302
596
347
105
813
611
493
543
96
1030
431
67
528
856
602
668
689
1096
71
352
780
66
964
906
803
430
737
867
1129
201
68
1128
897
292
468
569
610
639
899
397
155
43
667
884
74
714
570
364
138
273
652
1016
683
941
1041
383
536
234
104
353
15
252
743
418
277
321
1035
246
178
1005
1064
269
406
718
1084
426
35
120
603
204
564
230
171
662
1003
653
745
461
789
765
349
952
420
75
945
698
4
755
221
654
646
1048
551
642
305
8
70
1117
889
935
1112
863
384
480
356
1057
648
58
1126
441
599
291
45
213
259
448
79
963
46
742
395
102
710
923
953
295
503
115
88
1124
993
535
628
442
92
796
1071
860
781
1094
757
834
538
12
443
643
507
713
156
100
769
478
279
286
1086
289
22
967
308
242
497
527
524
702
334
962
924
217
225
275
790
820
36
866
496
297
368
670
146
106
1056
868
848
677
877
367
930
756
131
373
589
811
402
444
1032
338
1120
189
951
922
472
723
331
616
287
344
730
370
82
1127
873
457
680
787
739
751
199
975
362
85
520
319
753
218
1074
518
283
210
797
597
417
1051
179
1060
309
113
118
169
315
1107
435
772
322
665
1081
881
855
301
571
523
711
265
423
988
704
268
357
316
40
116
69
878
361
1040
391
389
1089
721
720
766
731
95
467
126
5
337
1092
186
231
188
1104
129
109
10
