162
23
241
533
299
469
91
824
193
192
727
157
898
1098
151
1077
154
385
251
932
363
927
627
531
479
624
850
974
499
323
1103
158
688
345
817
903
830
598
838
447
371
1002
605
1062
1023
366
708
854
763
983
284
50
937
380
871
617
145
580
445
29
655
212
141
572
840
541
1000
977
885
686
792
130
929
84
800
788
264
454
857
185
829
949
489
342
614
908
317
190
879
508
1
876
28
846
411
526
184
528
777
240
67
202
545
1096
926
706
780
671
1129
1125
201
861
68
692
173
430
148
938
226
379
21
203
631
818
892
981
111
651
1068
542
74
56
353
178
1019
1003
536
230
200
321
332
407
765
652
349
1012
687
461
941
364
674
18
789
399
426
101
758
1084
961
662
1091
234
1016
246
236
1001
272
1115
277
728
77
429
1005
714
1037
1111
393
310
812
697
1099
1100
1112
967
965
474
92
990
189
954
600
841
650
136
999
866
265
1034
1132
389
833
633
562
613
618
31
306
168
423
942
719
107
796
497
441
700
1024
255
641
973
309
1042
547
657
685
294
218
205
70
503
149
826
122
289
283
573
723
827
576
757
297
221
790
599
636
45
417
1011
1071
523
1131
1058
243
1124
69
495
82
177
511
139
494
19
118
481
925
537
167
502
287
1040
704
695
629
1074
115
452
734
60
918
274
233
434
314
557
691
804
785
368
505
619
286
607
79
455
579
889
1055
458
682
64
778
922
350
649
848
779
558
435
1039
799
1028
722
880
224
593
771
278
296
311
387
62
232
3
326
1070
1136
108
322
131
176
281
561
263
1104
959
638
574
308
242
769
544
713
370
391
5
258
642
518
703
358
755
124
459
354
467
1113
936
710
858
952
216
266
701
1094
595
295
601
978
2
1088
194
741
78
956
698
53
268
680
334
210
298
