592
479
1073
887
23
428
1022
927
162
823
170
119
1123
627
157
304
1025
882
329
1098
313
979
997
158
193
688
725
932
1083
632
436
656
732
98
1077
421
903
54
637
782
290
405
605
355
708
854
90
606
661
598
1033
388
50
729
145
49
25
229
1109
768
541
896
380
84
617
197
93
676
572
669
247
886
659
871
212
211
879
412
972
302
264
949
105
191
635
709
1
185
454
317
137
767
411
121
630
501
96
939
611
67
543
396
738
926
327
1075
780
689
1049
300
267
938
21
892
257
477
1036
430
330
166
964
1027
1129
639
468
66
884
111
1097
250
397
776
564
181
272
204
683
9
273
1041
1091
758
461
1005
1111
765
382
128
369
1115
236
120
427
399
570
662
1019
913
348
138
653
310
810
789
101
277
416
35
32
961
674
673
909
237
728
383
208
582
1038
955
278
285
695
424
392
308
356
441
991
261
634
494
1020
584
951
295
1074
19
216
791
1052
704
726
954
680
527
322
989
1114
1086
583
354
924
384
870
958
451
95
953
752
505
721
1055
793
487
894
288
711
232
809
744
444
600
33
283
1024
901
524
530
799
92
1106
301
367
992
1131
588
766
1124
833
312
914
802
820
619
613
320
551
4
413
186
1039
751
281
779
739
63
772
474
62
360
17
391
520
175
1113
538
962
244
340
553
437
844
581
1057
149
616
351
1071
333
825
863
1032
109
1126
306
612
72
749
978
970
326
115
889
328
615
1008
343
719
334
607
125
402
804
324
167
880
433
518
1070
562
490
723
507
78
79
231
59
960
936
1015
350
395
988
757
53
640
944
557
625
1118
81
116
1134
657
478
883
213
45
279
700
945
242
1082
287
529
678
796
701
60
585
731
755
891
904
1060
864
576
263
1112
573
999
376
523
480
249
70
648
1065
787
918
