1295
1322
93
1150
1193
1179
5
1274
1357
1236
111
1342
65
1302
1191
117
41
1285
91
1378
67
1177
89
95
1141
4
1138
1240
17
1276
73
1225
106
1140
1262
11
18
1190
1219
1157
1242
1317
1183
1339
1323
1172
1287
13
1185
1142
1207
1365
1330
1235
81
6
1265
1180
1278
90
1246
78
1288
1304
1197
1352
1156
27
1309
1321
1241
1245
1192
1215
1372
1226
39
1314
1360
1336
59
12
1313
1264
1328
1380
1345
29
85
58
1176
1203
1145
1361
1210
107
1370
1181
119
1325
80
88
1305
1340
1198
1292
1267
14
23
1149
1266
51
92
1143
9
1165
16
1164
0
1248
3290
3351
1105
3232
3402
3445
1071
3283
3451
3306
1101
1122
3338
1066
3405
1026
3399
3322
3287
3221
3284
1065
1062
1037
1130
3360
3394
3275
1116
3358
3300
3428
1082
1087
1078
1020
1054
1099
3349
1074
3237
3346
3450
3417
3260
1041
3265
3228
1102
3289
1103
1091
3413
1129
3220
3276
1073
3248
3345
1135
3412
1077
3274
3395
3281
3357
3387
1068
3429
1038
3418
1119
3302
3392
3319
3356
3243
1079
3384
3307
3442
3295
1021
3388
3242
3386
3350
1083
3448
3279
3335
1043
1075
3375
3261
3336
3333
3334
3337
3323
1053
1064
3296
3257
3327
1059
3272
3446
1034
1042
1126
3292
1090
3440
3452
1018
3317
3231
3214
1092
1571
1383
1391
1620
1584
1491
213
1453
1465
1398
1574
1511
221
220
1510
1586
177
228
1481
144
1446
1524
1438
229
1548
166
143
1531
1448
1490
160
210
153
169
1489
1601
1563
1562
214
1421
200
1463
199
1566
142
1413
1514
161
185
219
207
1513
201
222
1400
1496
126
1612
156
167
1533
1456
198
1441
1426
1537
1431
1409
216
1543
231
1509
233
1384
183
1393
1387
1418
1504
1535
147
1521
180
191
1582
1385
1428
1618
1567
1406
189
1547
1549
1616
203
1495
1545
1493
1606
1492
1419
1414
1570
1538
1469
1525
230
1505
154
1388
1395
1415
1502
155
1386
1526
1638
1813
340
1704
244
1675
1820
1642
1777
1643
270
1733
1721
1761
1771
1706
1788
1741
1713
1774
1794
1755
329
1798
1624
1674
1772
307
261
249
316
273
1724
1838
1627
306
1811
258
1716
277
1663
1707
1795
284
1806
1702
1709
255
1825
289
337
1746
338
327
293
239
1645
1723
1756
1621
1668
1840
1719
1697
1847
1625
1678
1726
322
1685
1743
1651
1828
1803
1800
279
1787
247
1665
296
1737
336
1730
236
1701
1635
1827
1824
268
1835
1770
1845
272
320
1785
266
1631
1720
1647
240
1778
1690
1742
1636
1754
1773
297
1725
2090
1979
1866
2086
1969
414
1914
433
1896
2076
1938
416
1972
367
2029
1860
2044
2014
2062
431
2000
2075
2043
1927
2004
2069
441
1958
1884
2003
449
2010
1901
2047
1864
1925
398
1952
1888
401
375
1957
346
1912
392
1976
391
2077
2021
450
1992
1907
2027
1876
1910
1857
1929
446
1923
1852
1931
1916
389
1870
399
1944
2009
380
1997
1932
1880
1926
1879
434
1855
2085
2061
2020
1940
2017
1928
1859
452
2056
2032
421
2065
371
439
345
2089
1964
455
377
2012
1869
419
2081
1948
411
376
405
2050
1919
461
1990
2074
2063
360
2078
1918
2007
2058
1963
1905
1966
2039
2057
363
2064
2285
2228
474
2254
2174
2222
2180
2290
468
564
2208
2152
2307
2336
2112
2326
2248
519
2212
495
470
2171
552
2304
2139
2291
2283
2107
2122
2247
572
483
2252
529
2335
2190
491
2203
515
522
2186
550
574
2261
2229
490
2096
476
2132
2119
2255
575
2143
2118
2300
531
2191
514
2155
2121
2109
2273
573
499
538
2187
464
2198
2145
2253
2134
2113
2168
557
510
2123
2173
2298
505
479
2151
508
578
2223
2219
2102
2199
2221
525
2267
2313
521
2175
2282
2204
543
536
547
533
524
2268
2169
2271
2319
2178
581
2213
520
2144
2294
2167
2170
2262
469
501
553
548
2194
487
681
613
673
652
680
633
2379
2514
2506
2499
2372
2520
2368
587
2378
624
619
637
617
598
588
2559
589
2413
2365
631
2466
599
684
2451
2467
2392
584
682
2531
685
2503
2360
2547
593
2565
2435
611
2408
664
2570
653
2403
697
671
2469
2343
2409
675
657
666
2480
2439
2452
2401
2354
674
2444
2567
2504
700
2526
2510
2370
609
2548
2527
2460
2471
2384
2380
687
2398
690
2525
2494
2578
2445
2424
2546
2393
2508
2516
2534
2487
2416
592
2515
2577
2366
2402
662
2465
699
2568
2434
634
612
2420
686
2388
2513
2566
2569
2461
2495
2455
2505
2473
2395
586
603
679
2636
2595
2757
2697
781
2738
2666
742
2673
815
720
2790
770
2617
708
712
2721
2648
2782
2658
2587
756
806
2777
2663
711
2637
702
2707
2720
2724
2706
2588
799
790
2649
2586
706
2704
2762
746
2600
2775
785
2689
2668
2650
805
727
2685
2735
729
2602
2716
704
2776
2714
2680
753
2651
807
2625
2654
2801
2667
2593
2614
2597
2665
2644
2712
2751
2613
716
2763
2635
2747
751
767
2783
2799
2726
2748
703
2749
2802
2671
2604
2598
766
2616
2678
2816
2652
2803
2679
819
2788
2713
2591
757
2640
2741
2755
2610
2758
775
2618
721
811
2806
814
2609
2765
2594
800
2792
736
2683
833
2907
2898
2851
2925
3002
2843
2871
915
896
2863
3009
2994
2860
913
2937
2864
881
2926
872
837
2967
2834
2971
2881
845
2847
2894
2933
827
883
2961
874
895
909
2943
2840
877
2985
2826
2865
904
865
821
829
882
823
2978
2887
2936
916
897
840
2979
2915
842
2897
2987
860
2886
2878
2910
2965
843
2884
2913
2895
832
3023
2921
2876
2958
866
2862
2869
919
3005
2948
2956
848
2972
2892
2866
2903
826
2923
869
2879
918
2877
3008
2953
2945
2850
2932
878
2911
844
914
830
989
3085
1004
3111
3176
3066
3178
3201
936
924
3070
3167
950
979
3124
3083
3060
3119
3098
3113
3058
943
3165
974
3025
960
3145
3028
3134
3205
3210
3110
3039
3036
931
1012
3206
3106
3050
952
947
3189
3032
3148
920
1015
3200
3073
3203
3059
3175
3122
3162
3094
3132
937
3209
3055
940
1005
3029
985
3064
3056
3087
3100
3035
927
1010
3082
3166
3071
970
3097
3151
957
3045
3092
929
3026
953
3195
998
3191
3211
3042
1007
3069
1013
999
3057
3115
3077
982
939
3062
3129
3140
