54
29
1154
36
1316
1373
117
61
1273
1279
46
37
1282
1142
1313
1220
60
1264
85
1294
64
1228
53
12
1170
1376
96
1274
47
1261
1138
38
1151
1147
1344
1337
1269
1249
42
1198
116
1257
1
1311
78
109
1327
1186
1146
1207
2
90
97
98
1285
1351
1364
110
1237
86
1214
82
23
1212
1190
1301
1194
1317
27
1291
91
100
45
1152
33
40
31
1347
1174
22
1221
1219
1203
1309
1213
1159
1323
89
1322
79
1281
1325
1353
1240
41
1380
1210
1286
1156
1362
1208
1379
56
1357
1232
1331
72
1239
25
1155
1277
1328
1299
1209
1260
1271
5
1365
1144
8
3381
3402
1137
3420
1071
1105
3256
1054
3434
1018
1024
1128
1098
1084
3449
3398
3356
3421
3411
3312
3318
3405
3233
3378
3240
1059
3268
1027
1064
1133
3422
3343
3435
1126
3419
1092
3401
3453
3426
3361
3293
3264
3354
3358
3388
3454
3255
3445
3346
1058
3298
1097
3456
1104
3384
3436
3219
3218
3391
3303
3275
3348
3289
3439
3279
1089
3294
1031
1085
3430
3335
3373
3441
3413
3334
3437
3374
1081
1096
3285
3349
3337
1088
3247
1067
3425
3455
1045
1053
1086
3415
3365
3339
3270
3338
3267
3308
3223
1101
1022
3329
3231
3351
1099
3299
1037
3236
3262
3229
1123
3383
1117
1048
3396
3220
3432
3242
1093
1079
1028
1531
1547
155
1413
174
1441
1572
1496
218
142
1557
1564
1565
173
1411
192
1517
124
1581
182
1595
153
1470
1442
1403
1563
1587
1555
205
1506
1420
186
1602
1491
1463
1406
1493
229
187
1454
1412
1510
144
1585
169
1462
1492
1553
1397
1574
141
1526
1612
126
139
1578
1457
1476
1417
1608
129
162
1439
1477
1505
1521
1614
1540
201
1458
1438
1519
1405
1545
1561
1516
180
128
1620
206
1428
1452
1418
227
1414
1542
1497
1423
1539
1407
1464
183
1408
1591
1566
159
1582
150
1512
1446
213
1449
1558
215
1431
231
1562
1573
1610
1592
1398
1444
1534
131
136
146
1621
1650
1801
1716
299
246
1706
1757
261
1795
239
1850
1798
1646
1633
296
1726
1806
319
281
1713
1847
306
1717
285
1681
1702
1781
1829
237
1743
1845
1816
278
305
1758
1699
283
1777
1703
1841
1735
251
271
1656
342
1692
265
1631
1725
255
338
341
1824
318
1741
1787
310
1844
1674
1749
1842
1848
1724
1763
1696
1836
298
1659
292
282
1764
259
1748
286
1776
274
1688
1637
1697
1805
248
320
1750
1834
1821
1671
290
269
1626
1791
1683
340
1790
1815
1813
1778
1700
1721
1666
1825
316
1846
1684
1657
311
1673
1729
1889
1969
448
1993
346
345
1906
1957
2020
433
362
411
2069
461
357
410
1968
1903
359
1933
2051
419
2016
2041
405
351
444
347
1951
2032
1966
2058
1944
415
1963
2093
1900
2036
449
398
380
1921
373
2043
1898
1894
378
456
2082
2028
1989
412
397
372
1854
2086
2050
1954
1878
350
2048
1935
392
2083
2054
462
2071
1929
1853
1960
2002
2029
1987
1979
1946
1988
420
2088
1983
1934
386
2063
2080
2084
1992
439
2015
2056
2062
435
379
1965
2092
2007
446
402
1891
1996
413
1920
1985
1923
1862
2009
1908
1939
1918
2010
403
1876
349
1975
2091
1910
1865
1907
1872
374
2017
1888
575
2102
582
2227
577
2181
2159
579
489
2303
483
2217
475
470
497
2285
494
2288
567
2330
2254
2276
576
2110
481
486
2197
562
2126
2101
544
2300
2338
2247
2096
468
2272
524
2230
2251
2270
2307
2145
2152
2140
498
530
2128
2112
535
2224
2267
2214
555
518
2116
2187
529
2161
2171
2216
536
572
2199
2229
553
2265
2311
548
2114
2222
2297
556
2266
2241
512
465
2257
2262
2098
503
2118
2239
2155
509
491
2337
578
2246
2259
532
2154
558
2218
2115
2156
2326
573
2133
2322
2213
542
2314
2295
580
2147
2210
560
2333
2274
2144
539
2153
2308
2268
2106
2228
507
554
2402
2394
610
2534
2469
2400
621
632
2463
604
2361
2396
2455
666
2430
2499
2423
2470
2526
2497
2359
2472
2341
682
2547
2552
655
2501
2408
2343
2481
2496
2533
700
2344
2556
626
2479
2438
2548
598
2434
648
599
2460
2478
617
2362
2484
2417
681
2403
686
2351
589
641
588
2579
611
2377
2527
661
653
2519
2385
2348
630
2422
2340
600
2471
2369
2464
2474
2539
2350
608
2392
2354
2513
2571
624
2355
2442
2418
2419
690
629
685
2563
2366
2570
2494
2562
2515
619
662
2372
696
2345
618
2454
2457
2480
657
605
2542
2483
2486
607
2448
687
2522
2356
2446
2352
2420
2441
2740
2791
795
2586
2815
2614
2753
2785
2816
2727
2745
754
2632
769
2658
807
2609
2778
2631
2792
2623
2819
2699
2590
2605
2775
2701
2752
766
759
761
768
786
816
2584
2739
2621
2661
2688
716
2620
2720
2711
2674
715
773
2759
805
2738
2691
2629
2809
2817
2695
749
760
800
2667
2736
734
815
735
2679
719
2627
2656
2704
788
2788
2799
2820
2801
812
2782
2793
814
2693
2664
2690
2617
2616
2796
801
712
2607
2675
2795
2724
796
2596
2686
2589
2588
2585
2591
2766
2650
2749
783
799
2818
729
764
2802
705
2730
784
2755
748
2746
762
2713
817
2608
2597
2696
702
775
2747
3014
2938
2932
2936
850
2943
829
2879
2985
2854
2911
2890
2897
2900
891
2910
2888
2988
2994
866
2915
845
2979
2902
860
2839
889
876
2959
2970
2947
2869
890
2861
2929
2918
892
2893
2905
2850
864
2885
2827
2892
2908
2883
2964
2972
2845
856
2967
3009
3011
3017
2991
2953
2962
874
2981
862
2921
2954
919
2865
2889
867
908
868
3005
883
895
2909
2844
839
2901
910
2834
2884
851
2916
2966
3006
2989
914
2922
3004
2952
886
2993
2912
2939
3015
2874
2983
916
2946
2881
833
903
861
938
991
3100
3190
3205
3127
3096
3083
3123
3041
928
3078
3065
925
3138
950
3110
3090
3040
964
953
984
944
3073
986
3163
968
935
967
920
3077
3209
3119
1007
3173
922
3121
3165
963
3178
942
3136
1008
3097
956
3122
988
930
3158
1009
3210
971
992
3201
929
3109
3211
965
3058
3198
3153
3101
945
3162
3105
970
3043
926
3094
3029
3024
3134
955
923
3212
3194
3196
3141
3188
969
3108
3193
3070
3113
1003
3203
958
3104
981
3184
3208
3103
3099
983
3086
3154
932
3187
