1138
0
104
1364
1276
1234
4
1176
1144
1216
37
1265
1167
56
1186
1143
8
25
53
1297
1227
1315
1305
66
1277
1369
44
1321
1348
1292
1169
89
1291
1195
17
1347
55
1243
1221
1229
97
1153
72
1246
109
1302
107
1242
1268
1180
1337
1370
1253
1215
1177
50
114
11
1314
30
1164
1376
1171
1211
84
1159
1271
1371
1330
1213
1299
1181
1149
1350
79
1319
1313
1286
1155
1316
78
73
1200
1260
92
95
96
41
1219
1228
1259
111
69
1356
32
3
1309
13
1245
1363
1249
1189
22
64
1184
1306
1252
1335
1372
33
90
1317
110
1183
1303
1258
1225
1342
1205
1278
3410
3261
3220
3318
3298
3239
1105
1107
3355
1096
3365
3245
3449
3274
1038
1120
3269
3262
3304
3334
1128
3395
3279
1127
1036
1101
1098
1079
3234
1032
1069
3267
3317
1054
3436
3246
1050
1058
3340
1129
1046
3275
1074
1059
3296
1097
3230
3371
3433
1053
3342
3241
1124
1047
3313
3327
3306
1048
1057
3251
3288
1066
1094
3367
3454
1136
3388
1064
3286
3247
3446
1035
3287
3453
3225
3323
3375
3271
1052
3218
3448
3282
3322
3341
1109
3430
3265
3447
3439
1133
1068
3307
3310
3409
3338
1111
3368
3358
3420
1110
3350
3359
3379
3259
3398
3444
1084
3329
3382
1106
3277
3386
3389
1126
3305
3413
1130
1063
1119
3328
1481
133
1512
162
188
213
228
1604
1605
1576
1493
1559
1490
154
1438
1381
174
1414
1566
176
1599
1553
129
1619
1466
1582
122
1457
1402
1530
235
1535
136
171
1575
1578
1584
1541
177
1491
1499
1606
164
210
205
1411
126
1492
1521
125
1585
207
1460
223
168
1456
178
1503
1397
158
1388
157
1581
159
1620
1496
1579
229
201
137
1523
1531
1617
1428
214
1459
1462
1398
1446
197
1382
160
152
225
1563
1548
1394
167
1471
128
1529
1431
1589
224
1524
1484
1601
1443
1561
1488
1557
1533
1609
1396
1487
1385
1515
217
1436
189
149
1447
1611
1573
1441
1546
1655
272
324
290
1838
312
1670
1642
1716
1743
329
1637
297
1762
254
1772
1672
1639
1673
1753
1646
1656
1756
1694
314
1705
309
1783
1692
1687
1722
262
1770
1748
1779
1851
1714
315
1658
1645
1676
1750
284
323
1847
1679
1744
238
251
281
287
1819
1729
1849
1835
248
1702
1790
1752
1625
1780
1688
1724
311
1751
1808
1704
283
1663
1734
1740
1846
253
1767
1728
299
1630
1732
273
1801
1624
1700
1778
265
1686
337
1789
1774
1682
1715
1725
1723
249
1628
320
1623
1806
252
258
1650
260
307
1800
1776
1792
338
1798
1791
428
372
2086
1890
1989
1954
2082
355
1983
412
1941
456
430
1887
1908
1895
1918
2065
1869
1974
442
2038
462
388
445
1964
1972
1881
2093
1932
356
408
458
1994
1946
2023
2019
1952
2030
1898
2020
1990
1924
1975
1971
2071
352
416
1992
392
417
459
1905
411
438
2057
1856
1938
1919
423
374
2074
2015
344
1921
1917
1943
1981
2033
365
1967
350
1986
1926
1913
1956
2060
2076
444
2068
1973
2043
1872
1999
2077
1906
351
455
2072
2053
1857
2010
2084
421
2066
427
2088
2037
1916
2047
446
457
439
368
1985
1886
346
2003
2021
1991
2039
2058
405
1889
1957
1939
353
1927
1997
1885
557
469
2278
2202
2285
2209
545
512
555
525
2219
536
2207
2143
2265
2292
2276
541
2231
2255
574
568
486
521
484
497
2269
2286
2137
2246
465
570
2262
2227
2166
2313
509
479
510
573
2213
2156
2311
2131
2154
2212
2293
2174
2334
578
2145
2263
499
2230
505
581
488
483
2312
539
531
2221
2140
2300
534
473
2281
493
2158
537
2191
2136
2187
2120
2123
2237
2125
494
2155
2179
466
2204
470
2279
527
2250
2223
2239
2299
490
559
2220
2236
566
2314
563
516
2288
2305
2336
538
519
577
2195
2184
575
2332
2116
2241
2297
2173
471
475
2111
508
2216
518
500
2309
588
595
597
2468
601
2358
2361
584
603
2510
2410
2379
2575
2461
671
2563
627
2486
596
700
2507
2551
2545
598
2390
2433
2579
2452
2502
2459
2530
2403
2543
680
2483
2568
652
2421
2533
2441
2397
2559
653
2404
632
2434
2415
634
2535
591
594
602
637
2462
611
697
2402
619
2527
2351
2493
648
2428
679
2388
682
2562
625
676
2392
2531
2492
2371
2419
2478
630
2359
2424
2412
646
2429
2538
626
692
2572
658
631
665
649
2472
2476
2393
685
640
605
2456
2445
2343
2521
2446
2511
2405
2409
2454
2377
2451
2382
2447
2340
2555
2495
2407
2504
2467
668
2417
2577
2381
2582
715
718
725
2780
2683
737
2781
804
2756
771
2603
703
2738
775
2763
2759
2614
785
2681
2617
816
808
2802
2787
2719
2649
2807
2726
2635
796
2724
714
2805
805
746
786
2626
704
2621
2624
763
2672
753
721
729
2647
2801
2822
2793
2623
801
2751
2677
748
2734
773
2591
2775
758
2815
2592
2662
2644
716
2788
762
2796
795
2760
2804
2634
733
755
743
2671
2745
735
2612
2596
2685
2654
2607
787
2732
2733
731
2692
2666
727
749
2700
2790
2678
2632
752
2595
2743
2661
2704
2713
817
810
2757
2699
2629
2598
2772
782
2631
2619
2586
2697
723
750
2708
788
2673
2682
2830
866
3011
3010
899
2925
2848
2827
2930
872
3018
2867
912
905
2922
829
2839
901
2938
2881
2875
836
2883
2991
2885
892
3000
2865
2916
2921
2972
2999
2963
2846
3016
2946
2866
2868
2932
896
831
2976
851
3006
2845
2826
835
2923
902
2894
2887
858
2978
909
2829
2935
3012
2936
3017
2911
2956
2903
2965
2942
881
3008
883
2847
2952
2917
916
2890
2844
2953
2955
870
3001
873
2895
897
2998
3020
2873
2864
827
2939
3009
3007
3021
2888
854
2980
2904
2884
825
2831
2833
877
2950
2941
1005
940
965
3068
928
3153
933
3149
3127
3203
3103
982
921
990
3057
3212
992
3166
3115
3198
963
3089
3031
1017
3059
3084
3213
3087
950
937
3197
3167
994
966
958
3029
1003
3152
927
3074
1006
3078
3066
956
3086
3155
996
3077
3125
3097
920
3033
3096
948
3135
3085
1002
926
935
3051
3113
1009
3170
977
3187
3193
3180
3173
3104
978
3106
3188
3129
3165
3100
983
941
3178
3126
974
3080
945
957
1011
3111
3107
980
3117
3034
3196
969
3179
3044
3095
3025
961
3210
972
