1298
1248
1362
62
1204
1348
90
1344
1167
1370
117
1158
1157
21
108
115
1179
1327
71
1145
66
53
1290
1356
60
1354
49
47
1317
1374
1259
1219
1245
1269
1194
75
1377
1361
1287
1314
55
1304
50
88
1310
1186
1300
1379
1291
1255
43
48
1175
42
1306
89
1150
1188
1200
56
1288
1303
1202
1316
1341
1260
1321
76
101
1350
1209
1203
18
24
33
1156
1229
107
6
10
1320
1335
1199
99
98
1268
1184
1159
1294
1141
1308
1313
1295
83
92
45
1296
46
1247
81
1231
1173
1293
1352
15
1323
58
1366
1275
1258
1340
39
1181
1301
1227
25
1236
52
84
61
3405
3396
3321
1105
3297
3384
1029
1018
3318
3271
1041
3330
3304
3341
3364
1098
3439
3447
1055
3377
3373
3380
3403
3374
1031
1137
3272
1032
3285
3215
1126
1062
3359
3309
3226
3263
3228
3235
3307
3428
1097
3241
1113
3381
1122
3323
3454
3248
3418
3290
1089
3275
1135
1128
1090
3423
1102
3245
1050
1026
1077
3346
1045
3435
3267
3357
3388
3325
1084
3244
3227
1021
3237
1136
3265
1070
3456
3302
1023
3392
3379
3270
3354
3421
3452
1115
3337
1063
3257
1060
1107
3451
1046
3242
3362
3372
3358
1053
3324
3410
1076
1106
1025
3402
3260
1058
3329
3214
3311
3420
3344
1051
3266
3262
3305
1078
3217
3360
3225
3448
125
1548
131
1396
223
1464
1381
227
122
1453
129
1457
141
1442
1407
155
194
1565
190
1449
186
203
1423
1549
1433
185
1470
1483
1501
174
1450
1408
1395
1502
1554
1619
1506
1452
1397
1389
1577
192
160
135
1441
1544
1382
1461
1513
1415
152
1459
234
1507
1584
1574
184
1426
200
1542
1475
121
1431
146
169
1421
1534
1486
1571
139
201
1466
212
1490
226
1393
1617
1386
177
1509
167
1468
1511
1430
180
1438
1406
154
230
158
1607
1519
153
1594
1620
1586
1494
211
1383
1479
191
1541
164
171
175
1528
1384
1553
123
189
1493
206
147
1427
188
208
262
1684
318
1627
1697
1813
1630
309
1712
322
1698
310
330
272
1659
1651
270
332
339
1802
323
1654
1777
327
1745
1724
287
1773
1686
240
1845
1739
1740
1822
1705
1791
1793
1704
1761
324
249
1836
1821
1714
1640
1680
1652
1631
1671
265
1637
1765
1700
1747
1661
1769
1831
1668
1660
1699
257
1701
1844
1792
1743
1826
280
1730
1823
305
246
297
236
341
245
343
1638
326
306
1818
289
1710
1621
1789
1722
275
1776
1643
325
1778
288
1738
1702
1803
1644
1839
1703
1677
1721
1650
1735
334
1717
283
1667
1850
1655
1750
434
1871
447
444
1857
439
350
1864
2038
1868
2067
1962
417
430
373
407
1981
2078
1852
2027
433
377
1995
2064
400
1973
365
1987
461
1867
356
1931
446
359
2057
2063
1881
459
1950
1938
1915
1989
1907
2045
348
414
404
2032
1958
1884
463
2087
2072
393
457
462
1959
2074
426
1988
1970
1943
415
387
1923
396
453
2040
1924
390
388
1913
1991
1873
1940
2046
1890
1885
1865
344
2086
2036
1941
1898
1858
1945
376
435
1974
1928
421
347
1968
2088
394
2080
1969
405
1861
419
1951
437
1896
2018
1926
1949
2039
432
1936
2028
397
395
2007
2079
385
1853
351
2015
398
357
474
572
565
2129
2246
2144
2210
2201
2255
2218
532
551
558
541
561
2287
2222
2307
2102
2302
2177
2263
2264
2212
2182
2127
2271
2108
2241
518
2162
570
2322
2237
529
2181
2221
2296
483
563
469
2318
2295
2220
557
2179
2304
2097
2117
466
2205
2155
489
2100
2234
2262
485
2299
2149
513
2211
2151
487
577
2257
2103
2323
546
2332
2253
2334
2158
2315
2313
559
542
2285
2109
2225
473
2236
550
493
552
519
545
2252
478
2233
2326
481
2269
2335
2320
2152
2159
2219
2145
2249
470
501
2131
2305
2214
2101
2308
535
2336
531
2170
2142
567
468
477
2216
507
509
547
2115
2445
2455
2457
2363
2486
2355
592
2460
2530
2447
2511
2514
2428
2352
2394
2507
642
629
2541
649
2397
2490
2515
2412
2407
2519
2537
2344
648
624
651
2558
673
2492
2576
644
2362
598
2531
2427
2569
584
2345
2572
689
2451
2542
2559
2525
2374
2368
606
674
2496
2395
640
2538
2544
2476
2396
2410
2539
2409
2359
2493
632
2475
687
645
602
2393
594
2354
2417
2370
2494
2408
586
681
588
2458
695
2557
585
2504
2506
2509
2532
2473
2398
2499
680
2346
637
2512
698
2464
618
583
609
2566
2454
2349
2485
660
587
652
603
610
2513
662
2552
619
686
663
659
690
2567
2813
2595
759
2719
2593
2642
2804
772
780
2683
2800
2771
2777
2803
758
757
749
718
2638
710
2722
2799
2632
754
819
720
788
713
2811
799
2685
773
2626
2588
2750
739
2783
2639
2779
731
2713
2659
806
2583
2635
2801
2686
2700
712
2688
2723
2702
2738
2643
2734
2774
769
2604
724
2609
2710
2763
2764
2668
801
2684
2705
2821
791
2630
2790
2737
2631
2624
2742
798
743
2761
2619
2661
764
2703
793
2590
2647
2796
2640
2765
2644
2691
2770
2585
2680
2653
2666
2744
2629
2692
711
2622
2748
2664
2820
744
2784
2621
2681
2616
2706
752
748
2669
704
2618
2634
2665
812
2791
2753
880
2934
877
2843
2924
883
2863
897
2875
2850
826
839
2973
2907
2883
2846
2978
2982
3004
859
2949
3005
2892
2921
2840
2944
831
910
2912
2900
902
2965
2995
2954
2987
3018
2899
864
2988
2825
2867
829
885
2889
2862
913
2895
916
875
2976
2870
2947
2832
886
2902
843
2894
2977
824
3003
820
2848
2926
867
3020
2830
2904
2960
2854
2849
904
2946
2923
852
912
2928
2980
842
851
854
2851
2877
853
2922
2917
3017
2964
2992
2837
879
822
2859
901
865
2951
3011
2852
918
850
2968
3103
3067
3192
996
1005
3082
3197
3147
983
993
3194
3092
1000
961
3050
3169
3025
3211
3121
943
1017
3064
3106
3114
978
3133
3193
3059
3066
3105
3029
3074
3065
3195
3107
959
3166
3208
3030
962
969
3115
3111
3181
3116
3187
974
3123
3148
3052
3098
931
3172
934
3140
994
3094
3113
3179
3158
987
950
1009
3075
3033
921
3203
3210
3076
973
940
944
3135
990
935
3028
3127
967
3037
938
3056
3034
1004
3126
3139
3120
3095
975
3151
3141
946
3077
3146
3167
964
3035
3068
3143
