1214
6
1317
115
1311
1338
1198
47
1248
1234
91
51
1323
16
1342
1160
30
1155
74
69
1203
1231
1245
1167
1321
1163
103
1216
94
1250
1258
1367
1256
1202
1235
1345
18
19
1358
1330
1186
9
1279
1175
1228
12
25
1259
8
1253
1278
1291
10
0
1225
1215
96
1274
29
1232
26
1329
52
1185
1301
41
1149
1237
1141
1319
1227
17
1333
1272
1144
1220
1247
1229
1241
1184
1251
1372
36
1320
87
40
42
1264
1314
1207
1356
1187
1371
50
1307
109
1277
98
1262
1152
1194
1169
1310
1240
1172
39
34
1212
1271
57
95
3
1339
1377
1181
1165
1378
1283
1145
33
1068
3386
1061
3233
3359
3313
3235
3292
3407
1094
1038
3393
1034
3356
1024
1083
3315
1100
3345
3321
1032
3319
1071
3377
3340
3250
3283
3303
3426
3230
3226
3410
3383
3430
3444
3272
3225
1090
3307
3327
3363
3252
3254
1037
1018
3261
3286
1019
3390
1043
1117
1084
1091
3447
1108
3421
1031
3453
3290
1056
1131
3239
1111
1022
1080
3361
1054
3353
3431
3395
3221
3234
3287
1048
3273
3422
1089
3299
3451
3406
1073
3370
1123
1044
3241
1101
3378
3306
1081
3351
1047
3301
3402
1063
1053
3432
3320
3282
1030
3354
3375
3293
3341
3251
3414
3289
3240
1075
3428
1088
3305
3218
3337
1069
3343
1096
3322
3223
3298
3409
1459
1437
136
137
153
1581
1540
200
148
1606
1480
199
1433
152
1591
1390
1428
1514
159
1389
207
1484
1418
145
198
1543
1616
1465
1489
1588
1604
1562
1614
1404
1550
185
1583
1570
1490
1464
1553
1602
1504
165
1417
166
1578
223
1448
1431
217
135
123
1391
1515
1520
1567
167
1405
1423
1473
1582
1523
1533
1400
134
1557
132
1469
1401
1447
1457
1460
209
1421
158
1536
1468
183
229
1519
195
184
1566
1442
1559
1594
1605
1453
143
234
171
144
1402
1601
1482
1498
187
161
228
1413
1549
1546
1545
1414
175
190
205
172
206
1608
1590
1544
1577
1411
1580
318
316
271
1793
1686
1834
1776
278
317
1786
1709
1745
1764
1820
1726
1708
1664
275
1748
1621
290
310
306
325
1692
1843
1713
300
1673
308
1742
1811
263
1765
1674
1838
1667
1804
1668
1704
321
1623
1716
1772
1836
1733
289
1652
1823
1636
262
1817
1705
249
1753
334
1658
304
1814
294
1839
1831
337
1729
1844
1848
250
241
277
267
1638
242
1731
1829
1725
1769
314
1641
320
299
291
1626
303
1630
1822
286
1806
336
1685
333
1746
246
252
1778
1761
1763
1642
284
305
282
1754
1624
327
247
1805
1661
1689
274
1875
421
1865
1922
430
1959
2021
1932
407
2037
1902
2040
1969
442
365
1958
1889
1856
1974
1948
1962
1988
2038
1892
2090
2003
2027
429
1899
398
2083
1855
405
385
1869
2063
2046
346
1983
441
458
427
2012
2036
381
1913
369
1885
2011
379
1957
1884
1894
388
1881
354
1993
1887
1923
2094
1996
1950
2000
448
362
1945
2043
1942
2092
426
1863
1998
1878
455
431
1870
451
1900
1965
2028
396
1908
384
393
1854
1903
1989
1893
1937
2082
355
1931
423
460
359
1927
391
403
372
2016
1952
386
2035
2052
1924
1985
444
378
406
2032
2048
2088
2081
345
1867
364
1882
387
1956
2069
476
2337
2223
2258
2125
2167
580
2183
2123
2332
563
2284
562
515
2320
579
530
2220
2240
2173
2174
2194
2311
2109
2114
2227
500
2198
2295
533
2207
2261
2260
2278
2304
2095
2254
2193
2153
2251
2239
2154
2292
570
2237
556
2201
2134
2187
531
542
2165
2272
2135
2275
483
2234
2155
2171
464
480
2197
2112
481
2324
2117
2106
2120
2327
2130
543
2204
2133
2289
2266
2148
2142
554
2236
2124
2269
2202
2333
2205
2119
501
573
2245
2144
2178
2241
2250
498
2169
2213
2331
2283
2189
2215
2273
2226
560
2186
2138
2110
2172
2301
2200
2249
2116
522
2298
2184
571
503
489
2222
510
474
661
601
639
686
590
2377
637
609
2522
2455
2490
2579
2481
681
633
2496
2450
2425
2529
625
2447
2355
2539
2487
2345
2538
2362
684
2480
602
2452
2524
2532
595
2479
624
2518
2430
691
2469
2348
636
2500
651
2540
2347
2503
2526
2402
679
642
667
596
2495
645
2376
697
2384
2420
2374
2561
613
2507
2454
2405
2359
2360
2413
2432
2357
593
2572
2451
2517
646
2530
2513
2356
2350
621
2464
2536
2463
618
2475
627
2571
615
2434
2437
2465
2497
2527
2387
2395
2555
622
2462
650
635
2457
2383
694
2417
2341
2483
586
2553
656
2519
696
2537
2424
611
2403
2548
604
2520
2619
748
2608
2768
741
2604
2670
2788
795
2773
2626
2809
2628
2691
2807
805
758
2666
762
2761
2644
2668
2587
2756
2743
2769
2770
726
2611
709
2617
2719
703
2724
701
2618
815
2815
2606
2783
2772
2754
2593
2678
723
2603
784
2789
753
702
2814
816
2752
2808
2700
2715
2818
720
2635
761
794
727
2736
760
2677
2759
2819
2705
2673
721
749
2812
813
786
2649
2642
800
797
2625
2592
2627
2582
732
2712
2659
2585
778
2779
2797
2791
2661
740
2699
745
2656
747
2693
773
2600
2638
768
2692
2821
803
781
2798
744
737
2746
2632
2765
2729
728
787
2810
2662
2636
799
776
882
2846
838
2841
2895
2975
2920
912
2830
2890
3016
2917
2834
2864
864
2843
2989
3011
2959
3012
3000
3002
2962
3010
2943
2898
905
883
2863
886
3009
2855
2913
875
913
2990
2923
2871
2844
2924
2880
2932
2969
2858
2904
879
2892
892
890
2955
916
3017
2994
2870
863
827
2926
2883
2835
2945
3015
2977
2993
2938
2961
823
2882
2873
825
835
2919
2928
2979
904
2872
2867
877
870
897
3020
2850
2944
856
867
2927
3008
2897
2948
2845
900
2981
2950
2936
3023
2911
2966
2921
2912
3014
901
3112
1011
3111
3108
996
3149
1008
3039
3178
981
3087
973
3120
3056
3192
3184
3199
3076
920
3080
3206
3136
3185
3091
3151
3146
3121
971
3194
1003
956
3167
3198
1012
932
3095
3054
3099
3110
3148
3024
953
3068
930
3147
938
923
3048
3211
1010
3109
989
3158
3210
3196
3082
3187
1009
3165
978
929
3098
3117
1014
3086
993
3090
3176
3189
943
3083
3113
3168
958
945
961
3072
3137
947
3028
959
924
3205
3170
3038
3027
3163
1007
1013
941
3139
3174
985
3063
3204
3107
997
3197
