1175
1194
1283
1247
46
1323
1221
1297
1145
1310
103
1217
1154
1308
14
1356
1318
6
62
1200
67
1343
1260
1244
1252
1316
1144
1236
1370
61
84
1265
1361
33
81
1186
89
1298
49
1235
1309
112
1307
100
1304
1232
1256
20
65
1293
1305
117
1331
1219
1176
80
1199
10
1351
119
1173
1207
1214
53
1241
26
28
1336
73
110
1341
41
50
1291
1345
1261
74
1172
1209
1362
1195
1334
1206
72
1167
1187
1251
7
88
1333
1367
1273
1319
1330
75
1369
1183
1317
1328
1213
47
1149
66
15
68
1311
1191
0
1248
1358
1355
1159
1218
1215
63
8
1274
86
1364
1313
3455
1066
1072
3293
3303
1045
3395
3286
3242
3386
3298
3373
1094
3262
1092
3348
3354
3226
3425
3355
3322
3236
3352
1117
3381
3222
3299
3254
3446
3333
1131
3332
1076
3227
3235
3306
3234
1046
3294
3416
3268
3223
3405
3309
3312
3387
1132
3393
3317
3252
1095
3443
3422
1047
3225
3314
1086
3391
3284
3269
3365
3232
1079
1018
1124
3411
1022
1083
1051
3389
3437
3448
1049
3244
3399
1071
3335
3444
3424
3350
3366
3398
3279
3451
1078
3275
3328
3438
3220
3256
1064
3229
3280
3351
3454
3238
1104
3217
1040
3456
1077
3237
3380
3319
3341
3320
3383
3403
1107
3442
3447
1074
1067
1137
3301
3453
1081
1109
1103
3316
1408
231
1397
1525
1422
183
192
1617
1497
1542
1545
1601
1567
1599
1612
1524
1572
1575
1476
125
154
1392
227
1489
1479
1498
132
1450
1403
126
168
1580
158
1562
1404
1529
1607
1596
1526
232
1468
134
1510
1557
144
1595
1459
1424
1436
197
1552
1549
1464
1505
175
235
171
1512
1539
1582
222
181
1502
1530
1508
1423
1470
1516
1446
147
1576
1613
1455
1543
1493
1511
1445
1416
184
1383
1433
1527
1586
204
1425
1559
1518
143
169
1589
1509
1609
1548
151
129
1513
1407
1382
1385
180
207
1420
1419
174
1566
149
1600
1603
161
182
1491
1494
1430
1427
1437
1486
1664
1794
1706
1761
1730
1748
1828
1652
296
282
1731
1702
260
277
1722
257
1848
1821
336
320
1775
1672
1813
1633
1837
1733
1728
1732
1688
1827
327
273
1666
280
293
1816
1670
319
1746
311
1690
301
1772
1623
307
1825
1635
1661
1834
1625
299
271
291
342
329
1840
322
1678
1804
1756
1815
1700
1833
274
266
310
252
333
1830
240
302
276
1715
1696
1642
1631
1695
304
294
1832
1835
1655
1663
242
1645
241
237
1710
1745
1665
1838
332
1739
1637
1651
1640
1626
341
1817
1632
1770
272
1674
1788
1621
1767
1784
263
427
384
1940
1882
361
2065
355
2002
415
2000
1945
1910
1901
1859
1856
1994
411
440
1951
454
1973
1928
1957
1857
391
1913
1967
378
356
2070
425
1904
1989
1964
1979
2036
450
431
346
1889
1921
393
2044
2078
1880
1881
1919
363
434
1879
1972
428
395
2014
2053
1998
357
390
371
1969
1861
2075
1892
1912
1914
2045
423
2055
2023
2056
1985
1947
2029
459
1916
2025
1927
1924
2013
1860
2016
1988
1960
2038
381
1937
1896
1963
1968
1863
407
1999
383
402
1918
1955
2066
1971
449
2058
1939
1852
1877
370
365
1891
1929
1954
446
422
359
1869
401
419
1875
2090
2003
1899
352
362
2216
478
2248
2235
2252
2258
497
568
2291
2251
565
2141
506
2159
524
2162
2105
536
2293
507
2257
2233
2330
2285
545
2120
2241
528
496
2249
2327
2326
526
2189
2320
2214
2175
531
549
504
2196
2313
2221
556
2276
2336
2246
2095
579
548
571
546
479
2206
2264
2139
515
2245
2288
2299
553
2203
533
2333
2270
2202
470
2218
513
2338
2146
518
2279
541
561
2147
510
2310
2150
2319
2134
562
2210
2135
2180
535
2220
2294
474
2318
2129
2112
2190
2169
539
2255
2250
2314
2287
2185
2107
2197
2239
2100
2155
2309
499
2179
498
2188
538
2182
2101
575
511
514
2106
2158
555
2541
695
2433
2485
2536
2440
615
2396
2575
2501
2543
687
618
622
2434
2415
2468
2460
2442
2374
658
2526
2456
2525
2465
2511
2406
2365
2483
2413
2552
2450
592
2382
2463
2516
2507
600
2404
696
2371
689
2548
2560
2420
591
621
640
633
2397
2375
2421
2454
637
2522
641
2571
2546
2491
594
2563
2564
2579
684
2392
2494
2492
2381
2545
700
2408
2414
2348
2376
2410
666
2574
2363
2472
584
2416
2455
2471
2469
663
656
598
593
2407
2443
2418
2357
634
586
2539
2493
627
654
2367
2451
2359
662
667
619
2481
2343
693
2383
2419
620
2486
655
2470
589
2529
644
2515
2488
2592
2799
708
2803
2753
2609
2764
2669
2819
2758
748
2793
2663
2585
2652
736
2667
2752
2774
757
2756
775
2674
712
2610
2651
2656
2790
749
2634
2618
781
782
2621
753
2735
2639
2817
2632
2783
2711
784
2620
732
2807
804
772
2630
2724
810
2732
2747
2800
2804
760
768
752
2748
2789
743
791
2797
2712
751
2786
2583
2716
2627
2777
2751
2805
2619
2720
806
2594
737
2710
2683
2660
2713
2597
2599
704
801
2781
777
2795
2738
714
2816
705
709
2640
2689
741
2745
2662
811
798
2706
2624
2596
2779
2692
733
776
711
2666
2659
2650
2718
2818
742
2593
2603
2637
2608
2668
2741
2896
849
834
2872
2956
2978
888
2908
2873
2976
3003
2964
898
2913
2937
2989
2941
2871
3016
2987
2882
859
2949
838
906
872
3002
2916
2933
2985
2910
2980
2849
2928
2929
2884
863
2901
876
3010
2833
882
2848
850
2843
919
2867
845
913
2914
2827
829
2973
848
828
2957
2917
2839
3007
858
857
2965
894
910
908
3023
907
833
2906
871
2845
860
904
2922
2897
2837
893
2840
2972
905
851
2859
831
840
2863
2902
911
917
3006
852
2925
2898
2934
2855
2950
2930
880
2832
2854
2874
3150
1013
3209
3065
3056
3157
3028
964
1006
3194
3131
1001
3043
3139
3190
3200
3196
3034
3083
980
944
3095
3090
3154
3041
3195
975
3089
3199
953
3099
3168
3151
3120
3167
3059
993
3192
949
3079
3063
3140
3207
956
932
941
3031
3103
3080
1011
931
1004
3175
981
3064
3163
3186
3109
3184
3205
3187
963
1009
3026
934
938
3035
3101
3153
3050
933
977
3027
945
927
930
982
3164
961
3156
3137
950
3125
3155
3104
3136
997
969
3048
3037
3148
985
1015
3166
1002
3198
955
3087
