1232
1269
27
61
1331
1367
1266
101
73
1362
1195
7
1169
1319
1166
12
1325
1305
110
1243
79
1339
92
1256
107
1300
97
67
1203
1149
51
1297
1330
1225
13
1238
1230
119
58
1233
33
1242
1346
1139
65
112
1234
99
82
1380
1290
78
66
114
100
1333
1224
1267
1158
18
1239
1181
1152
29
106
1270
54
90
105
1360
1354
1292
46
1312
1187
35
1201
109
1291
34
1275
9
1366
1143
30
1303
0
1153
1348
62
83
71
80
68
1212
53
1154
1172
1373
1218
1180
1246
1151
10
1343
1145
1304
1255
1364
1355
1210
1214
1221
1328
41
1223
118
23
1170
1253
3377
3327
1062
3452
1083
1069
1032
1022
3319
3316
1133
3293
1039
3266
3325
3329
3340
1112
3389
3359
1099
1119
1103
3233
3456
3318
3424
3343
3423
3250
3407
1060
3231
3235
3230
1018
1055
3234
1076
3315
3300
1028
3232
3310
3413
3402
3421
3299
3444
3221
3344
1066
3311
3238
1078
3354
3357
3243
3435
3381
1132
1127
3306
3429
1088
3270
1041
3348
3437
1049
3418
1065
3384
3224
1074
3251
3382
1035
3246
3279
3391
3331
3412
3278
3396
1126
1024
3253
3410
3369
3417
3275
3448
3297
3239
1105
1101
3244
3309
3290
3367
3308
1036
3386
3425
3353
3411
3433
3373
1046
1061
3222
3229
3454
3394
1098
1122
3263
3302
1043
1512
1454
204
127
169
143
1619
228
131
1505
1513
1484
1617
152
1611
1583
1604
1535
1560
1465
1568
1552
1473
132
135
148
155
1548
1502
1413
1396
1518
1601
1463
1522
1532
1616
1395
1580
1391
151
1620
1534
1451
211
1420
189
1564
1468
220
232
1593
150
120
1556
1479
1555
172
1590
1402
1514
214
1610
159
1579
1406
145
223
1382
1457
1605
206
176
1478
133
168
216
1409
1596
1520
1510
1507
1418
1477
1450
1546
1577
142
124
1506
157
210
200
1407
184
1600
1569
1550
1440
1521
181
1538
1562
208
1472
198
1443
1485
1592
1549
1508
194
199
136
1543
1481
1652
1821
1764
1686
317
1673
1662
1682
1752
299
1713
338
254
321
313
1699
1703
1722
265
1761
1788
1808
243
1845
1829
1654
1714
343
341
1840
244
1694
305
1725
1706
1760
1824
1638
1762
1837
1798
1646
279
1639
1740
1624
339
1835
1710
1810
1838
1789
1728
1664
1649
247
1640
277
1777
1770
297
1668
266
1630
289
1799
1737
1809
1794
1718
1796
300
1811
1711
269
1663
1734
1783
242
282
1842
1676
1757
310
319
303
1844
1850
1716
1645
1681
1680
1692
1677
1693
1819
261
1626
1641
268
1817
1763
1756
1733
257
1803
1749
1779
1899
459
354
419
435
1993
420
438
1883
1914
2050
1892
1939
1950
386
1960
1953
1881
460
429
1865
451
2005
1913
1860
2007
2065
1926
1912
1879
2021
433
1938
2093
344
1984
1856
1937
2023
1903
1942
399
453
1971
417
1916
2043
439
368
2057
1893
1927
396
2014
2011
413
422
1973
2092
1886
437
2025
444
1861
1963
2032
2001
2029
1977
2033
2062
428
2071
1999
2088
2053
415
1932
411
2004
2042
1957
412
1947
2030
1970
2002
1859
387
423
427
2089
2059
2056
1944
2082
461
408
2040
1874
1877
436
1990
1996
1948
2051
380
379
447
363
1962
2000
1878
2048
1858
1961
456
1885
381
1934
548
2250
516
2269
2099
2151
2225
551
572
2254
563
577
2315
2294
2109
2110
2264
489
2095
2134
539
2203
486
2195
2251
2212
2128
2169
2161
484
2311
2239
2245
2303
2178
495
2300
500
2247
2217
524
497
2202
2309
513
2181
2304
491
2326
2131
2115
2218
514
2096
2255
2306
2226
2296
2221
515
2214
2111
2190
502
2271
2200
475
2216
570
2118
2183
2289
2102
2244
555
2204
2248
483
2176
521
520
2208
2196
2299
2140
2270
2325
541
2282
2147
509
2267
2189
2220
2320
2319
559
2187
535
2098
468
519
2180
2261
2114
507
2124
2263
2194
581
2162
2150
550
2185
2186
2174
2201
2182
2156
673
2521
688
2481
644
2416
2509
2361
2460
2518
2455
2565
2465
614
662
2546
597
2467
2389
2555
2410
649
2516
2541
637
666
2374
2398
2427
2358
2386
2373
2497
2414
2348
2347
2362
2492
2345
2469
659
2408
647
619
2543
2499
2378
687
2508
2392
2470
2440
595
625
2515
598
657
2356
2352
604
685
2451
672
2438
2493
2399
664
2459
2520
2454
693
602
641
2397
2409
695
2536
2500
696
2446
2568
661
2341
603
2519
2342
674
2395
2403
596
2424
2432
2522
2382
2556
2574
683
697
2372
2439
2563
670
609
2429
663
681
2531
2419
682
590
2474
2463
2494
630
678
2472
2502
2418
2670
2615
799
2587
2757
2622
734
782
2797
2767
763
754
2612
2708
2654
804
2791
2652
731
2649
704
2822
2718
2594
2812
2806
2683
2795
2659
2639
757
2760
2764
730
2809
2823
2605
814
2704
2765
2753
2729
2739
2627
811
813
2665
2714
2793
2766
2696
2722
774
2697
2695
2748
768
2610
772
744
2681
2811
2647
2611
703
2769
762
815
2751
2663
2617
2814
2672
713
2808
2636
2803
2620
729
722
2746
2655
801
2674
2779
2624
759
2580
745
766
2745
709
2789
2752
775
805
2749
756
2677
742
769
2786
2671
2817
2743
2717
739
723
705
715
719
2584
2759
2598
753
748
738
2736
761
2867
2952
2894
864
2986
2877
2892
2925
3020
831
905
2830
882
847
2883
875
2846
2942
833
2944
2983
2948
884
2902
2931
2981
891
2835
2936
2869
2899
855
2932
829
2868
3013
822
2947
846
2920
2975
2841
865
2984
2863
851
2980
913
2930
854
2940
2938
883
838
2855
849
2861
3015
2875
3021
2923
867
912
2926
2905
2836
2958
2891
2989
2842
2968
3002
856
2913
881
2839
2900
2956
3012
872
2957
2996
899
897
2973
2959
904
3007
2837
837
866
3018
2879
2876
2998
879
2971
2993
863
2872
3058
966
3177
3090
3061
1007
3202
3043
3174
3033
3170
3206
3191
3128
973
3073
3179
3171
935
3074
1008
1015
977
981
3050
3040
3143
942
967
3045
3078
3166
999
998
963
3071
3175
3072
3129
3112
931
3036
3130
3149
3168
3053
3181
1011
3180
3092
1016
3124
3087
3106
960
3120
3122
936
3096
3086
3125
941
3146
3065
3137
3095
975
961
996
3108
3039
3082
3119
3136
3163
3209
3204
3138
940
955
925
929
3097
3083
3055
3200
3044
3075
930
3176
956
943
3107
3059
1000
3127
3165
972
