1138
1277
1314
14
1155
24
1317
99
42
72
1290
34
83
1369
11
55
1342
61
1328
1333
1206
88
66
106
1293
1295
84
1243
1305
1284
1244
6
1245
82
1202
1151
70
13
1236
1156
1247
1198
1372
1327
1378
64
1285
18
1187
96
43
1241
63
112
47
1321
68
1276
93
1280
1302
1361
60
1
12
100
1257
1260
103
1318
1341
1188
80
1283
45
1237
1250
1330
33
1292
1352
1190
1228
1338
92
1211
46
1148
1380
1146
1355
1141
1193
1375
1343
1147
1213
1209
1171
1267
1377
1349
16
1373
1288
1266
89
91
1195
1303
1152
1308
1272
1160
101
1319
1336
1142
1164
1294
3411
1045
3259
3275
3248
3357
3283
3361
1060
3408
1066
1081
3390
3257
3260
3350
3253
3278
3380
3324
1131
3215
1054
1076
1051
1035
1085
3452
3420
3317
1052
3219
3306
3423
3440
1084
3255
3218
1128
3230
3280
1101
3227
1090
3310
3436
3397
3264
3451
1122
3348
1137
1136
3321
1065
3240
1071
1044
3341
3373
3224
3362
3274
3258
1130
1068
3382
1094
3413
3267
1027
1055
1092
3233
3293
3266
1124
3354
3292
1107
1074
3327
3445
3364
3416
3422
3261
3419
3358
3322
3454
3301
1048
1072
3334
1083
3453
3372
3284
1088
3307
3417
1080
3414
1125
3430
3276
1049
3265
3308
3320
3273
3345
1077
3247
3242
3379
3394
3315
3442
1515
1502
208
1561
1586
1425
1612
1577
1462
1453
1481
1482
184
158
167
1439
185
1605
1578
1540
1456
1384
1430
157
1492
1436
202
1413
1559
1443
1501
1429
1397
231
235
1563
186
205
232
207
1381
132
1444
218
1486
1549
1415
1574
1420
1437
1428
1451
1581
178
1408
180
1457
151
1385
173
228
183
1609
1449
1535
1509
1570
152
196
1548
164
1394
1484
1525
1466
1567
1553
233
1507
1529
1592
206
1483
143
215
144
1510
134
1600
177
1522
1560
1461
230
1616
229
153
1421
122
1575
1419
1463
1601
179
1544
192
1471
135
212
1487
1391
217
1558
1438
1594
1405
1657
1762
1798
1652
309
294
275
263
339
249
1638
1809
240
338
292
1733
1803
282
260
1632
320
1782
1726
1710
1669
1711
1815
322
277
1849
1814
283
1847
1665
1639
300
306
1679
1718
1739
1660
1730
1704
1831
308
1644
1691
266
296
1694
241
1846
1791
1843
297
1630
1682
1627
1841
1812
1760
1759
1756
246
247
311
1721
1658
1675
1764
1837
1742
343
286
329
1708
1794
289
1826
1666
1681
1818
1820
1819
281
323
333
1635
1729
316
305
1653
1676
1810
1785
328
335
1732
1758
1624
1731
1688
258
1646
262
1790
242
1800
1945
1927
1879
1993
1948
431
1860
348
2066
2078
1874
1965
1935
1858
1902
1974
419
2091
1857
1955
361
432
461
2028
2025
1911
1946
1891
2031
442
360
1976
2067
2082
426
1885
457
2029
414
400
1870
2051
1867
364
403
368
1989
2054
453
352
2048
1934
1949
2093
1995
1957
362
1920
1915
1979
1930
2087
2033
1919
367
1925
2047
429
402
1937
1943
1992
395
1876
374
1917
1970
390
1985
1881
2040
1944
2019
2094
1922
396
375
1897
2084
1987
1896
2081
1996
411
2061
2036
1908
2006
2053
1975
386
2004
425
2052
408
1921
2041
1990
422
406
1878
371
401
1864
1892
2015
1982
1905
2038
1953
2211
2335
2162
477
2234
2228
2266
2302
2312
2236
2180
2336
499
2175
574
2109
2151
2307
2118
2242
2329
2277
467
2154
2324
2132
2207
556
2229
472
2096
2308
560
470
2218
2128
488
547
2286
534
2185
2246
2114
2247
582
2224
2210
486
513
2133
2149
2172
2319
2187
2232
519
2337
2117
525
2145
485
2120
497
2131
524
2179
2250
2103
2260
2285
492
466
537
2321
2171
510
473
2150
2104
494
2267
2251
558
2237
2268
2174
2127
2278
2320
571
2256
2290
2176
514
545
464
551
504
2221
2163
2304
2311
471
2293
484
565
550
563
2333
2105
2121
543
2215
2272
2156
2275
2309
2195
2125
620
2416
2368
2565
674
2468
2561
2537
2364
2470
678
2434
2342
589
2498
2404
667
2408
632
606
618
2554
698
2521
2398
648
2540
2563
642
670
2445
2534
631
2361
695
2494
658
673
2451
598
2579
2532
2425
697
590
610
2486
668
2516
652
2436
2424
2551
2441
2511
616
2446
2489
585
688
2346
650
2457
2357
2544
2546
2517
2358
646
2483
614
2400
2531
2389
596
2365
654
2548
2568
619
634
687
2553
2456
2492
2484
2466
592
661
2509
689
2505
2475
2576
656
586
615
2380
2426
2422
2471
2402
2545
2382
2560
2453
2384
2575
601
2403
2550
2533
2513
2474
2373
2549
2452
2427
2726
2710
2655
773
2684
762
2614
720
784
2649
2748
2705
2762
2660
2793
2750
2801
2702
2767
2645
755
2813
2733
2752
2809
2821
2785
752
2689
2681
2690
803
759
805
2819
2698
747
2658
2624
791
2723
2635
2671
2609
2594
2581
750
778
768
2696
2779
702
776
815
2782
779
2755
2669
2586
2720
765
2699
2806
2680
769
2729
722
2816
813
802
2667
716
2663
2768
2749
792
738
2604
787
812
2682
799
754
2735
2811
707
718
705
2685
796
770
2709
2717
2781
745
764
2740
2716
781
2724
2652
731
766
2760
2665
2807
741
732
2800
2776
814
2674
2803
2769
724
744
2734
2759
2795
2872
3017
2894
2864
2826
863
917
2850
2885
865
2905
899
2954
2958
3009
875
891
833
2928
904
2966
900
2914
2856
845
2824
828
916
2961
3018
3003
2895
2934
2880
2933
872
2883
2963
3002
820
826
2830
2852
2975
2949
2965
2904
2837
2995
2884
912
2976
2897
2844
2915
2827
2903
2862
911
2935
827
2900
847
2857
879
2846
2980
2920
2848
2996
2921
2876
877
914
2918
2956
2990
2854
823
2865
3015
2968
3014
2994
2924
830
2923
836
886
2847
2944
822
909
2951
876
2927
2932
2913
2879
910
3213
3153
987
3038
977
3044
924
1011
3192
3210
3112
3072
3135
3163
3131
3075
3047
3202
3096
1004
3194
1014
3060
3059
964
3208
949
3043
3204
3074
3167
3190
3098
3203
3102
3056
1006
948
3172
983
3037
3168
1003
974
3129
3151
3094
3209
3077
941
3026
3197
931
968
3150
978
927
955
937
981
1017
1015
3034
3156
3114
989
976
3070
942
3110
3196
3064
946
938
3103
3093
3042
3039
3051
1010
3025
1012
3212
3200
3130
925
967
934
3191
3082
3120
3031
991
939
956
997
932
928
