102
1346
1217
24
1152
1177
1169
112
1350
1171
1289
15
1272
56
1198
1330
61
31
1222
1248
37
1306
1212
1239
1229
1324
1298
1216
40
16
73
107
1312
1155
1203
1148
66
1266
115
105
27
1245
84
1219
101
1277
1280
74
55
1146
1345
1262
82
1343
1207
1361
1206
1284
83
1252
1309
1349
53
1362
1235
10
1144
1337
1238
1141
1338
23
1240
1331
1145
1347
1308
1173
59
50
38
1378
1209
1377
80
114
5
75
14
47
46
1256
1249
79
30
1204
1263
1181
1332
1164
25
1215
67
1221
1228
1302
65
1326
1195
1314
70
1184
103
1213
1368
98
68
1160
77
1208
3402
1104
3324
3310
3219
3240
1115
1127
3334
3301
3328
3447
3445
1054
3314
3357
1059
3386
3218
3411
1064
3261
3300
3451
1099
3365
3360
3406
1083
3293
3309
3390
1137
1093
1094
3449
3346
1098
1024
3307
1109
3220
1020
3248
1057
3322
3444
3308
3267
3274
1116
3432
3452
1066
3271
1052
3329
3290
3259
1121
3253
3264
3332
3426
3351
3378
1130
1023
1087
3400
3282
3292
1103
1049
1028
3221
3337
3424
3330
1076
3412
3364
1032
3263
1060
3249
3425
3288
1112
1096
3313
3327
3238
1021
3320
3251
1029
3216
3391
3336
3217
1063
1125
1119
3368
1092
3239
3429
3422
3395
1120
3237
3315
3269
3279
3256
3280
3295
3416
1123
170
194
1478
1587
205
157
1556
1600
149
186
1402
156
216
211
182
1428
1469
1614
1422
193
1488
1466
1597
160
215
1471
1404
1546
1443
1540
1580
204
1456
1528
1419
1594
1440
1467
143
176
233
1421
1617
210
141
1429
223
1564
138
123
1545
1465
1396
1388
1596
1408
1604
1399
1536
1601
1520
1423
1582
1547
1555
1498
1574
1592
1505
1605
1458
1619
1523
200
1558
1608
1490
185
192
1477
1603
227
188
1615
1384
203
179
1503
1462
1455
124
1591
1553
1551
1405
1475
121
1461
1532
181
1497
1543
1496
1526
171
151
126
167
1483
1504
1606
1500
147
177
1612
1425
248
325
240
1743
1672
1658
313
330
1745
1826
1803
1809
1646
1631
1622
301
275
1726
329
1662
1725
1638
1757
1682
1670
1712
335
273
1842
1624
1654
1754
1633
1738
1742
1630
249
1797
1760
298
1835
1698
1653
1817
1625
1761
1711
320
334
1836
1648
1707
265
285
302
1785
291
1637
1673
1796
1650
1628
1685
304
1829
263
1753
1819
258
276
1805
1820
1669
321
1752
1724
1813
1693
1644
1663
297
239
309
1634
1720
1794
1831
1769
1734
256
1832
1762
1706
1657
1771
1815
1621
1717
1840
252
246
253
1692
260
269
1661
1710
1681
2047
1865
1942
1874
2087
2048
2049
1893
1997
2058
1958
412
1931
402
1922
1884
463
1980
389
2014
350
460
1991
1964
1943
1953
421
1872
1894
1973
1983
1984
2052
1921
2032
2012
1912
1986
1916
429
2072
2041
2079
1992
1877
407
425
2006
1936
454
375
1954
395
1938
382
1859
344
2051
1951
1862
2017
1987
1967
406
1949
1867
2091
2057
365
1930
355
1871
2002
456
362
440
1994
2038
2001
2046
352
347
1963
1993
1941
1928
2059
2019
2077
2066
1976
451
1925
408
423
369
2067
1945
1965
360
345
2063
414
385
409
1887
1995
2033
348
2029
2080
371
403
445
396
1878
2016
2086
1876
1939
580
563
2249
492
2258
575
2324
2230
2110
2243
2229
2283
538
2240
2197
570
2294
476
2308
2173
2265
555
567
2174
565
515
2268
550
2102
483
2287
2211
2319
2127
2266
2238
2223
2285
503
2257
2159
566
2124
532
2188
2226
2242
2160
2299
2179
2286
545
2256
576
2272
2145
2192
2288
2164
2313
465
2151
2263
2328
2309
499
573
496
562
2215
2291
486
506
2118
505
2222
2119
579
2107
2227
2204
2327
557
569
512
2158
554
2207
2096
2314
481
514
2121
2193
2176
2129
2237
568
2199
2168
2271
2333
2302
520
574
572
537
2191
2221
2113
561
2321
551
2245
2201
2293
2143
493
2315
592
2344
2534
2532
2352
675
2451
2432
2374
2506
2435
2375
2367
2573
662
2434
654
2514
2411
2543
2574
2477
2521
2545
2504
2470
2369
678
2486
2547
640
2347
2379
2560
2412
2414
688
661
2548
2503
653
607
2423
2471
657
630
2475
585
2366
591
2468
2356
642
628
696
651
694
655
636
633
2454
2361
2522
2410
2392
615
2517
2568
2339
2520
2448
2403
2535
2491
672
2404
587
2456
2415
2444
2472
612
2450
2443
2552
2533
2497
2466
2433
2493
2569
2492
699
2445
2516
2353
674
2500
2576
682
2484
697
2401
623
2530
2438
2406
2341
601
2551
2365
2510
2539
2525
2465
2567
600
2386
2620
2739
2718
2796
798
2730
2585
801
738
2627
2650
2711
2609
748
2779
810
2679
2794
2751
2581
776
2596
788
718
791
2700
777
763
2641
2725
708
2664
808
2763
2740
816
2822
2698
731
2701
2583
743
721
799
2780
707
786
2628
2775
2602
2726
701
2814
2584
758
2737
2818
2603
2629
771
2689
2606
756
768
789
809
2795
2817
2731
729
2687
2810
2649
2707
2750
704
722
2713
794
2672
2747
2636
2691
2765
2675
761
2727
2624
2781
2761
790
2619
2697
2625
2793
2682
734
787
2638
773
814
2667
2600
2772
2659
2771
724
2752
815
811
737
2608
2646
2809
802
2670
2595
740
2715
2984
2845
2913
3008
2908
880
2912
888
3009
840
2881
2890
2894
850
2929
3010
2974
837
2955
2835
881
859
2994
3012
887
3018
857
2941
891
2920
821
3000
917
2940
910
914
2849
828
2916
2873
866
2949
839
2906
2950
830
2976
2947
893
841
2883
2930
2880
872
853
2840
886
848
2846
2971
2862
2939
2991
2839
874
2990
2981
2870
2975
2945
2934
849
2924
2847
2885
2988
2830
870
2970
904
2959
907
2874
2882
868
873
2864
901
2857
2919
2948
2887
2937
895
2851
860
3007
846
906
869
937
3156
3136
3148
927
3081
3130
997
3059
989
3031
921
3057
1014
931
3174
3149
3155
3158
3126
3143
972
3090
952
3212
3181
3141
3073
3098
3109
924
3048
958
953
3167
3024
3087
3065
3151
3177
3160
3078
3207
3153
3176
3079
3107
3094
3142
3120
936
962
3144
3044
973
944
3115
979
3055
3051
922
3190
3194
949
3164
3070
3185
3184
983
926
3061
3071
3063
3163
3069
3193
961
1008
3188
3133
3147
3152
3201
933
3101
3146
3041
928
3062
951
3038
976
3125
3085
1012
999
3037
3046
