1194
1142
1316
1298
84
115
105
88
1180
1238
1312
1219
1278
1228
77
19
1327
29
76
1329
1345
61
1175
1218
1176
31
46
1160
100
25
37
1236
1290
48
1143
1144
1370
1364
118
1283
1295
1270
0
1293
104
1284
108
44
15
82
64
1149
1321
72
1153
79
1164
1368
1302
1353
51
14
70
1254
114
90
1371
1275
3
1139
1294
1360
65
32
1237
40
59
47
1267
1342
1150
1145
1171
1340
54
1326
1296
1359
1310
1253
23
1378
97
1154
1373
1358
1187
1183
57
1317
1173
6
1229
1246
1202
1269
1309
1313
116
111
1231
1291
13
80
1367
22
1303
1172
1369
1165
1079
3225
3314
3448
3343
3292
3220
3252
3321
3299
3381
1063
1051
1095
1054
3308
3217
3417
3269
1112
3437
1131
3402
3400
1085
1058
3371
3280
1023
3407
3362
1121
3304
1111
3236
3401
3316
3359
3374
3247
3307
3424
1117
3288
3221
3262
1020
3397
3360
3216
1116
3276
3456
1114
1103
1037
3223
3271
3439
3239
3438
3311
3258
1129
1088
1118
1089
3227
1069
1048
3296
3382
1026
3331
3240
3425
3356
1099
3231
1038
1086
3310
1133
1128
3349
1060
3404
3345
3380
3332
1134
3428
3219
3416
3226
1125
3403
3298
1122
1052
1027
3384
3375
1061
3452
3289
3410
3330
3265
3445
3372
1119
1025
1049
3263
1115
3315
3409
3309
1034
1499
1517
1488
176
1491
186
167
1484
1473
160
1569
1420
1388
1461
194
197
225
123
1514
170
151
1530
206
1568
1564
1549
1487
1612
1424
1445
1537
1454
181
161
1417
1557
135
1435
229
1511
1479
211
1605
1442
1477
1476
1494
1489
1397
1526
145
175
1609
188
1586
1523
1474
212
132
169
1520
138
1497
1382
1480
163
1457
168
1532
1601
1508
182
1518
1496
148
230
150
125
1600
1408
178
1485
192
1464
1467
122
139
1405
1513
1448
1561
1604
1423
1394
154
1427
1554
1444
1430
1548
1560
174
1482
120
1436
1385
1576
193
1585
1571
199
133
156
1421
143
1391
1769
321
1768
260
1736
1796
1697
1767
288
1635
1772
1840
307
293
1734
1733
1744
1841
1824
1844
1658
263
1836
1661
1679
1633
337
294
264
1848
1648
1664
1710
281
1782
1746
1822
1845
255
1657
1776
1786
1819
246
1785
1722
1666
314
1626
1649
322
317
1702
1724
1780
1805
292
1713
1770
1850
1630
1777
238
1652
1778
239
1799
1816
343
1815
1821
1654
295
1645
1663
251
1781
267
1735
1694
320
304
296
1726
1763
1741
1803
325
1717
1766
340
1742
1729
1753
253
1642
1650
1740
1791
1709
1834
1833
1765
334
1831
1723
1680
338
441
367
1858
383
1925
421
400
2011
360
1932
1935
1915
1986
1855
2044
460
411
1920
2028
2075
377
2052
443
349
1853
374
1893
1960
2014
442
444
1917
438
459
433
1947
455
2076
1942
2042
354
1889
435
457
359
1991
1912
397
2093
426
2043
1904
363
434
1971
1952
1993
1869
414
1883
2086
420
389
406
2071
371
2050
1954
2045
2056
1992
1976
413
453
1931
2047
2027
1897
2060
407
1969
2012
396
2036
462
445
355
1921
1881
351
2046
2009
2053
409
1959
2019
386
1895
2088
1981
458
454
369
2038
2062
2026
384
2092
448
456
410
1908
347
348
345
422
2030
2039
402
1948
2173
2282
2337
2159
478
2231
472
2137
2334
2211
2109
2322
527
2124
2271
556
2236
2206
2155
2276
477
2176
2135
2214
2189
2180
2321
479
557
2136
2297
553
528
2300
2133
2234
492
2141
2284
2213
2255
2285
2184
2117
547
2171
503
2319
2309
2317
2259
2312
2100
580
2174
2108
2182
522
2240
535
2306
2296
2328
2169
2192
2273
509
2294
2149
498
2288
2216
2123
2310
2203
2293
2260
2316
2242
579
545
2248
2238
2112
2102
469
568
2201
576
500
2126
2266
2335
2118
563
562
2224
476
564
2269
2228
536
2107
2274
2208
2168
2245
550
546
2327
473
2186
502
2219
2233
467
468
2106
2132
2509
2501
2465
675
694
2577
2578
649
608
2387
2388
2528
2513
2526
2434
2370
2494
2347
2515
635
2537
2570
2504
2474
2364
2533
2469
2360
2512
678
2484
2486
684
2403
615
2562
689
2376
2357
2499
682
2369
2373
700
609
2417
2435
657
2412
2418
2392
2427
2456
621
2420
2532
2391
2492
618
583
2350
2544
2485
662
2543
2516
695
2390
2382
2408
651
699
2442
2508
2389
2472
2429
2541
2425
2396
2558
646
2478
2493
643
2446
2401
2548
2340
632
2482
2393
663
693
2353
2495
2489
639
2554
2559
668
2563
2507
2339
2483
2440
2534
2411
2500
2410
2471
617
2413
2431
2416
2400
2506
2497
2729
2812
2708
2756
2719
2661
736
779
2682
802
2743
2766
782
713
2630
2690
727
2747
758
708
2587
721
807
2739
2627
2592
2782
2611
2802
2768
2594
2820
705
2785
701
2704
2648
2715
783
2760
798
2734
719
2742
2599
795
2765
794
760
2620
2773
2784
2771
2711
2584
787
2616
2595
2702
2691
773
2779
2749
2589
2724
2700
2740
2598
780
2675
2686
2753
2811
2676
2732
774
785
811
2814
2818
2798
2796
2759
2817
2660
801
2625
2671
744
2586
711
2698
732
2750
2601
796
2805
2634
725
756
2688
726
806
737
2626
788
2777
2787
2643
743
2781
2656
764
2819
710
733
2788
2713
728
2933
833
832
2861
837
2826
2859
2965
866
2839
2995
879
2830
2924
2852
2841
2903
2860
847
915
2829
2838
916
2926
835
2828
2878
861
2928
906
2957
2893
2891
2913
2961
2843
2955
2934
841
2857
902
3003
3013
2975
3009
3007
2964
3010
2842
2930
827
2858
899
2978
2880
2881
2865
888
2918
2845
2912
862
2863
2873
3021
2882
2835
865
2980
2911
3016
826
2997
3008
856
2945
2991
2856
2940
855
2906
2977
2910
2896
886
2974
871
2943
2874
895
913
2989
2936
868
2948
873
2840
2850
897
2870
3210
3055
3071
961
3209
3148
1003
3138
3137
998
3118
3110
3056
3080
3121
3054
3186
925
3085
970
3035
947
3116
994
948
997
3179
3064
3050
3037
3033
3097
921
3162
3141
3067
937
1011
956
932
3043
3115
3201
950
3061
3076
3133
929
3132
3029
972
951
3208
3213
955
3158
3183
3084
996
3096
3079
3106
3093
3074
3027
985
3165
3169
957
1007
1010
3045
973
1012
1004
3134
3188
3041
3119
1006
974
3122
1000
3059
3135
989
990
928
3166
3087
935
3197
976
992
3078
3047
3073
3032
