10
14
1294
1379
1147
1275
104
13
56
1265
1184
83
1320
1223
95
1257
94
1358
1323
1189
1334
119
1226
1215
1333
1178
1213
7
1183
1316
1352
1247
1357
1224
1207
1181
1149
1168
1324
1317
1214
1218
28
47
1216
89
1325
91
1232
1274
98
81
1150
1190
1356
63
1318
0
1315
1371
1246
1192
1344
61
109
1331
1227
90
1308
1380
53
1139
92
29
62
1353
72
8
20
115
1337
1199
1166
1253
21
1299
84
87
1174
1249
1313
102
16
1201
110
1193
32
1240
34
1210
1341
117
1222
93
1163
1319
1311
1343
24
1345
103
1309
77
23
33
108
113
112
1374
1140
3356
3382
3439
1076
1028
3333
1036
3339
3286
1032
1087
1058
3266
3442
3425
3309
3432
3321
1096
3367
1110
3417
3216
3396
1054
3233
3235
3386
3453
1098
3308
1108
3276
3448
3295
3420
3415
3451
1114
1025
1059
1105
3288
3419
3291
3251
3398
3318
1057
1130
3429
3427
3272
3317
1067
3411
1136
3214
1104
3443
3241
1137
3320
1074
3364
1075
3230
3245
1029
1027
3227
3430
3269
3345
3329
3354
3363
1048
3283
3374
3435
3237
3355
1019
3395
1134
1062
3377
1031
1121
3323
3449
3331
3360
1063
3393
1103
1034
3414
3450
3350
3271
3267
3348
3324
1095
3274
3304
3325
3335
1112
3404
3381
3361
3375
3455
3305
3300
3424
1106
1470
1429
1385
1591
159
1393
1471
1593
1598
1442
1602
1503
220
187
174
157
207
183
1400
1597
173
1407
1592
1495
1452
193
182
1479
122
133
1538
1516
1583
1477
1419
1510
1409
155
1611
1398
1455
1565
200
178
1464
1567
1615
1508
1422
1545
150
1420
1599
1517
1488
1608
1384
144
1574
195
1605
1439
199
1539
1392
172
1600
1581
1569
191
123
1433
131
1558
1549
136
176
229
1487
146
1595
161
138
1402
203
1514
1416
223
1426
1556
1395
139
1472
1552
1532
1573
1404
1412
1560
153
1486
148
1445
171
1579
1388
1536
140
1512
1535
1540
1548
165
1481
1500
218
1636
1828
306
282
275
1796
334
1639
293
325
1716
335
301
1754
1674
1731
319
1705
245
1632
1790
1688
1663
1791
314
1742
1701
1735
327
1732
1847
1692
1715
1750
1684
246
1699
276
1830
302
262
277
1727
294
292
300
1643
317
1778
338
1826
1773
272
287
1794
1798
1724
318
1838
1819
1841
1829
336
1711
1700
264
1641
1781
1736
1634
288
1779
1746
1834
1809
1695
1782
1713
1729
308
1767
1744
1683
1751
261
241
310
331
297
296
1669
1638
1734
1812
1720
1827
321
258
1802
1718
1626
1660
1817
283
1631
1679
311
1629
1868
426
2074
1915
429
1965
448
458
2035
1977
2018
427
439
369
1943
1968
423
1959
449
2092
2053
1997
1882
1994
357
1933
1929
1998
443
1993
2013
2072
1901
1932
1897
1857
2012
376
2093
392
2070
1896
2081
419
380
462
2048
1894
399
2078
382
2094
1895
418
384
1919
361
346
1890
1863
459
1966
1991
1954
2032
460
1989
389
2039
1860
435
1920
2065
455
400
1985
367
1902
1872
348
1880
1918
408
2020
1921
461
347
1906
2087
1889
1952
2007
364
387
2082
2043
1941
2030
410
1862
2050
388
2022
2044
1999
397
1884
454
1937
1947
351
2002
1888
1917
2077
2051
353
428
1875
2021
2217
548
536
2287
2200
555
2129
2175
2188
577
2191
529
2158
573
2115
574
2297
2204
2202
2298
2171
2136
546
2272
2184
466
505
2255
2153
2230
511
2233
2137
2157
2147
486
2226
464
2243
2315
2123
2292
2096
2114
2212
2232
565
538
2164
531
2322
484
2167
479
2192
578
2105
2257
2263
2196
2321
2122
543
2222
521
534
498
2274
509
2248
2133
2214
524
483
2185
2282
470
530
2168
2276
566
2177
2193
2289
560
567
2211
2198
494
564
2209
523
517
516
542
2154
2265
2307
552
2325
2152
2304
528
499
2253
512
465
2273
2135
2244
2119
2173
2236
475
2227
2313
2140
2155
2256
2499
638
2486
2571
2487
2421
2410
653
2423
2383
2514
2552
610
658
651
2349
2555
634
2437
2365
2392
2382
2351
2364
2405
673
2460
640
2344
639
2428
2528
622
2406
2500
2535
2356
661
2468
2530
2522
627
2418
667
2452
2579
2451
2404
677
2359
2531
2563
647
2474
2538
611
617
2513
2488
2477
2490
2463
636
2407
2408
2493
2458
686
2346
625
2431
643
2479
2361
2412
629
2391
609
2471
2568
687
2480
2355
2440
2572
2547
2473
697
2484
2478
2370
2422
2573
2446
665
2527
2561
669
650
2378
2363
2556
612
685
2472
2447
2424
601
2340
594
2497
2367
2413
589
2491
2459
626
2450
715
2749
2654
2809
2628
757
2813
2768
2783
2798
2807
812
2642
2790
788
2739
2673
742
2754
790
806
2656
2734
2674
2660
2753
2582
713
2728
2692
770
776
2706
2698
2716
804
2778
2667
746
2736
710
2691
2662
2792
2760
2679
740
2599
722
739
2608
750
2586
2723
2762
2773
2638
791
2737
2620
2687
2624
2678
2759
2601
2594
786
808
2632
2800
2603
734
2823
2619
2771
2766
2633
2693
2775
727
733
701
754
2598
2604
2805
2797
2804
2732
2796
737
819
2748
2806
2719
2615
756
807
818
2710
2735
2718
2701
2659
2802
745
2606
2666
779
774
2779
762
755
2626
2822
2761
2811
2639
2625
2835
905
3014
2957
2896
2871
2935
2851
3018
2885
2863
858
2850
2964
862
828
2882
2842
864
3016
2837
2879
2973
852
856
2983
908
2848
2860
2826
880
2945
2874
822
2968
2870
2919
846
3012
2884
2827
2915
2928
3002
2887
2892
873
2824
898
837
847
893
2970
2872
850
834
2921
824
2925
910
2961
2958
879
2952
2911
892
2830
2847
2951
2953
2895
2963
2934
2955
2875
909
2858
2972
874
2942
875
2838
3015
867
2832
2846
3022
2995
895
2977
2855
2960
2994
2978
2946
2840
829
2974
2962
2956
3154
971
986
988
949
3174
3184
3187
3126
3035
934
3097
3183
923
943
3042
3026
3138
3054
1015
979
999
962
3139
3190
1012
1002
3200
3171
921
3128
3051
3161
984
3112
922
3082
3119
931
996
966
3199
1007
1004
941
3186
967
3185
3113
964
3169
3153
3203
3211
944
985
3123
3188
3159
3130
3031
927
3057
987
3210
1017
3151
3213
3173
3043
3110
3124
3038
1000
3027
3143
3045
3129
3068
961
3142
3209
956
3205
3144
920
3062
3084
3100
3202
959
3025
3136
3168
991
3157
3094
3104
