98
1359
119
101
1196
60
76
1367
1332
1276
1308
75
1319
6
1183
96
1292
1189
10
1312
1164
1178
1288
1311
1268
1242
1208
1327
1303
103
1287
17
1293
1339
48
1139
1192
1341
27
2
1235
23
36
1
69
86
1195
64
1210
1162
62
95
1243
12
1181
1204
1252
8
90
1241
117
1302
61
1378
1270
1215
1366
1203
1202
1223
1147
1244
49
65
54
1301
1362
1199
1227
1174
24
15
1153
43
66
1282
1167
1346
1165
1260
84
1272
1168
118
1155
1250
37
1376
1161
1369
1347
1240
13
1317
1237
1234
1159
1154
1352
1190
1320
1151
1158
1257
92
1138
1280
1299
1166
79
1022
3269
3373
3374
3442
3295
3356
3380
3231
1037
3332
1127
1062
3313
1091
3422
1096
3335
3369
1093
1075
1056
3268
1088
1079
1036
3277
1052
1044
3346
3370
1086
3386
3225
3397
3300
3334
3360
1076
3246
3384
3339
3216
3306
1137
3353
3302
3309
1080
1078
1029
1123
3244
3311
1108
3276
1070
3307
1071
1026
1084
1064
1038
3359
3250
3410
3275
3403
1067
3257
1059
3443
3327
3437
3272
3224
3226
3260
1041
3242
3412
1031
1072
3451
1112
3424
3421
3297
3390
3361
1095
3291
3453
3284
3358
3415
1118
3398
1124
3349
1113
3448
1032
1106
3259
3251
3261
3247
3419
3252
3426
3365
3418
1135
1027
1092
1073
3387
3352
3411
1498
1444
1620
1431
1414
132
219
1429
1395
235
1604
1570
1437
1616
1438
1513
1567
1575
1521
1584
149
1462
171
1506
1541
1470
1596
1512
1443
1617
1535
1392
1612
1436
1445
1475
1583
136
1518
1460
1585
145
1587
1595
1598
172
173
1480
1552
130
1448
1551
213
135
1484
1466
1516
1544
1553
197
123
1574
1609
1467
1430
1452
1554
174
154
1442
153
1468
1447
202
157
210
1566
1602
160
212
1411
1439
1381
1610
1496
180
1422
1402
1425
1508
128
134
183
1499
1415
1408
1427
1493
1533
1615
1586
224
1592
188
1418
1451
1453
1472
1416
1568
168
155
207
121
131
1385
1847
337
1739
1691
1622
1711
1798
1815
317
1836
1674
1843
1804
1676
1679
302
1722
342
323
1684
262
1718
1799
268
269
1639
1735
339
1693
332
1637
296
1816
264
1775
1725
303
260
1784
288
1625
236
1820
1719
1701
1696
1805
1629
327
312
1749
316
1768
279
1705
1670
1687
1686
253
1769
1850
318
1753
1762
1688
311
1658
254
1773
1754
1786
241
1666
1704
343
284
1782
1730
1742
1624
310
1834
1648
1828
1724
1713
266
290
1638
1702
1659
258
1697
1689
1771
1752
1772
1759
1806
1729
1760
1750
1809
334
1741
1662
273
335
2035
454
2061
1916
363
1958
1937
369
2051
1904
422
378
1939
1854
455
2002
380
423
1978
1860
401
1952
1887
1951
2092
2056
1903
2068
1935
2040
1940
2031
450
2026
2018
456
1964
2057
1858
1894
445
1994
2032
416
1974
2014
1905
2086
1989
2088
384
2087
2012
1855
438
1961
1927
427
1979
362
1936
376
2091
1938
1900
389
357
1931
1924
2046
373
2085
2059
432
2025
1859
462
346
1985
402
1910
1896
1914
409
434
350
2076
1953
1915
1932
405
397
386
403
1856
1967
1982
1853
348
1966
1876
1913
1983
446
2045
417
425
2005
2082
2083
452
1922
1976
1857
447
2079
351
1908
387
1861
2326
532
577
2103
2282
2136
548
2250
570
2180
2112
478
549
2319
2106
2317
2205
491
536
571
2314
2309
2277
2149
565
2105
2333
484
2132
2215
2241
2199
496
489
2167
2129
2096
2301
2154
502
2238
2189
517
2152
2107
2223
2294
2278
2220
2211
481
2127
2172
2284
2114
2283
2227
2285
509
2222
546
2202
573
555
529
2165
516
476
2297
508
2332
560
464
2225
2111
580
2312
547
2323
2302
2171
2173
506
539
2186
2192
2260
2293
2183
2161
2320
528
2233
2231
522
2292
2304
554
576
527
2101
2287
2122
500
2118
550
525
2261
2209
2144
2168
2126
2155
498
518
2249
2275
543
2214
639
2486
2575
628
669
2434
2551
2455
2446
2379
2515
2474
2452
2359
2495
2380
661
2424
2490
2530
667
646
2554
617
2400
601
2555
2567
664
2436
2501
622
2409
2520
2427
2381
2568
615
2395
2447
2466
2537
591
589
640
2423
2523
598
2352
2511
2574
2355
2418
2524
2480
2385
2419
2369
2461
698
2553
2493
2433
2579
2397
2572
2526
2479
630
2442
2339
2468
2398
2532
603
608
629
2342
2406
685
668
2543
627
2392
2373
2571
688
2469
648
632
625
2411
687
2387
2349
2422
2470
634
2386
659
2519
2552
607
2377
2383
686
2510
2451
2430
2492
2462
671
672
2364
2366
2440
637
584
816
2794
814
2703
2707
2689
2796
2664
2686
2592
817
2599
2626
728
752
767
2704
2685
2612
2798
784
2698
2810
2792
2752
713
723
2760
2643
731
2605
2790
2818
2802
2658
2767
797
2775
734
2741
2821
746
2637
2654
769
2632
2678
716
2816
2807
2580
2591
710
2657
2783
2733
2585
2715
2661
776
2806
2769
2731
806
794
739
2681
795
2594
2758
748
724
800
811
2745
707
2668
736
2814
2797
726
787
2801
2778
2765
2728
760
2624
738
2684
714
2722
2784
2735
2606
729
712
2739
2614
815
2705
2683
2756
2598
2702
740
802
2631
2800
719
2663
2697
2770
2627
727
2610
2700
2607
790
871
2972
2928
887
827
856
2927
2824
2933
2983
874
2837
2891
878
828
2827
2853
2858
898
917
2904
2982
3020
2885
2915
2848
2871
2889
886
3004
2878
831
2863
2911
918
3003
2923
3023
3021
837
2948
820
873
914
2862
2959
2906
847
911
2859
2886
2991
2875
913
867
2830
2997
900
903
2952
876
2962
2930
866
2940
2924
2868
3018
845
2985
2855
2834
2945
901
832
2976
2850
868
2869
2984
2921
2896
3016
3008
839
2876
2947
3009
2922
2840
896
822
2899
2857
905
823
893
2936
870
881
930
3116
3213
3197
3042
3045
3101
3094
952
3057
3065
938
3199
978
958
3061
3134
3027
3120
996
924
999
3122
3202
983
3160
964
3041
1017
969
3164
3096
932
990
3171
3046
3083
3037
3188
3205
3059
3125
3196
968
940
3063
3151
3078
3152
3172
3177
921
965
3184
3162
3103
1007
3183
3131
3146
3114
3049
975
923
3066
3178
987
942
3050
3207
3030
959
3155
1011
3118
3159
971
986
1002
3189
3132
3055
985
3032
3093
984
3119
3077
3036
3028
1006
966
3186
3137
3143
3038
3203
951
