35
1237
1225
1208
1339
20
1150
1154
1160
1326
70
1249
1295
1186
1206
1368
62
16
1221
1173
1236
1360
1151
1344
1240
1321
1377
1169
1222
1185
1332
1328
1300
1313
1172
109
3
1192
1199
13
1359
80
1233
1287
1143
108
1156
52
1176
99
1314
64
1254
1269
1279
1148
1278
1298
1380
1189
1369
1235
1364
1366
1241
1356
54
1297
113
1191
1174
11
1227
1275
1140
1375
29
1155
86
101
1322
61
1371
1239
42
1194
1276
95
1261
1215
1302
94
1171
82
6
1310
58
1290
1253
1351
1308
65
1177
112
107
1209
1232
1139
1270
1250
1263
1277
1234
33
1217
100
28
1200
1333
118
3335
3316
3311
1108
3286
1125
1129
3414
3372
3270
3233
1062
1044
3229
3309
1070
3407
3405
3304
3384
3415
3290
1089
3355
3433
3266
3236
3273
1065
3312
3361
1132
3264
1072
3326
3295
1071
3294
1087
3443
1076
3340
1085
1128
3399
3249
3330
1135
1124
3275
3367
1046
3259
3424
3427
3409
1136
3315
3234
3293
3314
3400
3328
3390
1020
3226
1063
3446
3364
3310
1019
3420
3336
3276
3297
3332
3246
3329
3317
3263
1028
3379
3298
3230
3245
3412
3265
3349
3223
1074
3218
3358
1121
1079
3425
3323
1099
1086
1122
3251
3306
1040
3445
1025
3410
3449
3325
1058
3231
1097
3214
3320
3428
1107
1103
3324
1096
1051
3287
3406
1585
147
1451
215
235
169
180
1595
1548
1552
1526
152
160
1602
120
165
1536
196
198
138
149
1461
1575
168
129
1493
1563
1522
1479
1616
1449
1530
233
1539
163
1553
1463
1605
1423
175
1483
151
1576
1471
1470
1542
1613
227
187
1386
1527
205
1404
1569
1528
148
158
206
1431
224
1394
172
184
1454
1440
1505
1492
1591
145
1439
142
1510
1436
217
1506
171
137
1573
1393
157
1513
1557
219
216
1518
1610
1418
1487
203
1408
230
134
234
1465
1534
1484
1584
1571
189
167
1455
1475
1521
1615
1598
197
1397
1502
1524
1409
1427
190
1508
1611
1402
1413
298
1711
1777
1834
304
1813
1827
1649
1661
311
1820
1637
1644
1665
1741
343
1794
1734
1748
1771
1676
1783
1699
1737
243
1688
242
263
1628
1621
270
1745
1641
1817
1693
295
1663
333
1635
1674
1692
1800
265
1824
1738
1740
332
1825
1723
1625
267
1760
320
277
1716
289
254
1678
310
1802
1706
290
340
328
1626
1792
1801
337
1762
306
1720
301
264
1664
1724
287
1701
294
1775
1623
1712
1809
1654
1679
302
1633
1622
1729
1758
1721
1715
1668
314
1782
288
316
1784
1746
1638
1753
1835
1831
321
1672
1807
1826
334
1796
1883
459
1876
1986
2011
403
1996
1895
454
2079
1879
2050
2092
2082
1896
2076
355
2028
1906
371
402
1958
2060
1889
350
1952
367
2077
1924
1931
410
1930
1967
2036
423
2022
1951
1916
2014
441
359
1911
406
1937
2041
2020
444
1983
1861
1902
1900
1962
1891
1921
362
439
1875
2085
443
392
1933
395
1881
452
1913
1941
1989
1964
2044
1925
430
1854
426
1918
1860
1953
2034
2069
2006
361
2048
1994
1917
1977
1965
1956
1963
427
1987
1856
388
2080
1905
2000
380
438
1984
366
383
1887
1869
460
1862
389
1923
2003
1947
365
1995
1968
400
1920
1998
429
2019
1874
2061
2005
457
1870
487
552
2215
2256
2284
2304
467
2225
2105
2143
2164
2243
499
2328
2114
2201
2101
2296
475
2172
2163
2244
565
513
2176
527
2313
2138
2232
2107
504
471
2323
518
562
2300
571
2210
2310
2199
2120
2338
2255
529
2230
526
2318
464
2307
2190
2156
532
2260
2165
508
2271
2181
489
2264
2152
472
2303
2228
2274
490
2207
2133
2223
2297
2219
2245
2315
2112
535
574
557
579
2248
2290
494
2334
537
554
521
548
2110
582
2317
2187
2319
2132
2221
2116
528
2198
2308
2123
2104
488
484
2266
2249
2275
2122
2261
2142
533
2251
509
534
2178
2130
560
2217
2127
573
2337
572
2259
588
2558
2502
2409
2519
2374
2365
2493
2437
2517
2352
2444
2377
2528
611
2372
2482
668
2541
687
2466
600
679
603
2453
607
605
667
2554
655
2368
2421
2398
2514
2498
2405
2477
2345
2406
609
2512
2412
676
2486
699
2540
2484
2537
669
622
2376
2359
2430
2527
2395
2565
693
690
2511
2415
628
2385
2353
620
2425
2455
2473
2544
697
2362
608
2489
591
2525
2404
2556
2379
602
2574
674
2457
2391
2340
2413
2401
698
630
2436
2426
2373
2403
2358
2545
2387
590
2539
2461
587
659
2508
2548
2396
2523
680
657
2533
648
651
2547
2351
672
2564
2339
625
2500
2557
633
2504
2668
2687
749
2759
733
752
2622
2674
2792
2757
721
2730
761
2678
2599
738
2777
2645
2794
2693
2818
2711
742
2626
2716
2750
2720
2675
2617
2754
754
2819
2786
2760
2637
2783
2708
2775
2739
2809
2751
2633
2821
763
2682
714
2703
2761
737
767
2691
2582
2656
2734
2742
706
2715
2733
792
2719
2699
745
2822
2616
774
772
2805
2704
2763
2753
708
773
2698
2722
2787
2663
2796
746
2586
729
2795
2652
2654
2817
2713
2665
2597
2731
727
2771
2741
730
812
758
2694
2688
2692
734
2651
2667
2644
2820
2709
710
705
2706
819
2635
720
722
2701
748
2764
2767
743
719
2592
796
799
821
880
2984
2846
2940
2839
3015
2881
2929
881
2899
2948
2845
831
2923
2859
2937
829
3010
2847
2980
840
905
2860
833
2918
2897
2867
2981
2901
849
2840
2868
3019
2965
2827
2954
2956
2906
3001
868
835
2939
832
892
825
2935
911
3009
2921
2972
2828
2879
2842
910
2855
2875
2964
900
857
894
2936
887
864
2836
2909
2917
2961
874
2882
2988
2853
2894
2903
2973
873
871
2864
2895
3000
848
2970
2993
2841
2849
2844
895
830
3011
2915
2992
890
2994
2907
2952
823
2908
859
856
2884
3109
3140
3070
962
3064
3036
932
3048
940
3035
3044
951
3133
1001
3177
3144
984
3129
941
3052
3209
966
3051
3208
982
3178
3076
3101
3099
959
3130
968
3134
3074
944
1012
3123
990
991
958
937
3108
3106
3210
3030
3206
976
3097
947
3195
3159
986
3152
3172
3143
3066
3156
3173
3058
3163
3090
952
3116
930
1004
3193
3185
3047
3139
921
3179
3138
1007
3207
3145
3189
975
3147
3065
3162
3094
3031
3024
1005
969
3059
3155
3042
3141
3121
1011
3056
1000
985
3201
3067
3049
3146
