457
31
48
52
494
421
478
399
449
433
61
11
92
473
395
460
113
7
393
386
77
418
63
499
21
456
94
419
6
462
485
12
98
483
461
469
23
124
379
414
111
85
24
32
489
401
477
397
10
436
470
463
394
29
392
16
476
36
55
1
498
482
51
41
87
429
83
417
385
375
101
381
475
387
78
493
5
427
86
376
404
14
19
47
62
390
122
8
377
486
40
432
106
45
464
33
409
15
67
81
416
438
30
39
103
42
479
17
472
50
480
34
120
465
481
90
66
451
37
38
95
466
487
64
93
563
221
144
609
550
169
161
596
566
139
131
170
600
211
575
147
523
584
593
590
234
568
580
555
554
185
210
167
239
243
572
595
585
219
136
545
235
126
565
246
592
165
192
190
193
226
539
138
569
557
534
511
578
158
571
543
530
145
542
589
527
524
194
588
152
160
520
513
552
237
213
146
515
573
162
240
581
602
244
504
141
537
204
541
154
241
544
556
173
522
203
579
229
526
201
223
233
510
558
134
610
140
249
561
155
135
206
171
125
559
503
599
164
163
612
150
507
601
607
187
189
227
196
586
177
349
359
701
726
708
733
329
328
257
261
739
631
669
274
314
316
641
652
273
306
744
716
348
325
705
662
740
625
338
264
706
272
315
298
352
659
645
351
709
642
347
292
330
282
321
658
722
643
309
713
372
634
308
690
280
715
277
276
366
670
665
632
354
707
628
679
281
697
288
356
717
742
633
297
629
270
326
681
638
672
368
736
307
275
260
710
253
344
313
745
265
668
254
302
730
319
322
287
358
683
360
702
743
725
691
630
320
678
694
723
371
703
370
719
259
674
301
285
311
268
346
303
367
362
290
