427
496
479
430
498
117
405
414
407
6
52
379
436
37
491
46
439
461
104
20
389
55
477
9
499
106
468
83
111
77
449
62
60
475
21
40
75
115
17
70
446
91
488
101
489
380
409
421
388
87
486
85
492
423
45
105
391
114
123
478
433
470
458
2
429
42
13
480
490
390
453
400
97
19
392
473
22
402
395
401
54
450
440
95
44
26
108
14
418
79
467
485
456
459
377
460
102
420
43
23
93
425
385
99
487
88
404
7
386
476
466
484
36
396
116
381
78
444
497
0
415
34
16
455
68
229
598
571
153
516
617
191
585
509
195
501
535
570
613
216
620
177
248
160
141
522
561
225
534
623
504
150
611
129
591
562
137
552
511
539
226
564
514
575
152
532
563
200
576
165
545
583
186
182
517
241
170
572
166
142
168
622
232
221
192
145
134
528
162
237
138
187
546
242
568
621
176
594
244
566
618
577
238
615
147
190
204
589
127
541
600
158
189
210
512
524
537
215
607
132
125
592
203
133
207
180
130
581
554
604
209
135
140
164
175
172
542
519
502
148
224
614
544
184
194
500
235
245
136
599
733
269
253
338
640
660
626
340
642
279
718
673
625
301
664
709
724
373
272
649
682
713
364
331
680
739
631
304
254
271
715
314
312
354
728
647
711
708
320
656
662
298
299
694
687
315
255
319
677
723
321
276
261
705
353
669
251
334
337
351
286
719
294
372
343
714
693
741
369
688
345
712
362
327
671
288
328
695
634
729
667
295
691
322
630
318
292
348
250
716
323
742
692
684
730
370
360
670
311
638
721
678
361
731
266
357
297
265
349
636
628
262
674
720
748
296
727
645
641
365
252
651
735
268
668
