94
229
836
537
155
593
484
651
251
679
284
780
761
523
507
533
847
860
190
491
96
347
884
592
21
224
821
71
341
875
398
171
200
896
619
212
772
542
822
800
820
457
750
332
420
471
890
694
774
431
690
765
559
766
184
602
606
634
543
358
876
254
192
595
207
466
479
144
357
189
615
793
267
382
223
795
687
270
220
228
708
693
478
194
43
334
554
361
546
689
247
429
252
74
58
422
326
204
443
288
489
15
172
119
33
692
7
226
571
85
487
76
758
103
730
78
482
833
513
393
215
539
649
387
572
677
550
188
427
405
82
107
312
777
4
143
483
818
113
832
532
786
658
336
365
25
598
314
842
62
756
309
741
435
175
536
852
139
717
551
380
521
399
552
264
66
50
26
372
492
196
348
605
87
316
363
632
681
518
470
53
686
639
327
98
121
138
16
691
894
625
881
650
878
186
381
230
716
508
897
91
419
556
391
474
241
44
830
749
616
718
782
797
638
151
562
709
416
0
388
819
477
302
565
684
711
75
375
84
545
335
413
23
713
170
475
723
147
636
137
205
384
210
811
505
86
123
329
451
18
178
744
791
428
414
452
34
379
49
835
437
206
740
176
28
281
807
191
503
848
659
240
804
737
120
581
73
809
307
903
802
446
666
476
612
242
668
904
158
776
529
232
128
141
547
160
1
561
701
838
35
77
285
92
290
342
751
325
197
81
303
826
260
97
373
864
294
410
851
594
570
278
124
844
244
112
440
458
261
585
105
696
404
198
245
356
763
395
468
310
159
720
150
397
295
111
515
401
368
456
841
779
289
407
354
643
110
371
528
514
63
498
355
496
887
538
343
118
166
792
531
275
269
257
152
673
406
70
169
394
315
317
739
311
548
866
412
340
601
122
438
157
685
424
181
746
337
67
879
865
359
104
596
99
680
95
101
664
90
719
80
729
369
287
88
301
501
248
495
389
462
243
320
425
65
767
227
304
39
216
726
613
504
408
667
731
263
140
266
12
154
727
351
145
8
235
583
640
789
199
