575
540
884
251
71
603
459
822
836
800
653
564
533
229
872
694
765
378
457
333
537
507
847
662
651
821
332
523
2
520
279
339
890
367
491
761
171
283
549
246
784
162
420
875
485
89
444
860
385
344
471
190
466
258
358
574
209
40
734
695
443
326
349
479
577
376
184
606
144
634
361
382
489
891
254
546
299
793
899
615
247
687
194
58
567
748
259
753
288
409
220
608
559
888
179
357
656
735
270
645
297
677
487
657
393
85
322
33
513
571
387
465
649
312
530
119
712
42
704
76
225
215
15
692
31
572
188
669
614
858
539
78
7
854
901
842
786
143
392
4
126
862
483
25
796
62
635
336
286
834
450
745
83
655
264
534
521
168
233
773
3
717
448
175
480
863
714
632
648
467
53
590
366
470
372
859
350
785
348
117
715
815
338
434
292
72
650
186
639
327
185
16
877
894
121
161
98
631
164
829
678
421
861
391
724
502
57
830
241
461
782
37
469
562
616
721
584
718
265
0
846
477
302
684
64
375
129
565
819
352
439
825
771
723
137
335
364
713
23
674
597
744
672
146
86
791
205
11
384
178
329
237
10
386
807
670
463
414
281
740
206
36
452
176
428
51
34
737
848
240
120
497
276
177
885
472
903
446
849
706
256
307
790
106
612
313
390
305
547
675
298
641
529
17
141
35
838
285
268
262
77
160
600
92
325
303
306
541
566
826
751
342
330
759
697
671
851
97
410
222
594
895
570
112
402
417
440
764
105
585
149
647
430
198
696
453
356
580
560
395
843
850
720
295
630
397
760
401
111
289
456
250
725
221
528
407
643
135
110
702
660
514
498
496
538
118
102
343
166
275
531
792
152
70
269
257
300
676
169
490
703
315
394
739
370
799
866
236
79
438
157
685
122
424
181
879
337
746
67
596
104
359
732
133
633
867
101
93
90
729
374
80
369
665
880
88
501
798
13
320
296
856
898
65
304
156
227
425
39
274
131
216
613
731
667
263
277
738
883
140
266
235
499
61
351
727
688
583
853
654
