761
142
224
239
520
471
385
485
280
533
542
575
593
71
367
203
507
442
780
875
431
362
238
339
420
770
765
794
800
344
433
162
328
679
171
246
333
772
884
537
690
549
255
457
511
890
523
229
251
332
283
784
795
58
179
259
270
254
267
546
349
577
382
45
194
479
299
634
443
220
478
695
888
899
204
876
873
252
574
357
517
308
489
358
656
891
422
247
615
543
361
748
228
40
258
418
43
29
753
447
409
119
387
125
692
604
322
657
649
396
33
487
225
539
858
174
473
85
582
449
677
669
7
550
571
572
78
777
211
76
234
15
465
312
83
699
862
532
591
113
741
814
126
114
314
812
842
757
25
796
816
47
832
635
610
717
551
346
768
773
50
521
813
3
569
831
139
681
87
563
360
115
590
815
348
196
470
785
859
486
350
30
327
878
691
460
839
877
894
338
186
185
121
781
98
618
72
716
59
707
464
861
164
749
421
22
136
44
419
721
388
48
265
46
432
797
718
493
0
562
846
545
375
129
684
352
637
56
711
801
364
335
413
823
439
771
219
587
147
475
791
451
10
123
86
384
672
237
403
205
210
146
597
740
414
379
323
452
49
463
176
36
437
281
428
34
51
120
804
191
624
503
213
737
240
73
446
307
345
868
903
706
790
313
612
904
242
668
232
529
675
158
17
141
547
160
561
838
116
701
869
268
1
826
751
197
306
290
566
325
303
342
373
652
260
671
697
294
864
222
844
244
570
112
594
895
525
628
585
105
440
356
647
430
453
195
404
310
580
526
843
788
720
368
295
870
630
253
111
250
456
755
828
705
221
110
354
528
643
702
514
63
762
343
538
166
496
887
118
792
787
165
269
673
676
152
70
257
169
739
315
249
490
311
412
548
892
122
236
157
438
685
601
337
134
181
67
746
424
99
282
104
732
865
633
95
93
867
80
54
90
729
682
301
287
665
501
722
661
856
296
243
389
39
767
304
156
425
65
726
613
504
183
617
277
263
667
12
883
154
266
145
727
61
351
235
640
583
153
654
