884
775
362
471
332
459
344
415
800
431
162
284
20
520
836
2
662
239
679
512
651
9
690
24
847
485
71
619
398
575
822
488
224
200
511
896
872
89
784
423
367
890
810
761
694
333
564
400
860
279
328
653
824
645
577
766
795
595
361
687
873
443
656
693
334
184
748
259
382
267
299
52
29
574
358
252
204
247
74
207
189
543
447
479
735
546
187
602
270
579
326
793
45
615
899
179
466
254
754
422
559
669
125
215
833
657
539
614
396
76
858
649
85
172
550
119
33
132
730
572
629
712
331
777
582
107
393
387
604
449
571
188
7
692
336
834
309
658
598
893
231
796
445
435
741
644
25
568
812
756
494
874
454
818
551
521
175
399
480
536
66
778
534
524
168
569
773
681
605
470
182
196
30
785
115
518
492
683
360
686
815
563
894
733
618
639
72
327
292
878
716
230
434
631
186
691
138
436
419
556
59
57
508
464
91
136
22
724
861
493
48
151
265
46
797
616
388
889
721
709
886
846
607
711
56
201
302
637
801
84
335
219
674
587
475
413
723
23
771
900
11
403
505
597
791
817
384
178
744
205
18
672
747
28
428
807
455
740
176
463
49
379
670
323
51
835
206
659
624
885
240
177
737
276
710
586
446
73
706
307
345
472
612
904
390
305
668
790
776
806
158
547
109
141
17
116
35
262
77
1
160
869
701
826
290
303
541
306
68
92
325
197
671
291
759
864
697
373
330
222
895
278
844
570
855
417
440
69
149
837
764
647
245
453
763
195
198
159
843
310
560
743
555
111
870
630
295
760
515
725
755
411
250
221
643
705
528
110
354
273
514
63
355
887
102
343
166
538
118
736
792
14
169
676
406
673
269
257
70
394
317
311
249
315
510
892
412
122
601
79
340
157
236
208
67
181
746
134
879
359
596
732
104
99
101
680
93
867
90
374
558
729
369
88
287
880
623
522
661
389
898
243
320
65
425
304
227
156
39
726
131
504
183
731
263
277
408
266
883
12
140
235
145
727
8
61
642
640
789
199
