662
840
752
872
96
385
653
239
847
860
836
765
200
622
507
484
24
619
679
431
212
332
533
575
333
155
280
810
190
423
690
772
398
549
775
344
457
251
822
459
229
367
820
603
214
339
537
283
523
341
527
519
29
258
429
204
689
753
693
793
735
579
873
326
481
361
334
288
52
194
824
608
270
422
179
478
876
184
418
187
634
708
754
299
127
517
349
228
595
656
479
43
144
209
576
466
45
189
447
899
687
312
211
15
331
858
700
405
712
582
78
604
107
234
669
132
539
513
530
7
393
649
572
854
614
31
322
174
730
677
777
215
758
833
365
445
818
769
814
741
83
655
862
47
321
635
483
494
658
392
796
532
286
324
346
827
380
534
264
553
139
66
717
863
551
175
620
605
648
590
518
626
182
350
715
30
578
681
53
366
683
348
436
877
338
185
72
716
121
186
881
894
381
691
781
650
138
618
464
22
241
59
829
44
419
391
136
421
474
493
469
461
0
388
889
265
782
638
718
148
217
129
711
352
819
607
56
302
545
846
674
636
335
219
825
147
771
823
627
319
384
210
205
403
791
86
178
817
597
811
18
672
146
463
428
386
455
206
176
34
281
807
414
28
452
379
36
497
848
624
804
19
737
213
163
849
586
256
903
307
345
472
390
904
242
106
666
621
675
298
109
128
547
641
232
116
701
268
35
838
869
160
561
541
566
68
306
92
751
81
826
303
697
759
373
671
652
330
97
895
844
244
855
124
402
594
628
458
837
261
585
763
404
430
195
356
198
395
159
588
441
150
788
253
397
401
111
295
368
289
725
755
411
110
528
135
221
371
643
702
660
27
63
41
496
166
538
60
887
14
609
736
676
70
300
406
152
673
257
315
703
394
311
317
412
892
370
122
157
685
601
438
340
879
337
181
424
134
67
133
732
99
104
865
633
664
293
101
558
80
54
719
369
287
301
682
599
248
495
243
389
898
296
65
156
39
767
227
304
726
131
613
504
408
180
731
617
12
154
266
883
145
61
235
499
351
688
353
789
199
