251
32
622
821
520
847
214
431
433
89
94
471
765
347
142
162
485
519
415
549
284
774
512
511
679
593
378
592
96
890
564
662
540
280
770
332
203
653
229
780
775
750
575
840
457
690
884
385
344
772
459
200
753
218
52
409
517
891
576
127
418
695
308
258
489
766
656
144
334
349
299
297
608
554
876
574
361
735
793
888
179
606
708
252
754
422
43
478
228
40
267
259
595
447
645
254
577
74
223
873
687
33
172
132
85
614
7
629
215
15
331
312
125
42
387
449
730
649
700
513
833
712
174
677
76
226
78
473
465
211
858
103
539
234
231
535
757
741
842
324
286
47
635
4
698
435
598
644
816
814
745
658
494
893
831
573
3
857
569
852
717
813
380
175
773
768
871
648
470
87
30
53
605
350
486
360
686
785
632
518
626
467
434
327
460
631
230
186
436
98
381
894
716
881
509
691
185
839
556
830
419
508
474
44
91
502
59
749
164
48
416
46
461
718
37
432
493
616
584
782
75
684
846
801
819
129
84
375
217
477
825
663
627
137
319
170
335
771
587
413
791
747
817
123
178
237
505
811
86
403
672
329
384
34
51
28
740
379
437
452
463
36
835
414
323
386
428
276
848
804
240
191
737
120
213
849
307
581
377
868
345
706
167
506
242
612
305
668
109
641
128
806
529
17
232
1
268
838
116
35
262
869
600
566
826
81
541
92
197
751
303
68
851
759
260
294
291
410
864
855
895
222
570
112
124
278
440
261
764
458
149
195
404
245
647
430
453
310
580
159
560
150
902
760
630
401
295
111
397
411
841
456
108
110
371
221
135
528
407
27
355
660
762
102
60
118
538
343
41
736
165
609
152
673
676
257
70
300
169
249
490
394
317
311
510
412
548
340
236
157
601
438
79
337
746
208
879
424
67
104
596
133
282
732
293
664
680
867
80
719
783
558
665
682
88
369
557
495
722
898
389
243
320
65
767
227
156
425
39
726
613
504
131
277
180
667
408
266
728
883
140
351
499
61
8
235
130
583
153
882
