800
239
246
537
765
255
442
822
564
872
820
283
772
420
896
593
770
690
884
385
21
549
203
750
575
32
224
96
875
155
840
280
459
622
94
520
24
423
344
400
784
89
142
279
679
212
20
540
200
662
457
512
184
559
795
187
595
443
254
734
687
429
615
574
479
608
418
358
258
602
481
334
127
634
891
695
209
299
207
173
793
270
876
267
259
349
766
179
204
748
567
478
753
45
693
326
579
220
247
466
543
42
312
383
854
331
582
692
858
107
132
530
758
427
539
614
550
174
215
172
387
777
78
76
405
572
322
704
85
649
393
465
103
677
698
757
814
635
658
591
309
834
25
454
324
314
435
392
535
286
47
450
4
842
50
534
551
620
175
871
610
611
778
66
768
38
569
196
686
648
348
316
372
467
578
182
590
87
470
626
117
350
292
877
781
878
434
16
716
121
839
881
436
894
185
98
625
509
136
91
707
22
421
861
830
474
44
164
749
721
416
432
562
584
148
388
638
461
46
48
129
607
64
217
711
84
75
352
846
302
319
636
674
900
663
137
23
823
219
335
178
18
10
403
791
672
451
817
384
329
505
237
146
463
51
206
49
379
807
835
386
670
455
28
437
740
36
737
177
497
276
624
848
710
213
581
345
802
446
73
472
426
476
790
106
313
612
305
776
547
109
141
298
17
806
35
838
701
116
262
1
561
268
197
303
342
826
306
68
81
751
541
291
652
759
697
294
671
851
222
594
417
570
278
895
402
458
525
585
628
261
245
430
356
198
404
763
441
526
468
843
720
788
515
630
368
111
760
253
755
108
828
289
135
407
643
528
110
705
355
273
498
702
887
538
343
166
41
102
275
736
531
257
269
169
676
406
673
152
394
311
249
317
703
799
370
412
685
122
157
438
340
236
134
424
879
337
67
181
282
596
359
104
99
680
101
664
633
729
374
80
783
880
682
665
369
557
661
495
856
296
389
320
65
156
767
39
304
227
131
726
274
613
731
667
408
617
154
883
12
140
8
351
61
235
145
640
130
882
853
