190
171
229
20
810
821
400
820
280
339
840
527
341
750
251
246
694
283
284
279
200
2
21
431
564
32
619
155
415
239
622
775
761
662
519
884
9
212
507
511
512
71
780
488
836
896
142
162
523
471
593
872
252
418
218
173
299
606
608
595
29
546
267
270
52
187
735
358
574
326
824
247
228
577
58
184
357
207
693
576
734
43
543
45
258
189
615
554
254
422
443
634
144
489
602
517
481
209
223
888
447
539
833
704
234
482
42
858
331
572
712
31
132
758
78
427
85
107
82
465
405
604
5
449
15
513
125
777
396
700
103
692
387
629
365
83
745
803
126
816
757
842
532
25
598
874
113
862
834
591
483
450
494
309
827
768
553
714
871
66
50
448
611
534
521
38
852
681
53
815
632
182
590
715
30
859
360
366
626
117
363
486
839
878
894
381
121
716
631
881
460
691
436
327
639
72
877
618
502
136
91
22
830
464
59
421
861
897
241
721
432
493
718
638
709
584
265
616
37
46
56
565
84
75
711
819
352
64
201
217
636
319
219
587
627
823
364
713
674
170
210
18
384
672
505
11
123
451
403
811
747
817
205
28
807
281
414
36
452
49
386
51
34
379
323
437
455
848
804
624
497
163
120
240
845
345
446
581
472
868
706
307
167
390
506
106
612
668
529
547
641
298
675
158
141
116
701
268
285
160
838
262
600
81
92
541
751
290
68
342
325
566
410
671
294
759
864
697
652
844
222
570
855
244
124
278
837
628
458
440
261
453
430
647
356
245
763
441
588
843
310
788
646
630
368
397
515
870
253
755
725
456
250
135
354
371
528
221
705
27
660
702
63
118
343
496
41
60
887
736
609
792
257
269
406
676
169
70
673
311
249
490
315
739
866
510
799
157
122
79
601
685
340
879
337
67
134
746
424
99
359
596
732
104
95
867
680
101
90
80
783
719
287
665
500
301
501
13
798
296
389
243
320
304
39
65
156
227
767
726
216
613
131
667
263
408
617
154
266
140
728
8
351
61
727
145
130
688
654
882
