872
840
71
32
775
690
367
512
239
162
896
251
780
442
822
662
385
193
484
96
810
537
750
94
653
333
540
203
836
24
794
770
457
774
772
761
488
284
507
171
318
415
155
527
491
328
423
200
279
339
341
619
734
481
708
326
695
361
891
559
876
267
546
899
645
602
45
349
447
189
252
184
58
376
173
422
443
753
29
357
308
595
479
795
52
429
824
606
608
179
567
192
543
220
299
517
228
466
288
358
793
7
550
174
76
188
571
449
513
33
387
669
125
482
331
103
132
427
530
854
312
211
582
15
225
322
31
712
604
487
42
82
215
85
796
286
598
336
47
757
483
494
365
568
143
591
812
435
532
450
309
818
658
324
768
175
264
346
480
399
871
3
168
534
827
524
611
316
563
715
467
859
815
366
605
590
492
626
348
486
686
648
186
98
202
878
625
509
881
639
733
72
381
460
691
121
894
338
57
508
164
419
556
830
707
724
678
91
241
584
889
461
797
416
718
0
151
388
782
100
64
886
819
565
75
302
375
201
544
711
364
413
475
170
723
674
825
663
627
823
672
505
146
18
403
86
205
747
237
123
329
11
817
455
414
51
835
379
386
281
452
437
36
176
34
807
463
276
624
737
240
804
213
848
177
868
446
73
849
307
809
472
390
313
242
612
668
621
641
141
675
589
232
529
158
1
116
77
838
701
561
285
262
751
541
68
81
197
826
303
92
342
330
373
851
410
697
260
294
895
417
844
278
594
244
570
628
585
261
458
149
430
696
647
245
356
195
159
468
560
580
6
788
870
397
368
253
630
111
411
456
108
289
371
110
643
221
705
354
63
762
702
27
118
343
887
60
538
41
14
787
609
257
269
169
152
673
676
406
739
249
394
703
315
866
272
412
236
79
438
601
122
340
134
181
337
879
67
424
732
359
596
99
282
680
95
93
664
783
54
80
90
665
301
88
880
599
522
495
243
296
898
389
304
65
156
767
425
39
504
131
183
216
408
617
277
263
883
266
728
154
499
727
145
8
351
583
688
654
853
