810
385
523
283
193
400
651
564
162
519
484
890
190
96
507
794
318
279
820
488
398
860
520
653
24
362
224
772
239
459
896
442
21
332
511
549
527
537
836
875
694
784
485
171
344
94
662
203
774
339
378
512
754
606
766
753
595
45
29
876
554
228
308
270
223
409
382
358
144
602
179
247
479
74
267
567
218
689
299
252
173
634
576
187
334
192
326
888
824
735
194
873
656
376
184
891
254
207
615
297
209
31
174
449
107
677
82
383
833
712
582
387
657
571
513
700
78
331
215
614
211
482
42
669
854
119
604
405
777
125
858
188
550
730
699
336
655
392
842
786
741
321
874
698
814
635
314
435
113
143
893
47
816
231
168
50
852
66
831
569
536
448
480
264
175
778
3
363
859
492
626
681
470
785
563
53
316
30
115
117
196
686
733
460
639
781
185
691
894
138
618
121
631
16
98
338
509
161
724
556
22
678
861
44
502
464
421
707
474
148
782
709
469
797
889
584
37
562
48
0
684
217
565
819
352
886
846
711
64
544
636
439
364
23
587
823
319
137
335
713
205
11
237
791
18
817
451
403
505
744
123
86
178
176
28
49
414
36
428
34
379
51
455
206
807
670
386
19
848
659
191
624
497
177
163
706
446
903
377
809
256
581
305
904
106
506
167
390
547
128
232
109
17
776
806
869
561
600
35
701
77
268
262
342
325
303
197
826
751
541
68
92
759
697
294
864
291
851
671
855
594
895
570
844
222
278
458
628
525
585
69
763
696
430
453
245
198
395
159
843
560
805
743
397
295
870
401
515
368
108
841
725
828
135
221
371
643
354
705
514
702
762
498
102
166
118
60
887
41
531
275
787
70
676
406
169
152
300
673
490
315
703
317
394
866
510
799
122
157
685
236
438
79
67
879
134
208
424
181
104
865
282
732
99
867
95
680
664
729
54
719
558
665
287
880
301
623
661
522
320
462
898
243
65
156
767
39
227
304
726
504
613
274
408
180
731
277
728
266
883
738
61
727
351
145
499
583
688
153
199
