542
9
420
32
431
318
471
20
485
651
750
423
533
339
765
679
622
239
341
875
162
2
872
847
400
362
344
347
820
214
540
442
523
484
840
444
549
229
690
653
433
459
884
794
457
94
155
279
24
619
896
378
753
645
546
194
873
543
204
254
187
127
357
735
579
576
418
358
687
259
695
489
52
689
58
479
308
55
793
608
258
517
754
481
74
766
595
409
577
443
45
429
382
693
288
297
173
478
447
184
334
858
125
132
396
465
331
692
322
712
215
449
119
473
82
427
383
777
188
657
572
530
704
649
78
174
487
393
833
614
31
225
582
513
324
741
483
336
535
598
655
814
893
286
47
231
757
568
756
786
796
874
445
143
553
852
773
573
346
524
778
380
175
448
611
521
813
366
486
590
115
363
815
563
53
715
467
350
30
470
686
348
292
72
185
877
509
733
138
839
625
161
631
381
716
618
650
691
556
464
22
136
678
508
57
59
44
241
419
388
148
493
782
638
265
100
889
461
616
721
711
607
201
846
886
801
637
56
545
75
900
335
587
825
413
663
823
364
219
439
18
747
210
123
178
86
597
451
146
505
817
403
811
740
323
176
386
670
28
49
379
455
206
452
51
437
463
737
240
659
19
804
845
276
191
809
73
426
706
581
446
802
621
612
313
476
106
790
232
675
641
776
128
547
298
262
35
869
600
1
268
160
77
325
306
81
566
303
541
92
342
68
97
330
373
671
410
294
759
855
417
402
895
124
570
594
149
261
585
837
458
245
195
356
404
763
198
526
843
159
395
743
720
630
368
111
401
253
397
828
411
841
456
354
135
110
407
221
705
498
273
27
355
343
496
60
102
41
538
792
516
14
406
70
673
676
169
257
152
394
490
703
317
739
799
370
412
340
79
601
157
122
236
424
67
337
879
746
181
133
359
865
596
99
293
664
101
867
719
54
374
558
500
88
880
287
742
798
13
389
856
243
898
304
65
425
156
767
39
274
131
183
726
731
667
617
408
154
728
738
140
351
145
727
61
499
130
640
153
853
