378
679
540
420
542
255
459
251
21
398
653
280
229
488
362
339
239
224
810
71
431
512
318
765
622
385
690
190
575
484
772
444
794
328
203
341
564
523
283
20
347
193
89
603
400
279
415
333
750
549
94
822
554
443
204
689
429
479
254
734
184
517
615
258
55
489
687
187
288
358
259
376
543
357
228
270
297
478
574
873
748
349
192
481
58
179
189
602
308
754
579
418
567
634
608
52
45
144
693
695
43
226
7
657
777
322
649
833
704
383
188
758
692
604
712
393
331
513
42
449
215
396
107
473
614
33
465
427
234
125
539
132
582
82
901
756
83
812
286
644
635
698
874
769
862
814
699
143
4
321
231
483
450
435
813
573
38
611
714
773
480
66
852
346
831
768
139
518
681
26
486
626
366
470
316
30
350
785
563
859
683
467
185
202
72
881
716
618
434
625
98
733
639
327
16
121
877
436
897
57
421
829
830
91
724
164
508
678
241
46
889
461
493
782
469
709
0
616
148
48
56
201
711
64
565
217
544
129
819
684
771
674
713
663
319
335
413
170
147
137
11
672
10
505
744
18
451
329
123
747
205
178
817
323
34
28
386
414
835
437
463
428
176
807
740
206
49
191
19
737
213
845
503
120
804
581
586
903
377
472
256
345
666
668
106
904
506
476
232
17
641
547
141
158
298
285
600
35
77
838
268
116
160
306
751
68
197
826
541
290
342
303
759
697
97
330
864
291
652
895
855
278
124
112
222
844
105
585
261
764
69
647
453
404
763
198
696
843
441
588
395
646
743
870
401
515
368
397
111
250
725
828
108
110
705
135
371
528
221
702
63
27
660
887
496
166
343
41
102
736
792
516
152
257
70
300
673
169
406
739
311
490
315
703
510
412
548
438
601
340
79
157
685
337
424
134
746
67
208
359
596
732
104
282
867
680
101
633
719
729
90
80
301
665
500
287
557
661
522
243
462
898
389
227
425
65
767
304
39
131
504
216
726
277
617
731
263
728
883
140
738
499
351
145
235
8
640
642
853
882
