341
229
214
822
362
190
860
511
255
770
89
367
318
203
821
94
420
774
761
96
444
491
162
542
9
193
347
246
836
564
239
800
471
200
533
775
794
780
549
679
575
820
378
283
840
750
484
512
662
752
224
142
228
481
429
220
579
179
576
297
258
74
173
334
489
567
466
326
288
194
187
824
693
602
656
144
447
479
689
888
43
645
267
252
574
793
517
207
891
543
40
55
734
443
708
189
376
876
184
559
634
132
692
225
649
604
427
331
103
482
700
31
614
393
107
582
174
669
172
125
657
85
833
571
5
78
858
211
473
487
7
513
82
629
812
874
535
598
483
635
392
532
454
83
814
25
231
757
769
314
336
803
658
901
536
524
573
863
768
553
66
620
175
778
521
569
380
815
467
87
683
117
681
30
590
366
115
350
715
785
486
470
881
138
509
186
161
292
691
185
327
72
639
381
121
625
460
878
830
419
724
861
897
164
749
829
421
241
678
265
638
148
562
709
584
432
388
0
718
782
217
637
477
886
75
607
129
545
64
544
23
475
636
319
713
823
771
170
825
413
791
86
672
11
384
329
210
178
18
403
451
10
747
323
428
386
379
455
176
414
51
452
28
36
281
463
835
240
885
497
120
848
624
163
213
426
307
903
377
345
581
706
506
313
242
790
390
106
589
232
675
17
529
109
547
77
160
116
285
838
1
561
268
290
306
325
342
81
541
826
566
68
291
671
260
652
330
410
697
112
570
594
222
124
244
855
628
440
69
261
837
356
647
195
763
245
430
588
159
526
395
788
150
253
397
630
515
368
870
289
250
841
456
135
354
407
528
221
643
660
514
702
63
60
102
118
496
538
887
14
531
792
300
676
269
673
169
70
152
249
317
311
394
739
548
370
510
685
438
79
236
340
122
879
746
67
337
181
134
596
104
133
732
359
95
664
680
633
54
719
80
374
500
301
880
665
599
495
798
389
898
243
320
227
425
65
767
156
304
131
216
274
504
617
408
263
180
140
12
728
154
61
351
727
8
235
353
642
882
654
