810
523
283
423
875
347
20
896
239
431
593
690
651
821
385
679
491
212
592
820
471
94
400
71
246
362
367
339
224
457
333
89
800
533
822
484
433
884
332
459
341
549
575
511
200
794
442
619
444
860
190
420
873
127
888
577
55
634
247
192
479
184
602
754
58
615
695
443
418
595
554
187
299
173
194
824
361
179
376
228
40
574
254
207
734
689
481
288
517
546
645
297
204
579
189
559
218
29
74
748
429
76
312
465
125
42
572
858
614
393
15
132
103
777
700
530
582
331
550
234
5
712
427
405
758
225
107
387
482
677
33
7
226
513
834
591
231
450
114
25
699
818
658
814
454
62
324
745
321
832
698
812
635
365
480
346
620
380
553
50
551
610
831
3
569
524
573
196
683
348
715
467
316
53
681
632
30
115
859
563
686
182
185
894
733
625
381
230
781
434
72
878
16
138
98
650
202
338
59
678
421
474
419
391
830
241
508
897
22
100
721
0
432
782
416
616
388
37
265
562
684
545
711
352
84
565
375
56
477
886
23
137
319
627
713
663
170
823
219
335
329
123
747
205
18
210
10
403
672
178
597
146
811
414
740
428
463
176
386
835
28
34
455
670
379
281
36
804
885
276
191
624
120
503
240
256
377
586
809
868
472
307
106
506
790
305
390
167
17
776
529
298
128
806
547
701
116
285
838
77
1
600
262
92
342
68
306
197
826
325
290
303
759
652
410
330
294
260
671
855
124
402
594
844
278
112
764
628
525
837
458
696
763
430
404
245
356
395
588
580
843
720
150
401
397
870
295
111
760
250
289
456
828
135
705
221
407
528
354
762
498
63
514
343
496
166
887
538
102
792
275
787
257
676
152
70
169
673
300
311
490
317
394
703
866
370
548
685
157
601
340
236
79
134
746
424
879
208
67
359
99
104
282
732
664
293
633
93
719
558
783
80
665
500
369
88
501
13
661
320
898
389
462
65
39
304
767
425
227
131
613
274
216
731
263
408
667
12
728
266
883
235
145
8
351
61
353
583
853
199
