690
200
2
593
224
333
780
239
575
362
459
444
423
415
872
328
884
420
457
890
770
279
347
284
794
471
512
190
203
283
485
821
679
400
840
775
537
484
491
171
344
96
523
71
229
564
772
549
860
162
784
527
793
606
308
259
576
270
45
192
179
602
209
656
58
478
52
466
173
559
899
220
254
40
687
634
187
334
184
252
443
489
693
204
543
74
574
144
247
409
645
689
207
876
357
127
29
267
218
189
481
132
119
172
700
854
405
712
188
629
331
5
858
758
692
669
449
312
215
33
76
31
7
78
82
103
614
833
211
649
125
393
704
550
450
699
644
454
893
598
591
842
834
796
365
324
756
314
655
741
4
874
336
321
534
852
611
773
620
264
551
38
3
480
827
521
139
681
316
563
626
815
686
363
632
366
26
859
87
683
467
715
631
639
716
781
161
230
292
460
338
72
733
381
877
202
138
878
164
861
22
749
678
241
829
59
830
91
44
562
616
48
638
889
265
718
100
416
148
721
84
129
607
217
375
302
819
886
801
565
319
900
335
663
636
413
219
823
587
147
329
403
205
10
123
817
672
18
451
791
811
747
597
437
49
323
455
281
386
414
176
835
34
28
428
36
452
240
19
120
845
497
191
624
710
586
73
345
256
426
472
802
904
305
242
790
668
506
141
675
776
589
298
232
109
35
561
838
1
160
285
268
600
325
541
68
566
306
342
92
751
826
260
671
864
97
291
330
851
844
222
244
417
594
278
570
69
440
764
525
837
696
404
356
245
430
198
526
441
468
580
902
6
630
368
760
401
397
515
841
289
725
411
705
528
135
354
371
221
63
498
355
273
41
343
60
538
887
496
736
275
165
257
269
673
169
406
300
70
394
703
490
315
739
548
272
799
438
157
122
601
685
79
337
208
746
67
879
181
732
282
359
596
104
101
95
867
680
729
54
783
558
500
665
88
880
623
495
722
320
296
898
856
39
304
767
65
227
425
183
131
726
216
277
180
731
667
883
12
738
154
351
235
61
727
8
583
642
789
853
