14953
9429
14187
5792
3414
6725
16298
9425
5803
3360
3477
14917
15113
6671
9343
9394
5850
15120
9301
56
40
15089
8263
9381
6775
14950
15149
15042
24
6765
15110
6785
15132
12206
5762
6670
14920
12147
9399
14900
6684
5800
12114
16276
15160
5865
12220
15104
9388
137
3370
9290
15040
12141
15061
6690
3366
12152
88
3349
3364
3471
6776
9386
14183
12180
15059
15082
3372
178
6688
6664
5877
15068
14967
12234
9326
37
3427
14166
55
5756
21
6686
58
3398
9436
3404
14
5843
168
9272
12
14928
16283
15171
14999
14987
14926
15178
5791
15135
5846
15155
9296
14927
14946
12181
15009
5893
73
16281
9276
9398
5890
9312
5885
14973
9424
150
5763
6687
132
5758
9390
3428
14952
9266
3405
15140
15109
14948
5887
9347
12167
6703
15084
105
15097
9407
12233
14180
191
5839
12212
3498
3336
3454
5794
98
9284
179
5905
3363
9269
3418
6678
14913
3409
171
155
12135
5848
5873
15162
15176
6702
5858
186
9337
5866
15099
11
14188
5741
71
5825
14165
5896
14942
5730
5816
102
15032
3382
5797
33
3391
9426
6676
15012
5721
15121
15008
12211
14995
6739
12157
6681
9300
5840
59
92
14982
5748
0
12109
16285
12235
152
3397
5819
14182
3432
15158
9364
15123
3443
6792
14915
12161
16305
22
9358
5861
15
15062
187
15064
6774
15175
6750
16310
15033
5937
3484
6764
2
5768
5749
14988
9389
5928
14968
15184
8262
9293
5881
6710
4
14977
3362
109
93
14998
148
6746
5795
5946
5789
5823
31
9404
6784
3433
6755
15095
5907
5737
15081
15080
5891
15001
165
5862
3384
5860
3470
14172
85
12190
9322
6661
87
9336
14993
9421
15002
15020
16291
15143
9304
9309
12127
9355
12123
5770
9368
156
122
6768
5924
14191
12125
15172
15005
169
6722
5922
5822
15169
15013
14181
6665
116
3439
14951
6740
3337
15173
14989
176
5821
6662
141
3453
9405
142
15024
9313
6748
5930
6761
3449
5733
3452
9299
15189
12153
15067
15017
123
184
15083
6744
14916
15021
15048
9416
5806
177
9335
5824
157
5796
5901
9338
14996
15025
15136
8259
12236
5764
15139
52
5743
12119
9297
3417
9412
15000
5940
5827
9298
14956
80
20
3429
16282
65
182
9420
5864
5872
3482
15066
15092
15115
5736
15052
9342
12183
12177
134
6720
14904
12228
3466
5886
15101
115
6693
14907
12120
3419
12196
9427
12176
5801
5798
15034
5725
50
12139
16300
15076
3401
5906
12112
6704
5933
15166
3423
15026
3340
12175
9281
9306
15106
12170
12202
161
136
9369
6669
9357
12208
3373
15028
3380
12204
9321
6679
163
16313
5879
3400
6760
9353
15047
3448
15027
3353
12131
117
5740
16295
15039
5884
5874
9352
15168
6743
5752
35
6737
9415
5783
9308
14972
16304
5878
160
14945
5777
9331
3369
14192
9288
113
15133
94
6781
9314
5774
79
15192
3342
66
9274
78
14910
9370
14167
140
16301
14949
9319
6677
3444
3356
12227
9437
5760
15148
12179
6719
3371
5761
111
3435
9330
6780
5855
14170
15004
9289
3344
12138
43
6667
16289
5820
112
12192
15078
17
9279
107
1
3410
3348
9350
15060
9409
9341
15011
15086
6700
15127
3457
15114
12145
3395
3447
6789
9265
12237
5765
3389
190
12172
15187
12218
14914
12159
5832
5925
9302
9340
15074
3441
6674
15035
45
12194
5943
9292
9414
3367
16284
6756
181
5876
3456
6707
9348
14934
5826
15151
5746
108
15128
16279
3490
3421
15031
166
162
15144
6757
9332
5931
63
15153
5769
15129
3473
46
14168
3481
15070
5767
9367
6689
3486
14177
6716
12178
12140
16287
5757
6694
96
15108
3396
14930
9360
9334
14991
5919
9391
15119
6779
3378
3346
8
3478
3472
14908
5849
15038
12198
5842
9373
5738
3341
3415
14929
14938
12165
16296
6782
3469
9387
15107
16293
3491
3485
153
12174
5938
91
5759
5903
14169
14902
14957
16299
16297
3381
12224
6724
3411
5851
5904
15016
25
14983
15150
185
5744
158
5927
9376
3351
9439
9430
13
10
14959
8266
3489
180
14978
12164
14962
32
9359
23
12134
9384
9333
5728
5883
15030
15131
15063
15182
6708
6701
72
14944
14960
41
5724
9371
135
9329
9346
12197
6727
188
9377
9280
3407
14933
9435
106
12126
12199
121
12166
51
6786
5838
9402
7381
10144
12713
4354
479
2250
2090
3949
12738
274
348
443
11260
15610
10337
11332
15613
16068
13856
16154
4532
4548
2203
8493
7488
11317
1615
16055
1716
4438
10230
414
12648
16157
4031
4566
13803
14712
13724
8474
11139
11301
14665
12919
15648
7855
3798
1612
12800
7447
12569
4411
1694
8484
1934
13757
4442
10063
11143
7361
13768
11420
15541
4513
8500
12742
12612
384
11383
4489
7264
12918
12675
7512
13937
3805
11211
3863
11296
4498
260
15719
14694
2162
11360
7461
11377
2018
13806
313
2008
2022
8635
4437
11373
11336
13698
14884
3974
14892
12708
7372
11212
7519
3780
1998
4038
1992
1963
7458
14738
450
1803
15692
222
15693
3946
3965
205
7468
362
2231
12602
10241
1754
7582
14784
7432
13689
13877
14691
297
460
1839
12868
7863
10025
12834
3930
2191
7318
4519
15724
12892
364
14756
13725
1665
11387
1849
14751
12763
326
1639
433
7475
3845
4047
3803
7480
13711
203
4533
7330
367
8518
10177
11141
7421
10103
7627
11344
12631
14826
13864
7438
1681
11328
14841
7338
1996
12683
1569
15664
4448
4420
1723
14666
1792
415
7590
3886
13678
9999
3836
2128
12779
471
15652
7453
12836
496
4056
10286
15592
15731
15711
14706
303
11249
1881
7565
16160
12785
3888
3928
4608
4596
7311
1764
7492
7559
10165
13672
221
3885
14855
2048
8608
7487
7374
7289
14763
11200
2049
12604
210
256
301
2158
14667
7439
7383
288
14831
13866
13939
4574
7312
4465
10278
8636
12896
11406
1726
8564
1926
13807
15618
252
12753
12921
1798
16153
491
13679
14735
13853
16085
4060
14715
2125
14713
10140
8460
13676
15640
7305
7534
11395
13742
7349
10188
10225
16103
8525
10221
12912
10097
3943
1746
1972
13708
12798
10098
1781
7371
397
2195
11338
8601
3844
13945
3932
14897
13706
11375
8503
7477
7252
10153
16035
8521
1767
12681
4425
327
10282
12795
10195
14853
1857
1938
1999
16042
11147
2035
10331
202
231
7871
15603
8565
1743
12767
4051
7411
11186
13822
12667
1588
360
12854
12827
7621
13859
4069
11372
11224
3812
3990
1758
14690
10129
11177
2176
2181
7316
13701
12848
4484
4367
14750
15584
12773
10096
7292
201
10237
13697
13691
12653
4409
10318
1837
13811
7272
2058
4028
13940
16064
3807
11188
7474
1684
13707
2068
2075
8488
329
11206
10009
12579
4016
1772
8491
4012
7576
14658
13662
14707
7577
8577
1928
10339
10041
381
15727
12898
12666
16046
1705
10312
8509
3794
1773
1843
11303
10118
7279
389
272
7569
13754
7546
7568
1836
15672
1858
10305
1627
14875
1628
15602
8556
10168
10099
1929
16025
1631
8494
3871
295
8560
7856
3768
10166
4079
404
14809
15627
2021
1777
15703
3962
15565
3873
14797
7852
4567
15689
4571
7367
14742
3889
12578
14686
2070
7404
13873
1641
7618
15725
340
12586
4468
13894
2175
1813
2046
10322
16100
3951
7547
1605
3839
11230
289
1983
14829
12782
1828
4515
332
4426
12824
15677
4554
1579
15628
8644
12769
14648
209
15548
1756
7541
8505
1650
4404
7607
11155
12573
14898
1633
11339
8553
11356
7327
14672
11219
2194
4066
4570
3916
2167
1922
1630
277
13948
10232
7269
11314
2150
10044
14891
8464
10212
16126
11265
275
10304
1819
8519
13835
7422
10313
2093
13947
13794
1974
15667
3921
7284
4538
1941
12684
14828
10169
13824
7384
12891
2244
14748
7460
11246
2243
1574
1721
413
461
492
10138
15636
3846
4390
3955
12871
13696
477
14635
3829
15656
7331
7563
11144
2160
3777
8548
8455
242
3792
8526
1663
2229
2210
14881
10023
11278
16164
13667
12621
12876
14774
10119
13828
369
4557
7352
8516
16166
13746
12629
10005
1698
1693
7589
7865
7248
323
341
7555
4065
14799
2053
14709
4035
4525
399
4077
14647
232
8617
7419
7526
10294
1950
1794
266
11410
2236
15547
12690
262
7370
15644
2020
7857
1876
8471
2126
11148
13664
7503
16107
1688
13908
8597
15701
1700
1951
346
3982
11381
490
15655
1625
7297
13840
4026
4006
405
12694
12840
16028
13897
15673
2230
12577
15746
11210
3766
11252
10110
1586
3940
8485
11397
2233
1747
12847
2239
16061
3977
10075
7529
4400
424
10343
8530
16130
2063
4431
13903
2023
11199
508
10277
8465
10125
13912
244
1594
15595
10080
14843
1714
2132
7861
14669
8511
1735
11131
13901
482
8619
316
14662
15747
15661
7620
14850
13786
7357
230
7245
13883
345
1967
13857
455
1947
13782
13845
4575
8515
1760
343
12821
13765
8542
3909
10085
10035
10013
420
7442
3852
361
2164
16088
7423
7485
15709
441
14810
14732
8604
15723
2076
14768
7614
10036
4422
4361
3956
380
13737
13674
428
7343
391
12748
15681
7440
3857
11209
8472
1949
11394
347
269
12678
2159
13889
4000
7622
10220
12849
7633
3838
13930
1871
1969
14792
11256
11197
3783
8539
10261
2039
14833
15594
292
10284
12765
15645
12588
13732
1604
11175
13796
15551
3981
7418
10276
11287
4008
452
4573
7408
2087
11160
12889
4044
10164
7256
1770
2178
1731
4520
2136
1845
10091
14803
11270
7532
1708
12637
2016
11403
1793
14677
2054
13793
3833
15696
8546
11214
2122
12778
12609
4490
16111
14783
489
15683
16143
15658
11152
13833
385
10308
14749
11267
1728
2074
351
1954
15659
249
8559
10333
10334
12907
8613
16165
2011
11275
11191
13920
1617
1711
293
2213
3970
518
12913
4603
14689
1719
255
8570
3872
15641
15702
505
14760
2098
436
1860
2174
11232
8578
10088
12784
8459
10049
10329
14834
10045
13893
3988
12590
4528
3826
7260
485
12660
7364
12845
10043
10327
10155
11293
8549
4004
13913
10072
16081
1997
13774
11425
11390
4517
13851
1944
7335
13914
14802
1831
16141
3788
12917
3986
7324
197
7395
2200
16073
12589
4052
12656
1877
13905
16053
463
3905
3998
7317
7566
8492
8569
11241
4346
10336
386
1645
1707
11288
1621
13755
3832
12693
15593
1783
13922
13923
12862
12793
4550
1799
12786
11398
3897
4037
15708
15542
1573
317
15700
15591
1869
4492
4477
13669
8536
12697
10083
3969
10319
1848
394
16139
12591
4063
7598
1737
2045
2094
14744
13771
3959
12774
12603
7560
3947
12777
13719
14847
12581
11220
7638
4417
1683
15684
14767
10295
3874
15633
16134
1676
493
13826
16129
398
13950
7249
10341
11201
7428
7606
10332
2060
12837
15619
2112
14857
2103
11136
14701
10047
4377
1661
1696
11382
13763
7253
13658
12584
3870
11401
7307
13832
4423
1971
1787
11302
1778
1704
13772
3937
465
2080
10292
7283
16120
16050
12665
15552
13694
10285
4360
4375
10065
10236
12910
283
10152
12857
4602
16039
11327
11170
14710
1768
11164
3944
10060
3795
16095
408
13938
10298
10189
4025
7319
10157
12852
15597
1690
16148
12701
1733
14868
9996
2106
16045
11179
11163
3818
8612
11310
2248
7478
1669
10302
15650
516
14861
1823
14673
13718
2222
13870
13904
11281
1970
13776
10321
10057
11242
12877
12823
7239
13871
4416
16140
13695
7508
10053
4540
10062
285
10074
15651
11273
10156
12735
3858
10204
11435
14711
14871
2234
10176
3868
7542
11378
3958
11203
12704
14683
4456
11282
4508
13827
12559
8524
14649
12615
468
13785
3771
4470
4405
8522
13700
1582
12639
15583
13862
1889
15737
11368
4522
9998
7441
7291
11384
12884
12869
7578
14893
4027
11371
4593
4579
4067
8614
8517
8537
15639
2081
7571
7869
7240
2078
11166
14889
4382
8581
7870
2146
7407
16044
1827
4029
2079
1807
12750
1930
1991
2066
1878
11294
265
499
8502
1921
8598
217
4347
4486
11161
3854
10253
11234
1587
335
342
1810
2138
239
4373
12709
2184
4383
3917
16047
4502
11195
1609
1572
10042
13747
13932
3821
8487
10116
10270
409
7528
14849
7326
14782
7608
1752
2208
1808
8513
3939
3810
2180
13705
12622
15614
411
4562
4454
431
1583
368
16069
4500
10109
3976
15654
7604
3878
12752
7630
2242
12756
14885
10084
13683
12575
16123
7645
15710
16159
270
2082
14688
3856
10239
2206
3894
14769
10325
14804
2009
10287
13846
7348
7556
12580
11133
7866
10027
3904
2095
2092
13800
13756
10034
1691
7238
1899
11299
4453
4594
1789
4392
10171
12624
10051
7476
1844
1674
4563
1882
15579
8490
8552
449
2017
1852
1784
13702
12887
3884
7465
13731
12914
215
12781
4542
14766
3811
12614
14758
324
7275
14670
15631
13677
7302
8489
11239
13921
15678
3892
2238
7574
3823
14759
11145
7376
8533
500
279
13926
13659
12899
15734
13881
12811
1736
3793
383
1962
4440
10123
12789
12895
4410
2201
7246
370
2173
13752
4587
337
15706
14863
10130
12764
7265
12702
10148
10219
16133
12790
1866
16059
2044
15590
7585
15624
7409
13911
4379
14734
462
8482
12619
13709
1653
4023
1701
11352
15540
14674
1933
3769
14679
4403
4452
15604
7306
15582
4600
353
8512
2028
8523
14838
12803
10310
14705
10076
7347
13734
16167
466
1782
4372
14714
1578
3882
2107
11386
10167
14746
1685
13656
15605
10055
10150
7509
14761
15538
1597
4609
1875
2246
2101
16087
12668
2232
12804
2161
15543
4387
7234
1859
11176
395
14663
8501
1776
7261
13770
374
7625
13740
7850
12661
10087
14729
472
7295
10071
7354
8576
445
12643
11207
1904
7595
10126
1811
212
7597
11322
294
1575
13823
3864
3963
1924
16115
14795
10289
12645
12851
417
11229
11283
2026
1766
1927
15736
12663
14682
10290
378
13655
13762
1952
11417
13681
7271
11379
4511
12780
8574
4428
15657
7583
4539
12856
12594
10064
13699
4351
304
13850
11254
16128
3906
3890
10303
224
7362
13739
3837
12741
1885
10254
1571
1790
12755
208
1887
2187
1804
10238
15581
1847
16112
12772
2056
1624
3893
7611
4475
8467
13797
1879
16146
2010
16076
14653
16147
14840
8585
12828
13766
12689
10094
11158
320
4015
3899
7557
1581
16127
15564
10342
13868
10068
14798
487
14737
12874
412
3983
4560
15665
3790
300
12598
12759
1673
3875
7572
14730
8632
7642
15741
8508
4364
4582
11171
4013
12599
14762
7391
15671
14822
1622
16125
15682
1932
2109
15585
11140
13909
10297
12635
11345
12820
7304
7386
3831
1589
504
4363
14655
16118
7527
1973
418
7851
403
1585
16084
2131
4605
8625
12606
10131
4512
16137
1702
12920
10031
15621
11150
7236
7518
3954
240
14851
1802
357
11154
3994
14837
7639
3817
4505
12886
14743
1919
3973
1820
10101
14862
12682
2144
12839
4482
15545
4369
4564
8543
14895
7600
402
8606
7360
3862
10172
10147
4576
10124
10115
4558
11388
3936
14745
13780
3784
8463
7636
10079
7481
13842
13778
12909
11329
10299
3848
501
12872
1812
4345
1824
7259
14652
4342
10273
2247
1732
1713
1822
11165
2188
14719
1642
4011
15587
7341
328
3809
1788
4406
4418
14848
13733
16104
7505
3813
1805
4076
15740
4394
15612
12902
11237
7417
2065
16020
14830
7443
10173
13917
4439
1748
10231
15625
10056
10218
4561
8534
3841
9993
3860
1825
7380
2192
8545
13878
4349
12605
2182
12878
10215
8605
1636
16086
4544
3865
10002
13761
12731
14695
8562
11431
446
13902
3819
483
13838
13852
12906
1948
11258
14754
16156
1759
13789
425
8510
12711
7562
458
1607
14726
14807
13867
4024
15669
11187
4435
13895
9988
16079
12831
11271
1897
10229
1610
11272
1918
2169
309
1940
510
8457
10020
2142
12832
7533
10200
3975
7247
1570
13899
4478
10122
15606
15567
1995
470
11330
3799
13654
8466
1893
3887
12842
1909
14819
12888
13942
12762
16098
338
7497
3801
12841
16062
12830
206
16078
12565
513
2027
1637
4040
2147
14656
10216
1651
3945
276
11221
7464
16138
3935
3828
480
16065
7504
4488
4458
280
4485
13720
1566
2031
7310
1903
2149
14676
7867
3879
14801
273
3950
13936
3918
8627
7262
12727
7366
8603
2139
3926
1710
1855
16108
15675
7339
12671
3774
12813
12692
12677
7520
10311
12808
2217
14637
2083
7511
14839
517
339
15679
2113
7426
7350
1989
10259
11350
11162
10132
16135
1720
1662
11196
13943
213
14854
10223
13675
13854
12730
12641
7573
11183
8572
12707
1619
10190
14646
3991
10000
207
8453
11413
12825
10046
3849
16037
13891
4487
2133
2143
15647
7274
7293
2216
14814
1960
382
229
13809
13863
8580
12791
4005
4348
13710
14788
12797
13890
1643
11218
14733
13787
1920
16024
1616
12814
3997
13703
11428
3847
10227
13777
1667
10246
11304
13887
14664
11393
2148
1779
14811
10194
15732
11309
13685
10120
14779
15713
7278
4472
1956
11348
4572
4048
14636
14724
7288
1703
334
8639
10214
325
10069
16105
7561
1727
13847
14657
4474
11380
12658
13781
464
12710
7333
11295
15616
7499
7588
8527
2171
7456
13799
10007
10182
13848
8477
211
1814
7506
12796
15668
15663
10250
373
16119
1838
16142
11182
10092
14645
12570
11337
4518
11402
11305
7424
14776
12729
8486
4497
7389
12749
14882
16066
284
8626
13727
7548
14824
429
3840
12915
11318
1611
12567
7858
4543
8587
7543
11424
14864
11168
459
1724
1677
8599
10180
498
14725
10145
1660
10315
14740
11279
12905
10114
4393
14812
7387
509
1786
7862
12776
8473
16048
226
4504
11415
11167
12717
8621
14721
7323
16067
15586
14642
16155
13935
14775
15622
10206
14708
253
14887
1730
2019
7626
10037
1964
1942
11268
14844
16023
13860
7296
11231
15630
10275
358
4050
4010
10317
3972
3789
1592
16114
15638
12688
10262
10184
4413
2037
16072
1761
10209
11324
16063
11227
4584
11217
4531
12687
12596
7437
16162
3050
9762
3293
776
9831
3213
8137
6846
15291
15336
3228
6793
3106
749
6827
9856
3229
11855
9807
11789
668
14209
14252
6796
11796
9746
602
693
11874
758
16334
8123
16425
3299
9863
5968
9759
11869
9720
6824
6900
8092
3053
9860
11870
9936
11819
14197
3189
562
9970
15307
5959
9821
741
15299
16318
9700
9890
3191
11884
16405
9731
3300
16397
8144
3076
9676
8155
8113
16316
16400
715
9978
3177
6890
15323
3226
9905
8152
9695
614
3307
816
9751
11865
799
609
592
9930
6799
564
6818
9698
14225
3318
3280
645
14217
8105
3084
745
14237
16439
9814
3275
732
6851
3144
8146
3140
3255
3201
9912
9861
16412
3102
9979
11788
599
6809
16357
812
3297
3242
9810
8114
16344
3277
785
16363
8096
9752
770
3245
16365
6904
9901
772
9765
6895
3176
728
639
5975
666
3057
14230
16394
8131
6908
3294
16414
9670
9959
15346
11840
14205
8099
3282
3306
9852
606
626
9940
3203
3096
16331
773
3260
3188
14276
9690
682
3256
3250
9845
686
3199
3142
15353
8112
16356
11876
9975
16352
556
782
3055
6871
827
808
16432
3219
15296
11842
3111
9914
3083
16325
11859
9865
11816
3211
3163
16382
8097
16431
700
3098
11810
3114
3101
11830
16427
811
722
3171
5980
9755
9896
3048
3049
15334
15297
3320
15300
8138
6861
15309
14242
576
9704
8154
9938
9783
8133
14246
8124
15318
3089
15345
16387
3137
15325
9983
730
524
3187
3063
3115
11837
9834
619
5951
736
16348
14265
14210
15326
3128
677
3122
5949
9761
600
9674
9768
11817
3209
14211
3202
635
6902
627
3056
8121
14277
610
522
16440
692
11804
9872
6797
681
16396
16428
526
9749
11797
14261
9830
3041
14302
11839
6812
583
723
9958
831
818
607
11836
769
16423
6864
3325
15327
813
3314
11858
3059
6852
709
9827
3288
14291
9889
9880
9799
11822
6863
5953
6881
9808
14257
649
552
755
9893
3283
3301
790
16335
15311
707
3085
16420
6802
6856
8134
16445
742
6888
16389
3244
3246
14226
3284
9951
5961
9869
16330
779
9952
14248
672
9710
706
9928
9683
14243
15298
16422
14235
3185
14306
3156
3069
16336
3090
15302
5977
3263
14203
6909
15335
9897
14270
15305
16406
616
8095
9792
8145
9971
14251
9694
3129
721
804
9688
9737
9854
9934
3072
11805
9811
699
9939
11794
6835
3145
11845
3064
703
9961
14247
11866
3310
6886
8135
781
554
3074
16374
3047
553
9763
9848
16413
3227
14285
3273
9868
15304
3131
3235
695
11882
6894
16323
3207
679
823
11808
724
15319
16410
9953
11878
6823
8116
631
9687
3319
9725
9790
539
16391
16418
3080
3180
11846
819
797
565
11813
16430
3286
3179
16390
536
5955
725
14263
764
15342
5962
805
9836
656
9786
737
9884
11828
3268
5950
15340
9772
545
6891
6876
6836
751
538
15332
3218
794
14198
6901
14268
14262
11854
6816
9747
3165
16345
9843
765
9867
684
566
14286
3169
9769
9904
644
3078
9974
9775
9964
8139
6834
3232
9873
16386
3062
9671
9784
615
9956
9767
726
9849
6828
634
760
11826
5965
9954
774
11883
6892
9711
15362
3112
16354
3326
8140
733
9791
9846
15349
3161
3200
3147
16324
6815
11834
9903
690
833
6806
9697
744
3082
650
9878
16327
6880
568
3086
9736
3040
9963
16359
9985
3198
11812
786
520
15314
3249
16424
3167
9960
9796
6837
15360
15316
16421
3166
9828
6893
3261
653
16320
3287
14271
3224
6883
6868
16343
14234
3073
581
11809
14240
9771
6807
8093
8107
710
9888
591
541
766
657
16321
16328
9679
9857
642
3247
680
8106
9822
3099
669
9800
535
14199
3035
3164
6841
8142
629
3264
739
9842
15301
3039
9764
3160
3092
667
9727
9779
621
546
3136
16383
16315
548
8098
3233
9899
3186
9677
6845
826
3157
8103
14220
3322
9777
8087
622
594
16350
16367
763
3127
734
3332
16333
612
16376
6794
3067
575
5984
532
3312
15303
6898
9876
5981
3155
3223
14196
11800
14213
6850
9812
14232
14307
798
15363
15352
6866
3181
652
3327
14298
14228
8127
3214
3088
525
3222
6819
9743
9754
3221
3194
3217
9871
9689
3108
11871
16317
537
6859
3175
3311
633
9735
6829
3109
15322
8083
9705
11786
14300
628
3054
6840
3061
3094
6897
3328
3331
14194
3238
8143
683
15343
11785
14264
796
11841
9950
3178
8102
9949
11881
8086
15292
3087
16364
8108
603
704
9728
9773
6830
9922
3065
3308
3329
3281
9716
9935
702
9832
9708
3045
6849
11783
3051
795
11823
3029
789
16332
14259
544
9913
711
16353
3274
11867
3208
9709
9789
8085
712
788
6831
752
533
809
3126
6872
11827
9981
9681
5973
530
16360
9788
14289
9874
9813
9859
15347
578
9987
521
3265
646
3304
3258
593
810
9707
16340
801
549
14282
3240
8088
8081
9883
9909
14305
6848
9675
9877
5972
14229
8151
6896
9823
620
11835
11849
9923
792
11829
16416
5978
3107
6839
777
3254
15356
531
8031
12086
14089
5571
7839
12083
11503
14094
11533
5358
7746
7693
6314
12025
5545
11888
9122
4203
5493
8023
16587
5361
8063
9238
943
8047
967
1029
9065
1025
999
7687
9143
8758
8033
6442
7722
11537
979
14541
9063
15786
15792
16619
997
11989
11914
5375
4260
911
4189
4086
7975
2744
5466
15194
8010
16627
11529
11938
16504
9223
5674
4234
8028
9172
14550
8767
8789
5537
13965
11536
15229
7825
1053
9113
16454
16566
5665
6399
15751
6413
8764
4278
4134
9062
5409
6444
14578
4152
4225
1034
14113
12019
15790
15246
15239
4190
16611
885
11946
15199
5619
11541
7788
1041
5631
852
6479
15267
4207
14118
8054
4102
6481
12075
12079
843
8061
7819
9106
5410
5712
4258
7919
14575
7952
5679
9191
928
11527
11993
9116
16591
8052
6351
15206
7931
5649
9184
6330
16451
14095
14100
5519
5595
6336
14079
2739
9208
12013
7699
6438
11992
12070
11890
15195
14602
5523
4281
5429
889
5401
6418
5540
7743
4138
11885
1024
11545
7678
5682
7980
1002
9175
7665
875
15247
15255
12038
9244
11965
6454
7679
7675
11481
869
13974
7922
5576
7663
14608
6393
6325
879
4202
5644
4177
8013
4299
6474
14105
4274
14034
976
7908
7974
12090
7666
9149
7971
15212
5592
12031
11969
9222
7680
15268
4107
6414
7765
7742
14611
5435
908
7688
9104
890
936
11560
14080
5572
5474
11998
8021
14574
1071
5415
11904
14063
947
16455
5357
16456
7686
14142
6326
5460
4267
985
15252
12009
14155
1091
7681
5663
9164
1064
5538
7781
16499
4211
16613
4291
16500
6329
11945
11961
9129
12043
14042
7752
4304
5614
11963
12042
7814
5707
14566
14075
4310
7670
9148
8011
5651
15207
16450
1087
5515
11443
11980
9081
4080
8035
7744
7770
14552
7662
7646
4227
9134
5440
13963
12017
15266
14131
5699
9115
5395
15756
6331
4246
16608
6328
5392
14015
11999
11892
14002
839
11499
6392
7672
11902
16610
5607
5376
4132
5710
15774
9178
16542
5496
4092
6453
7648
6308
14548
934
15753
16514
11535
9146
5720
14029
16469
5430
7690
16548
11455
12006
14064
11906
4228
5506
16600
11488
13996
4283
9183
9137
14083
16541
15778
11483
4103
1059
5554
16461
15750
7684
4101
14544
5455
16574
11932
5451
14043
6482
11523
7651
969
15802
16518
4248
5558
980
16528
948
9197
14592
4136
5524
5476
5453
12062
15776
863
15231
7758
4187
5388
1088
16507
4110
977
6333
6401
14136
6484
7911
14087
6383
8785
16603
6464
9248
16596
16481
9158
11966
11901
7652
14125
4093
9252
11518
5678
14561
4188
16552
14020
14128
5659
14625
5671
12028
9157
14135
9212
5692
850
11919
4319
5532
5617
6321
15240
7955
8784
7983
9096
8768
13993
4099
16558
14027
16636
15238
978
11952
11971
12057
7656
5618
9142
8765
8053
1009
5428
16592
7769
9203
4098
16534
15787
7954
4124
9075
5368
11448
6459
5512
906
8016
7792
6471
1078
15250
9186
14052
5427
4309
16511
5500
9249
16585
14001
16535
14081
5593
6357
16551
982
5556
5653
11917
16496
995
6456
6387
5390
11462
5373
14571
15773
16561
4262
5487
13957
6477
5715
8048
11984
7737
975
16529
15256
7749
11929
16458
5366
4186
9247
8774
14556
5686
1056
8056
14145
9082
1016
14023
7915
4284
11451
14044
7964
7647
5437
5391
16501
7909
13987
9193
16567
16586
16634
7981
1022
11453
8007
8064
846
7835
6307
6319
14615
7801
16474
16568
9229
6309
4144
7708
6353
897
11926
867
9228
4167
950
8076
16475
8776
4292
5399
6306
8024
4113
9138
16555
7654
16620
7738
7790
5459
14630
11470
4239
9219
5603
14569
11968
16477
4268
14074
6316
16584
9182
11477
994
14056
9251
8769
9204
877
7661
14068
14119
9109
5689
9206
4119
5662
9083
5608
13981
9185
6410
7753
1046
1033
11937
987
13958
14546
4153
4156
11985
7842
15204
7707
6355
4135
14011
5403
5694
6428
5400
5597
8772
15799
8780
6334
1037
5536
990
15233
1031
6458
9255
4185
7933
16464
4194
2743
14030
4257
4198
5472
11899
14109
16533
5708
7787
937
9195
7928
880
14581
11934
11450
14096
8074
14013
7740
9061
5462
12026
4312
7998
9217
16538
16565
14005
1044
14010
6337
6318
16562
14129
6311
7709
8051
7745
9151
5677
7777
4220
5573
8018
845
11473
7719
9177
15794
16487
957
5569
4094
4279
7959
5521
14108
5414
11948
15760
4221
9242
5384
11505
15761
8055
5383
16472
11487
7713
15209
16622
7924
7982
15248
16502
9194
7649
7776
8041
6465
5445
9117
5465
4232
13991
6323
9136
4315
6441
9210
5422
6365
9231
4133
6327
8058
16579
15770
1000
11549
5646
1075
6405
7782
6361
865
983
5655
7655
9200
4179
5637
7836
11442
7914
7658
14621
11561
884
15205
7905
5547
12033
7820
5398
4197
7978
4195
913
871
894
5625
13995
5594
13973
11987
16590
4129
5575
14553
7995
7847
7689
6404
5497
6384
856
5363
9067
5447
4166
14607
6349
11891
7793
4233
1086
4302
7945
862
7650
9118
5520
11463
12040
9068
16471
11556
16545
11550
915
14150
12037
12099
16594
9258
15245
16519
4273
16532
11532
5411
14555
7828
4165
15254
2748
7802
910
14137
14047
5488
9152
16629
11940
870
5680
5442
11983
5552
920
7809
9156
5706
4122
7806
886
4275
13968
5471
5580
13959
901
11444
9077
15749
6373
6346
8002
14066
5616
11905
12077
11944
9188
4298
5691
11485
2741
5611
12051
1054
16452
14067
6432
8077
7807
16598
14072
9260
6463
5530
5438
14596
6400
1008
7815
4250
6335
7671
15197
14006
14144
9232
4159
16616
7934
7673
1074
16510
14152
12052
4201
5378
16468
16564
860
7694
16459
12103
9069
4115
16621
16473
12061
9154
14622
15784
7797
9140
4114
5431
14563
5577
1058
5704
14564
5640
15235
6359
7773
5610
959
5627
5394
14121
11530
5505
11967
7837
12022
4161
4171
4170
9079
11539
4147
5693
1063
9169
16526
4139
6315
5599
15757
6368
6340
941
5648
5553
907
14062
7784
4172
15258
4146
5632
9213
6416
5672
849
8771
7692
8017
7830
1021
4255
892
5620
11908
6466
9125
7664
4108
5396
16505
5626
13980
952
6420
6472
4249
12044
9085
12098
12058
4282
7812
11924
12082
7701
16631
5652
11547
9090
5441
11991
5484
14103
9086
4259
12068
7973
7827
15779
16578
6324
4222
6445
5622
6348
7721
16615
953
11538
12104
8788
6350
12048
7999
5371
5628
11478
9124
14593
1079
5590
14117
16524
5634
5544
7754
9198
5511
11449
9103
1060
7918
5598
16489
13990
14614
11468
16470
11910
7725
9192
12023
14026
14143
7726
6409
7695
16537
14018
12003
12071
14116
7700
5367
11490
9221
12049
5359
1085
4158
7685
12105
5557
7832
4266
7907
5643
4128
5382
6345
14585
1083
11542
11958
5533
5457
9207
5393
7932
11501
16605
4162
11552
11509
14035
11895
7996
6429
15241
8044
11466
847
8042
13975
11493
6313
6448
5600
5514
960
5642
887
12047
12089
8770
931
14014
15796
9215
9147
7938
5698
8066
2740
14631
8050
7735
14033
12102
7826
7846
4236
6411
13999
9214
6347
16449
14156
4280
9199
9139
4264
11930
15763
9190
5588
14558
14612
15797
5535
4155
5700
6338
15805
16550
14604
5551
11554
929
7795
4168
5719
7950
2745
946
5458
6470
4210
7759
7841
14097
7750
9226
11551
1065
5463
5489
15777
6434
13971
5718
7849
935
14031
882
11951
15213
4120
891
5404
958
4091
13985
5407
9102
6402
6386
7674
4130
9121
1089
1028
13969
11472
6356
4277
5675
7785
11913
4306
7972
12064
7936
5425
973
13992
5444
7823
11939
7796
11894
4305
8029
5683
8039
16633
5673
13960
838
6385
6374
13970
15210
11528
14610
4176
4308
7906
14077
14588
1047
5439
5657
13994
12096
16521
4204
5709
5690
1007
5413
1027
9262
1061
13982
16480
4174
4226
11469
16508
12084
993
14069
11974
15193
9155
5509
12046
835
7704
16588
4318
7761
12091
972
1090
1093
5502
4087
8038
5478
842
9132
5495
912
5416
14133
15243
13962
12045
8766
9114
8001
14149
5716
11896
5586
7935
5606
7703
5615
8040
16483
5542
942
16462
5421
6439
14141
14099
15202
9240
14562
16597
5564
7736
4296
7732
6426
12085
11898
16632
5443
9097
15771
4242
5561
14568
15768
6342
7961
872
5482
6395
15216
7838
6320
4288
6382
4089
15230
9141
900
15800
4251
14153
15766
14008
14019
6332
6431
991
16546
12020
5449
4252
5356
16617
7734
13997
1043
14609
1010
6483
15762
9176
14085
7764
7994
15226
11519
16569
7930
14086
14036
855
5567
1012
7967
1038
14146
8067
5701
949
5695
7669
4111
11903
5418
8037
11909
6451
16453
4297
7653
6421
945
11986
7712
14140
16582
5355
9173
1072
8069
11522
1084
5661
12004
5405
1082
9201
5464
9127
5417
6371
14627
4293
13955
9080
4178
8026
15211
940
5591
16493
5490
6372
5550
7917
7944
5354
6437
5621
7968
11976
4084
11467
7786
12499
15864
15939
1410
15832
2994
13250
6612
13302
15948
6552
3576
13577
6010
2881
6005
3605
15535
6104
6652
2880
11729
4695
15923
1322
8826
13267
10988
12321
3761
13243
10744
11068
9517
13381
16013
2943
1187
9534
1099
13308
6078
11026
2660
4926
3724
9543
10751
2980
11046
6653
13284
9660
1144
4730
1547
1493
1334
11061
13247
15509
8910
1139
4820
11566
8386
10740
1238
12455
10753
6627
10763
4947
5994
15873
9590
6544
10883
2844
2531
4803
4885
3650
10925
1395
8423
4718
10913
9662
1214
1168
8168
3736
7898
13587
6557
2580
2789
10892
12382
1560
8410
11749
13493
10812
13560
1129
15525
10872
15956
15447
2797
15914
1315
7208
1276
1205
3679
15432
12501
12423
10896
15892
2550
1111
6536
2528
9496
2578
2888
3604
9585
6038
13295
1561
7894
7152
2657
2725
10775
13346
8857
8339
12266
4791
10807
2612
9576
12408
2643
2782
13517
15811
7219
8343
13489
6646
12322
1259
9594
4765
15530
10994
5986
13350
3571
15284
15918
4710
1550
6049
12481
10861
2707
1494
3014
12263
15809
15824
1104
2702
9540
2796
6548
8300
8916
13634
15452
13401
2944
10950
1531
2563
3582
15909
12253
12325
11727
7897
4965
11039
10871
6006
8252
2524
8859
7889
15927
3687
8436
14633
3705
9462
4747
15995
8182
8287
8273
12532
10989
9557
9053
1244
7878
15900
13551
1112
11718
12299
3763
13508
2762
4944
13640
4768
9620
8887
1189
6588
2717
10924
4874
8277
3696
2675
2603
2920
11772
8275
3506
11077
3740
3535
11776
2939
9664
2799
9628
15826
4726
12334
9555
15840
6060
1551
13428
6643
8873
8818
13641
15467
3670
6616
7896
9639
8378
13486
3653
2680
13627
6101
9606
1390
1151
6533
12317
1095
3525
1142
13230
16018
4990
7144
9625
11721
11760
1136
9614
3560
1392
9641
12432
2904
1529
1548
8892
4742
13407
11118
1556
6514
13614
4817
1277
6580
1161
8267
1182
3527
1147
3020
9650
4888
2529
4991
1421
9459
14161
16001
4996
6502
10810
7180
11034
6567
3594
4910
13259
7176
1408
8341
12320
4735
6489
1240
15970
12425
13386
7215
8229
10867
8420
8268
12357
13427
12507
13616
1304
2652
1374
7171
8905
6608
13227
3640
12388
4847
8180
3752
2988
13242
15903
2595
12450
10780
8884
13628
9587
8296
1145
10842
3609
15952
11029
10803
4793
13543
3623
4968
8174
9645
8886
1162
1124
12296
3615
11070
2971
10778
4801
9615
10910
3642
1314
15527
1122
6624
7201
16009
3606
10960
13512
13310
2908
15959
10756
9569
13496
8215
9649
13615
4941
8419
10822
7163
2984
1497
6600
8822
2854
13626
10826
2875
5985
8382
15461
2759
11780
10958
12497
15926
3755
9642
12257
6597
3654
2535
11053
9510
9448
2548
4331
4962
3698
9486
12522
11121
2798
11767
5998
1417
6082
7142
10996
13351
2532
8202
4863
3646
4769
13555
12298
8210
9591
2622
11033
6531
4946
15854
6034
12270
10975
1108
2912
8868
15980
13405
6543
2602
9567
8893
16012
13349
8807
3518
2559
2764
4798
4957
8349
3663
9566
11095
10886
13322
1253
11105
8161
10930
13169
11024
12287
15839
4823
4865
13572
2902
2522
6555
4706
12294
13478
6586
11728
2841
11025
4329
1229
6539
3002
11120
8808
6071
15998
1554
8408
7202
8372
9453
1406
1541
6498
9556
2674
1270
12416
4750
10761
1192
2577
9632
9570
13530
10943
11088
3533
11745
1206
12448
8284
9049
2992
15438
8392
8816
6603
1247
11080
2734
12399
2976
6575
6001
8406
9477
7191
11044
10847
8796
2691
2945
1363
4907
2834
2594
3754
8192
11089
13446
15977
13337
2704
12524
1521
15499
2792
1345
7172
15838
2679
2876
13600
12551
13449
1338
4870
7880
15502
11563
15820
13631
2919
11010
8218
1225
2585
13354
1211
13416
13380
8897
4736
6059
4748
2878
13352
3753
1127
1350
9564
6055
10859
13536
13475
13260
6639
11773
13653
7205
9526
1156
8446
10954
11047
8367
13424
8413
15905
8832
12315
11097
1171
4872
12527
4807
3627
10783
15436
8371
8344
2735
10817
10848
4337
8427
7203
9609
12533
3012
4667
2690
3549
13509
2901
13335
1150
8276
10903
4892
10900
12508
2998
6560
11127
13203
14163
8444
3629
13538
6569
2666
1266
4723
15431
11079
12271
8224
15450
3601
9503
8354
10824
8327
13510
3593
1255
13190
12417
13249
2564
13181
13297
1291
12515
12373
4849
6554
1499
9499
1382
6094
6622
10815
9461
2620
10912
13205
4767
13180
6002
12267
6611
3538
8877
12336
3511
8315
13368
15495
8865
3706
11018
15989
12463
1509
15520
6508
2557
2829
1364
2859
10942
8418
13404
11078
8240
4929
3546
3559
6524
10785
8318
15522
13275
6562
4666
13238
2801
4760
3714
6592
6500
1120
15987
8908
8433
12355
2604
1221
15859
8875
4703
9546
4770
13376
7216
8226
13448
1359
15511
13612
9552
8364
13332
3572
13378
3564
8358
7190
8442
2811
4933
10834
2722
2846
13207
9604
11724
9627
2688
7196
9515
2721
8813
12343
10855
13314
12521
8801
9661
13221
8183
10772
8846
6625
13456
6604
8295
15874
2960
3665
12332
1503
13575
4721
12415
8164
12485
11775
1524
13415
4830
11736
1372
2847
3746
6618
13374
9619
15875
8450
1107
12259
8333
2774
6037
6126
9586
7891
2824
1555
7895
6620
2526
11113
1175
6512
11730
4814
4864
12337
7166
12503
1251
12516
2787
15825
13633
13648
7212
13578
8385
1506
8405
4871
15485
4960
4722
8321
8388
6020
4775
9630
2596
1371
1179
2882
12466
1263
13433
15938
3733
9631
10885
15852
13588
13482
8379
4811
11770
3018
4711
1300
11060
3521
1186
2989
15960
12248
8867
13280
2864
11125
10981
8220
10919
10860
6529
2579
13252
3739
2581
2523
3662
10837
6009
3647
11564
2831
2635
3643
9057
15523
15983
9512
9518
8381
1385
4789
10762
15967
13327
2991
15877
13596
3728
13248
4689
10957
8298
2617
15445
13558
10748
7227
1133
1546
2776
8417
9541
6619
8157
10857
6587
15885
16015
8271
13458
13264
2851
2695
4738
4716
1131
1329
1172
6061
7902
8366
8885
11011
3630
13499
3637
7146
1174
4940
3756
3631
13178
6023
10754
12441
9633
9610
6516
3661
4732
12360
8817
11073
13492
1325
4664
8186
13319
15480
6076
2997
9539
2884
8425
8329
4328
13286
6015
2644
3569
2627
12454
13423
1490
11054
4979
12340
3730
6526
3710
2519
11779
8890
6068
10846
12442
11742
4699
1415
7228
11082
8306
6564
3516
8913
2629
9616
2659
1181
8331
8429
2986
4782
7151
8856
13491
1368
2710
2588
1407
3004
10880
11023
1313
2822
11123
12273
6067
2713
6134
1526
12494
2898
12446
2631
9547
1326
6136
13213
10782
8170
15496
13266
7179
1533
2636
13459
1387
13204
3731
13409
4862
13601
11124
15281
2953
15482
9582
8440
1525
2827
4802
10841
8819
4987
12489
4908
4851
1362
2872
2646
2651
15490
13414
3628
7186
6654
12469
2716
7195
1269
3570
6119
10952
13421
15883
13463
2969
12261
9489
1260
13573
8169
8281
1333
10793
8398
2783
15958
15278
8191
1198
3552
1218
1522
12531
2895
13564
2975
2804
6585
12300
3737
4758
13514
9530
1167
1173
9624
6556
10746
3529
15491
11049
11748
12250
13598
2632
8878
11075
12314
15821
6103
9532
11104
16006
12473
4977
2838
7893
10845
2963
2806
6607
15812
7147
13649
1265
13367
8903
12281
10839
12436
1248
7188
10962
10818
9060
3734
7883
4909
3686
13294
11045
1223
3725
15908
11759
10902
6110
2638
9441
6087
1491
9553
10791
1512
8242
1312
8245
15951
15453
7200
13316
2726
4859
13550
11752
4724
15911
6033
12286
8256
4985
11069
12352
13251
11720
12326
9483
13170
1552
2525
4685
12518
13370
2983
1250
13436
11038
10797
8430
4961
2570
6111
2703
6058
15435
12323
3639
13444
1528
10825
1347
2513
6528
2940
12245
13403
2956
13540
2996
13541
3620
3553
8369
4780
15912
9618
1306
13245
2605
13222
4828
10788
8374
10914
12509
15441
13195
9601
1355
12342
9611
8338
7170
15954
12393
11777
8847
11567
1217
9563
3638
3691
11762
11001
13431
1185
13200
15985
15934
1096
2654
13246
11106
4927
11086
15857
9475
13394
9525
6634
13498
15271
6129
8289
15919
4813
4936
8814
3531
4855
2663
6495
7224
3614
8171
11063
15858
13621
12476
13253
10993
9454
8373
1098
11719
8901
2700
6074
13594
10835
13571
15476
15930
13347
2727
6072
13523
2633
9482
4657
10790
2805
12487
6563
3561
6546
13288
4751
4326
2821
1132
7155
2946
12422
15961
2927
2869
11012
4913
3504
2857
13373
2928
7148
1184
2977
4715
13299
2514
4762
2933
6041
10821
9598
13637
8924
7892
6035
10966
15860
1216
8285
2866
15526
11040
3757
13317
1544
2569
2736
8918
8201
3610
6491
3652
12330
9588
10765
6089
12558
2793
15981
4827
10986
9052
10908
16007
2536
2826
3543
3616
15904
1534
4681
10965
8833
13468
1201
13171
15928
10844
6640
6016
4677
2728
1196
8869
13439
13561
2551
3702
4887
2929
12344
6017
6012
12276
13488
9511
3674
3530
13413
9054
2848
13467
9550
3694
9652
15964
15887
13490
4994
8923
8270
16014
4948
16005
11031
12251
1549
12471
7162
13432
8829
2575
13270
13268
2681
13175
1348
2932
13445
12443
9051
13484
12377
2849
10881
6109
7210
12421
13283
10956
9568
2950
8861
15935
15847
15285
4327
13545
13391
1239
2934
8243
2779
13303
4731
8213
1496
3608
15448
11036
8795
6501
15272
3509
4966
8178
3502
12403
1212
4687
8828
6503
2689
15521
6120
16003
6651
6122
15890
2791
1146
8196
8370
13306
10929
12375
9478
8177
4672
8891
15808
1369
4325
4988
10862
13345
2737
12534
9629
1137
9471
6070
13256
10802
13520
13358
11030
2516
2547
11062
9549
11004
7187
11041
12552
1097
11002
2692
12310
15536
1245
13635
12557
2780
3711
9457
9572
1231
8336
6014
3006
12491
2624
9500
9479
5992
15531
12335
13590
4897
1235
6576
7156
10745
6013
11055
8198
8920
3644
8304
6042
8209
8233
2540
2907
4805
4843
7158
9612
2917
15488
8810
2668
1321
9443
8314
2647
13420
2921
15479
15505
7232
15929
12275
15492
13362
7204
3580
8393
3501
9522
9646
4939
13528
4902
12490
10921
2868
8362
1114
10895
4852
11052
11733
2954
1213
13228
15915
13644
8175
1354
12350
9533
15269
3574
3722
3022
4744
13426
15534
12372
8185
1158
13483
3520
4983
11747
8357
13440
9558
2903
10973
4833
12365
1343
2655
1226
2987
2628
6490
10905
8840
15886
6637
2664
5996
13272
7177
6525
8326
13371
8843
12431
2618
8238
13607
3539
2965
10757
12525
4700
3598
11087
10915
9446
11746
6573
13276
11027
1330
6606
9623
2767
3673
12553
15973
3007
1199
7169
4712
9058
9513
9579
2891
3738
15455
6534
2653
4697
10794
1380
11028
12438
4661
13348
13518
8835
1118
6027
7881
4924
1324
1180
11117
2955
4832
8445
12506
6570
8880
1159
10750
4841
2936
2839
10878
12546
13375
2558
14164
15533
2867
3720
13202
13185
3021
15941
6062
10833
12419
13237
15830
1252
13642
11022
4816
12404
8894
6093
4335
1518
13524
4746
4943
8173
2913
3589
1331
13476
8179
13231
10882
8328
13531
4773
2517
10827
10853
3005
1353
4860
6581
3747
13333
10894
11774
8390
12427
11094
7887
4935
6137
9519
3749
7899
8223
13225
13451
2858
12437
2794
13553
9466
3000
8250
4676
13620
15493
15869
6642
3678
9492
2590
12392
8184
3547
12530
15814
3008
14162
6561
6075
13282
4931
12302
13408
13455
10917
10864
8914
15822
8804
10888
8363
3556
1357
6054
2942
4787
8280
10934
13285
4834
1166
6549
12356
12369
4905
12280
1103
14157
13235
15475
10995
13220
1500
2520
11741
16008
13168
6496
15862
15503
15434
10877
13602
12367
13595
10856
15851
13184
1094
15529
8851
1178
2606
8863
8864
2786
1520
1152
10858
6118
4901
1271
12434
15936
2937
3742
10813
8874
6537
1559
7209
3656
3717
1141
15891
6090
13464
4857
6046
13214
4658
4889
15513
9593
9635
4964
15932
6510
10906
1492
8368
4669
9531
2768
2552
2574
10849
10964
12311
13402
13466
2922
4755
13218
11754
3584
15425
2925
2683
8792
3519
1516
4701
8902
3721
13287
1396
3612
2530
2914
1155
13167
3716
8335
4698
8232
6578
4776
13292
13364
8340
2959
8189
8915
8383
12268
10776
6591
4846
8837
1527
1394
4679
15842
15999
15894
3715
10976
8448
13597
8159
2825
1319
15965
8912
15884
3597
4334
1420
2701
8212
6085
11108
8236
10970
7223
12272
1121
8403
4696
10830
13187
4884
4951
12544
8820
12479
13291
1292
6645
12306
8278
13429
1515
11098
13219
11093
2601
13233
2673
15834
13334
4900
8323
10959
6565
2788
4694
13584
1339
15506
2995
12379
13462
6030
9577
3692
14632
1308
6629
6595
4837
13339
9470
10983
8307
8415
1193
13359
6520
6044
3581
8831
11766
3585
7181
12349
2979
2982
10800
13534
13434
15275
15899
1169
2840
4670
4916
12458
9574
7165
9638
8389
1351
6140
4719
2650
13632
2877
10940
11071
1558
6100
6108
12293
8798
12488
2546
9608
12274
3684
13194
11764
2561
2670
10938
4781
1542
13388
9595
10953
15931
8899
13581
8162
8799
7184
1557
1284
8400
2961
8172
11102
15969
2909
4876
3666
1403
4818
4875
12391
10851
6538
4971
2671
15896
2752
13281
11771
8356
15519
1507
2583
1113
8395
12468
8845
2897
13457
3588
13177
13469
2966
13529
10967
4663
12433
2719
1105
12444
8359
1289
13567
1288
4713
10840
1241
12445
6509
3517
9659
2621
12308
10768
9562
3522
8412
13313
15465
12542
8879
3550
1416
4982
11096
15953
13217
12329
8834
15528
3532
4955
15898
1204
6098
4984
2731
13651
3503
13173
4720
3648
2773
1102
6542
8330
1502
6589
1302
8195
1128
10749
15850
12545
4652
10850
9505
11112
13325
13460
12526
12539
9463
8888
13613
4829
11051
13617
6648
13579
12412
8166
6039
12386
6132
3017
2753
2555
8402
3514
11765
4668
2544
8352
8311
1303
13356
11725
8158
4671
2661
6040
1109
2873
1367
13485
10771
12385
12290
13390
2910
3542
13593
8309
13565
9455
6029
10769
6131
8824
11065
2634
3708
13519
6064
13609
3545
13321
3624
15498
1498
8866
8922
1258
6128
6598
6073
1227
8317
12361
13196
11129
15474
11015
1297
13393
4674
3590
10741
10909
6521
3536
2658
8282
13342
1290
1328
15922
15437
9542
1553
5990
6540
4989
3528
7233
6655
10770
3704
15831
12328
8272
8187
13645
1310
3557
7225
11731
2696
12319
13343
1414
10949
6633
16017
15861
2807
13258
3729
1224
4858
10829
12528
2757
8825
9480
2870
12264
2962
9583
10809
6097
13487
2724
3524
6530
2911
10787
2855
11056
11738
1413
1381
4655
11726
15468
10923
6507
13315
15889
13305
1154
12327
13296
12429
8426
9537
2770
4705
7130
6248
12986
6178
7019
4615
14332
13122
15402
7104
14346
11713
6294
16179
6169
11700
7105
11714
7107
6920
7028
15424
14319
7127
7022
13124
7082
6168
4641
13054
11680
4636
12990
4622
13025
13042
16234
15389
7005
11580
6970
7013
12930
15384
6228
11609
13033
13157
8969
7109
1476
11653
12933
16253
12934
6922
6943
8976
13136
16222
11652
14324
6296
16187
6245
7077
7091
16199
6292
11638
14370
16255
6277
11632
16268
13003
7057
6935
1443
7026
4612
6207
13151
14359
13116
6262
6269
8942
7023
7036
9018
1457
9033
4618
1449
13105
6230
11641
16269
13121
4632
13139
9039
4637
13000
13093
14353
4627
7073
4614
7006
7014
13056
12948
12991
13050
13023
13065
12935
9020
6966
13135
6939
9022
7061
13086
16245
8979
12970
8985
13089
16251
8926
4630
1429
15390
6267
7037
13028
13104
13111
9023
12989
15381
6958
16206
6152
7124
11707
8968
8939
12959
14311
16267
8927
14360
6184
1465
7139
7008
11665
7034
7138
6995
15419
1436
6972
1484
1445
7043
16203
12951
15374
14369
13102
11633
15400
6932
7112
15373
11657
7110
4648
1447
13160
8949
3028
8978
7078
6279
6254
12954
13134
1455
13080
6174
7119
9011
16247
16265
8989
9043
6214
12965
6252
15405
8966
8959
11647
8962
8934
13159
9003
12996
6295
13024
11573
7122
12929
7099
16254
1475
7031
6215
6949
6976
8980
11588
6270
6177
11656
11617
12952
6151
16214
16173
9025
6301
9007
13058
6171
1459
11706
6998
11658
13120
7048
4638
15369
13153
4629
16264
7015
16208
14315
11661
12931
6914
16178
11679
16183
14350
6145
6161
6982
6944
11578
7001
6948
7126
7125
6956
13140
6925
6211
6198
11660
13107
11607
1483
12942
13148
12969
12975
15371
6931
4624
9017
7076
9013
1474
6964
15391
14342
13010
16210
15368
8986
6142
15394
7100
12968
8947
11701
6223
1479
7129
11626
13138
11654
14317
13154
1473
16226
6205
11593
13077
1466
6182
13060
6197
16231
9014
7029
16239
14366
12939
8998
6930
13094
16270
8972
11572
16248
7106
6274
6250
13132
11695
12973
1460
7049
7134
7009
13129
12982
7046
9010
6934
1477
13015
13043
9034
16260
15376
11686
14367
14338
12947
12998
12963
11587
6921
11590
6147
8965
7038
6249
16227
14334
14318
9021
1464
16186
8257
6280
1448
11659
11611
11704
6302
7056
14348
6273
13071
15377
14329
13128
12932
6940
15404
16236
13026
14345
16180
1486
13112
8958
7003
12994
7018
1438
6993
6955
13113
13114
6187
14321
6150
16217
6991
4640
13038
16205
7116
6217
7121
6226
3026
16196
14331
7042
16184
11629
6243
11624
6175
12940
11664
12949
6212
11671
7065
8963
13031
13125
6987
6919
6149
6219
9028
8941
9036
6255
4620
6977
15382
11705
8946
11625
4611
15388
6990
15403
1426
7133
14340
11599
11639
16190
7132
4628
13076
6957
7094
1435
1434
14365
12977
12979
6233
6224
7068
6918
1451
7050
12974
13048
11685
13039
14322
15411
14357
6190
16232
13115
6188
9009
12971
16211
6236
9019
1453
8971
13087
7123
1450
14361
16246
6975
16224
13001
6983
13062
16195
15406
11650
11620
13088
10379
5119
5190
8732
5302
5175
5267
14414
2433
2320
14455
10723
10461
14433
5151
5086
8722
10574
10553
8665
10540
5294
10644
2371
5159
5195
10593
14484
8700
10656
5292
2365
10397
5244
10454
14528
2375
10372
10628
14499
14461
14505
10680
14381
2343
2392
10373
5091
2338
2363
14491
10717
10531
10412
5353
10588
14385
5233
10516
2351
2255
14539
14391
5092
5111
14379
14496
14503
5207
5191
2498
14540
5336
2482
8748
5299
8705
14390
5076
5263
5084
2416
5029
10475
2293
2388
5103
10485
8706
2296
5322
5203
10596
2492
10510
14416
14406
10559
10646
5250
14395
8703
2396
10480
5124
8739
10611
2451
10527
5344
10606
14490
5071
5295
5187
5070
5056
2251
5051
10406
14399
5284
10422
5290
10725
5264
10604
5209
5114
2408
2449
10353
10681
5241
10362
8659
8728
8655
2359
2394
10610
14425
2303
10602
2410
2301
8734
10579
2377
8742
2337
5221
10699
5238
14383
2422
10639
2497
10592
2496
14468
10614
5252
2283
5352
2272
14443
5342
5035
10410
14403
2493
5157
14463
10395
10460
2299
10440
2280
10571
5202
10613
8684
10640
5327
2414
5272
8646
10666
5101
14396
2446
10560
14452
2390
5027
10408
10633
2327
5003
5298
5116
10398
8735
2318
2325
10535
10411
2450
5145
5036
14517
5265
2354
10366
10469
5289
10634
10497
14524
10569
8714
10502
5007
14533
5339
2406
8754
10735
5193
5049
14480
5204
5291
10587
10489
2291
5270
8690
14530
10612
5329
10417
10714
8677
2387
2452
14440
10570
5098
10496
5045
5166
10532
10729
5282
5140
10657
2259
14488
8663
10420
10490
10467
10396
14426
10349
5348
2455
5201
5026
5057
10550
5062
2315
10655
5001
5043
10447
5243
10388
10690
2323
10446
2254
5285
10536
5017
5133
10638
10565
5350
10424
2439
10716
14437
5347
10653
2418
2511
10663
5220
10473
10551
5198
14442
10650
2500
10488
10547
14500
10421
2417
10678
2355
8711
10580
10526
2467
10365
5130
14445
14516
5011
5161
5338
5013
10539
8729
8701
2256
5301
10361
14494
2503
5219
10409
14398
5311
10367
5192
8651
10452
5178
5274
14532
10357
10381
5004
5251
14486
5351
10595
2300
10549
10548
10647
5260
14489
5305
10487
8749
10493
14487
2266
5176
14429
2397
10520
5024
10492
10607
14518
8708
2330
14537
5333
5108
2332
10483
10660
10389
10629
5147
5279
5269
14460
10623
10507
14413
5205
5088
5018
2260
5334
5171
5211
10505
10363
5315
5072
10402
8653
10377
10642
10736
5200
10413
8654
5030
8726
14459
8718
5312
8707
5349
14450
5345
8689
8667
8649
14451
5025
2488
2509
10380
5160
2427
5139
5167
5109
8737
8650
2423
2386
10558
8744
8687
10477
2308
8717
8697
10721
8724
10347
10449
10627
10538
2429
5197
10651
14418
5061
14534
10733
2436
5340
8678
5033
10708
10506
10564
2322
10356
5235
2373
10589
5052
8669
14408
2440
2279
10702
10665
10503
2411
8712
5341
2285
2457
14400
2376
10541
2263
10566
10643
2265
14402
5094
5010
5129
2364
10346
2339
10682
14458
2453
10722
5180
5225
2302
10537
2479
10404
5185
2378
5078
14446
2346
10463
2480
14407
2295
5293
14481
5132
10673
10706
10599
14501
10522
5099
10703
2434
5325
2478
2483
14456
14515
8691
2304
5065
10586
5308
14469
8751
10500
10728
10528
8740
5095
10384
2372
5317
14387
5306
8730
5023
5075
5271
10636
14428
2442
8668
8723
2432
2462
2367
2379
5008
5068
10715
10390
10486
2458
14427
2349
10512
14393
8674
10435
5105
5144
5320
5009
8672
2287
10464
2389
5276
2361
8661
5199
14519
14435
8683
5184
10691
2384
10471
2490
10509
5138
14431
14478
2294
5143
5283
2484
2476
5038
5246
5063
10608
2420
5164
14466
5112
5268
5064
2341
5208
2350
10609
10465
10434
5262
2475
2421
5186
10482
10478
10621
5236
2277
10557
2313
8733
14441
2347
5335
14511
5090
2481
10695
2404
10348
2345
5309
10543
2382
5242
5297
5183
8725
2499
5083
5104
10374
10567
2441
2419
10501
2385
2271
8741
5115
8686
2306
2324
10427
8693
2393
10441
2267
10499
14485
14436
2489
8738
10432
8666
5253
5177
8699
5231
5330
10519
5047
2269
5148
10407
5134
5188
10400
10430
10726
10575
5085
10382
5153
2501
10594
10504
5223
5121
10375
8688
10442
10568
8713
10622
8756
10685
5248
10615
10455
2425
2326
5034
10513
10618
10552
10710
10459
2340
14473
2258
10645
14508
10572
5123
2305
14510
2470
2463
14419
2274
