9429
174
6692
9326
6662
5780
111
157
5779
12107
14983
14962
14928
5755
6770
66
5791
15110
5943
9349
26
3347
9323
6668
12196
12206
15103
12214
187
3349
14188
60
5813
9320
3379
16293
9363
12199
96
52
9394
12197
16308
16276
9301
184
5762
9376
14186
5908
9431
80
14179
12179
15169
12191
175
5885
14950
3345
14997
12139
3404
5781
5807
5761
5919
18
9364
14925
16280
5760
3333
16313
15188
12129
171
153
135
9299
14978
15006
9268
3352
15093
14181
30
9274
6749
15166
5817
14942
6719
9336
15032
9332
3356
9372
12210
16306
15189
5753
12123
14998
5851
3370
5764
9310
14901
15101
9392
14980
12136
6792
16281
15187
77
15038
5757
15144
15117
14945
15018
6732
12211
5816
9419
11
15179
5827
15165
16288
12173
9287
9369
6742
3462
15037
14915
9411
9413
6717
121
5900
15060
123
5912
3403
5889
9267
15066
15171
15083
5886
9398
5894
16291
3478
15059
9417
12151
120
14971
12143
9351
16309
16278
12156
14965
3440
15150
6755
15055
14970
6775
15102
15098
15009
9307
6789
9389
15185
12217
160
5784
15141
9328
12160
164
14185
12193
5890
5745
5915
15074
15080
15134
3390
9384
14951
6687
6767
9397
3366
5848
9329
6791
5829
5740
6746
3464
9380
3445
12171
9281
93
9433
14972
3448
3380
3393
14973
3474
16312
3377
5911
6698
100
12218
9304
5806
6788
5920
16282
3348
9325
9300
9279
5815
5821
3355
5834
12213
14967
12112
15136
5856
15170
9356
16287
14178
5793
5767
5938
8262
165
12235
14171
5887
15034
15182
167
14990
118
14982
8260
3486
15087
5937
2
3467
6743
9318
14984
5841
9345
9347
14175
9312
9393
14961
15163
15161
15033
19
15114
110
9344
15172
15011
12126
9365
3493
14921
9280
5907
5876
5932
15176
15013
5854
15077
12195
16277
5792
9302
15095
5865
6710
3495
8261
6748
3446
14180
61
5918
3351
14968
15029
6741
5874
3470
3413
15099
16279
158
5759
6783
9293
5925
9400
14919
3459
16295
15177
14944
6726
3422
16300
15042
6716
5843
3472
172
3402
15081
14922
5721
15054
5939
5944
132
169
46
9305
14909
5828
3337
12167
144
15044
3499
3386
5906
14191
5844
3411
5831
14169
5940
15057
5945
6768
38
14905
16
145
5722
5910
12158
9404
180
89
12116
15088
3410
9399
9288
5846
3417
74
16289
14940
12164
5776
5758
15048
14969
9425
5904
12149
15119
9289
3475
5864
12208
5783
14964
6787
3431
15052
14987
6734
12236
6664
70
5881
5934
6718
12232
15071
14948
3395
9382
3434
14934
5929
9375
15016
15180
12231
9388
14192
5852
14933
9273
9403
3457
173
28
3438
6699
12183
5905
14935
5824
16311
177
14190
5742
6744
9322
5857
6760
9359
3465
5768
6676
15129
73
12178
152
6736
163
87
3398
139
23
9313
9378
14165
6747
12216
15190
15082
14943
114
3427
15070
3418
5879
14957
14930
15014
9333
9367
6757
3381
102
98
3375
15153
9428
14979
14963
12157
6715
15022
5777
3443
9385
190
64
5823
186
15174
6735
9383
15063
49
105
3420
141
12117
3406
83
14994
15089
15051
12187
3419
15065
12186
5774
5743
5750
12130
5853
5916
6661
5785
12212
9391
15096
14927
12161
119
6765
6751
58
15135
3433
75
15178
5880
122
5770
15128
9370
62
14918
12154
9432
78
5754
15040
9296
9416
5830
6727
14981
168
3388
6677
15148
15173
5858
12133
14170
5739
5868
170
81
6703
86
3368
3458
91
15056
5735
3492
14914
181
14993
9412
134
9422
12203
9306
5772
12185
5765
12147
9284
5948
3367
14952
76
5837
14976
15106
3455
15017
12219
9331
9421
45
12207
3439
6754
129
6670
5935
6774
6684
24
6786
12155
9319
15069
6666
185
133
27
6674
6700
15024
85
9410
13
12237
15132
14899
5936
6779
147
6665
12174
15147
9401
15047
5833
15079
14912
5731
22
3437
5832
14936
9424
3476
3391
6724
9343
12194
94
3373
5724
117
15021
103
14924
12198
3494
5893
6776
97
9408
15124
15125
32
5725
3401
12152
14900
15167
12220
12137
6790
5778
14926
5737
6695
3423
3382
9373
5882
16304
12172
124
5861
9379
15168
12162
5799
128
15160
14956
5928
9291
6740
3432
6697
15012
12159
5756
15111
15181
15058
9311
15031
161
12108
15100
3424
15039
15118
6672
15137
15113
3491
15004
14908
14172
16296
182
5809
16161
7574
2211
3770
12811
8610
10307
4037
1939
14827
8611
10244
4529
11333
2054
10027
3773
1596
2233
12607
4578
2121
8628
272
16038
14710
7509
303
14794
2094
11334
13830
10034
7577
8547
1678
16111
2102
10265
4049
2098
14741
11418
7341
7550
10281
8502
3927
7442
305
1743
1776
7291
12854
12567
1611
2005
3936
12913
8493
1782
4485
16097
7856
11416
3962
1737
249
202
11286
15548
13751
13706
7857
7507
2000
1822
4397
1861
4549
7542
1757
278
300
269
7280
4390
371
4501
7592
15714
11213
10337
12657
15656
7320
10212
14811
1867
12624
16029
314
4429
405
3905
11326
13678
3807
4038
2080
15556
1705
15684
3955
3816
1573
12776
7290
12907
14780
8633
14820
10305
11294
15660
7470
15635
3855
1906
13731
3824
3776
213
10137
7328
1684
10201
10123
1670
11278
4061
486
13916
10057
11192
14849
14791
3805
7335
434
7588
7483
16083
7595
2116
12879
1894
2075
14842
4497
11405
16020
14649
8604
11175
495
1630
4058
13696
13818
3799
16146
12781
7511
4467
2081
14666
12914
13667
7382
383
7475
2002
8481
7340
15632
7450
15562
7269
2012
3914
8578
4379
12719
15643
4510
10247
16063
428
11254
4601
12833
7565
16157
7461
10100
11224
4051
3869
13842
4436
14837
7549
16057
13679
11370
12690
287
3922
3783
15696
3893
14743
4545
12694
3996
14690
435
7304
15663
4532
13663
10175
2158
13736
10033
476
12704
10249
10089
10047
16050
12857
15634
4551
10339
12708
12629
10145
15730
10262
3867
7263
1988
3899
369
4414
13909
2089
12812
11193
12895
2140
258
1593
10091
14720
4374
273
7265
3903
14870
11130
7488
4492
7552
14816
359
13930
3772
15541
12921
1967
3881
11206
3944
4383
7874
4591
15678
12825
12779
14635
1982
13855
264
14893
194
13846
8529
16154
7503
7632
2243
382
8617
8577
471
1783
15628
4014
10274
15588
12691
7399
1730
1645
14751
2187
10222
503
3793
13817
12775
341
3840
4048
13873
7532
3801
7305
13847
12869
13834
10182
7314
1749
1837
15729
7493
1714
12916
13878
10243
16059
12863
11337
12667
392
7572
14789
411
12606
2139
1932
11412
12621
13917
10132
13672
1720
1934
10238
246
8473
1703
285
7279
11401
12804
10116
3963
16142
1631
1841
2168
16112
13799
10331
8638
12580
11190
255
1933
3774
15621
4524
10283
12717
13806
14657
11168
11141
4533
1750
10119
1946
12660
15559
15688
327
13944
12598
235
2141
14712
11386
12783
1729
15593
4540
10037
4347
11387
4452
16151
14749
16053
7261
3878
10006
7432
7548
12609
12622
7426
16092
2126
7429
13950
13693
13793
13948
14663
12792
1976
12898
12663
1695
11179
7864
10013
2137
7626
10109
3859
3894
2207
15740
7554
3934
8498
7331
10259
11327
431
3913
14681
4506
12610
3779
2009
12705
3864
8606
7384
242
12682
7598
10060
11424
11437
16066
13838
1702
12922
14643
12735
1759
14895
11363
11354
1958
494
4462
13942
4566
1601
4568
8460
8531
4469
3890
455
11265
511
15655
2165
323
1908
14824
12727
16042
13775
3842
10310
12819
16031
11322
7410
1889
1736
12713
13682
4560
10234
4574
10332
10321
2220
11379
7525
13723
2237
4015
9995
11421
13898
12683
2064
14682
11180
11221
7639
10058
14728
14875
10296
267
12714
12656
12601
501
12901
10253
10272
1594
7292
2208
11389
14818
12797
11419
1648
3767
207
8591
14766
10081
13712
14638
1721
11240
1771
4352
14764
2074
4022
7409
284
16043
8463
1588
15745
12666
1969
4536
16133
468
16079
1598
1883
3972
9997
13905
3896
346
7354
4464
11338
2060
385
8632
10304
12912
2106
7859
4493
10269
10111
7444
1719
13788
7274
11219
2159
8567
7617
12627
8565
7502
7282
1574
1605
15675
11170
2130
10054
1959
7495
13866
4516
311
1912
2099
4514
1617
14692
3946
15674
1704
11215
4419
11176
14668
8635
4577
1897
11340
1835
10183
11155
7522
11208
260
13941
10048
4378
10072
10218
14651
11266
2188
3976
14698
4036
15590
16087
3951
11345
10309
4448
4074
1799
7618
13753
7338
3990
7596
16037
3916
15580
10055
13825
4026
15697
12842
1752
204
13680
11344
13933
3812
13850
10103
10318
3839
13874
1669
2016
1570
1968
1909
7288
2194
3909
4428
7238
7641
1626
1777
10240
11313
470
7620
13926
1732
7391
3833
10180
3992
7325
16101
14769
7449
15543
316
16153
437
13853
3918
16108
2134
8593
1690
3897
15723
4018
10052
14883
10148
13945
7474
14669
8634
218
11171
4521
14866
10053
3886
15687
3848
15557
2007
1679
462
492
16149
1711
1829
7285
13813
13857
1791
14704
7267
7875
14847
10126
14732
1683
10252
463
11393
14734
4409
2124
7412
3941
2172
12718
12649
12917
480
12679
4423
12730
7333
7505
8479
13690
3993
1653
342
205
10325
14874
1688
8562
16155
1697
15669
4007
12578
1694
7616
2049
4399
14776
13728
11152
11347
3884
2093
15565
10172
4422
15722
7355
10285
1944
11367
7850
14782
4463
3820
14887
14639
13746
1873
7506
15622
364
14788
14674
16072
231
16128
14637
4518
10303
16027
1650
10334
2108
15564
16127
1949
3942
7612
7607
10092
1832
7541
338
10076
2143
8594
12689
12645
14878
490
14787
12706
16047
7296
10338
15578
7501
3851
7869
12603
7585
4582
443
10068
4411
14804
4586
10063
10108
517
15672
13891
3885
2156
422
7491
12871
8583
16082
12868
266
12698
4442
13703
1584
14722
14877
8556
256
13759
7241
14839
10326
4607
1845
10042
13779
1789
7494
4482
1910
8561
14697
7624
3956
3898
11281
14817
7297
7582
8599
1898
14753
4045
333
11186
358
3788
11178
7247
8574
13881
10156
13658
16132
4354
2127
7642
12894
2090
11146
279
10199
4537
15581
4495
12752
7278
15553
465
2050
12628
10208
15545
2123
2224
14714
3998
13721
488
15608
2118
10124
1805
10131
1567
10302
8533
16166
9999
12814
12728
2073
1997
309
11390
15571
8621
4071
10144
354
13947
12826
4041
7317
1706
4376
13924
7397
8636
14871
11197
325
11205
4345
7234
2238
3792
10011
15642
1698
12570
3921
1790
15724
307
477
16148
8550
7492
8568
14654
1686
8551
7284
3974
10061
12859
3856
15582
1950
10299
2215
2110
10083
8510
14694
508
11169
8548
432
15616
12796
12885
10263
2045
10005
1644
10160
484
7401
7244
1672
11249
15685
12815
12674
2025
7454
15639
10035
10169
11223
11425
298
14882
438
9990
459
200
11343
2136
4385
10289
12613
4517
13798
2249
11411
317
12676
13800
13755
275
4017
240
4359
7260
424
1797
10328
3778
3891
2232
4362
3966
10176
12693
7310
13702
1649
1975
1637
7307
7524
2013
11134
1974
7579
11271
13654
15609
15604
13685
1847
419
12684
4406
10140
10203
7334
8520
7638
3832
16052
4571
10270
7457
14848
217
1616
14696
8506
10213
10179
4417
10136
15585
15552
16140
8572
7364
7547
10153
7529
14662
4580
13939
13877
14707
7352
2039
13724
4527
12808
4023
4005
2042
12725
8482
16134
10159
7362
14888
2218
12790
14684
11301
14735
10190
10250
15662
11306
14676
10095
347
14798
1744
7623
16021
3983
1657
7516
2004
1893
254
14768
367
1733
4370
7562
4040
16135
3866
4009
8595
1957
3920
15598
14658
12635
7456
237
2040
15651
7469
1774
11332
13880
2052
2014
13851
1643
12782
3870
248
8455
16056
15692
12616
15584
13786
1780
1646
8527
3818
420
7514
4372
8549
2186
4486
8491
11207
1764
8494
14636
2169
13883
7497
13928
7468
16039
14680
12599
1864
483
10158
12699
2101
1915
3798
16089
13862
257
328
11430
11341
1955
12632
7327
2132
16040
8639
3794
7556
4405
2180
10155
4456
8458
10112
15603
1884
15743
10044
11383
8546
11150
14739
7300
13875
12856
8637
15627
10217
14784
1677
7273
14775
3786
15612
3945
8602
10152
12809
14863
1794
12829
10018
7447
15599
1796
2038
12677
7318
1826
2149
8612
12786
201
8581
11433
13921
4363
8524
12587
13694
3940
12723
10099
429
8563
14665
4593
8497
12818
3961
2082
13664
10002
1800
12749
2113
8597
7629
14708
2017
1758
12864
16022
10219
14894
2105
13708
11299
244
7264
12890
11260
4435
15602
7477
7866
3845
2240
3873
4065
11204
1740
13659
15712
2244
12830
7489
16117
3875
4535
15577
12787
366
11376
14718
4075
12711
11291
1638
450
8559
13887
1954
12597
4056
12670
16143
12617
4012
1844
4357
4047
7508
1742
1993
7602
10074
10191
2196
8630
7570
4365
1987
10295
4562
11252
15629
11153
7521
14756
11263
11248
8584
1850
10031
4039
1914
13674
8601
10170
10195
2086
1756
10327
2043
12886
2084
1661
12915
4396
2065
8540
466
15659
12678
14754
4020
7326
1986
13777
7460
13824
13839
425
12896
8557
15657
1793
439
1870
13859
4544
7567
7471
1980
16152
11132
2125
12668
13840
12800
493
12685
15637
11157
7408
10306
10317
2120
15594
7512
11131
2221
11319
7342
1923
7353
7237
1708
11350
7513
11282
12798
13904
11362
292
13738
1853
2197
4381
10220
1801
11371
1604
1848
15671
11276
11410
478
10248
7321
4539
2008
8501
12767
7560
12732
10073
3828
11395
277
4433
4046
15670
1700
14679
288
15700
12806
7599
7559
252
14746
10084
3847
7443
14673
11177
11182
360
11400
1709
4034
9988
3912
14648
10041
10049
10121
15615
4473
11283
12823
13665
7546
12891
11440
10166
1807
7452
1655
12573
2155
4555
11368
12881
3808
12803
15702
4064
11160
10229
227
1681
13833
500
10038
8544
12847
13918
1878
16067
507
12651
15741
7558
14685
410
8525
12875
4430
4504
13816
13747
1765
2157
1936
1860
10046
4579
11366
14646
233
3841
8509
409
14836
3785
11236
1879
7446
3822
13778
7281
10168
16026
14716
15605
12745
1748
11439
11172
1699
302
210
2242
15715
13756
3929
13849
1583
8624
413
1712
2031
1943
206
8627
16046
14655
340
15735
1580
14810
14634
7593
2239
14854
352
12838
12575
10209
13673
4595
234
2204
1931
12813
12817
11384
7854
10204
16070
10207
16055
1859
8516
12880
3849
481
8513
13940
15611
11201
15620
11238
7476
3906
4581
11422
10286
10275
15649
3819
7243
7853
13937
10019
11374
224
11423
12769
3823
12762
1682
8644
2006
1713
7377
10314
4472
1979
250
14845
14881
1852
7578
13770
16025
14869
13684
13741
2202
3874
7337
2152
232
4608
10039
15646
10134
14678
1779
4488
13729
13922
271
2122
3861
4069
7631
4604
3797
16098
11143
15744
4078
14729
10003
1623
11359
4565
7324
15619
10336
10246
4557
384
13949
12923
388
12571
1792
324
2176
2046
4554
219
7561
14846
7375
11184
363
379
4050
7619
4021
1629
12672
16136
2147
4060
4573
326
7603
1665
14853
1716
12889
498
12633
15563
11392
241
14640
14873
4558
7252
3802
1778
2227
13710
11242
13823
11145
10157
1718
1973
13923
440
402
4515
10293
3980
16123
1916
2170
245
16165
16034
15547
4432
10291
4072
13669
1962
11165
1738
10278
10266
4592
8476
2030
12840
4393
1627
13852
13656
12748
1806
12780
7601
1614
2181
2163
2145
1772
289
3987
353
11198
10029
15600
15542
4437
3862
13870
10241
1921
7606
15607
14792
14727
7613
8474
8507
10127
10093
7254
16139
15606
1877
13860
3911
12658
10300
14862
4412
2189
1876
335
12593
2138
8600
12642
441
10312
3852
7242
516
10149
11408
16125
2178
16060
16144
10313
16114
7303
1647
16156
4002
7479
7465
4572
2115
15658
1890
16077
12843
12590
4459
1892
14809
13742
11210
11156
11309
280
15719
14763
1592
10071
10026
10315
13735
7416
1787
7256
457
442
2200
10197
2100
16065
13827
13739
4008
10257
11183
2085
4528
479
15617
2214
7636
2087
4013
1769
16051
7614
12904
1871
10079
13795
7458
3768
7387
13871
3959
12865
7555
7311
7374
1781
8528
7381
8505
12924
11380
1723
10284
7400
1945
10185
15618
7530
1722
13720
11164
11144
1597
11181
4461
2203
10342
10150
13867
13785
12846
15699
10239
7630
1881
3973
12586
16028
13675
7462
8626
1995
3970
421
11139
7253
4401
1662
11357
1868
4576
7608
14713
10335
14703
4434
12605
14807
4079
4076
12903
344
11258
7402
12648
4538
12675
12636
7423
12765
13666
4392
15586
16115
10258
7299
10070
12831
301
13661
458
4355
11247
2245
1689
15704
1872
14841
11161
8643
4408
13790
4346
1952
1710
16138
7594
2018
8500
7372
1798
10225
2167
1671
4055
8587
3995
7584
1602
7573
7520
7358
4500
10333
2185
11235
12909
1911
2201
11314
2076
14760
10319
318
1839
10329
10101
2001
13888
2129
3811
16069
10113
11279
220
7553
15706
13934
8538
11355
12665
404
10205
12822
10000
2183
2048
11214
4421
13908
14852
491
13783
4447
13677
12824
3837
11378
15676
7315
11173
4054
4380
365
10086
1891
1833
7545
7621
8452
1687
11270
2210
8499
16081
13807
13951
10308
403
11261
13804
15708
16110
4589
12664
3825
1685
4356
7424
13900
7351
7403
15566
14733
4484
8541
15538
10268
1640
2228
3860
11185
7262
3939
10216
2154
14765
433
203
8620
11364
11388
4425
1585
7535
10010
412
4507
8580
423
1854
290
14758
2191
11358
10056
8487
11137
7860
14762
7539
386
13910
10194
444
2097
225
14802
7861
12788
8543
14641
16093
3919
11336
14796
12821
4043
7319
11233
13814
14671
12559
14730
1808
1913
10128
13796
14719
3930
14876
7863
11166
4000
2146
4449
13691
4606
12734
1926
7568
12747
10147
11293
3904
15650
2036
7251
13820
7385
8496
3826
336
15747
14660
4542
4029
15613
12836
7312
11428
12671
11289
7420
16076
3810
270
2128
7575
2231
1608
505
372
12764
7308
15631
13767
10228
10273
7392
14813
6885
9858
832
659
3129
591
3263
6793
9687
16338
11837
14308
3294
731
747
11826
16415
14293
15355
705
810
3320
9690
9902
5958
15333
14271
9958
11880
9698
9894
524
3299
15361
642
6877
15357
9957
9684
15339
14273
11803
3057
797
3172
533
15292
6834
9702
5959
9738
14277
3323
3209
15322
9820
14203
16430
16382
3178
828
3268
16334
6902
14278
9670
616
3162
16337
6809
560
14303
3282
15327
9840
687
11805
6881
6874
9762
16317
786
733
554
9921
9868
3254
9916
3317
9851
9802
14198
11808
765
3094
11813
9754
598
6893
3047
626
16436
9797
3324
9757
16381
9845
617
9778
3247
3306
9783
3304
6869
9768
8137
15350
8153
14257
9922
9785
16380
622
9776
818
14268
6836
9900
3271
761
3227
629
8139
14280
9736
3148
9871
14222
15347
3069
522
11869
9710
9747
9966
15299
833
14246
6831
16349
3315
6813
16401
9882
3031
526
3135
16352
675
624
3195
718
16350
16316
9733
14231
5969
11804
627
558
14205
9863
16353
9760
14306
760
3235
673
8122
9741
6909
6826
9824
3206
14298
9839
11793
15337
9728
3056
9869
523
3300
15362
588
15308
8155
9854
9823
3313
6872
540
5984
14225
3201
3212
14297
9929
609
3214
14219
9804
806
15343
3244
9850
9686
9829
15295
722
9935
9795
14218
559
14269
3095
9946
16343
3165
645
9764
6906
3105
6884
9938
5976
6860
6864
6835
9853
9947
546
538
15290
9967
14224
3059
3085
16432
9891
564
573
9985
15344
9815
11818
3151
16396
3325
536
16438
6820
15289
14255
3180
3236
15296
6830
9830
9920
3290
5963
577
6824
3150
9860
11855
611
701
774
597
3270
9887
561
6851
11838
3329
16376
16379
9740
16407
529
9766
11831
9678
3093
652
9745
3068
15356
9855
3203
9846
3128
8152
9836
3285
742
3238
8080
3326
3161
8096
9927
694
9955
3118
6903
14290
3120
16395
11832
3266
16414
784
15301
9706
754
639
14282
14202
14208
9715
3088
14201
6859
9701
3076
829
9979
730
9709
606
16340
3132
737
16384
3113
9977
532
16342
583
739
15300
8116
15311
9758
3160
11852
9982
3073
9904
6825
16434
520
16392
770
6880
3077
3154
815
16398
9890
9751
9912
9828
3240
16319
11807
6854
9722
792
14283
9732
15320
799
9827
736
9867
15335
8111
5960
9939
3284
9907
15331
9897
825
3080
6843
621
9881
6894
9981
9763
9933
6898
9718
3331
586
11865
619
725
556
14288
9872
9789
8091
6876
9726
9769
15363
669
658
11859
9956
5974
16400
3041
637
3096
6815
738
11857
729
15328
9908
692
9898
3210
16362
9986
6857
3192
3332
16364
3307
14210
3074
6873
11806
5982
9689
582
3249
9743
685
6812
3144
547
3303
9752
6837
6844
9934
15359
15326
14284
3318
779
8150
14259
9672
11816
3123
9771
15351
9773
11853
9801
15345
3288
16330
3239
9943
8144
9780
9713
3108
8094
9798
758
9810
721
16365
763
769
751
3051
9812
9793
9862
6839
549
6801
6908
16344
3169
11815
14227
803
11881
9723
6863
6875
635
3055
800
8149
9873
9816
9822
9794
9806
16431
3316
8133
9699
14295
3232
11796
6879
703
16397
625
6829
16445
5966
5962
3071
11830
3190
9844
9896
3042
9911
9926
9976
15298
3305
3140
6895
8141
16422
605
9667
9975
3168
9974
8088
9759
14296
6807
15318
9694
6805
11850
633
3279
11849
14250
16373
9953
16360
664
3243
15323
600
16363
9937
663
9969
11820
14292
707
6855
6910
820
16359
682
9677
655
6889
620
6891
3036
623
3040
671
8114
5970
798
9714
11825
9848
16323
674
9679
789
3060
3264
6856
3091
6799
14286
6816
16383
660
9779
9886
732
8128
752
6899
3039
16346
8135
3170
3176
9877
11799
9987
9724
9918
14234
6828
757
11801
3145
3269
9735
15348
6817
3218
3296
3054
16318
11817
3259
16421
643
813
15358
16339
6897
14235
8083
9813
5967
9843
791
3122
719
16345
9834
3078
3250
3098
6797
595
741
9799
3191
8136
11846
9787
8093
9893
14253
16368
9895
11790
9739
9852
3048
16393
14249
6804
8127
14193
768
16390
15297
3107
9856
14217
9892
14236
14197
9807
3193
9777
9905
11841
11878
3171
16437
3143
5972
6838
740
816
727
3298
9889
16370
567
3330
8081
14211
706
15293
16439
8121
8156
814
3053
16314
812
668
6819
15288
9838
6798
3287
9665
781
530
9909
16440
9832
9950
3089
590
14266
9725
604
3219
3072
16386
3066
14209
15303
3179
16424
702
5950
16416
3237
6832
3265
14252
9963
709
9669
9931
3215
14294
827
9796
16369
9962
566
9708
8147
16402
557
16332
681
14199
618
16324
8142
795
8105
3155
537
3283
16423
767
610
9875
11879
9676
3104
3242
796
6901
3114
8103
16375
14309
16351
11882
9811
9968
16357
3112
8124
11856
14228
16389
756
9695
14244
5956
14247
14299
3207
9951
677
11874
607
11809
3034
9831
6862
3133
3075
569
801
9680
9932
780
14248
3223
830
15315
3045
15294
826
562
15306
3197
5952
14213
9729
790
9675
16355
3262
4236
13961
15805
9176
14072
7990
12053
8054
9108
14543
5473
14607
12092
11477
15775
889
5580
4166
4098
968
7719
4251
15798
1039
7687
9188
1010
6469
15223
12019
12013
12048
4162
11445
8006
5642
1011
5388
14585
5372
6335
7781
14044
14108
5682
9215
9127
5717
4144
5357
14071
11891
4094
14544
946
7944
4249
5464
11519
5453
4178
5665
5619
15238
12014
4288
4100
1038
6317
9075
7913
5674
6391
9177
15258
5638
4241
5412
14006
11482
15799
14065
9081
11935
4137
9071
7810
11961
5602
16514
7839
9241
900
5488
4234
5573
7706
12038
14095
9196
14112
5673
16636
14620
8779
6364
6369
4289
15196
4084
8011
9227
6307
6366
7936
11460
5644
16496
15255
15257
9230
4097
5502
6422
12036
4168
13980
1083
14595
5694
5435
12091
4248
14577
16582
13981
12093
7754
5615
9104
936
5563
15765
5699
1014
6436
12040
6468
15267
5686
6406
16522
866
15793
4095
4092
7799
7674
2739
11923
7928
5520
5714
12023
5645
1042
11957
16622
16490
7709
11946
6452
16508
7963
11529
11503
11540
9116
12044
16454
6411
1053
5485
4266
15197
6432
11894
7935
14021
14016
7734
5586
4261
855
14132
5410
11916
11537
4319
12080
16494
14036
9202
885
16541
7767
5364
5597
9165
11459
5428
1021
935
14565
1078
4157
14053
8017
16604
16596
965
11950
4096
15762
12072
14584
16493
14104
8005
906
5646
7682
7726
8009
5409
4152
16569
14057
13997
9133
14615
7677
12101
11449
1052
9074
14604
4317
14020
7807
7769
1054
1058
4171
6362
13953
7849
4304
4125
4175
11987
15206
9102
5648
15748
14050
14002
7759
865
7654
11969
9093
898
11468
7836
5630
9168
7909
4274
12076
16465
1032
7801
4312
6420
11886
14041
14629
15777
11983
16592
14131
12006
8020
5414
5550
914
5378
5514
6365
14541
14550
7698
5354
11472
5397
11917
15263
11559
7733
5695
14151
11980
6472
6430
8044
5599
6416
2741
15227
7979
5523
15229
14003
11486
5437
7742
11893
5598
15247
4299
1093
5387
16499
12069
7779
4204
15769
11526
6378
14113
16479
5506
5716
7732
1006
15217
883
910
5404
7835
1062
6336
16491
6478
9151
7757
5396
9077
5497
9078
7915
14150
14102
13973
16624
12071
8073
5571
5678
16559
12063
12055
1001
6476
863
5565
8071
7683
15791
6346
9207
5558
951
973
5529
6341
14553
998
846
11972
7712
9066
8774
857
917
6459
16553
9106
5572
4321
5503
5661
11516
14106
5582
4201
4183
5413
5472
4143
7950
5479
8066
5703
7740
11446
5651
5604
4153
7728
5522
5669
7671
15251
4145
5420
5487
5408
16598
1077
8784
13958
14058
7747
5538
12032
14144
4283
5521
5430
7704
837
8052
4246
5534
4258
14560
5371
9190
8038
1024
9220
6313
8782
8771
1087
4123
7830
4167
958
7985
15803
9096
7804
5481
16628
15756
14022
6447
7782
12015
6423
9195
14621
7786
5394
8051
1036
11988
16524
14558
9085
957
14583
5577
12081
9137
14067
4219
16505
12028
4106
14564
11939
16625
5455
16540
9208
7846
961
15222
12049
14043
4196
16578
11963
14085
7741
1031
11954
8758
7967
7964
4222
2743
15239
6318
7724
7932
12046
1047
902
13987
5510
5433
15221
13957
5368
5622
1018
4270
1079
5569
6484
5361
5518
6379
13979
5381
15198
12057
8046
6454
9180
9192
7656
7946
12089
4140
9129
892
884
5449
14628
5450
11944
12005
16511
5429
843
7765
4128
12034
16563
4223
6325
6310
926
6375
7929
15193
7951
11456
9182
9248
14588
14069
969
16501
11498
5359
14004
4107
7699
5496
5685
14026
13988
890
8065
12102
1009
4090
8777
16548
11463
945
7984
5687
7776
6381
7847
7744
1028
14047
9263
5495
4259
6329
12010
4227
5627
4191
6435
1076
907
11527
14614
5688
9170
4118
5564
14576
4273
6427
7659
7790
5436
5471
5422
4211
7942
15236
5427
8021
1057
14000
16495
7926
14014
1060
6348
11450
14563
9110
5698
5498
1034
1046
11513
1025
16626
9245
14555
15753
6339
11933
12079
11904
4207
9186
838
11966
4156
9142
1059
7774
11530
1072
14580
15754
904
7731
11905
16606
16498
5423
4230
11943
15204
5662
12065
14139
5656
7995
16616
14079
9223
7666
16539
6382
5613
5524
908
6433
16612
13967
7837
987
11454
11550
4147
5459
9112
14597
9185
5390
1084
9225
11478
8012
4177
4268
11890
864
15210
5539
5545
6443
4293
12041
8778
8063
9097
5356
9080
7838
7667
12094
845
11948
4115
11936
8070
2749
7673
1004
16601
995
9069
15245
16538
8027
9162
9201
16593
7796
5444
7715
7794
14142
11504
7992
7655
854
11561
14049
8057
14091
5491
5507
5684
16558
7737
9222
4180
4214
7778
7941
14024
994
7697
7727
16530
12020
6462
14574
7815
1067
14152
11895
16574
9258
5386
5702
6373
4262
950
972
15764
909
12087
14606
7974
14076
11523
14545
4174
5549
14037
928
6419
7930
1000
9099
5358
15244
5620
11458
11898
4243
11480
1066
5458
4173
11505
11455
6475
941
15268
11934
9088
11889
9094
15211
6305
16586
9166
1091
8010
4313
9109
990
6437
14126
988
9121
1080
5663
9206
6353
4225
9228
8790
6403
9063
6404
1007
4112
11461
7833
11475
5583
5432
5548
5399
5483
7681
13968
1082
5634
11560
2744
11536
7664
13964
5546
11982
4126
7762
5465
5666
14624
8025
15215
4108
4264
16451
11507
14089
15225
4232
5657
7746
5470
16600
7914
5395
7825
6377
9062
4237
7721
9257
12033
4301
5591
9200
7748
849
11967
6368
16500
5621
15763
6450
6314
9147
7920
7696
16595
9113
11997
7937
11978
2745
5719
11999
12007
16630
15797
5442
897
7819
12105
14099
7689
9144
8058
5640
6440
5636
8055
1051
11951
14546
5418
984
16568
14096
7668
4320
5589
9204
9262
4111
9118
14032
7707
1073
4158
7676
13969
5477
9157
1074
5664
9065
9236
16611
7703
989
4250
5562
4080
14610
11995
4195
7793
8761
4133
11979
7720
7736
6407
5681
6414
9211
14039
15790
14599
872
11989
7780
4221
6356
8031
5618
6394
7716
13998
11892
856
16503
7725
1063
7702
5697
12061
6359
11534
12022
985
5601
9067
11501
11442
9076
11554
16482
16550
7977
15201
5490
4220
6380
5406
16525
7821
9114
7988
6477
11485
12086
6467
11473
14566
5512
12070
7947
16572
7987
14591
13977
1064
14030
11998
8035
4129
16543
16527
11532
4113
16528
4120
15213
5532
1088
5675
8770
5519
1012
5533
6320
5425
12106
6399
13983
16457
15786
14111
839
15774
16554
9120
14631
5680
11539
16605
14143
6309
4282
949
4127
9164
9250
11524
5585
11488
4091
4297
7775
7751
14051
15253
5711
873
13963
997
4206
912
9126
11481
4218
16599
14554
12018
13978
14590
874
2748
12027
7680
1086
15220
14027
12025
6464
4081
5713
7919
5405
7960
9210
15235
15250
14066
9187
16488
4302
5367
7952
952
8056
11953
11512
7994
11930
4135
16523
4215
893
11926
12002
1013
14078
868
7842
6438
11971
942
8064
8023
8032
7647
4210
12052
4114
14578
5516
9100
16472
8039
4238
9242
5401
9070
14155
851
4130
16623
5494
5385
4240
1002
4226
5650
11968
6326
11542
14083
12075
5374
5415
15771
7809
16617
14087
8059
7955
16512
4271
6374
7800
4179
16610
16492
11444
5398
6396
16509
979
4298
8773
11479
9217
7953
8048
4281
5513
15194
11451
15778
16551
14617
4184
7829
7834
5363
8789
14567
11465
8788
4197
16576
14548
9179
6448
15214
7743
8014
6347
16536
6351
14154
16450
8036
14571
915
6383
982
11919
4279
14018
16458
7906
16460
7949
4275
7722
14573
4212
11467
5710
4245
12059
937
853
9141
11960
1090
14042
13994
6445
1056
5441
5720
5355
5706
15806
9136
7665
7653
15802
15264
980
9084
6457
4285
16560
7657
16517
929
11965
1071
16591
5607
16485
6385
9130
12096
16635
6401
4309
14115
16629
14148
11494
14038
7982
11510
7803
6331
14035
14605
5451
14582
976
13960
11557
14141
9209
5658
8780
15792
930
970
8764
8028
5454
4257
5700
11955
8043
11518
9146
5639
11942
14547
9184
9140
6319
16607
11551
9064
5375
8766
11903
4254
9149
5653
5424
16619
11508
16632
1068
931
4109
7965
5625
16557
14618
7768
14551
8007
14575
9173
944
14117
9178
7701
6332
6451
16477
11941
8785
11906
4290
5536
913
5438
13991
6415
12042
11483
12026
5530
16580
934
14603
5511
16561
12088
7997
12050
7918
14613
15789
5654
5623
9082
4253
8013
14025
7692
14568
4139
4172
5705
9167
5692
5701
9260
4213
6340
7745
14029
5707
5445
5641
15794
11495
9252
14569
6453
8791
5553
7966
5393
4124
12090
1055
14011
4189
16520
835
12095
16518
4305
16585
7669
9229
7911
15755
5517
16575
4235
16461
6402
4169
7811
4260
16519
923
5647
11962
15787
8015
14619
4294
7700
4187
15800
7773
954
7962
8067
14145
16474
6429
1027
6426
7771
6482
11985
6363
5531
867
6352
7713
4192
6465
1026
9068
5568
14611
5570
14135
5543
8018
14013
5434
5457
2854
4711
9491
8158
15900
9475
7176
4801
15985
12390
6019
10901
4997
9458
3575
1282
4907
9546
12425
4931
3705
1537
11776
12462
10746
9636
13408
1108
12258
3751
1174
3707
3741
13504
1238
12295
4889
10855
12471
2846
8286
2736
1159
13325
10761
15285
13518
10905
1105
2567
4994
2893
8885
12496
10889
10983
10839
11021
11013
9565
11036
13570
10968
2719
8893
13512
2720
1275
3574
1533
1394
4761
1383
3722
13345
10997
7218
8195
11074
1099
10830
3693
1202
9573
12371
16016
10996
8273
13324
2950
6628
10802
6115
1278
2610
2730
13526
13523
8408
8810
15486
6572
6126
9530
8413
8854
3004
12542
13642
15436
2617
10877
13338
8211
12508
8395
9643
7899
10915
3648
8794
1325
15939
13578
13576
3609
13316
6641
4895
15461
8248
2927
4665
8918
1517
9489
2585
4666
6585
2654
3590
2911
8908
6138
12530
11089
2556
2599
12454
11123
1188
2951
13187
8324
6075
2661
4938
1149
2624
15277
11767
12436
13283
4713
15901
12522
1372
15846
16009
9570
6619
6004
13437
9506
6029
6527
9450
2572
9451
1312
13261
2615
2542
11041
1379
4332
1338
3628
3006
6089
12263
6056
13574
3528
15841
1154
8160
6559
9602
12555
3652
13252
3556
6101
15446
12342
2913
3604
6650
4815
10792
9472
6575
8852
12526
1187
13484
10825
13532
6108
8249
3697
11071
2820
2598
11030
13293
12507
6140
2932
8229
15967
6525
15865
10926
2732
1527
6007
6532
4848
4888
4688
8349
1377
2668
12423
8233
1334
3761
9501
3692
2534
2596
7199
2722
3638
11022
2957
15843
4769
3559
4656
8267
3593
13604
12502
15456
10950
9603
8816
13162
13188
12538
7173
3662
13380
13282
9567
1135
9580
1144
10965
3007
6659
9571
1155
1182
12529
12249
15432
8373
15894
7152
13432
2783
15850
8910
1201
13165
9614
3717
4715
14159
12488
9588
2701
3549
2618
1385
13361
2602
13311
10824
6099
6605
1371
1147
9653
4696
2706
6626
11083
6508
1097
9524
1531
15471
10739
11727
2734
3538
16006
11086
13386
4659
6551
4816
13242
15534
13294
4691
13217
4965
12372
4852
6109
1223
8812
2849
1513
4936
15281
1096
13326
1216
12417
9632
1490
10918
2759
3691
8832
15960
8887
12343
2541
13589
15958
1119
10911
15517
1406
12550
8333
13648
6595
9060
2802
3668
9605
7146
15816
1194
3607
4721
7233
1367
3518
8389
2761
1215
2686
2902
4996
11114
13585
3011
3557
8437
9563
1403
8314
15473
12466
6003
1265
10920
13568
2520
3016
12271
3630
8890
13641
6501
8161
4733
15885
9635
12518
15515
4893
15485
3005
12315
12330
3511
8343
8312
1395
8198
15269
8228
13455
12244
13433
13278
15811
12543
4807
4904
13503
4838
9654
15450
13448
2568
3551
12498
8917
3594
2782
2985
1160
15891
4748
13646
13598
8209
13342
4794
1492
6496
3595
12307
9658
1373
13269
1168
13314
11038
6553
3507
1227
15810
4843
8256
1409
1181
13609
2707
2772
1330
8328
3598
4739
6008
13481
11729
1157
2695
13548
6531
2554
8393
4668
6043
10873
9056
16005
12485
12382
9593
8802
15857
8878
1143
15974
13291
8255
6049
10848
9578
5985
4675
13466
1370
3755
4853
10810
15528
3508
4961
4898
11012
10875
13266
11023
12309
3536
5996
10748
8799
12557
2711
10836
5989
2731
15914
2597
6549
3018
13577
2622
15856
8243
12510
4867
4952
9634
15862
3501
1381
8288
12456
4929
1128
8235
12397
4918
16011
15521
10971
9590
12357
1151
1493
3535
8844
12253
2699
12414
1266
1280
3657
10854
9543
3650
9556
15882
1222
3736
10982
2523
11031
1317
1284
9608
6133
12503
9473
4724
2600
4337
13514
3571
6615
13167
13491
6137
13238
1407
2764
10789
12385
3012
2773
9523
1505
13534
1156
4781
15864
15470
15840
2993
6122
12359
15430
10766
13439
15814
13444
9486
9642
13237
2858
4979
6124
1170
12289
15876
1525
8920
1146
13303
15982
4669
7897
3684
1415
2538
8853
15870
9514
6012
2512
13226
2770
2931
8370
13490
11035
13196
13486
2971
16015
11750
1152
9584
1234
7168
8253
8338
3704
2623
15858
4999
2651
9448
13644
2809
2591
9613
1398
3653
13315
11081
11756
15956
4723
10942
13183
3666
2878
3526
1561
10921
13531
1281
11016
4896
13355
11771
2550
2580
10951
13638
11763
9620
8441
15892
1241
13562
4908
2836
1557
8175
8182
12552
1346
4987
4865
6061
2557
2560
8174
2807
8362
8210
2937
2779
6566
8318
1125
1277
15453
12339
10743
11107
15925
11018
3548
12464
8443
11772
11037
4662
8283
15444
8332
1304
8921
2620
6603
12345
8400
12483
13343
7881
1120
13322
9532
15896
12243
11749
13596
4699
1196
8421
15494
8903
15957
8176
9474
1521
6639
13594
2643
6092
6519
9476
15286
3724
7165
7197
11061
9561
9519
11091
1204
6596
10993
9485
12306
13197
11774
6121
8270
2616
2725
5992
2840
12375
1164
8375
1495
10904
3533
2874
15437
10833
6517
10795
1351
1183
3561
13593
13329
9639
15271
2880
4941
6065
12287
4778
8190
6580
1211
13259
13501
3613
13175
13527
1190
1328
9582
2595
8192
13543
6625
2710
12478
2961
12346
2887
4782
6016
7889
7195
5987
2765
15945
9511
1358
4962
6118
4772
9481
11075
15921
13335
13653
7226
15961
6098
1522
7158
8847
13471
7151
4725
11734
7189
1374
10812
13280
8272
2614
3714
13465
2642
1359
9505
12327
1150
2895
10908
13349
9513
10938
2989
15815
4915
2712
9049
12361
13360
2785
1228
3517
3521
9656
3627
3670
7162
10769
11001
12376
11735
12266
2638
3651
4901
13364
2758
12283
8360
12410
8168
2708
3597
8376
8821
8348
12280
3542
13436
15854
1392
1287
3600
1535
8899
9484
13255
2752
1258
4779
13207
9630
13494
1122
10822
4922
3643
3610
13583
13230
13608
9460
6060
15519
4676
4980
2944
2942
6537
15448
10953
13246
3552
15860
2590
10742
8430
2526
7878
13541
2983
13652
10967
15464
11097
13549
8178
12247
3667
1217
13451
8177
8891
2945
1123
2946
13630
15947
6529
8880
8414
4737
8873
7888
12533
3567
13264
8864
9662
7191
8355
9527
12259
3002
8895
12439
3587
15930
11044
8914
12509
1355
13210
7144
3726
15483
8183
9569
1296
13198
11753
13307
2995
3641
9051
8364
4958
13228
2970
3637
2660
6073
4702
6066
2838
6557
7194
11565
10961
4872
1519
9548
12521
12420
8279
15821
10759
15888
3765
9441
2860
11049
2900
8911
3706
7208
12384
10958
3752
11718
13554
15495
10790
15468
11017
13229
7192
13556
3547
9478
1272
13592
1327
11078
15887
1534
13546
8302
2871
13267
10888
1498
4818
4881
4971
4754
1375
10840
3744
4745
2962
6128
8909
7215
10874
10986
6536
1310
15467
12293
15867
13370
7884
1177
8883
7159
13247
10923
7227
2571
15460
8841
10999
13496
1145
6492
1137
10998
15511
11567
11748
11125
5999
8838
11058
10797
10821
8181
2723
10972
2776
1546
16014
11116
11042
2953
13488
2972
8252
6649
6009
9490
2787
11121
15995
2611
4726
10809
13190
1308
1271
13330
6082
15807
2634
15861
13354
15878
7179
1335
11118
3694
4813
15273
2801
9521
11104
13401
3612
13359
15500
12404
4856
8236
13292
15822
7157
2757
1350
13221
15853
6112
9050
3572
6080
2863
2539
6023
4776
8440
6587
8327
11080
4744
15270
2716
13276
7207
8341
2545
14157
12268
2929
3584
8418
9576
15512
3509
12554
11002
13545
4821
13413
10753
9575
11761
15954
1538
2839
4718
13474
13429
12441
12458
13587
2998
2579
4334
6583
15499
12366
2667
15842
3558
1162
10805
6036
2799
3010
1114
3581
3570
15872
2635
2856
4762
4340
7204
10811
12319
8247
6042
13588
12524
2811
8169
2681
12461
8202
9554
8924
8379
8294
12472
4858
13391
9459
6018
8876
13192
1095
1299
1414
1250
8806
3000
9531
13394
15480
9470
12445
13241
4943
6568
12391
1333
14162
6617
10944
8867
4913
3568
6500
1348
2625
8226
2814
2532
12455
2576
2775
10883
8792
13164
15507
15282
2949
3519
8315
4804
8925
1169
15535
12303
8907
2604
13542
6050
13643
13456
15968
15998
1134
10947
11739
7167
12354
10827
4927
8298
4857
8906
13227
13634
13376
2861
13297
12311
1138
15852
15463
1285
13387
11117
1399
6494
15978
13344
12520
9447
13384
1390
15836
2558
1206
6658
1116
11744
9601
8242
15908
8353
1140
15514
1382
9503
1360
2658
9616
3664
1245
15827
3541
12479
15981
7882
13443
3611
13606
13453
13470
4975
4831
10788
13407
10815
6593
2546
8170
2766
13284
9560
15976
9557
12250
10851
10783
1249
3504
13615
11110
2821
7892
1319
8304
2689
10894
8285
10856
1509
12511
3543
8815
11066
13538
1179
10974
6051
4947
13218
11564
13557
2824
15275
10846
2881
2709
7143
1212
12304
10949
4768
3586
4693
13607
1225
13560
8819
4826
10960
12407
9621
11034
10826
8858
8901
13194
4758
9629
8201
3703
8442
6123
15859
15497
6616
12457
3720
9606
1208
15513
12487
12558
10912
13289
4812
1267
8280
1289
13334
11056
2592
10917
13225
4862
2672
6606
1518
1176
6523
12300
6560
3512
6542
8912
3582
13449
12308
1295
1548
11047
13365
2767
4854
2948
1298
13327
11730
8432
13445
15276
4998
12490
6489
15536
10861
12467
12418
2812
8836
13550
10764
13310
12255
12394
13422
8203
15813
13473
13300
12393
10862
8818
8915
15818
1306
7900
6081
9664
13402
3510
2698
10932
1293
13627
2724
7214
3633
8237
9628
10948
9594
4338
8268
13301
13411
2848
6074
1220
1402
6030
8250
1391
2527
11011
8848
4982
2650
4845
3569
12433
12381
2810
3734
11757
9535
9617
4681
1191
8390
10885
3555
10785
11742
12400
9462
10933
3014
15278
7174
8352
3677
1357
15879
8300
6539
4833
4703
4827
12403
4984
8239
2603
15435
9464
10760
4658
10939
15996
8900
4777
7172
6083
2682
12516
10900
8866
3708
1229
2943
4709
3502
4747
2648
13231
8357
8868
4654
3733
13478
9585
8378
8244
1347
2850
10850
3636
13567
10755
4708
15428
12527
10837
9599
1343
3553
11127
4991
4906
16017
15907
13211
3681
4732
9540
8444
3701
12534
2657
6010
6120
2859
4966
6117
1141
15526
13460
12365
13288
15952
10863
7224
6507
3001
10895
12332
2750
8275
1542
12241
4757
3711
4905
1290
9452
3602
15931
9649
2621
12416
2778
8172
10936
8422
4825
15915
11737
1499
8371
9466
13366
11059
2981
2956
13285
7154
11782
12374
8196
15477
11740
13279
2906
1400
12519
9497
2718
2990
2968
6013
3532
8423
11773
6506
4944
8383
15458
8399
13174
11027
1231
1246
15823
15899
11124
6107
4949
15895
2679
4869
3713
15990
10963
12333
11766
5991
4780
10910
10747
12512
8451
2669
6654
8173
15459
3539
2630
10779
15943
6072
2982
10876
11090
12265
1545
4704
3645
7229
9587
4712
13181
1219
15897
4884
9623
13200
1210
15890
6604
2647
13388
8301
9624
4698
12294
12251
2935
2934
8307
8409
9508
12501
12318
3615
12389
15886
1268
10896
12321
2940
13618
2938
10935
10981
11087
8317
10868
13601
4890
15973
2816
8167
1198
2964
15506
15880
1368
11780
8311
13559
13492
4883
1508
2755
12546
10834
13613
12314
3619
15283
10745
13605
13558
12514
2908
2852
2924
15986
11000
2896
7149
1297
13640
2868
4746
15505
9538
4974
12285
8902
13395
15443
4817
9456
9660
11008
2966
4835
10969
3642
5986
1192
2875
1148
15868
15993
4930
7222
3015
15875
12336
13346
12378
15937
6618
3743
4851
4960
9517
9542
10838
12370
13186
4950
10823
2696
12252
8356
2818
4692
11100
13202
13270
13378
15918
2999
12282
11101
4720
1235
15987
8820
9627
12326
1260
6076
11732
8241
10772
12499
6005
1236
1553
9650
12463
1175
6054
10756
12491
8281
4910
13480
2547
1543
6544
4328
6488
13500
13650
7171
11108
9487
11779
12405
6576
8412
9482
8447
1411
8859
6513
6578
6129
1506
9510
16007
10962
4765
9655
12369
12316
2561
4824
6026
7182
11759
6631
11768
8303
9529
16010
6127
16000
15527
11077
3022
3520
10835
4722
1504
9625
13170
2687
15881
3506
4887
12544
4935
1329
8310
15833
4829
4717
10768
8342
12273
9610
13368
12338
8199
4842
15959
1323
9454
15272
2515
4886
10976
1388
10922
3537
4940
3698
13176
6543
6067
13600
10849
1110
13633
9589
4861
13212
13260
6114
13281
13645
12495
11102
13529
9055
3695
10980
10784
2714
10970
7164
8179
2921
1523
9651
13509
12281
11769
8347
6045
11092
8216
4679
4932
1387
13464
7883
12312
2894
15851
2694
11112
1163
6497
6636
1102
5997
1354
8881
7895
9498
2965
4706
12429
15503
13431
15433
6535
13168
11072
8295
13222
3660
8840
12447
12474
9504
10793
2898
15844
4808
13564
9579
1512
4325
9507
9562
8425
6103
6130
1362
6541
11764
7219
2559
9537
3554
8231
3746
8793
9577
13287
2918
15950
1113
15912
12288
7148
8384
6104
7898
8796
13373
11129
12449
13273
2994
4770
1256
9502
13298
4731
10738
7200
1172
8230
4774
13452
4752
2851
2715
6502
3654
10906
8184
15820
4924
13506
13517
3566
6652
1307
10985
12399
12257
8862
6598
9467
1386
13369
6077
3640
16012
7225
1207
11115
13441
1497
12324
8855
4834
10913
4923
8234
7193
12239
8218
1528
10924
10869
13446
10865
15509
1205
13553
4753
4697
13318
13524
4811
12489
1560
10741
7230
10847
6505
10992
12409
8359
13363
2930
3560
13184
13427
12523
2544
15965
12355
9647
2832
2530
10752
3522
2652
8813
13199
4981
2869
8380
10803
13581
15508
11722
4850
12517
1318
10831
12392
13417
10773
8386
7188
4836
2793
9604
13418
13479
9572
12380
9553
6068
11045
10872
15522
13555
15819
10927
7180
15923
2516
14163
3728
10880
15970
13563
2835
1214
8397
7216
11014
8403
6509
15911
10857
13499
11062
13575
9549
13440
4671
9442
8320
13519
13313
4667
9547
9058
10867
12408
4673
1165
10934
8180
2563
11762
11060
7902
13275
15808
2593
9644
2583
1094
8449
1261
2780
10763
4892
15530
3631
4946
9471
2829
13239
6592
13253
8897
10800
4716
2760
6653
11098
6635
6521
6563
1322
10994
1501
6634
1494
2518
2570
3658
3659
11070
9657
8827
15910
6141
10878
6057
4672
3623
2917
13374
12299
9559
11765
11009
3696
15969
9453
15489
6573
11566
15455
10946
1218
2633
6608
6040
8851
1556
7220
11052
2907
15962
2941
4689
15913
8276
4879
6630
9539
8277
4970
2873
8919
6581
3003
6044
4846
13516
12440
13629
13619
4973
15824
11068
4322
13405
10870
13399
15874
4786
15949
4909
2521
15812
11094
8814
11065
13383
8238
3685
10777
11775
2564
15935
4897
3672
7155
7879
8305
9596
3515
15826
6070
9600
2577
1197
3762
6486
11015
15523
2862
6584
13469
2813
3603
2690
12301
15475
9483
13220
6071
11122
13219
13625
11082
1539
13341
13180
13172
1544
8450
6495
16002
15883
1115
3545
7098
6924
7111
1473
16252
6246
9003
15423
16183
8991
8948
8981
11581
8979
8930
11683
6158
13103
6154
7105
8996
13112
6148
14312
6236
7123
7027
1425
6932
15383
13125
11688
9004
6165
6156
1437
11715
6266
9001
7028
16248
15421
13133
6293
3028
16222
13152
11600
13109
13151
1484
8935
7138
9044
15420
8972
11616
14315
6228
13094
1430
7129
13064
7065
7113
8946
12964
6297
13048
6301
9014
14339
15381
1452
11612
7075
15415
13096
12991
13148
9016
16217
13091
13022
13105
12987
13072
9006
15369
15368
1466
13073
11579
12926
15378
13132
6247
12992
11640
15407
13009
9030
14325
13070
3024
1467
14326
4647
11572
8959
8986
16200
12945
13134
16180
16238
11631
6963
7107
16181
6930
6207
7068
13102
4630
4619
7018
6164
14335
1441
6302
11637
8937
6278
8927
8989
12954
16234
6259
14358
14330
1436
6189
13029
6220
8928
6211
11716
13157
6978
7073
15376
6917
11700
13036
16219
13130
6287
11685
11633
13081
13117
6944
12938
8949
8969
16211
16268
6153
11632
15404
6303
7087
16182
6191
16237
6922
8965
6958
1450
13074
6200
16251
11681
15409
15391
12936
11696
11699
11597
13090
13079
7066
14351
13122
8992
9018
13005
12944
14341
13018
4640
11577
6948
11591
9034
6925
14368
1438
13030
16273
8997
6988
6232
13076
6918
13139
12970
4621
11593
7043
7070
16258
6238
6950
8939
13000
7063
1478
6233
15413
9045
8955
16193
11679
15389
13075
6268
13039
11607
6914
13126
7057
11662
13161
7040
7052
6193
7082
15390
16196
9026
13160
6954
16265
7005
14329
7092
7006
6985
13099
1429
6912
14369
6969
15372
12985
16221
6977
6961
6181
7020
15394
11708
13080
16255
13108
11695
12976
9005
14342
7015
14349
8951
4642
6915
1487
6956
7091
4637
13143
14361
13128
11689
13115
13159
11595
6983
16177
11588
12973
6979
6265
6976
6923
8258
13027
8257
16266
6248
13110
16168
6994
14377
6993
13052
6274
6938
16269
6261
15373
13010
7125
6216
16261
13114
13140
1489
16256
16189
11668
11629
13137
14340
8998
8929
11707
8954
8976
6169
1469
6920
11710
15419
6146
6161
11674
13142
14319
11621
6934
6962
13020
14372
6300
14376
16176
12937
7108
16271
1482
16213
16204
8940
13098
6215
6180
7088
11609
6245
9047
1427
7042
6186
6982
6256
1486
14362
16194
7062
8945
6269
14370
16190
8960
4633
15384
12993
14338
16231
7009
6964
7031
9035
12928
15365
13077
6997
13023
12929
9028
16216
6195
6966
7060
16235
1426
1461
9031
13044
12952
16243
1480
12980
1459
6174
6928
6921
11671
6989
1448
1472
13107
16173
4617
16179
12934
11661
15388
11675
8938
15393
15410
7056
4648
11648
15417
12983
12961
9024
6289
4626
4625
11690
11706
6276
6182
13141
6203
11694
6185
11713
6283
16185
14374
1475
7045
7012
16262
9008
12986
16253
6204
6285
6184
7099
8944
16169
14323
14357
12972
6239
14363
13068
6145
13058
13055
16171
14353
6217
6931
16223
4614
4611
15387
13019
6984
12959
7086
6241
6210
13067
12949
4629
11611
13119
16245
12935
13123
6273
13065
8957
15403
8947
16260
7116
16242
13156
11702
2448
10692
8679
5082
8669
10429
10546
5342
14436
5015
10370
10420
5144
2406
8688
5157
5286
2431
10514
10593
2305
14474
5341
2484
10660
2371
5317
14438
10574
14525
10510
5279
10533
2335
10737
5214
8670
14466
5045
5059
5042
14403
10656
14383
10457
10530
2338
8672
5088
5173
10527
14467
14539
2420
5084
14398
5290
5249
10664
2286
2388
2260
5239
2302
2405
5350
10614
10711
10365
2254
2327
10508
5024
10451
2308
10729
10468
10519
10478
2266
10679
5098
10479
8682
2366
5161
2476
14422
5197
10667
2255
5301
10444
10598
10426
10562
14506
10558
14392
10536
10377
5030
5008
2414
5106
5155
2382
14456
2478
5078
5085
5116
5175
2475
10625
2508
10433
10726
2283
10575
5201
5122
5012
2403
8664
5264
5349
2344
5261
2409
10470
5105
10609
10354
14519
5270
10721
2345
2291
5037
5331
2347
10400
10582
2377
5139
10350
10654
14496
5061
10633
2386
10353
5092
10613
8739
8717
10697
10473
10502
2446
8733
8660
5070
5057
10491
10604
14402
14457
5127
5300
14499
2362
8652
8725
14407
10616
8709
5232
5192
14396
5304
14461
10511
2501
10442
14399
10480
2462
10547
2369
14505
10587
5069
10681
10649
2334
10580
5274
10526
2271
8707
5298
10541
5194
5193
8704
5129
2301
14425
10484
10345
5133
10455
5330
10608
10630
2357
10710
10532
10516
5213
14477
2489
8693
10643
10617
2401
10583
5178
10661
10398
10627
10703
14470
5256
10412
10691
2273
2316
5039
10501
10355
14433
2423
2441
2511
10388
5083
10434
2350
2317
8732
5134
8656
10732
5351
10436
10359
2456
14479
2322
10378
2365
14443
2396
2351
8734
14385
2504
14426
5244
8720
5025
8645
8677
5190
14444
8678
10528
14448
8667
5093
10641
10441
8663
5174
8752
10385
5340
8713
8650
14459
10414
10475
2444
8649
14387
8694
10694
10636
8674
2407
8754
5250
5034
2422
10488
2289
14446
5006
5283
5337
14497
10722
10438
10571
5309
2466
14512
10734
2439
10460
10561
10669
2490
10347
5294
14537
10446
10375
5305
10389
8714
5145
5001
10486
2461
2330
14408
2408
10408
2503
14508
10422
8728
2293
10440
5053
2259
10464
2315
10565
2370
5146
5291
2493
2326
2479
2318
2497
5285
10573
5047
10673
5299
5316
10610
5148
8690
10376
14488
14424
10404
8748
5334
14450
2421
10509
14465
2460
5217
5165
10492
10425
10559
5230
2314
14440
10453
2288
8731
14410
2353
2356
10368
10428
5063
8741
14409
2379
2404
2299
10686
10603
8719
14520
8696
10489
14442
5268
10363
2447
2375
14522
2319
14428
2251
8744
2368
2457
5257
14447
5271
5252
5064
14412
2364
2464
10395
8750
8702
5104
10624
10554
8718
2278
5222
5307
2499
14432
5071
5293
10569
10720
10626
14469
10578
5150
10602
2430
14390
14462
5041
5107
10348
2428
10351
5114
10701
14524
8692
10635
5321
10432
10445
10707
10466
10671
14481
10384
10572
5218
5226
14463
10540
8657
10733
5246
2355
5205
5090
10632
14401
10600
10713
14420
10650
5258
5339
14526
2491
5073
10386
10637
5163
14395
5068
5132
2451
14489
2312
14411
14429
14404
5136
10551
10708
10447
5049
10437
2510
5081
2285
10361
2252
10458
2495
5303
10676
5120
10678
10529
5066
2392
10586
5028
8749
14516
2454
5333
2470
5095
2298
10668
2376
5077
2459
2432
10403
5266
10467
10718
5206
10461
14517
5031
5036
2418
10503
8722
2361
10424
10382
10352
5288
2381
2269
5273
10390
5151
5072
2341
8756
5241
5234
10402
5302
5276
10500
10505
8647
5162
8684
10659
10666
10639
10513
10524
10730
10454
10556
2325
8676
14532
2394
10685
14414
5128
10674
2296
14388
2358
5289
5196
2413
5079
5003
5248
10393
14441
10688
8653
2374
14514
2398
10618
14534
10495
10620
5210
5265
10423
2412
10523
2502
5005
10483
2498
5327
14531
2500
10439
10506
10675
8691
10493
10570
5113
14484
8675
5020
10357
14480
14509
10410
5138
10392
10647
5123
2253
5187
10728
10585
10417
5023
5000
10706
5281
2257
5046
5284
5080
2473
10499
10704
8699
5287
2384
5237
10474
10346
10606
10727
2282
2417
14471
14416
10477
5111
2281
2261
5245
2453
5043
2496
10496
8695
8654
5121
5060
14486
5009
5199
5119
5026
10469
10680
5035
5048
8666
5156
2336
10611
14476
5027
10465
5135
5220
5296
2367
5189
10538
10576
2415
5259
14379
5311
8737
10648
5089
14445
10443
8723
10619
14397
5029
8680
2272
10364
5167
2310
2506
10629
2419
10482
8738
10535
