9295
9439
6736
3424
9367
9289
16287
3430
6748
3416
9319
5879
6729
17
14915
5747
12231
5892
34
13
3465
63
3390
9305
5756
98
5836
14177
6754
9293
6661
5866
15090
3426
9285
3485
15117
14980
5855
9283
185
5910
16311
5774
15
3449
6683
3357
9271
9411
5918
15070
3400
128
5794
15155
3403
3441
5723
14178
5731
9394
14181
15132
164
16295
12176
6669
5895
14932
15187
6704
9272
113
6789
179
12140
15040
170
5850
111
9284
6790
51
5729
3421
5896
3467
5725
5793
110
99
6745
6792
6677
15108
5745
9385
15075
9297
12122
15102
15082
3492
20
3369
6724
15185
6692
9405
6667
14904
12125
14168
3491
14989
9397
12227
15179
15168
3394
9415
9436
189
12196
3404
118
5869
5732
16306
9343
15099
9339
5777
3480
9382
5758
141
5887
12186
3469
12149
172
146
108
15083
9365
5757
15163
12203
16282
6716
15010
5761
12172
14165
5923
127
5754
14934
9393
6779
15183
3459
5833
60
15146
12110
15170
5829
9291
14948
12232
15166
6685
6671
15112
3495
9376
9416
5868
15118
5903
15176
6711
6761
5931
14942
43
15152
9408
3351
9338
151
3382
14951
9362
6684
9400
152
3335
15089
12219
12222
15126
6712
68
6695
5788
6714
14953
5924
9
14993
12228
5751
5819
3340
15069
5812
3345
14975
12212
5734
12111
9302
5908
15188
46
16313
27
12160
9334
3425
3393
15059
5771
3348
12147
109
15045
122
186
5809
5860
9399
5930
5778
15150
101
14961
15190
12206
3454
5865
12129
15164
6731
9328
14175
12224
15124
3471
15025
15192
14974
5776
6726
14910
6791
6672
3466
3435
12157
15026
5830
125
9435
15151
5808
15081
9265
8260
53
6770
6762
40
6680
9287
14899
5739
83
115
14909
15116
6738
5936
5813
14996
6709
6781
12155
96
15034
15104
15033
48
6742
14166
5851
3378
54
123
134
3409
97
3361
41
9398
14927
9279
6786
12139
14965
12
9353
12124
6774
14911
5862
6746
15066
5854
9378
5769
9346
5893
15172
9320
14924
15008
3477
3373
5947
6765
6664
12145
9274
12175
6734
3346
5759
15153
6767
5909
9307
15002
15027
9388
6717
5772
9299
16304
12164
5948
5934
157
15149
15035
140
160
3446
12229
12116
16281
5840
14931
5926
9420
9418
3365
12165
14997
3496
9281
5807
6676
9332
5792
15171
12189
26
16307
3499
3419
5875
15120
3
23
14912
5824
3488
15111
12199
5898
9425
5933
5927
5872
5741
9430
5736
15039
15165
12221
6772
6693
3372
147
14947
167
72
70
5943
6753
171
5873
168
3405
14935
5900
12132
3413
9354
5782
5846
14970
5880
14940
42
56
14943
16289
132
9314
12235
38
3447
15174
12152
14182
3411
5770
5816
15064
166
9304
71
14969
14922
12166
9438
14963
15148
6691
6707
5902
14982
3457
5835
15030
4
12179
9318
9277
15055
8261
15042
6757
9403
14170
15068
14180
5814
94
95
5863
14962
6723
153
14945
12190
12158
58
5825
15182
61
9429
24
16297
9406
6747
3438
3385
25
15167
15134
3363
15169
105
15078
130
14976
5871
131
9417
5920
5870
16309
75
36
15061
57
3337
14985
14930
5935
5839
86
3475
14925
6778
9310
14913
14918
14906
5780
9432
15136
15024
12181
15014
15106
15131
16299
12218
15142
14958
14926
8
12174
15031
9308
15071
14179
74
9268
5884
3476
88
9269
3358
9414
173
15011
14172
3460
15047
9276
3407
6
138
163
14979
15063
15007
12197
5885
15086
6771
5940
6732
19
6668
6730
6740
6773
137
5919
16286
6694
9273
12171
5730
15145
6739
3468
3458
15017
12230
5890
5888
87
5841
3479
6725
148
14960
15119
12209
3387
5727
9413
14176
3339
6743
9326
5766
6755
5845
158
3456
3397
15091
12107
5746
177
6722
3455
3498
3439
5817
5905
12137
9325
5889
16277
159
12220
5722
15060
3343
9347
9316
112
15181
3448
9288
5784
6751
15109
14921
5821
9372
15038
6776
9374
5811
9369
80
16284
9377
3356
14967
30
3383
9375
6715
3350
6787
5797
12131
15138
12214
15103
5913
5906
14941
12138
12184
5765
16293
5724
3412
5828
15141
12225
3418
15074
15156
9357
12119
15043
5804
3440
12143
5737
9409
14169
9335
14959
5834
9292
5925
15096
5750
22
6782
124
5785
15084
12185
9419
16310
142
50
15133
15062
6697
15123
81
6777
5844
3462
14994
12151
15159
3773
10343
15638
7615
3830
14819
7244
1766
11261
1817
15593
12667
265
10300
3796
1851
13679
4494
16146
12574
11140
10259
14783
13899
246
1860
12733
1853
10143
14808
4583
14663
7399
8613
13851
15747
14771
8469
1957
12772
386
7350
14714
11168
10210
13662
14737
11136
353
13772
8561
13745
15610
10265
12564
13948
7280
1705
4576
3872
12880
337
7274
2214
10134
10254
11382
7371
10100
4470
11424
3808
11138
10041
15618
10151
3886
12568
1894
2124
2042
1694
10294
4010
12781
7507
4031
11343
14681
436
11368
7595
1831
14784
4463
7346
11214
16102
3878
7403
4519
11160
12577
2197
10267
12871
3902
10195
341
15566
7505
7336
12786
7490
15585
3950
13727
11342
10287
7304
428
7375
8467
13684
10001
2103
1796
7290
7465
1580
10146
13701
4435
13881
12615
11137
12747
12859
15723
7867
7622
12838
1735
14686
4431
7872
16124
4595
4558
15661
4534
1976
12697
7322
12602
15601
270
7427
510
10282
379
14741
4588
4557
13934
2001
15556
14661
4546
1899
11187
12866
1928
4015
8542
2216
2167
3805
271
11186
13918
11130
4602
11374
1992
2185
13835
15644
1953
15719
15659
4500
13688
13774
210
7330
474
3928
8468
15539
7342
14730
1708
364
12594
10281
8622
3977
14870
13911
16142
1622
11325
3958
10150
296
11435
1797
12683
3896
7634
2239
1859
15549
10225
371
11219
12646
10088
12883
15606
4070
10087
12734
12827
4058
11248
292
12853
14646
2066
2140
2209
13742
4385
13680
15575
8491
16147
12874
8454
14707
2177
15738
467
11333
16045
10284
4447
13683
11228
1921
327
7538
1974
12723
15597
4026
11174
1935
15592
12598
7550
7314
12804
11375
13820
16065
10318
497
7553
11153
10112
11423
7584
4516
11319
11245
11300
1718
10059
330
13721
12788
15576
13723
12921
1637
4475
7489
13930
15588
16071
312
4392
12745
3924
1701
517
7410
12737
13657
10080
14738
7467
12856
4455
11398
12621
12738
4060
3828
1683
12868
8513
16106
8494
12810
339
7488
11389
15614
7484
7527
15712
1977
11310
11254
280
11257
1681
3807
15562
11432
1787
13660
10315
8588
14641
7481
469
1687
7332
1571
7436
7602
12644
10072
12632
1668
7623
2198
15631
1934
14847
4468
10279
3931
14759
7356
2249
12767
12770
4592
7261
1642
3809
4413
16044
10232
10018
7416
15544
1739
12629
11332
13907
12832
420
399
1907
3860
10307
405
11331
15646
10011
7384
4353
277
7859
3887
275
434
13828
12563
1734
15630
482
11415
10039
4073
4568
12836
1911
7607
1654
15653
7320
12757
3810
7278
8531
8618
12843
4509
4508
12896
13815
8583
4535
7865
12720
3877
16069
220
9997
11284
10133
4011
7468
1688
10298
2169
438
1709
2033
16121
7564
12656
387
8453
11420
196
10021
12748
11388
402
8458
11350
10193
13902
13738
12799
2023
8636
4345
12873
4079
12809
10038
1898
3865
354
13936
14864
4504
10280
10330
7453
2018
1607
374
4342
8457
423
14849
7281
2207
3925
12715
4029
10188
15733
10220
7424
3893
2044
4554
1866
12917
13706
2035
13803
4549
11149
13935
13809
10177
13783
346
1593
12588
1857
2250
4474
2005
12780
13667
7870
7355
11323
4376
4399
10269
3959
15682
7365
4002
1981
13785
14816
4532
3857
4591
12735
16163
1623
1577
1570
10342
2095
11330
3868
10241
4008
10322
7631
13941
7860
2212
12612
12763
7308
3815
15732
3985
1612
15625
15673
15715
10077
13767
10219
1662
12648
13894
1625
1684
4572
16046
11311
10064
7270
7391
11405
1604
3827
12681
2196
380
12744
2200
13654
16083
11192
16165
318
15648
13919
1941
16145
10115
7435
12642
1605
3968
11387
11172
477
7627
11316
2008
3913
10030
13829
3841
16152
3891
13757
363
13863
1900
10271
7510
7855
14763
10208
2203
2195
10103
442
8565
14777
1915
1563
14733
3994
385
8508
8483
12885
7513
7259
8559
344
7282
7618
13923
1947
2237
4476
1875
7311
1972
12725
11351
8640
15563
13875
1886
7535
11354
12724
7515
4395
505
4446
10161
4417
413
10248
1802
7348
11327
12625
12692
14724
10180
2164
11309
14713
507
10313
7236
10250
4556
10245
4056
16091
240
10234
3949
13761
4041
11308
375
7628
11220
4418
4007
9988
2206
14773
14858
3801
7599
11281
12919
8471
12693
10101
15665
14703
298
4609
12901
7390
10166
4555
11190
421
7340
13887
7309
10337
15557
15573
14815
10005
8500
12888
3792
11166
13928
1829
3853
1995
10341
3874
12583
1991
1970
2188
2183
10170
3935
16081
2075
4039
13900
4537
1850
8495
14747
7586
12826
11231
14634
14802
4380
2034
1742
15728
7432
1913
11383
13708
372
12597
8593
4538
8604
10144
16047
3840
13856
495
11436
2220
1666
7316
12739
11178
12762
4356
8538
2127
8608
15746
7335
8519
3951
435
3845
4366
1667
8477
2111
4472
13945
4548
10335
324
12678
13837
8556
13897
4439
7509
10119
15599
2157
13951
1998
4566
14879
7319
12664
1661
4365
3936
14797
10056
1679
12711
13777
13694
2210
7493
15558
10017
2238
10285
7471
12684
1650
7324
15607
323
4596
3945
3966
12768
8632
437
12668
11268
4402
13753
4433
287
16160
504
13946
7559
2191
8617
239
10092
14725
13671
10171
1880
3919
3939
2248
310
14871
11317
508
281
12897
3816
2150
16061
7388
12670
1823
11393
11169
13724
7412
14832
11357
10311
7543
274
7422
1943
14860
14670
3836
1647
1882
8478
2156
13749
8452
8529
7508
4401
16122
12911
329
1692
11266
1999
14664
10054
1916
10249
16154
10157
7349
10213
14803
1804
16093
8496
10238
2215
3992
1591
11339
7448
7242
14867
11197
12672
11385
7440
10332
7429
12573
14754
10015
11243
12842
16150
8505
3978
15604
15649
1634
1873
3961
1744
15687
11349
11438
16107
7380
7326
11207
2152
11253
12637
14734
14833
7625
14800
8555
198
15693
12891
10231
12918
1710
7361
515
12641
8572
4414
13926
14685
1806
14743
1958
7294
1967
13776
12882
10304
3780
1608
14693
355
1752
2021
12884
7574
12924
16023
4445
16101
13895
7351
4022
10123
4061
13698
243
12800
4394
7252
13763
1746
7588
3793
7854
16029
4047
14895
11267
7466
1909
11196
11360
1885
15657
404
11293
7478
307
7401
8566
7582
252
2245
3843
10003
13720
1726
1631
470
14669
10154
7383
1657
1896
14637
3847
14782
14684
8633
13666
1844
13695
11305
15727
2225
7583
1930
10162
13717
378
4066
1781
1870
4499
1922
2115
11155
2002
447
14818
4018
10067
2186
7616
15565
2247
4361
7283
7551
3854
1595
3811
11328
2193
1819
11222
16153
4547
12716
1613
1902
14643
3846
11289
4441
3972
14831
1658
331
3917
1649
3943
13852
3774
8492
7454
13838
3907
10022
15713
13834
15679
348
13933
7589
1764
1727
7246
12793
11143
1956
4434
279
12791
260
2175
8530
10223
3932
1748
12910
4013
15551
1879
14806
406
13877
15620
15545
4457
10097
10075
267
8501
4597
12736
11147
10174
10111
4032
13824
15583
12729
12562
15632
7374
13801
10198
2144
1862
2047
4020
11141
13822
3875
12813
11134
4030
3916
12847
11408
12651
12669
14719
14875
3895
14776
194
7405
3929
10163
13938
1888
4473
16051
2020
2074
229
13800
7363
1979
12616
2199
1776
12652
1768
8607
1868
14726
11429
4370
12560
2121
15589
13818
14857
1730
4028
4541
1597
3995
3900
11159
4063
10110
7600
3782
8537
8569
1897
12714
4451
7317
16125
262
16117
7619
11171
1813
13832
3855
8539
13676
1596
10090
12659
11273
12820
10024
4078
4033
12766
9992
10336
13674
11275
7864
13760
1843
15664
8599
16108
201
12654
1640
2108
13764
3842
14893
12662
11270
10053
2090
1680
10107
10319
476
13699
3799
8528
13693
7851
4450
8567
14715
13812
12572
340
3894
4346
15636
11256
4021
4006
1733
4420
4510
10135
4352
7605
7500
8627
13858
10297
4594
10062
7445
382
1975
15694
14764
14651
10200
1721
15729
410
12587
2241
16092
7264
400
10273
7262
10136
14642
342
214
8543
4453
7514
10040
15656
16076
7577
10055
16068
14853
16148
11416
4551
13677
11296
4393
14845
14689
8515
2174
12915
8577
4360
16131
11255
15678
2201
15587
9999
4354
1601
11278
14798
1655
1996
11240
16072
10291
12673
1575
13857
10187
12665
2119
14861
4575
14894
13689
1627
4036
7555
9995
2166
1945
12830
290
2125
3920
12857
3789
449
2031
11364
3903
14662
3812
13756
12618
7337
11227
11299
12631
14649
1905
4012
1948
7394
8557
13673
3946
1651
13825
7492
10325
13728
11193
13950
12690
4586
10117
12886
11176
4517
11170
1863
3986
11409
2133
1564
12653
8464
4409
392
1807
10189
1969
14691
8532
3956
12676
3979
13944
1834
12906
15711
11394
1635
13770
7295
12566
16043
3864
1633
8625
12647
14791
8549
2228
7271
3899
2049
211
4355
15669
15692
2126
1883
1938
7575
11439
3785
11247
411
14836
11288
12773
472
15718
13929
325
208
13865
465
1973
7352
2056
7633
16112
4425
7569
11422
12862
3989
192
15663
16096
15737
1835
1936
3957
10167
2104
10191
468
15697
7373
14692
13869
15741
2089
1722
7318
13917
11434
1827
11218
13920
4603
7857
12686
16048
14891
218
4553
1648
15643
15703
7362
7518
15635
7587
3938
3832
14705
7470
395
228
4367
15538
1824
3824
7638
10140
1893
7502
1569
212
12782
1891
13810
11157
7596
4009
1775
8546
7479
13663
2160
8493
12792
13752
12570
7268
4506
16053
1815
13655
2006
7425
203
1714
13743
13808
10176
255
4348
11381
7441
14723
4518
11298
3871
451
1940
12855
1674
10109
7530
16119
12876
10037
2159
15662
14835
3769
15622
14721
10027
3884
3858
7381
14704
12845
4458
7873
11396
12639
1822
12700
2003
14890
3835
4383
10145
16114
13726
7866
8586
8548
10026
4349
14869
1872
13932
1567
12746
11337
4075
1944
14775
14690
254
16123
12727
349
1673
16054
1847
11229
4580
2019
3987
2102
11249
448
1755
8587
10317
408
13847
10290
10078
204
2113
506
4550
332
13796
15591
14728
7523
16037
14717
10217
3804
13692
16063
1578
1794
12909
3930
7360
13868
14665
301
1971
2011
13849
200
1924
8552
10033
4544
7396
13892
417
1887
16109
12864
13823
1825
4469
12581
15550
7546
2130
14834
10258
4514
16035
12805
319
309
7850
7333
12740
2054
1749
11294
13681
14813
11206
10303
1566
14852
12638
15574
12923
12649
222
7334
10095
13784
4363
2173
13949
4479
3910
7534
3980
11148
4525
4497
1869
12582
7632
8591
1685
7475
7406
2100
9991
10328
3869
516
13732
2058
12913
11212
1691
2139
11363
12916
481
16135
15633
7292
3856
3802
14722
4462
16070
7370
1644
3970
1707
7397
7347
12578
15706
328
15626
15623
12785
14828
11352
272
15736
12839
4477
7853
2036
14839
13947
2087
1767
13759
13906
383
11377
2226
11290
11271
1838
1774
10044
15598
4560
14838
16095
12713
11282
15717
226
11191
10227
16082
1978
12898
15668
12680
14898
2138
10253
7364
454
11264
11164
3826
3880
14638
4384
440
14682
13715
16079
7491
11242
11233
7517
7624
10211
313
2024
7354
373
7266
7366
14659
8615
14772
15595
13765
3781
303
2232
7549
11251
7296
13841
11203
8459
1964
10047
16064
11400
14647
12718
10299
2060
390
7458
207
14667
7254
15619
1782
293
4461
13659
8553
1799
4440
13758
1929
10004
13943
16020
15642
419
3863
1983
1963
11150
11183
3800
11286
8517
1939
1903
4343
11359
1614
10270
4464
7472
4364
12677
14740
3866
4410
14792
12593
12741
4449
14868
14888
432
2184
3908
16088
1690
11279
13773
11326
1696
10061
14699
1962
14674
7539
7874
15584
11397
14820
2162
11407
2057
4605
463
11353
12611
2240
388
2050
13827
13735
13766
10178
13711
11301
8522
10205
12599
216
1951
14696
13755
13861
4375
14859
7415
16066
215
11427
1871
11230
1665
1955
2030
13700
13909
7312
10152
8527
459
1584
15670
7630
14644
7495
7297
3960
291
16074
4371
471
15704
1854
4016
12671
13927
1747
10276
4062
15567
285
502
10049
11175
7378
2025
8629
7357
7566
2222
10224
16084
10204
11189
1695
10182
13889
8497
7519
2061
11334
7421
1952
13898
8638
11287
7307
4386
12829
1594
14883
2122
11428
2076
3905
16113
4055
4467
12679
1762
4452
197
11165
7291
15580
7581
10013
326
1587
11173
16098
2129
13939
1759
8534
13885
2145
7635
14785
13882
1738
14811
316
2168
4481
16143
4034
12634
14878
1908
3844
14795
7408
3962
3933
416
14653
11181
7585
4422
3790
13789
14645
4382
12663
1919
7529
10063
2062
1867
3991
7305
4471
4408
4027
1980
7382
16041
1832
333
2039
7642
14655
16134
1689
2007
10301
12771
12776
1675
16103
10261
15615
10106
4528
2219
11426
7379
15579
11201
15676
16028
13675
12633
14897
1611
14742
4387
11215
12702
14767
1653
475
2106
11324
1589
12674
10028
12844
16157
11234
8581
4607
12863
4480
7377
7235
282
1693
7861
7267
15613
10010
10046
14812
1610
2118
12825
1926
11142
13864
12609
12752
509
11182
14887
7536
12731
1743
425
2161
13716
10324
10060
16087
1731
1989
2026
4561
8547
317
8623
10255
4610
15555
10226
11260
7852
11180
8575
4427
10083
11320
10207
3918
4426
12753
427
492
11418
12749
1669
7463
12778
12627
2097
15647
3890
16155
2170
12775
16038
7567
16075
13793
10014
2163
7547
473
13817
7483
11306
4589
1574
2132
13853
370
16078
10127
3817
2037
7552
11410
16025
398
1686
10266
261
11348
10221
15689
7565
8580
3969
2093
10068
10065
14712
488
10173
4369
12860
8582
2235
12816
11346
11292
2043
8643
8504
7238
10310
4005
8568
12795
12689
12606
11302
12806
10098
7446
651
9695
11807
3230
16375
800
562
3068
15320
6845
3325
9934
16424
9715
9835
16329
786
16386
8126
16315
9864
556
9672
700
675
3331
584
3064
585
8125
3320
16397
6901
9822
15319
9940
3306
9731
15307
8127
5949
9850
14219
9789
8130
16431
9959
6844
6829
16407
14257
3225
740
15356
9926
9916
622
3135
3071
3188
6802
6820
16377
3285
9843
5974
11874
15300
6902
9742
9965
11831
3123
6862
6905
764
11822
6805
3199
11789
527
9707
8085
586
646
6838
3160
537
9870
8136
8135
521
8082
3311
15360
16334
14265
3308
14263
9847
612
3129
15288
9948
6906
9905
14231
14288
9716
16415
11829
9933
6804
11866
701
747
16404
9964
3237
16367
6846
670
742
9977
3133
9687
620
3047
6875
15359
638
6860
9927
3185
3209
715
11820
6908
9801
14253
8141
756
737
3036
5956
3190
3243
3251
9909
8099
813
11816
6853
14292
607
554
5952
14306
9956
3278
5957
9982
16326
765
6887
3231
16405
3171
6897
3102
709
660
6806
16344
606
3309
9813
14248
9922
9860
3218
9907
6840
781
9706
680
8114
15352
6850
16361
9873
9683
11784
558
11881
9946
3127
6847
9719
6849
528
16419
14277
8148
3158
16348
15363
792
3144
703
3132
682
8133
15354
14223
9897
11805
674
16328
759
591
795
589
6898
3194
615
9676
741
9777
11880
6851
621
5950
6863
9733
828
11785
16412
626
3276
3259
6886
11791
9987
774
14272
3314
3286
14309
16365
3293
14291
16353
9834
14234
8100
9818
798
3139
15337
811
9908
3191
9737
533
3263
3270
9981
6900
15340
14261
733
5981
577
3224
16391
6882
6836
16429
520
8108
14303
11873
697
3242
3279
9945
14217
3236
3195
16362
16372
3246
16316
714
16435
6798
5965
3323
11809
8122
15303
9752
9698
3208
6879
573
16398
6872
579
11800
16364
9785
16433
9830
650
14194
8101
14244
6852
576
9784
9943
5973
689
725
5963
11876
16324
784
540
782
16374
14211
3059
3053
6801
768
830
6825
653
14255
16339
15291
3327
9780
648
5962
11855
9894
11833
9807
16351
14295
11859
16342
599
9887
9779
3061
9880
9770
3117
3261
9957
9949
16439
11803
15295
14233
3284
9757
11854
531
3257
14271
754
9862
821
8103
14294
3291
3222
9854
9717
14264
9811
9693
11857
14235
9709
16394
9929
9799
9941
3066
8117
717
707
14208
14300
614
8105
16382
671
9772
9821
9845
3037
5953
672
9881
3280
14299
15304
663
3200
3315
16322
14301
15313
16414
9758
641
11875
11839
16345
3300
9720
3152
14201
11804
15326
9743
9797
9673
6821
3108
16413
16331
14228
6877
6889
6831
15361
3258
673
16319
3254
5979
15362
632
3215
574
772
627
9954
9861
5954
9877
9726
757
6893
720
16378
6830
6811
8123
15341
9920
15311
739
9878
3174
16440
11786
3082
9729
3203
3321
3193
3204
760
3145
8116
3187
9815
601
9968
9865
3091
14270
649
5968
3275
779
3332
542
14243
3077
3196
16437
9787
566
3197
3250
623
3299
16416
16384
3326
9984
9735
3072
794
8143
11869
3065
9866
8120
16426
5976
11812
778
11847
9826
712
3114
16373
3297
9736
767
3295
11883
3189
15324
3122
16406
546
551
9902
3266
3328
9819
3292
9838
9749
6814
8146
746
9899
11843
9831
3138
3330
8144
9951
9759
9955
3104
16418
16330
3087
14252
14209
11830
11797
3115
16318
14199
16390
5958
16420
9829
11846
9781
14276
9769
776
9753
16323
9837
3248
9666
16368
8084
9677
6880
3074
15289
3162
14205
9938
11799
11871
8156
3112
785
685
15343
9972
6799
803
6826
11849
6869
3041
3184
3210
6909
3149
3232
16343
3140
3136
3142
3156
5978
14283
590
633
676
3124
5960
3192
11838
3141
524
15331
3305
8121
9708
8137
11845
8145
9806
9928
9725
823
3178
6878
9966
3167
817
3109
15315
553
9692
9921
5959
686
659
9755
14229
3181
804
3120
708
799
14251
3085
9699
14198
9849
3113
6808
9836
9841
6857
3096
655
6896
9775
9825
9851
14284
14224
16346
9805
594
9925
796
613
9855
827
15296
9713
6865
8094
748
11835
16443
6892
9879
9711
8119
11811
9936
9891
15336
16409
9804
3221
14308
11884
3329
3287
816
818
3166
609
3157
11858
11827
8092
3255
3088
15345
695
9674
3219
696
6807
11844
3206
605
6794
9871
3121
3212
691
9820
14289
9848
16369
3148
3029
14250
16425
5983
9958
538
15364
16320
9773
11841
3048
3044
9979
743
567
15299
755
9679
688
9953
738
8113
678
749
752
6822
9853
552
11834
11796
14207
11872
11802
825
9884
3155
14214
9986
9747
9892
751
9668
15329
699
11818
550
8086
9710
801
3118
662
3226
617
16350
6823
16422
530
6835
541
3073
9900
777
8142
11824
15334
6891
9932
596
3098
14305
8129
6904
640
14249
583
14274
6868
16347
668
3277
544
3260
11879
820
3267
3256
11808
11823
16341
3290
16360
5951
8081
9960
753
3056
6867
6871
3281
15322
9917
15348
9962
6895
8087
6859
9765
14236
575
11870
9783
3186
824
14210
9701
7950
7723
7926
12030
7695
1008
4297
11498
14037
9248
9115
7977
7725
7943
7961
16489
926
7776
7770
5422
4316
1043
9155
882
4313
7751
997
16464
7809
15769
7717
14153
8037
903
15227
7720
4247
11925
5619
14552
9169
11888
14595
11496
14103
14627
5562
2744
7909
845
5444
16531
16521
14617
11990
14615
14122
8787
9181
14138
9232
7713
14027
15241
4194
15805
7945
6346
15752
6463
4082
5368
937
8031
5398
6368
16534
947
16606
8048
9222
9257
12056
7697
16453
12055
4143
4256
16553
11547
14075
890
13970
5409
7981
14034
982
5464
11940
4226
13975
7956
4264
956
4169
7749
7694
12095
16503
7681
9199
15257
11544
14014
999
5557
11919
14064
16594
14020
4318
4283
9263
12000
16592
14142
7650
7703
5659
7995
5664
5441
14096
5440
7774
8045
12007
12062
922
4273
16469
6438
4212
15239
8040
5575
5588
6369
5634
9208
7800
14047
9238
6397
5531
6381
6433
7837
5412
9173
1085
8043
1066
900
5455
1009
7986
8059
9151
11980
9143
13972
7671
5558
11460
14015
5447
4222
14041
11533
12094
8058
5697
15202
9109
7682
15258
5594
6357
4095
13965
5643
16529
6439
4167
15781
16633
4130
16587
4309
4229
15789
7718
16527
5707
5433
7768
15215
6459
11526
5563
4223
892
5586
899
15775
12064
7669
5434
14040
5397
5653
5684
4235
7764
11982
14125
5529
15193
6479
6359
13977
7946
7646
7784
12038
6367
7958
14597
7742
6372
4267
16590
14549
16462
7763
9217
4272
9174
9082
7842
9172
14544
862
7733
13958
4243
15240
5565
11994
8785
946
14626
2749
5411
5637
5429
1061
6347
14057
16451
5359
1005
7985
2740
985
15224
953
7839
12029
4162
13974
15796
6344
4187
14019
8000
914
16502
9218
11508
12069
14593
5670
14018
6353
4202
14084
7667
4155
9157
7726
7967
11943
16499
15229
4183
14063
9150
11541
11517
7668
11559
5383
870
5377
5578
6447
14558
966
898
959
9191
6441
14601
9176
7780
5403
9256
5552
7937
16630
14039
14116
927
5572
16566
12050
5699
6392
8006
15196
6483
11554
14596
9209
5496
16519
5548
4306
16625
839
4125
4086
5379
16624
846
11475
977
14571
14042
11521
9211
6342
4098
857
4227
5593
8004
4221
5719
7828
4154
5418
5564
12001
13989
16482
7767
8055
7998
7797
6306
15213
15266
1030
16463
15201
9260
14012
15256
1015
1024
934
14127
8019
5592
8023
1092
6310
9158
15773
5602
5466
7686
13997
4129
14061
7928
14149
11985
16523
13955
5420
1025
14542
5426
14603
9203
14107
7836
16510
5547
11520
16493
16603
13963
8758
12033
6358
925
7734
9064
16609
962
8076
15197
15206
7785
11492
9077
11524
7775
5627
5513
4127
955
4148
16467
14562
9198
6440
4239
1053
869
15779
5516
9249
5465
2741
16456
6321
11933
1047
849
5378
15231
9113
12006
5454
8764
7831
12046
7973
5596
14008
11540
990
11953
14129
11557
13995
11936
14110
11556
6315
14586
16588
15753
15759
6443
5475
6314
14143
5400
5358
16471
5628
11546
5388
14628
7779
16501
16569
5650
4166
14543
5374
4232
14106
4161
15205
14093
7810
987
4300
1042
7819
7696
888
6376
4164
16460
7739
9186
8001
4180
5687
7824
9129
4113
5535
12098
11466
868
7672
5532
14105
5494
11458
13986
5473
4193
11467
5705
14077
16551
5385
7997
7932
6355
856
8075
7962
16586
1023
1004
6474
12010
7830
14016
1087
12022
16459
9234
11461
1010
7968
5703
4219
861
5474
1028
4231
5365
14600
9239
836
1045
8005
14073
7925
14099
7969
13999
6371
5500
7941
5646
6408
4097
11443
6366
8784
907
7680
14032
8038
15208
5363
14090
1076
11457
901
4251
6345
5509
4288
14035
5472
7761
11459
7965
16560
8791
14560
6361
4134
1049
6419
12013
5371
16477
15793
8780
11916
13971
855
15748
5682
14541
14128
16574
15242
14625
9108
9107
5573
7966
11898
928
951
9085
4311
11952
9165
14590
7793
14080
7989
5704
5430
7823
6481
7936
5504
981
11995
14566
9221
5449
6410
7938
5652
5369
1084
5452
4244
7647
5700
7760
14141
7834
4207
16634
11510
5477
15228
6429
11535
12085
5698
960
11922
7745
14120
5432
8769
4278
11962
6402
9070
4085
5702
15778
5583
11462
14101
7924
15265
14619
6414
4087
7939
14152
7738
5577
8017
11539
16518
897
11909
16540
4114
16596
1055
9247
5417
5423
6382
12052
11449
9123
8760
7659
4228
4188
913
7817
4199
14580
16585
14031
15806
9118
9141
7984
15212
11942
4304
16454
11537
14013
9148
12004
4128
13994
5478
14108
5401
12040
1039
5615
5661
15216
11899
4137
5663
14005
8071
866
12047
4185
16611
16485
1002
983
1059
7923
14000
9254
5476
5679
15757
4144
14091
7935
16570
16621
7843
12044
4140
9229
5505
1075
7813
8073
4206
9187
8022
12051
6462
921
6455
12092
15801
9084
9180
14054
5502
12041
13991
6339
7699
11446
7918
12045
891
6444
14058
15785
14038
14584
4107
6421
6434
11970
1044
4141
16612
5710
7949
16555
9226
9146
1056
7660
8003
5521
5481
16539
6304
996
16617
15763
5406
14118
11895
11465
5551
878
5709
5436
16474
6399
11961
16579
14608
11886
9210
13973
11960
11555
12078
16571
15247
5493
16573
5484
5445
5395
4163
12061
16597
4208
14104
4094
15267
16484
7651
11910
4177
11959
9196
963
11911
11451
11927
6389
8765
7666
4138
7927
6418
9072
16605
7822
15764
8044
5479
13964
16583
8067
9194
14569
1007
5534
9193
4084
4204
11509
4171
11506
14611
949
5589
5356
4246
4261
11907
6386
13967
950
11491
11518
1013
9149
5456
4081
14578
9092
4296
1036
14146
834
15222
9250
5662
15767
7652
886
9230
9202
8052
9132
5443
11442
11494
4108
5579
992
12021
15768
11887
7721
9074
12106
11891
852
14629
7920
9240
5649
14589
6416
14614
11489
5688
11505
8021
9130
5678
15774
11553
948
8779
864
5673
14583
5645
9126
7955
15261
7846
842
6364
5597
6391
12053
8057
5657
5669
7674
14554
5715
16582
9140
13987
5442
5672
5427
14030
11441
9069
11954
9142
5526
9236
6451
15788
14585
16604
12082
13969
11548
5608
11532
1057
7787
12079
7707
7933
7963
9139
6477
4293
6436
7942
7783
8065
5501
13962
4275
16550
14124
7740
5574
11562
16620
6395
4197
6400
1021
11514
7975
14606
8778
5671
14623
879
4298
16517
13956
14154
14078
9262
9220
6334
13990
8763
15211
16547
5407
5587
5404
6335
7736
4147
7972
12026
11992
6480
5381
1006
2739
4285
4257
4102
14052
4145
1079
8768
16598
6453
11545
2747
1063
11979
5522
7983
5533
908
15235
9087
15802
14570
16635
12012
938
5486
4230
4117
5366
16526
919
9090
964
16491
5458
9171
6426
16577
14135
7693
4301
11915
5695
14070
9104
848
6365
9214
13966
8063
4234
12054
5540
15210
8051
16549
14145
14089
6316
5372
11470
4205
7833
9117
6452
6423
9190
8789
6380
8783
15799
7727
7700
15246
6329
7845
14574
9116
11951
14056
4270
4172
8020
5566
8010
6338
14083
7732
12008
6437
7748
11926
5530
11889
7746
6471
988
4210
7953
16514
16452
7987
11543
6485
14607
9179
4274
5487
15790
5555
9066
7905
12091
16564
5665
14085
15217
14055
7724
6307
9106
909
2743
5717
9136
7796
14567
7991
1071
15754
14594
14069
7827
11900
7781
16497
15243
7664
4157
15195
6404
5408
5469
11958
7940
5394
6388
14060
1001
11923
4271
14631
5620
5550
4290
8029
5696
4092
837
12084
6430
4260
12060
7735
5713
6370
11912
5708
6320
16468
16475
7931
936
5491
5581
11974
12009
11456
4282
14094
15786
11957
939
11560
14043
7812
5683
11507
16512
12089
9147
8061
5706
16629
5375
4146
14576
7714
16628
11892
9156
16619
14134
8786
9099
5651
5515
6327
884
5544
8033
5590
8035
11447
12015
5610
11512
11474
6333
11945
15776
14071
15220
5543
15225
11971
7992
7655
11487
7777
6309
14115
912
11558
4152
5460
7814
9224
9089
877
14132
9178
9137
4123
12057
9071
6466
14109
5630
14555
5462
8060
16614
4225
1073
5457
11484
15248
11937
14565
7665
16461
7773
1072
14148
935
7952
16548
7829
16535
1068
15263
7948
15264
5616
1054
9252
9131
16500
7747
5389
15218
1000
1065
4237
4131
9076
7715
14572
14095
5380
5524
7922
14048
7719
11905
1052
7798
6308
11502
995
14074
12070
8773
4263
12037
7917
16559
15198
16631
4295
6348
15251
5611
910
7698
15795
11998
5536
11501
4179
1020
7803
9160
7688
6337
8036
7988
9185
7743
12011
896
8011
5600
15765
5416
13982
8013
7753
5685
954
13978
5511
9183
15804
7808
15219
16538
6482
5525
8053
975
12075
4170
5361
9215
9225
4287
12059
5492
1088
5642
7708
16618
11527
15244
5538
8776
14087
16626
15758
8770
844
13983
12065
4112
11986
11536
14150
9086
7844
8074
5660
4184
6343
9079
14022
6305
12096
5676
4133
6401
4132
11941
11885
13960
1048
5357
4224
854
7729
7670
841
7934
5471
16543
7904
5612
9168
4277
13325
13286
9596
8400
1401
4842
1271
15855
7184
2641
8440
6041
13194
9541
3686
13606
1208
13653
13501
13365
10987
6035
9621
1165
13476
8858
12511
1194
8796
12478
13461
11050
15429
9503
4871
10788
8849
2893
8885
16019
2812
8827
8916
12551
11747
8294
2521
13172
4781
11103
6612
3623
15889
13281
2964
15983
1131
10970
8256
1163
1317
2848
13543
4673
15881
2935
3509
3708
2758
12281
4855
13204
1231
13427
11058
1252
7198
13346
10843
12326
1137
8918
8369
10798
3668
15968
12419
15837
6534
12494
4833
12544
4760
9585
1409
13266
13420
12400
3733
10853
8812
2538
2898
1096
13396
4877
13398
13379
2596
4815
12444
8172
13227
2567
7193
15442
2621
13419
2854
16016
2880
6087
15846
3528
12257
15884
10952
1328
6529
1230
12509
6122
10925
13179
8417
12384
2944
2937
10840
9487
4338
11026
8222
3619
13445
8255
2856
9602
1355
3764
15444
15991
12296
4899
15503
12328
13245
16008
2733
1516
13357
15947
15508
13413
9520
13337
4339
13643
12357
1267
13468
3632
7154
4698
4881
8829
1123
2922
10804
8276
3599
8334
2566
7890
6603
1521
13442
6502
9468
3007
9656
4880
1159
4726
8804
4324
4920
8307
14160
6088
6014
4981
15894
15536
10778
10855
13494
15872
3665
1361
6133
12462
11741
3723
10837
6492
6073
13526
8268
3758
10775
12416
9054
15832
12463
10809
8893
2554
14162
2982
6012
10965
7206
6592
2525
15814
4854
13492
12355
3012
1513
11751
10914
9051
4662
4759
10807
11021
10892
12484
8794
9490
4734
11052
13213
13558
12533
2513
7215
6512
4972
5986
13577
15985
6554
15974
8887
4863
4821
10801
4798
7180
15286
3670
2882
11750
13466
9486
1492
7887
12465
7893
8803
15919
4716
2855
7168
8361
13284
15529
12312
10808
15283
6067
2734
8161
13282
2977
10825
2860
3715
3609
10885
3588
6128
6022
13652
2892
13401
4960
2981
1222
1376
3711
6565
10883
1219
4894
2614
11078
15456
8843
11119
1201
8381
2921
1362
2655
4763
10937
3583
8406
13342
3516
12251
9566
11034
4827
13355
8194
8892
2884
12518
4921
9476
4809
2797
4804
2769
1550
9526
4850
13544
10926
15466
13310
12356
15826
10831
13385
10982
15470
3019
8924
3749
9459
2573
2584
10895
4705
4923
4694
8818
9639
4917
10753
15873
2580
8418
2702
4861
15494
8295
8798
6004
4336
2889
9580
11756
11077
9620
1505
1308
10774
2613
2645
12352
10898
12319
4326
6063
12290
9059
16002
6084
3655
15489
4996
12351
2563
13572
3522
11121
2819
2947
9633
15821
7888
4671
13454
4910
3694
7219
2515
7181
9535
2582
2755
2704
13229
15513
2542
15958
11041
16014
12309
12437
7228
8845
6535
15897
15271
3660
9598
1517
8907
13280
1368
13625
14157
2690
4828
13352
8314
15843
5993
4832
8427
13552
10993
6579
15516
1546
2984
2595
11123
1526
6657
2730
2699
2784
13274
15892
12272
13190
10835
1373
9506
1412
1377
15858
10945
6062
11781
13584
9502
6580
8840
6590
9530
8228
1217
12371
10917
2585
4808
8296
13293
4659
9575
2803
10786
6575
11062
13440
2795
13331
1236
7877
11101
9657
1288
2735
15859
3596
15823
7143
7213
4669
12431
12528
2707
6546
10933
12458
2689
1559
12537
8370
11773
13214
13305
2650
13509
12316
12395
2987
1318
8366
13414
8187
13246
1304
1183
10967
13534
8435
13623
8245
2993
1187
2537
12285
12341
12256
15992
8860
9542
4654
2594
1299
7187
9451
12249
13189
15515
8912
11072
8208
8190
12529
11059
10912
2710
8875
1522
4663
8355
2540
13277
6608
12408
13187
8379
15970
2561
10880
8163
6616
6593
10913
1226
4913
8338
12471
15535
15441
7220
3507
1117
4800
1511
8216
9492
11758
11096
12379
1310
10980
6582
7183
13395
3015
2995
10747
12490
8327
2866
6540
8225
1243
9638
15941
15929
2673
15836
15904
8271
10859
4666
1120
4875
4787
15432
3561
13475
4834
2994
10977
9630
9653
12525
10846
2531
15865
1192
12546
8160
12527
13304
2612
4739
3543
11037
1175
2891
12258
2675
4738
9636
10749
2649
11056
11019
12449
15912
6517
2724
2940
10932
4652
8398
9644
2816
13453
6120
2524
10954
2656
9622
4717
1349
8272
12435
1314
13343
4866
13569
3691
9498
4965
2973
13404
12276
8393
2532
9048
2823
8319
1100
4790
2550
1333
3641
6026
1405
11108
11742
15953
6522
2954
8189
3591
3602
2558
2552
8861
2633
4811
9049
8805
12526
10782
13287
13602
6572
13351
4840
3672
8811
8905
6050
6644
12443
8792
12320
6532
13562
4704
10864
2764
2605
6658
13201
11721
10821
9471
4852
2852
10901
4907
10764
3662
12266
2570
13176
3639
3738
8415
4657
11107
3601
9567
12358
13446
9607
10908
1263
7161
1172
10828
3594
10879
2980
15457
8251
9480
12364
9560
2617
15495
1142
13617
12322
1134
10844
9053
2927
15866
6550
6507
8240
1540
9586
13230
9444
3629
7882
11043
13322
1270
9454
4930
1347
13641
6585
2679
9470
1225
3700
13529
2672
6607
1223
9590
11051
4950
11035
4919
9654
12304
10903
13471
10769
10792
11005
11728
12398
3614
2600
2846
1109
6105
15454
1345
8168
8364
9583
12387
6038
15808
8404
6567
6060
15950
9528
12265
15505
6006
12541
6042
6521
8292
3679
4756
3518
15520
9538
15877
15893
2598
3750
12331
6083
8869
6638
3575
2878
13525
12482
12539
3656
6577
3742
13573
1289
10858
1104
3699
8335
3681
12461
10768
3739
9558
3615
8195
8879
2664
13362
13646
2915
11776
10757
8340
3652
2686
8908
13547
10814
10941
3573
13634
13329
8824
2840
2646
7897
6017
2928
12260
4774
13435
15425
4697
1119
4974
3709
4991
15976
13405
4332
8839
4335
8884
10805
2779
3525
6596
1164
2807
3680
2642
10841
13301
13273
6586
4906
7202
15971
12303
4999
11002
4914
2966
9619
11760
4883
9479
3636
6645
8214
15433
8278
10800
2581
13197
1115
1106
12514
15531
13217
2879
10978
2988
9522
6518
8193
15809
11740
13423
6547
4825
12515
15436
1303
10772
1375
3009
13545
13268
6057
4954
10739
9642
12542
13240
11100
13237
10961
1245
12558
13218
4340
2900
6102
2756
1173
6138
8432
13391
13430
12321
4911
8397
9604
4876
10833
8443
13527
4803
7224
1535
6021
4864
2557
4993
7145
1363
1281
1528
1392
13465
8200
2723
13612
8919
3521
4938
8283
10959
8386
13491
4814
6623
6640
2829
3016
2791
13221
2961
12421
12345
10999
1404
1548
8405
1249
2527
2831
13333
4953
4783
4711
13209
13482
12376
1494
13168
1400
8219
8378
7880
9600
4904
9524
1272
2534
15931
8207
4933
4829
8322
15925
1378
8196
15528
8909
13186
3563
1202
9540
1285
11732
2787
9592
4931
1342
16015
12374
11004
11010
2652
1102
13276
11071
2638
3552
15533
2992
3741
2661
13289
9453
10850
4333
7212
15473
6626
11025
8420
1545
2828
11081
15891
1313
11076
11125
12253
6576
9466
4706
1403
15926
2545
2857
2519
13437
15995
11733
1111
2932
12329
12238
8814
15469
3646
8217
12368
4831
8312
12269
9508
3659
8880
2844
8868
7189
4916
1220
4816
2957
9543
3707
10938
6578
8419
4737
15537
10909
12415
13412
4724
13334
10796
6045
10957
2634
11090
1269
6558
7185
8837
8269
3576
12535
9440
6075
8238
8403
10823
15936
15430
13303
8282
3600
1166
13341
2533
8347
13519
13211
13507
10984
13242
15851
13340
7144
13212
4769
2790
13515
6642
12503
6619
13175
8352
3613
8921
11044
12452
4680
4708
4729
9447
8821
6069
12445
12244
2698
2725
13629
6112
13174
5994
2771
13402
13538
13474
11114
13348
1160
3633
3005
3751
13593
2553
1292
13328
3761
13610
4947
2759
2528
3688
15278
4998
3000
13248
2572
9529
15932
12433
2794
8416
8318
13372
13265
9446
3685
12359
8248
2549
3612
12464
6487
11764
2956
1503
13575
3698
12313
13389
12488
6588
9481
8809
2705
11066
2897
11086
2872
8164
10874
11085
11053
16010
10744
13223
1242
1365
4865
11006
13458
12273
9533
13170
9452
3759
15980
9056
13260
9448
4885
8374
11030
2706
2911
8857
12427
13615
3610
15474
7227
15521
2905
4820
1213
2718
2849
1390
13259
9491
7196
13621
12495
6110
4682
11737
15450
12383
7233
12523
10905
12350
8303
1101
11048
8275
3713
15471
2841
13524
15910
2560
15480
2842
7208
9651
12496
16011
12552
4755
1133
8890
8185
1129
6132
3595
4980
15270
10991
10877
3724
1305
12438
8311
12277
13521
9572
1276
7171
4699
2765
4707
4715
10904
15511
1334
4859
12540
7174
8351
13294
2606
15839
13184
13512
2890
5985
6650
1531
6496
1151
10924
4982
1156
13450
5998
10802
6597
4989
13323
2682
2627
11060
4686
1330
1372
2647
4997
6103
2653
1256
10776
10832
13222
4677
15482
1398
2674
8375
4770
2965
8243
3696
1389
8291
12349
6113
11743
2775
12288
12520
9556
9052
8838
8431
15944
11564
12337
12245
3550
10826
2888
13651
2820
13234
12543
5992
9559
4943
13409
6066
13428
9489
8253
4967
3731
2894
8891
13443
9500
4688
15964
11063
4841
11775
12348
6539
6499
9646
8300
10817
15476
10983
13502
8446
4685
4695
8387
1523
13631
10742
6503
2814
2715
12301
13336
13327
12504
8422
13359
6653
13618
1251
1497
3675
13561
9545
1560
15816
8212
1162
10743
15483
4918
8267
9441
11104
6531
12373
3722
4758
8204
10794
3603
2792
4653
1211
2658
9578
9612
1229
13278
2751
9475
4962
13270
1306
2615
15886
4806
1203
13258
5995
2697
2620
13640
13386
6111
13235
6125
2737
11730
15517
12310
10839
3605
13319
1394
13232
6627
2708
6515
11755
9588
6495
1332
13508
1498
1416
9521
4727
13316
1395
8391
1551
3658
11082
1297
9640
2592
8872
12362
10951
13254
6043
8159
4736
7182
9574
3673
8210
12291
6549
6587
7151
2871
12557
1110
13504
13488
3657
11068
6598
1140
8862
15908
2972
12369
13630
15512
7876
8199
1182
3514
8797
4792
1177
7223
11719
13473
13411
13424
2923
11124
6008
4765
8191
13590
11093
12295
8878
4691
13425
6123
2539
3020
13375
12268
2637
2568
13200
1214
2701
8186
10783
15996
12380
15924
10918
9564
2681
11567
14633
13489
3763
8174
2768
2618
15949
1327
4845
6051
4767
13267
1534
12305
13439
2825
13613
15930
8426
12425
15504
6098
1414
6099
13505
8158
2517
8437
3728
11046
6005
8424
15502
6510
8841
6029
13513
3726
8313
8162
6080
11045
6049
9058
1262
7201
2896
1331
7883
13381
15467
9616
2986
2839
9536
2548
9472
10862
1512
13387
6085
13238
3578
1396
2571
2777
2785
12346
10789
2726
11717
6542
10897
3536
2625
2941
12332
13324
15825
3693
2616
12289
7170
4893
12377
6560
3531
11770
11008
6559
2678
15959
13295
10799
2826
6001
8235
4795
8198
12500
8408
3505
6027
10940
13292
7896
4745
10911
6622
1286
9581
15827
12397
13639
15856
8833
2736
11762
9549
2677
8438
16005
2902
4779
8409
3520
8175
6048
2861
1178
3567
12446
8325
8442
4892
7192
15518
3021
2547
6007
4709
12497
8425
12342
7894
13318
4810
6573
2640
1232
12243
13533
4936
13182
2729
10857
6651
11727
8436
8237
1351
13244
6564
1184
9660
4702
2575
3579
4812
8367
8178
7165
2732
15871
10936
4868
1402
15486
1341
4928
6116
4922
4323
9449
8847
4879
10829
2559
4720
2949
8249
13587
6537
13206
2544
6091
8448
13275
15916
1500
15921
12278
4692
15490
12455
13603
12532
2529
8389
12283
1370
9534
3649
10927
12512
4848
16009
11015
1387
1391
1185
15822
1130
2874
12420
15426
12522
12516
15812
13360
12267
8382
1358
11766
15903
9516
1197
15982
8234
4830
9057
3587
1496
15431
13394
4968
6606
13588
2711
6647
2943
3022
8897
12323
2821
2885
12325
10969
8390
3504
1369
3018
10870
2948
1188
10867
3754
4846
15453
9645
10762
15810
8280
3503
2688
11047
2881
8239
2636
9505
4924
11049
16004
13224
2942
6135
6605
3647
8399
2806
12354
11122
2978
3557
6628
8844
8434
3553
13298
15461
4674
11064
4754
2960
13253
6620
10886
15990
6034
15888
3735
4835
4952
2763
12347
13581
12318
9595
8285
6071
10975
6095
12264
7179
13596
8815
15481
12315
3760
15994
1382
15845
13196
6589
4873
1235
10902
4903
9609
4661
2753
13317
8365
13308
4932
12534
15279
4961
11089
4796
4995
2850
6548
2720
3671
4978
8297
15835
5987
13484
6044
1161
10962
7901
11115
10949
9517
3592
9661
2863
1301
15963
8302
15488
13480
12252
9485
12385
13300
8444
6498
8205
3622
10966
2804
13463
2562
3570
3642
10759
13498
8170
10871
1144
10973
9594
8865
1520
13485
2858
13470
1107
9618
2589
13506
6101
4900
12292
11074
7903
11075
3500
12286
3549
6025
4329
1237
2712
13486
12513
8802
2985
2609
10818
1410
9597
9458
2953
1233
2587
10958
2938
2622
10780
1415
2950
10751
4334
8273
3653
2603
1321
3643
2660
11087
12474
3712
1099
3635
4837
1493
1346
2586
1157
4926
9553
8357
10836
2604
2555
13335
11723
1204
11092
2639
15997
11095
10785
2643
1228
7159
12556
10812
8317
12470
13635
10953
7163
9465
4891
2590
15817
4696
8876
13279
2684
12555
13497
3678
13247
8299
1537
13291
13219
12548
3584
3736
1388
8371
1554
7191
13312
9457
10900
13397
12284
15943
1350
8859
15491
1555
9603
11778
13283
8855
1209
6036
11094
12502
12293
8421
10939
4983
15819
2760
6114
8337
11777
10996
7167
2817
13210
2522
11105
15530
2565
13619
6630
6525
13481
3618
7232
13479
2931
11027
12327
13384
15896
13464
15883
4896
1502
4805
4990
1212
15951
2761
13369
4700
15815
10950
13269
6526
1538
6643
4860
1186
4337
8166
8206
15911
11032
13607
2728
4330
13434
9442
13441
10784
15281
4768
15946
12394
12456
2830
2998
12360
13557
13306
8913
13261
15499
13416
8358
11003
3703
6530
12365
13162
6511
4858
13249
11722
11734
4971
1143
12402
10763
10971
1103
3710
6583
1319
13288
9634
11739
12477
15905
8825
13364
2757
10760
8413
6140
12241
10955
2722
9511
3650
6126
13371
3538
8211
3719
12410
2908
1557
7230
13345
1344
4712
13410
8871
13642
12451
10740
4660
13455
7221
3577
2619
2958
1125
10851
10816
2865
9555
4988
8904
6561
1122
13644
2976
15935
1127
6072
13307
13531
3645
8410
6074
4985
8401
1158
13421
2851
2685
6104
2926
1148
12441
8331
11033
13520
12467
9537
6602
6046
11036
10781
2955
9513
6601
4958
3546
1343
2767
3004
2907
9658
12554
11065
7188
4973
1224
8853
1105
2805
6124
8896
3008
10868
6003
8320
7149
2662
13549
1255
4718
10810
11022
7150
13500
7160
13449
13199
6527
15478
10741
2951
8388
12381
12476
8910
8411
3648
15273
8354
4789
6121
11012
12418
13539
10894
9614
14158
8350
2774
7214
3732
7158
3621
13264
10935
4979
4747
13313
12370
3590
2597
7211
6270
16218
16212
6265
11709
12976
6996
13052
15394
14351
6226
8946
13038
4637
1458
13053
11678
6280
6190
6240
7062
4614
7135
4641
8947
11692
12939
11665
13019
7098
16271
11644
6237
7113
15414
11685
6927
6232
13056
7004
7019
9023
13026
14352
6170
7099
12959
8962
13060
8951
9019
11633
7063
6923
4621
7102
7067
6942
8987
12929
1466
6227
6249
12988
14322
9029
15395
7127
14367
14316
16227
6236
8980
16252
11653
7049
6956
7014
8960
7068
13103
7138
16240
3028
6296
11650
4617
6960
6146
6293
16235
6984
14348
12965
11697
15412
11638
4624
13110
8931
15366
13093
14312
13071
13156
13033
16196
8933
15374
6220
11624
6200
16257
14362
11646
6916
6217
8956
6993
6301
4616
8968
16183
11602
11583
6245
16220
4618
8930
7027
7100
7037
12991
6967
6178
1437
13139
12963
12977
9001
6198
6935
16272
8949
13017
16231
16228
6299
7101
7007
13007
13106
13006
13070
13129
6168
13031
6182
4649
6284
13148
6964
14341
13046
11598
13097
6255
14358
1477
6972
7070
6257
1425
9021
13125
13118
6297
16217
8995
6913
11687
6930
13050
6290
16182
11617
4611
7018
13054
14354
6925
9006
15385
6156
15387
11594
7096
6154
7044
16214
6142
13158
12949
15417
6241
13102
1461
6919
6214
6242
13092
11654
1488
11701
6994
13058
12944
11570
13131
8963
9011
7121
7021
6188
11695
1436
6258
12975
8973
6173
6233
11676
15382
1489
13124
12995
13095
15419
7042
11667
12982
1476
13134
16213
13084
13116
12938
9039
8993
6177
11703
7059
7077
16263
6263
16229
7034
7026
4650
14344
11671
6262
11702
11666
14377
8936
16188
13085
6172
13151
1443
6153
11606
1470
9032
13082
8964
13078
13160
15365
13008
11643
13161
6999
6932
6975
13128
13011
12971
6256
6983
7069
7131
12928
8970
13132
7141
11621
9028
13100
14355
6273
6973
15408
15381
7015
7095
15368
7120
6222
14314
4636
4633
13001
6151
16275
14333
6970
1474
13096
12973
16236
13130
6206
7092
11681
7114
16259
8998
6196
6210
7088
7091
13135
11607
16219
7046
6918
8984
12946
14340
16208
15402
9036
9024
6254
8950
16191
16270
15377
6244
16207
13145
6207
11571
6208
4644
6253
4612
8983
15421
14323
7085
13064
7032
14365
6197
16199
13047
9015
6917
6288
9018
7001
13138
16175
14319
12993
6243
6186
1469
4613
6283
11609
16258
8997
11694
12962
6941
16194
8958
16171
6164
7050
6187
6160
6215
13045
6228
14335
11629
16232
16168
16251
7094
16267
13120
6915
15376
9031
13068
8989
15396
13015
6221
12987
6998
8978
13157
16241
9016
8937
6997
1463
7017
8969
6952
13003
16234
12981
13051
7078
1482
4642
7111
1459
9010
11580
6219
6149
1462
12983
16170
13111
11693
11599
11630
6274
6192
8979
1468
7118
6292
6250
13040
7119
16189
1480
9022
15390
11664
8992
6260
7139
7011
8935
15403
6224
16206
6978
12960
6155
12979
15367
6920
13034
6171
11592
9007
6199
7080
12951
6287
7117
3026
11618
8926
16205
11628
8959
14353
16215
6279
16177
11600
7000
6965
6954
16216
11715
6953
13154
4643
13083
13087
14315
6261
6291
11714
2441
10389
5063
10430
10644
5275
5012
10689
10378
2417
14484
10674
10423
14483
5157
10682
2253
5281
8673
5266
5011
14478
10646
10362
8716
8745
10642
10453
14413
2364
10723
8723
10692
8701
2472
2272
10394
14513
14506
14464
2333
5263
10366
10627
5015
5193
10553
5141
8690
14419
2256
5261
14454
8736
8705
5252
10654
5162
8669
10633
14452
10419
14381
5042
5097
10449
2380
8675
5112
2296
5235
2283
10407
5008
2387
8706
2313
5226
8685
8707
5023
5032
10658
2449
10629
5216
2413
10495
2329
10531
8715
10404
2470
10538
2288
10427
10462
10694
14527
14522
5224
8683
8732
10371
5315
2425
2353
14421
5327
14473
5221
10735
10561
8667
10485
10436
5030
14406
10652
10679
8740
5134
5105
2251
2343
5238
10582
5318
2360
5210
10549
5122
2263
8676
14538
5033
8648
5136
2336
2396
10543
2397
5229
10710
2346
10398
10647
2301
2415
5222
10604
10559
10373
10665
2412
10477
5064
14532
2328
10429
5248
2497
8649
2341
2498
5096
10601
10475
2383
5163
5052
8726
5223
10566
2269
8660
10537
5013
2300
14455
10645
5326
5307
14504
5046
10551
5161
2316
10482
5198
10455
10613
10384
10552
10457
14502
10649
10364
10393
5268
5066
8755
10623
10428
10425
10558
10444
10386
2440
10452
8739
14471
10611
5085
8725
14383
10733
2281
5080
10445
14520
5203
2314
5254
2265
2432
5040
10672
14409
10635
10370
2409
8674
14428
2373
5189
5104
14526
5200
10351
5082
2463
10706
10571
2356
5117
2392
5054
2297
8698
10377
8647
10357
10437
2357
5087
10489
10467
2393
2416
2375
14457
5328
10717
2322
5120
5026
14384
2293
8653
5047
10385
14533
5043
14443
2345
10554
2427
10392
5283
8665
10661
5182
2332
5312
10732
5111
14467
8658
2358
5139
5214
10513
10454
8756
10693
5294
5206
10439
2480
10579
5016
5166
8728
14401
10583
2389
2378
2490
10681
10599
8693
14505
8742
10563
5338
5202
10631
8694
10622
14460
10660
10408
14486
5151
8651
10507
10544
2315
5237
5183
14415
5119
5234
14398
8656
14399
14379
8750
14518
2275
8646
2370
5098
8700
5108
5233
10565
5264
14437
2382
2371
10727
2340
8666
5143
5310
14410
10614
8661
2411
8691
5259
2483
10524
2310
5199
10628
5126
10365
14531
14528
2385
2478
10596
10534
5325
14382
10515
5060
5127
10486
2399
8654
2368
5236
5334
10435
14485
2330
10712
2482
8652
8708
5299
14498
5084
2430
8670
14418
5291
5144
5049
10381
2439
5249
10528
5175
10409
14412
5311
8684
2324
10593
8688
5348
10518
2501
5191
10511
2457
10521
14524
2299
10417
5332
5123
14517
5337
10709
2511
2321
2354
2326
2323
2426
2433
8713
14408
10480
14416
10399
5197
14521
2464
14441
14387
5276
2452
14481
14491
2291
10442
10663
14449
10458
2374
5258
10533
5024
2384
10572
2273
10469
10514
10688
10621
10619
10376
2434
2455
10736
2491
5340
10441
10675
10526
10387
2438
5242
10600
5150
5260
8731
10729
5000
8754
10464
2282
2252
10426
8663
14393
5058
5267
14463
2395
5019
10451
5068
10637
2344
14507
5333
10474
2475
5331
10650
10605
5092
8657
14429
5039
8692
10555
10669
5343
14479
10487
2259
2390
10356
2404
14487
2306
8730
5168
10612
10414
8686
14396
14472
5169
5177
10494
5346
2362
5005
10698
10497
5069
2317
10359
14509
5321
14390
10570
5010
5132
5179
10483
2274
10685
5041
2414
5329
2305
2456
5007
8757
10446
2287
10730
2466
10655
2298
10616
14388
2471
2351
2337
5231
5309
14488
2352
10471
5093
5173
10592
2474
5181
5014
2309
2255
10719
2460
5330
10641
5208
10492
2424
2462
5302
2499
10403
5314
10367
2420
10699
14445
14385
5072
5103
5220
10678
14536
2447
14403
14425
5244
10714
8749
14469
10590
2400
14461
5278
14389
5250
2402
10354
10586
5102
5159
14514
10380
10704
5255
5257
8704
5292
5078
5002
5160
5006
2271
5155
10708
2429
5101
5296
14391
14496
5243
2254
10667
2257
5180
2489
10700
8729
5088
2443
2476
10625
10450
14492
8741
2481
2369
10597
2295
5079
14459
14535
14500
5028
10361
2504
10438
5050
10656
14427
2386
10388
10411
5316
8717
8659
10728
2365
8655
14508
10503
2500
2347
14462
10564
10562
2442
5239
14439
10374
2289
10349
10422
5347
10350
10580
14433
10546
14447
5107
5265
5308
5324
10535
14411
10610
2453
10395
10584
10687
2510
5115
8734
5228
14512
5017
10510
5086
10578
10522
10696
5282
10594
10603
2493
