5812
6669
14941
14957
15074
5935
9432
9382
6767
5925
5820
5773
5762
9281
9356
9314
5721
3338
15045
9280
5740
15146
9422
6777
121
5839
6792
9357
3404
5884
3498
9289
5924
150
15083
5939
6791
12177
12184
180
6751
3384
187
14908
5837
9353
3464
15035
9383
148
3465
9311
12194
6759
15060
8263
3370
14165
15184
166
16313
85
5864
9378
14962
3388
15132
15153
12125
5840
9407
14917
8265
65
12186
5785
6674
3373
9321
9283
5724
9379
15071
15052
3453
14190
14996
186
6741
5899
144
140
160
61
3
5722
3469
9284
6752
137
3445
9267
3390
15167
12185
157
14934
15092
3334
9388
131
5791
112
5736
16296
5930
3442
15115
9405
3352
5912
14981
9324
9329
12175
8260
9318
14938
15090
15004
6712
15117
6771
12167
14192
8266
9436
87
14978
5871
6762
5742
15120
14167
6749
14901
3340
9343
12119
15078
6781
3429
15180
6685
5787
3339
9293
3380
3335
5723
15027
5945
12176
14905
5769
123
9315
3493
6686
14970
15080
6671
9361
14977
16282
9288
6
57
3459
28
3468
19
5916
5778
12191
14929
3490
6730
50
3457
86
5804
6782
5789
8259
6766
3476
16294
5764
9413
14928
81
5801
16278
5876
12136
6745
58
15026
9400
3357
9406
15005
12145
48
12127
14925
42
3458
9298
107
103
9323
70
5755
12219
15036
3431
5809
15157
3405
9411
5786
14906
14947
3389
3494
3409
69
15159
5783
3480
3444
9418
1
119
31
5883
9390
5902
6760
14995
15155
188
14940
9305
30
12180
3342
64
6783
178
3369
14976
80
9380
5914
15112
14182
12197
3350
6785
97
12147
12153
5810
12235
6787
9360
9434
14993
15031
6734
9286
15099
5854
3434
72
143
6661
14959
6763
12112
9328
6684
15069
15111
12152
6677
5847
5910
6689
154
5922
175
5860
15124
16306
152
9374
14964
3379
78
3368
9414
116
146
15164
173
6739
14967
46
5936
5927
147
12199
14924
6776
164
9292
9370
15065
15165
3484
15011
15056
122
95
3351
45
15143
15158
5818
9362
15037
5748
190
5928
14984
12182
5861
168
12137
91
15053
9396
5743
9300
14985
5901
73
15012
12133
6728
5947
14187
5891
12189
3488
5732
14968
5877
14170
14909
14185
14910
6753
6666
115
3437
15189
9392
6720
9296
3475
27
15185
6670
15171
15125
5940
6705
15135
5749
3376
3343
14954
16
14916
9337
109
15042
9430
12222
9346
12208
3403
6662
9336
9333
14931
6722
3355
3407
9264
15058
15114
12164
3471
6668
5852
14168
6694
3462
12114
15014
6697
16288
12193
5911
14950
6682
5834
83
5826
15008
15066
9295
4
51
6676
15055
12141
5948
126
6709
139
9391
12135
15141
3496
5844
5878
3410
15170
5855
162
12132
3428
9297
5793
3396
169
14971
14173
6680
12117
12107
9420
5790
3455
9350
15105
12231
15038
170
3362
99
14914
12155
9348
16311
6700
3349
128
5739
6780
12142
9427
3452
5833
6667
132
14960
3491
5888
5830
12138
7
3347
5751
15166
6786
3345
5849
6688
15076
12169
12215
15089
3344
15192
16308
12232
5850
14963
189
108
22
5738
15077
3346
93
3365
15050
12148
9266
12113
5802
9274
6711
92
12188
3411
14994
75
9352
15029
16300
6744
12157
3387
9355
14989
5831
16299
15108
14966
130
14997
24
5753
6687
5943
15102
6743
12192
155
15161
9282
5904
9319
5932
15100
15043
5807
12226
15082
9344
179
15173
15067
10
3495
67
145
15160
5777
14919
5868
3441
5885
15188
14171
5799
15162
6784
138
14969
3336
15054
5811
6761
14942
15091
9384
12195
3363
3395
15104
5747
15148
9317
15085
34
3406
5919
89
14900
6690
0
14184
5
12166
9287
101
6707
39
5890
5814
124
177
136
3477
118
16312
15131
5867
15000
6691
12201
15030
3333
12224
15119
15068
15088
15109
15191
5822
41
6710
3499
3438
6748
5879
5920
12217
6692
5827
5772
14992
12123
9429
12163
15047
12162
5889
15152
9342
9398
5782
15139
14180
15176
6664
15001
5819
111
9270
14913
12233
9277
12210
15051
102
5816
14973
6737
16283
14186
12139
9377
9320
15144
68
12118
5908
15142
14998
6723
12115
9435
3393
9368
12173
134
12108
14991
9421
6732
127
14972
15101
14166
3378
15094
12203
5821
14178
55
74
105
163
12218
9341
14949
12144
6713
15015
12160
5880
6665
9386
5774
15154
5917
8594
12752
13949
14674
14888
1584
16053
7390
424
225
1668
13934
10128
4575
16154
1763
231
7642
12659
1686
15694
2175
1920
2229
2157
1995
7511
14840
1735
11177
11411
11284
14869
15654
7617
1714
8497
11435
11262
12725
3824
10261
16100
2168
13762
14721
4032
7237
15557
513
2035
10338
1700
8566
15627
4572
7265
8607
7399
1706
14723
15592
10125
209
4451
7292
1997
16038
4421
7433
12781
14772
1566
15728
7366
10197
1756
4439
10139
12814
15552
13761
4375
249
1817
12739
4367
3867
1577
2071
4020
10220
2087
11384
201
13689
350
1785
12837
10040
7580
471
1807
11240
12820
16093
7639
12876
14853
7540
1602
1767
13758
14820
11203
13852
2096
4025
1640
3870
15638
10172
12793
13739
13742
4533
4420
4364
13946
1766
13910
2213
428
11238
487
294
1905
7279
7523
12811
3884
1680
12923
7623
212
14765
11399
11204
2044
7499
12801
8454
1772
7512
7259
395
15660
11219
4440
10216
8588
7859
7396
8644
284
14866
7566
10154
16147
3819
7332
303
473
3879
12646
1614
12599
2012
3798
11289
15739
8464
2216
2016
11236
10107
2055
12736
13921
285
13745
3801
10135
12593
11251
1658
13805
12582
1950
4497
8452
4471
14643
15551
14825
3823
2108
10231
1581
13723
7312
12809
390
10051
11398
11380
15662
13952
1815
11227
7465
13730
3968
13830
11134
9988
10282
7304
1752
1834
1880
453
7331
3773
12686
10243
9998
3780
12625
11326
13888
16089
13665
3936
2196
15579
7559
3766
13911
11434
3947
7290
301
1773
7289
2153
12878
15585
10245
4463
13865
7348
501
10234
10341
7254
14781
7578
11421
4028
15601
13860
207
11307
1940
13757
2051
2232
7386
8521
335
7477
7601
1791
7285
3985
13691
12635
3912
12812
15568
213
1804
10300
16127
7626
11159
4474
260
12858
8619
388
15712
215
14798
7446
13866
279
3788
14830
405
4437
14636
2113
10073
3981
4397
8638
12840
3918
4559
13704
13808
2201
8532
14812
1603
8544
269
2107
259
12560
3796
1909
7346
12656
4467
10327
409
1947
2067
13868
16115
1652
3853
12753
2155
1978
2088
4065
14777
11325
15619
2219
433
7400
7377
16152
11244
10343
7383
15566
4592
12644
1769
8623
381
12569
11391
4042
247
13733
3838
12708
13736
4454
8602
13729
1585
4415
8510
4045
10211
10066
13840
1906
3935
3786
3979
4355
12718
10286
12854
4066
397
7605
8531
8617
14795
4495
10249
15642
15548
10082
3768
401
2003
12750
10248
12785
11248
14799
8474
1996
14822
10295
4548
12596
13696
7253
12832
13850
3954
7599
12610
15545
1879
216
1939
11433
12743
12906
11329
4049
13799
2178
15597
244
12595
3876
10152
10149
465
2218
514
3921
290
1810
16059
15674
1687
3774
3983
2164
12705
7320
3782
12922
11376
14889
10080
13942
1674
8630
15734
1825
11195
3978
7403
507
12778
14839
1861
10092
3890
10098
13862
1973
7471
1836
4574
13833
10236
7522
10068
1837
7518
4036
430
7363
2133
12780
1921
14800
11295
1782
3803
2246
11313
4050
1653
1901
8513
7870
13773
16033
16090
13664
14768
1691
12598
1799
3951
14742
16037
16162
1792
15713
2193
11144
2169
2001
4053
2114
7524
11226
14832
477
4382
14714
13944
7864
4351
16142
14663
443
14673
7602
16122
14680
7460
8516
12565
2139
10088
386
13926
2043
13774
4035
11213
8564
461
4031
4540
10065
11385
1897
7548
11180
13917
15657
3926
7536
2128
14760
2206
13666
4000
12748
3953
1976
1779
12900
4054
221
12909
307
4565
1884
12731
7375
1764
10151
11139
10031
13922
7572
11309
4381
2054
4595
4464
193
14755
1876
11178
16095
13943
13675
13749
4578
14677
15578
12920
12828
14872
4557
3937
16067
14894
15695
13848
13924
13708
10042
16055
15587
4360
15735
12717
13798
2073
2014
14657
4515
7374
1911
11241
15541
11217
15736
11393
12899
11305
7514
2167
10081
4517
198
12849
3990
10046
2140
11192
4076
11234
3832
10251
12594
14681
2204
15622
13656
391
1812
16116
12709
3806
10223
13674
1931
16086
11285
2097
11382
13731
8484
8472
4436
2053
2129
4489
340
4507
13899
4003
2084
13660
13670
15614
12816
8612
14655
14804
10323
10267
11348
11362
2031
3896
7613
15651
3998
13747
11312
7309
10334
4022
11274
317
1666
432
2170
421
13915
2159
14797
14870
447
10181
12689
7510
384
2212
3784
4566
3831
2022
14816
11201
10043
12643
10313
10257
15708
1826
9997
7495
214
7411
12701
7500
7325
2119
399
15683
2222
4487
8487
12589
7490
11363
15720
12802
15743
2085
12886
16030
3923
1776
13809
1672
8535
13680
3898
13811
10170
7450
1802
9995
3804
2243
13728
14708
11283
12645
4502
13806
7645
13700
10067
7634
319
11132
11357
2047
10185
14817
15742
4019
8517
7853
2134
7535
10002
7555
3873
7489
1659
16044
15574
12880
2061
1733
223
243
12699
12640
8537
12619
8569
11288
13755
1624
10285
13718
14671
210
1682
3787
7426
13776
343
11438
14641
11167
11257
10159
4369
14697
4368
15559
1724
12601
10057
10269
7502
10331
15661
4596
16136
1768
7352
10274
12845
12696
7501
3856
11436
7430
16075
12576
11174
13767
4417
10165
14847
230
11355
14726
4407
286
4363
14728
15562
205
11375
13819
10148
7455
13890
13869
2144
10244
3875
8592
15576
3771
11221
1895
16167
3962
3850
3791
3869
2046
1615
14827
3949
11405
3861
8601
2104
7611
4001
4027
14658
13690
11249
3794
1731
13663
7513
239
3778
12893
7236
10089
7428
3841
10127
7355
12839
500
13874
12902
4456
10017
3976
12700
12843
14891
1689
1754
12768
12573
10260
14654
7272
10001
14883
16118
10252
12681
4372
13694
3997
3844
15731
7581
1784
7407
2075
8494
1818
16056
7427
11162
10020
14898
10013
7539
4041
11278
11215
3911
504
349
387
11191
11154
13702
2089
1882
12698
495
2083
464
16145
7261
7568
3940
7357
12831
8548
13871
13800
10055
2221
4414
7496
4479
12563
15567
1889
15717
7257
14838
1957
7424
1610
11347
2192
16034
10319
2079
12848
7251
13913
3974
10007
4400
11152
4481
3938
1852
10130
10118
13892
13782
1977
3837
10027
1846
11404
15612
1933
2202
4402
2150
379
12915
1751
278
15632
11430
12622
320
1903
12676
8561
12756
1612
7258
3910
12687
10189
484
13945
3809
1621
2006
2237
3995
7546
7287
492
7421
3932
1698
14747
12727
16137
438
10232
16102
330
14886
3830
15677
1750
1971
7525
8624
15555
12580
1917
16096
4504
13789
15705
4552
13775
12784
14833
14818
11396
8547
14858
14863
480
12584
12912
4077
4544
11243
4434
10116
16134
2214
4010
1725
14831
15629
16085
10003
229
7248
7632
16078
8620
7369
16143
11265
14696
2174
9994
15577
13721
14841
7360
7494
2241
7457
7607
14846
2056
8552
8575
1972
1960
1641
8621
4514
13835
4388
10308
10071
10176
4006
7391
418
13897
13763
15564
10227
1669
1617
1863
10090
7365
7454
7505
15599
14642
517
1982
1975
13929
1611
13849
10215
2048
1871
10160
1586
3988
8468
3851
11340
264
11397
12703
12706
7468
2076
13661
14779
3999
13951
10208
2231
11318
12642
12757
10194
10101
15710
10028
1568
1622
1816
16070
8534
4475
10083
8556
13918
1853
15746
3956
14660
1801
4405
1630
10114
3955
10256
3878
1695
12775
1704
4529
1986
7582
13803
13873
2189
8538
4493
4580
2187
13841
227
8462
10339
7338
1569
10124
8595
10318
1726
12721
1579
10177
13706
3887
454
2195
7476
12617
16161
7326
1648
3958
14823
7466
13843
14704
3821
365
8618
10333
376
7354
11242
1974
16051
10166
15727
3868
13717
11367
11350
16052
8635
1936
16028
2163
4047
1838
16026
12621
14819
13947
7480
4597
8486
403
7315
15663
12917
14842
308
15621
7405
7609
14698
15623
3820
14749
356
12829
3822
304
15615
14813
8598
15635
3907
1721
3980
2111
4423
10235
15737
16114
8506
2247
276
4469
1915
11301
3963
3905
10049
10144
2171
1744
13715
10122
8629
10294
2244
1623
13812
8500
12808
1563
352
2217
266
7562
2045
2173
1780
14828
8557
515
11275
1677
16155
3924
2030
10298
13816
11160
13796
446
13786
13698
10193
1787
3815
233
7344
11419
12751
12773
10175
14892
14829
2126
13732
14724
4387
13906
3849
1954
7276
7497
1953
11383
14662
10123
8573
11319
4541
10210
13908
15606
7296
10273
15725
3917
12921
282
4594
14783
7459
4455
7373
11216
7861
14801
12650
16123
9992
3795
14852
12855
4429
7336
3946
367
10219
1730
15630
12614
15575
12744
2248
510
2098
2227
12693
11193
200
263
15652
1872
4556
408
12652
16129
420
12765
2036
11356
12763
10253
7256
7638
4013
13699
332
1857
7852
4554
15647
13939
4009
1771
1644
15626
13815
10276
483
11300
10100
15729
3957
4385
14659
10095
2032
4343
1712
4536
1805
4477
2070
1798
4428
4411
1894
2120
12655
11267
425
2191
15669
2116
16065
4466
15641
10072
12810
1676
456
11231
10254
8637
13824
12713
254
11279
10117
2105
15560
1951
1959
11353
11437
14824
14876
14637
10229
10272
12842
11210
10198
10322
10222
4427
2143
15605
14675
4376
211
12868
1984
506
1860
4017
8533
14780
13844
14880
4508
8570
10053
1716
7569
326
1992
4425
1930
4404
435
7610
15670
3800
4026
15571
15706
2182
4457
3892
3877
11360
8553
315
8641
16064
1642
3984
2115
10281
8582
14809
394
10191
4418
220
4588
10112
13752
12817
13785
4472
4581
12624
4024
16057
417
12904
2146
333
14665
12720
11296
13909
1890
3840
12846
4058
3836
15747
516
4062
2199
14862
1777
15687
8560
2149
10255
4537
15590
16124
13925
1693
8603
2029
11440
12712
7603
15697
16104
4500
12863
4063
14770
10316
15698
14716
12626
10202
14874
10106
16157
7604
7342
4576
12732
11260
11179
434
11418
13797
1795
12630
12680
7858
1587
8529
15659
7587
10307
16138
7554
470
15625
11196
15617
1927
7504
3919
16027
11143
13895
7380
8639
10173
7314
7435
13794
8627
15595
11268
12665
15682
13938
11409
4412
10206
11149
518
1823
7458
12591
7442
4458
7280
10129
7850
1713
3812
11389
10109
7541
10091
8469
11189
2240
12901
13685
1627
509
334
4384
8626
4365
8579
7635
7246
15594
7313
10062
13673
13735
12604
1907
4371
14807
10293
11332
341
16160
12716
13655
10063
10337
7247
16108
10270
9999
8503
13703
7456
7640
3829
12818
7370
13879
10015
8514
1966
10110
7401
3797
14648
15707
14717
14890
3882
15686
251
12745
2234
12815
3901
8505
8477
10133
4608
7641
1605
1639
3991
14689
15744
12578
10059
1941
7368
1654
7255
12583
1710
13847
7358
16165
13777
15543
13854
7376
1593
1760
4488
1832
7244
10304
7473
1699
1963
7565
15684
2136
3909
10018
4433
3941
451
11225
10150
2158
14775
11314
192
14766
10330
4558
8572
3986
10077
3903
15653
7506
7271
1633
11276
15538
12833
13845
12905
11182
13807
11272
10263
2137
4344
10126
15550
4353
2226
299
16041
2186
2249
1637
7598
11199
13712
8496
10289
11184
4449
3993
8489
14778
3994
1946
1606
7464
12898
11229
10188
7868
3842
7260
7302
14791
7594
12631
3886
4524
12664
314
15556
11245
12603
217
10136
4362
13726
3807
2208
13887
12824
10259
7361
11200
13940
3961
7643
3833
12883
11183
7509
16158
8568
2106
7293
2040
16125
12827
11368
11153
8467
4390
12675
12677
7488
11223
11317
10212
2154
1592
1657
442
4492
7530
8455
8609
3865
2160
4482
7410
494
13825
3781
505
15607
11287
7328
7552
11188
13823
12592
11131
10045
7263
261
1697
11194
479
3922
4431
2211
3770
407
3839
7295
12919
10228
11303
4064
14836
15721
3902
12620
7860
12761
4443
8460
13900
10190
14634
13891
12690
8589
8562
1745
14743
11345
3775
2188
16083
15701
14857
12668
10021
2130
12723
7516
12654
11392
10306
10078
11338
10033
469
2112
12897
4395
7520
1893
16068
2063
3916
3783
16080
336
8512
4539
3914
8622
10317
237
398
1683
3989
1638
16117
15704
15716
10182
8492
3871
1875
1565
14792
8483
377
1850
15609
8519
12587
7627
13881
10132
3964
10016
246
1878
12577
262
7378
15581
378
15631
422
2161
11354
12874
14709
11142
1862
11378
14808
1858
1900
4538
7593
4569
12871
199
16097
14859
10209
2024
11415
15711
3785
344
7857
10195
10186
15730
13676
15726
1800
16099
10137
4039
7437
1989
1965
14793
1985
1734
12881
2177
14843
4401
355
10167
13669
313
16076
14897
7281
1679
2092
11150
14652
12860
13725
13846
7577
10035
10169
346
4011
2190
226
11281
14776
14695
2020
13657
12877
253
13896
16043
3966
12879
15637
14854
13821
375
10041
3885
10161
16150
15724
11208
13741
13778
4586
4531
1867
7556
4043
14732
312
373
3777
4567
15589
12740
2225
11358
13880
13693
7633
1690
485
7310
4496
14855
11258
8616
7596
1598
3863
342
4354
15681
3881
16045
10302
490
7571
13927
8466
7234
14759
360
13654
2203
1631
413
10205
436
13672
1591
10094
4452
1746
12792
12918
14782
4023
1770
1885
2238
12566
4403
8465
4432
3880
222
9996
13748
250
4512
4040
7440
7235
4016
3834
12821
4527
206
15572
4485
14664
11286
10279
4078
10179
14687
2245
12853
4450
402
7482
15573
1967
7249
426
1781
11148
11365
10278
14679
318
3888
7873
7267
4522
10131
12755
13711
2102
2023
1701
7637
7388
7486
2224
3959
7573
4470
15699
1945
462
8604
13836
389
7644
15553
10157
12737
1929
1828
7238
4352
15634
11250
11316
1892
11136
14649
1797
458
369
12671
4380
7324
7481
268
16107
1918
14670
13684
1910
2236
219
13932
13734
3996
12682
7475
2124
16073
370
9756
9985
11836
16394
3032
16406
3043
827
11811
9709
3159
14223
6900
8139
6849
9694
9962
694
9884
3140
3149
9701
16441
794
696
3279
9712
15360
654
3086
9850
9676
6856
813
3188
3182
14284
5974
11879
3137
6879
6851
6874
3185
3057
3053
9762
733
781
6888
617
15307
788
3063
5960
9668
5966
9917
3258
14279
5951
689
15309
3177
14217
9697
9761
8114
709
9696
11806
11843
720
6831
16433
14235
9891
548
3309
3208
561
9749
772
11789
15323
15304
9684
9849
11865
9796
3191
9763
15293
9948
735
9711
601
16427
6809
14298
8123
16348
8125
3081
3065
11832
14273
11814
3230
9845
14296
3225
15326
684
6824
6840
718
6812
532
9911
5954
14260
16370
6797
3091
8151
16380
522
14300
8155
14286
3096
9771
9930
739
3044
14266
11786
6835
3290
3312
822
9920
9794
16400
3255
11872
631
8086
645
3075
659
9793
9986
14264
15364
3083
14233
11883
560
11800
11809
14304
14245
824
540
15325
15357
3080
9755
9946
9933
3286
9878
11841
3033
3111
9848
722
580
9735
6867
14247
610
9792
3122
9766
9873
8093
11807
734
563
8132
6860
3192
16443
9854
9783
3249
3179
14276
3120
9669
15340
11785
9807
814
3264
6852
5981
16404
567
638
9687
3244
9767
636
14210
525
14214
3082
15298
15338
6820
9734
9910
3169
6909
14250
641
16342
11842
9982
3321
9780
569
6843
9980
564
6828
697
15342
3160
16324
3325
3064
3170
14236
731
9716
9691
8117
8102
690
6899
14292
3202
16330
8099
9784
9675
16399
9728
648
6906
5978
16431
661
9925
14301
14288
614
3107
9955
6841
9879
8111
16438
759
6793
650
11795
8110
11802
646
716
9953
11875
6875
9775
6862
15290
5950
9692
3310
534
6794
624
9909
590
9722
6868
15318
16442
6889
633
9774
699
8135
14204
3116
6833
3119
8107
741
3141
3305
703
11825
9963
11866
16354
765
683
5970
832
14265
3247
786
6846
9757
16355
16393
3139
14248
16365
15351
9732
752
8133
3213
793
9934
16432
14299
3265
14269
11810
3270
815
6910
11815
8081
16411
8120
14302
9690
737
11864
14251
523
16395
9808
3052
14219
826
9889
693
16320
9918
11880
9679
640
15316
6895
3098
730
3076
9831
11783
16358
16361
9678
6885
9813
3161
3308
687
810
9765
3127
11837
3207
14309
9900
16392
16337
562
9799
11794
623
676
11845
9702
9979
802
3261
14234
3045
787
8124
3200
3299
9786
9899
3167
801
9811
812
3164
594
8156
3229
3322
679
3172
3303
545
9747
15317
11816
8084
3232
9708
704
5972
16446
16389
16376
8078
5961
700
3143
11862
14242
11873
591
9822
3313
8147
8098
587
11850
8144
6845
3259
9871
16387
15312
664
11817
557
9888
3047
3285
727
14306
9903
575
15350
14277
16378
3187
678
3146
3067
16335
16448
14224
16405
3155
9798
753
5956
3306
6905
15348
784
9817
8143
3077
9883
656
11868
592
6799
3157
577
547
16319
3273
9887
9680
829
775
9795
8091
5968
16369
14196
15354
537
8129
5958
3162
9896
9790
14200
6880
14244
643
9827
11796
9706
3148
6886
3056
3092
14208
16435
3199
8127
637
9954
6865
3090
9983
681
607
9683
554
9981
15308
3049
568
652
16328
3236
715
11805
3184
14198
682
5953
9810
3062
8136
586
3165
5962
3240
9904
3112
9777
15288
9974
9759
3201
780
550
6832
16419
628
16447
5967
543
3263
3150
763
11847
3036
9797
695
15362
14295
16401
9846
11855
14267
663
757
9965
3289
3266
9862
3060
11812
15297
3115
3218
3097
3222
3183
9843
9863
701
14270
706
16331
702
5971
15329
6804
9828
6872
8096
11818
15328
14305
14229
11877
556
3256
8088
666
15345
3224
16409
9825
6825
9740
3103
3108
3058
6844
5982
9859
3293
6808
9956
16416
526
15320
8094
9915
15361
9779
11857
14275
546
572
3163
9857
15363
6803
711
662
3145
647
3216
16356
9823
9875
651
9800
3101
9839
16423
5955
16314
11831
3301
3151
11797
9677
9908
520
3294
603
9927
9745
6884
528
3239
795
11834
14274
3051
15296
618
8121
16345
3106
621
9939
675
9736
762
3152
9944
3235
6837
6898
6863
3292
779
8112
14206
833
6854
8122
616
9949
747
11871
3037
3087
9782
16317
692
9892
16373
16349
3324
9818
8089
16357
3231
9804
538
3329
9931
9802
6816
16385
8082
3124
16429
3280
3136
9768
811
9710
755
619
16436
14258
9665
16425
14199
11823
15294
16366
612
717
9824
16426
9967
9856
14213
9778
16347
9741
818
3104
3190
625
3223
15356
760
725
11822
9882
9851
789
9725
14237
9776
830
6893
16381
535
9935
9866
15335
11848
3246
549
9952
823
5952
3248
11876
16384
16323
15331
3153
613
9719
670
9815
5973
6861
3274
8145
665
9855
3228
11859
3042
8149
16390
3238
777
9936
11798
9816
15295
533
16344
9978
667
14252
6826
3275
748
3209
8152
5965
9937
14205
15303
15292
8105
745
660
16318
14240
9832
579
3113
3078
598
9950
3131
9672
797
8113
14193
15287
9748
867
5711
12104
5401
14124
7978
11453
5714
13984
16539
6364
16549
9230
1006
5503
9214
932
8015
5388
15781
6345
14113
14019
7963
5680
7919
6482
1065
5482
15803
6454
4165
5520
896
12071
5382
4297
5357
15785
12102
5629
9069
11531
922
5430
847
4177
16503
6459
6485
4235
8001
7805
15224
11519
4196
14036
4309
14015
912
5504
6326
949
13999
14074
5687
9260
5547
12001
14088
4242
5665
16581
858
16597
15806
9153
6466
889
11469
8074
15756
16547
11899
12018
14099
1027
11944
5664
14118
5400
12096
16472
4173
14594
4132
5582
980
5626
7937
14576
11908
4222
5662
5563
14079
9229
16552
7940
12100
6462
4167
7749
16471
5632
5656
9131
11917
8009
7991
11925
7692
7665
5688
6317
12030
8070
7972
15243
13990
5676
4192
9096
11461
1021
8043
1071
5449
5569
11987
7743
6305
9113
9167
4122
5500
5487
12101
9133
5631
5414
960
8037
14569
11989
7728
15782
15266
8057
5625
7910
5609
7909
5470
6306
4135
11509
4262
4191
4176
966
7682
4153
1010
4269
6465
4187
15197
7950
5385
11478
7976
5410
16545
13980
15223
882
8766
4190
11990
5686
4118
12027
7830
7966
7996
8006
15783
11559
5467
11498
6304
4214
15762
5472
7807
987
7958
1047
14115
8039
7782
14598
11459
7997
4317
14620
5577
5624
4110
14629
1029
14154
8782
14005
5359
7652
4221
14596
9223
12078
5523
5622
11885
853
14092
16606
14057
6391
11979
9123
15776
848
14564
16465
13994
16534
16531
900
1086
7697
5706
8021
6340
14004
9100
7979
7933
7796
4189
5510
15246
9257
14075
13963
7709
16603
5598
13975
7721
16487
998
2744
11474
5376
11941
11491
962
11548
6478
5361
7701
15778
1031
7984
15801
8013
14038
1033
14558
4252
6322
11550
9228
4124
4130
8054
9254
6426
5555
12019
1081
4231
5684
5691
16462
7670
4145
1060
11988
14567
8773
5634
12098
5413
6425
5615
11905
6424
9178
6444
5507
6323
11996
9220
4308
5594
5483
11928
9261
15771
7977
5398
910
14025
5477
12093
5557
11954
13967
7755
15751
16512
862
7838
15264
6367
14597
14612
6357
7956
11980
12014
898
1019
14105
11975
11525
16609
16524
15242
6328
874
12058
16520
5362
8759
6362
11505
7798
5716
2739
5405
5666
9227
15254
16474
7767
6433
4083
14555
1009
14631
9088
12106
14058
925
5561
4174
12064
15262
4257
856
16508
4102
7975
15766
11900
16587
11481
6373
5524
7775
7729
11451
5424
11926
9121
4305
4104
1023
854
9199
6450
4278
4098
16507
15195
5578
7954
9080
16514
12025
4169
7837
7804
7783
4155
16489
16476
7953
8002
11909
975
16578
11476
918
6390
14104
5489
5551
14068
7684
14001
12012
9236
5461
5605
6386
6402
15194
5591
12066
11984
9137
5369
5399
6476
8022
15206
7846
5661
14035
5610
4119
5608
1018
1087
16491
14042
8049
15221
9139
978
4183
6440
5379
7913
16463
4179
1014
14094
7687
14134
1062
14061
7932
5511
7705
1085
6346
4096
9132
8767
4209
7655
13982
6453
9246
15804
8052
5718
6455
7921
16510
14013
11528
7706
6484
4115
5460
11549
6378
6315
1026
16621
11477
926
5421
11536
947
14577
8762
8025
14586
11458
5641
13966
9104
1075
16555
5459
9099
6480
1090
7747
16536
7759
14046
913
14084
6329
14578
6412
11520
11488
11901
5378
5612
16561
12041
895
7843
7707
4313
16571
14009
9157
6408
5432
4286
7995
6372
7766
15786
15752
7723
6385
15234
11947
14585
859
6427
7955
11543
5579
15795
5516
8065
11887
835
11495
15212
861
9125
6363
8024
16574
834
11547
11485
15208
9217
7702
841
936
5491
12011
4087
14560
6474
7813
11927
6469
5533
14545
4184
4303
9239
5601
8774
5646
14137
14607
16586
7681
16451
4315
14027
7720
14603
11529
7691
14106
15759
4090
14119
9095
2742
5638
13987
16599
14553
7781
14152
5542
16537
4149
1032
12050
12016
15251
1042
7947
5705
4084
4085
917
7761
4095
5441
16553
9102
9170
9067
14031
1037
9073
973
16479
16570
5501
14128
9222
4148
4164
14617
11971
6383
6472
11985
12040
961
14153
12033
12047
13954
4224
884
5418
12049
15226
5586
7815
14122
12026
6463
4253
907
4260
9062
16588
988
4310
7776
2748
5679
14083
7934
9250
5708
9259
8060
11894
14018
1008
12000
6432
13977
16585
11902
7969
7711
5499
901
5639
16569
7765
7730
6354
8066
15229
7727
6376
5689
9163
15203
4307
4193
16540
12051
9245
6324
5613
6403
11997
14140
14630
6395
11891
11473
5409
883
14582
14547
12038
5365
4111
7725
13953
11910
8781
852
14073
7924
5532
6379
7962
7832
4274
5476
7841
16458
1076
6439
15787
7754
7756
9219
14610
9194
12072
6366
5419
4080
9256
5538
8000
6351
5660
12105
4244
4299
6320
11951
8777
9081
849
14081
5644
16618
9070
9213
866
4082
5464
15780
14086
11966
7700
5426
5670
16513
1083
5618
5674
5408
14023
5565
11452
13968
14574
12094
14570
4150
11898
15777
16627
14078
16544
4185
16449
16530
7820
6449
11504
8783
16602
12091
14559
5592
5575
6388
1038
5709
12092
5663
5657
13993
7988
7656
9119
8040
4117
9206
15772
4088
5529
14014
977
9082
8076
4194
13965
14091
14045
12009
14030
8019
8776
16518
8018
4103
15256
857
13979
5454
16468
9149
9168
5377
15773
14033
11516
5713
4226
5508
16525
15760
7806
843
6343
6399
15227
4230
4295
15217
5452
5654
7647
12065
865
989
9074
9129
7824
933
8791
16480
4211
6467
5651
5560
11501
9105
8768
7716
16485
12080
7928
11919
888
13962
7676
4236
9111
11479
6325
4233
6429
16626
15222
11539
7715
7671
1041
5574
11470
4136
908
11537
14139
7719
16592
7817
5425
16598
7659
1028
5427
13971
4210
16632
6401
5600
1024
4207
16634
16635
11981
14552
6314
5394
876
7908
5699
1077
7744
1080
5573
955
13992
840
5606
9252
4320
7768
11983
4318
15253
5368
5645
4217
6468
7949
7746
8779
14021
4258
15792
5397
880
13988
5372
8056
14155
8785
836
14017
9138
915
5719
6414
14056
11496
6446
16608
14041
14054
5599
4081
5640
1016
7696
11455
12088
15202
14561
7816
5720
16619
14010
12090
8780
5506
5550
7982
14581
7917
14062
9061
16564
12062
6333
7736
11921
7825
16562
4245
9263
4116
1012
15791
8012
7942
11888
4140
9145
9262
16499
4238
11442
8063
6415
7694
1084
935
6475
15753
7959
9147
9162
11976
7732
8051
16612
11493
11938
4312
7929
13973
6341
16498
9152
13976
7793
13998
9248
5658
16623
12044
12054
941
4225
9235
8761
11915
4282
5423
6311
4137
5389
5671
14116
9134
943
14150
9091
12002
5363
919
11934
11982
11460
4144
11521
4293
9226
12055
2749
14000
4086
5546
4265
16500
12037
15239
9101
6483
12073
14048
894
15196
11953
16625
5525
4092
15764
871
5553
16584
7802
14097
5440
885
5380
11499
9237
7664
9232
14077
9112
8017
837
16596
16456
4254
9225
14102
5479
5475
11462
5698
986
15218
4205
14067
6382
9198
11464
950
16535
11546
4091
13974
7771
16633
7971
16526
7790
11932
16563
5677
8010
4100
14548
13986
11471
5623
7834
4186
5562
14156
5429
7925
1005
7926
12069
8061
970
4288
8036
7788
4106
9110
14007
4285
7814
4134
1088
12006
15754
5458
15230
14040
9165
5539
5619
14565
14149
8077
8008
6397
6447
1040
1001
6347
12045
6331
6321
5588
5535
15248
5422
9109
5509
15255
12008
887
4147
13958
11513
5396
11999
11538
5395
16636
5549
4125
14151
7678
13972
14608
16461
971
911
5558
967
881
4272
914
9120
9244
7960
9106
11916
5366
15225
15774
931
11544
14589
6370
12015
9090
15268
9124
5678
8033
985
5682
14554
12007
9094
11924
14544
5580
945
6396
5371
15267
9205
11512
8045
11562
7957
16590
14126
16551
996
11922
11992
5391
4107
9128
14049
897
993
14093
8789
5543
11923
14065
5505
4161
14087
1007
7931
7986
4250
14107
14593
16504
11994
5435
16628
5712
6400
5438
7923
13956
16523
5554
16554
14028
11468
16560
5364
6368
7648
14008
6342
958
8046
12079
891
7912
952
972
14003
14604
4093
16557
13981
5537
16617
13989
14148
5494
9087
7819
7713
9066
904
14055
4152
11506
15199
7945
14573
1054
5527
11936
14032
6349
16501
12021
15252
16538
953
11489
16622
4247
7981
7964
8026
5402
4283
8787
9097
9140
11945
12029
9075
7703
16477
6398
16577
7704
15193
5541
991
12070
995
1046
14059
1036
7951
16486
16573
6442
14050
7752
14024
5522
928
12005
16604
8032
7808
11449
11514
6443
14622
13991
14089
7998
7803
7844
9126
11958
5463
7786
14071
9103
7742
4138
5356
16629
14123
9171
11929
7944
8050
7740
7967
16457
7915
14100
7774
11940
909
9164
4270
6380
11991
4113
4133
5690
15200
13978
9242
7845
7718
9130
16467
5447
7653
875
8769
5496
5355
9200
5581
5616
5710
14563
5367
5620
16548
7918
869
7839
4284
5696
16470
5704
12003
992
15763
14614
11492
11527
9092
9490
13261
1245
13533
4818
11754
13341
3564
1504
8793
10775
6013
8893
4854
4813
11129
10842
15874
11760
3656
1242
10848
13619
1135
1330
4944
10850
9519
8166
13584
12286
8167
12311
1105
11771
11727
15455
13559
13336
6577
4920
10906
6093
2794
2641
13647
15280
13515
10745
8219
16010
13397
6612
4954
15985
15844
13418
13506
8314
10871
13379
1208
4809
15450
11113
2565
6027
8808
4337
1536
3631
4772
10758
7169
13563
12424
8839
13535
8271
15875
7174
1179
11033
13438
10873
15868
4340
15278
1279
10950
16007
15916
13170
4842
12366
2898
4832
13257
15531
12539
6010
1370
8401
4812
6500
6003
2768
4867
2914
4900
6106
7142
9465
11125
15953
6035
8897
12509
11018
6054
4698
2877
13526
9642
12327
14160
4332
11770
4709
12441
4712
15956
8902
15827
4861
12465
2537
11751
13551
8854
13568
13505
6115
1238
13274
3738
7155
1236
11051
1553
2613
15456
13484
13493
1557
7202
3527
6119
8297
1259
4893
6637
8277
1381
4995
1237
4685
9468
4733
9609
8838
11014
2852
13346
4802
15470
8864
4793
1315
12408
3751
6001
10862
6086
2976
9533
4984
1373
15947
2606
8281
15842
8344
14163
12345
13263
7889
12281
2775
1249
2942
12522
8389
13316
6534
13588
4943
15830
8173
8341
3645
6541
1250
1227
1371
1358
3665
3615
6492
13641
4979
6586
9662
13204
6087
2674
11000
15993
2860
11722
1106
13524
3618
8847
13507
4755
1361
8858
8820
11753
2964
12369
13332
15464
13278
15932
13409
13395
13602
3658
4717
6544
3685
10814
2935
11731
6130
4676
9641
3629
2603
10924
4806
4883
13290
1359
15840
13352
2940
7901
15272
9591
9473
3018
3532
12497
8910
2922
13360
15513
8364
8883
1265
12308
9466
3565
4816
4767
1140
3640
13472
6486
1273
3619
4963
4763
8384
6503
3692
13477
10868
15457
2909
8917
8380
11778
1360
11021
10860
12389
15964
8848
6022
2850
5987
11029
10799
8877
1418
15475
2806
10872
8359
2784
13440
7164
13195
12406
12527
1562
3612
3708
2651
8224
2519
4948
4999
15503
2634
1528
12373
1513
4680
10876
11775
4811
1327
2647
15898
8413
10846
2639
9616
12273
1169
8308
8289
13324
2658
3009
15525
3010
3697
9572
12544
10790
8365
15931
11735
3588
8446
3575
2637
7171
1176
4775
11063
7208
2653
2926
10888
13383
3587
6570
8378
15494
1122
13302
15876
9590
4324
4862
4952
2825
13258
12436
2671
10915
13216
12514
4326
10903
15829
15853
2558
12432
3598
2844
11115
3652
6597
13489
12329
11005
2790
12403
6079
4339
3016
2761
2788
8367
2687
8180
7898
11071
6031
9521
8336
4758
13193
9457
9635
10794
8437
13516
8420
6543
12473
1143
10996
2920
2735
2845
4334
10973
12426
9497
6004
10768
10849
8874
1193
6551
15885
13350
8279
2543
3511
9586
12376
15271
12399
1157
2816
9545
2721
1261
13548
1337
15974
9522
13338
6076
6118
13165
2755
11726
15507
10990
4827
1251
13178
1282
1160
11721
3003
9649
11061
15958
6064
12332
4916
4975
8827
13342
13435
2535
8188
8855
3758
9603
13447
12335
13567
15469
13626
1141
6602
13295
15970
8250
8442
12241
6495
13556
9462
2736
6071
12337
9501
2944
3617
11776
6058
16003
3607
1171
8822
16017
13192
4745
4747
8318
2593
8212
15952
10880
6613
12416
3596
12361
1556
4974
2833
2556
9605
8404
7191
1538
3501
11019
2854
6499
10987
9556
1270
2576
2559
12248
1288
13653
13287
9500
1308
2848
13590
4907
1311
13594
1391
1228
15490
4743
1150
4714
2650
7192
1551
7895
2871
10867
8377
12517
15950
10946
13318
11067
8202
12397
6542
13598
1254
1209
9537
1213
2882
1115
3678
13499
4890
13485
13625
8796
2803
15430
1266
8849
6559
12292
6627
1312
7194
9625
1407
12328
13288
3715
1096
6512
15995
2536
2805
12258
1400
5989
6547
15433
13298
6014
8391
15537
13349
4918
2540
13233
15978
2831
7203
13182
2967
10922
10774
9623
13427
4675
1499
12535
4939
1276
9573
7189
15535
12445
2683
12330
9505
8332
2931
6614
2564
3760
1260
12378
10741
9561
6073
4693
13583
2893
2968
9547
13230
1155
8881
1291
10923
15841
1326
15276
12321
6519
2861
8408
2916
7162
8268
3759
2849
1378
4799
3630
11081
13393
1555
3736
12371
13388
13179
12313
13264
8157
9484
3573
13321
13175
13242
4776
8301
15472
13251
4710
7197
15867
4759
2924
1401
12278
4950
1241
16013
1318
4859
2714
6647
7181
2894
13638
2629
1490
7198
2991
10837
9575
4701
12507
13616
3001
3734
7209
8409
6635
12528
10931
13417
8249
4987
2969
2750
4973
10816
8200
7879
11563
11127
4781
8322
6584
2621
1375
7216
2962
4958
10952
12315
6588
9506
11079
12342
1417
9596
2912
13497
2808
13454
8846
10821
15441
12499
2880
3012
6649
2868
1182
8181
12288
13475
12461
7890
8889
12435
9052
2709
13199
13391
3696
4821
10760
4843
6624
13180
12262
2982
9446
13384
1154
8310
15989
12457
3544
10962
16009
2782
1186
10861
1344
10886
6598
9620
15279
1560
1156
8819
2618
2675
6097
9581
10943
4773
1298
4704
11054
8329
15536
13197
15504
13228
9470
4864
15930
3523
10835
3589
7144
1181
13650
1102
2577
9613
13558
13652
11740
4707
8225
12449
12257
2713
13337
12421
2841
2588
8342
13185
3704
13237
1518
8904
6040
2756
6021
15511
3551
15870
2566
2970
3664
15533
1120
4653
10739
9499
4662
1352
4992
15474
13218
13307
9608
11750
12420
2752
1386
7172
3582
3600
12351
9469
15980
13253
3675
8223
6009
8906
6592
6578
12425
3761
8417
6128
15845
4931
8160
13441
6516
1350
3626
4845
13392
11072
12346
8421
2881
15877
11084
2692
4800
13599
10807
1121
10832
6036
2974
9628
15425
4929
2523
10947
15879
6568
1144
2895
15922
12367
1521
2738
12383
6002
8316
15495
6646
15274
4967
13464
1113
3535
11003
8325
1297
16008
7153
6609
7225
2654
12324
4914
12249
8805
13339
13452
6105
7897
11736
4730
8204
8852
10994
15832
4768
10997
13232
15848
13283
12354
12363
15282
4875
13362
3706
3609
1559
12320
13573
12503
15862
8216
15452
3735
1329
15447
6070
15946
13586
5997
15516
4917
2936
11027
8859
13390
3691
13456
13284
15498
15477
9630
7201
2934
4724
2644
2525
1388
3547
8272
6083
6630
6594
12339
8449
3727
3653
9655
7876
10925
9517
7195
6124
6611
4913
1492
11083
15890
13471
8870
6533
1514
15878
9535
2810
8833
15482
2874
3616
2953
2546
8320
4732
1281
13496
12375
9524
10743
2824
8159
8370
8235
4786
15902
2663
13555
15815
6642
1299
10870
3680
5993
9627
3510
3504
8830
12472
9529
8282
13235
6099
4327
2952
4702
4687
4651
12336
10874
1203
10939
2616
4780
15529
6522
10779
7888
2911
12386
13490
15972
13635
8172
12322
8221
2960
7183
12417
12496
8837
11047
2781
2666
1164
11104
13561
10966
4860
9514
13370
4691
6125
9566
13326
9562
13570
1110
2690
13426
11747
4656
15979
8226
9637
1094
1132
2628
8309
13639
2680
8269
16004
3668
2598
13255
13467
4926
2567
4839
10974
13534
13476
3634
13312
4887
13550
2789
8270
1333
2587
4927
9638
6047
8321
6060
6575
7156
2769
12557
2727
4981
2586
4908
3764
7224
2563
12264
7149
10995
3649
12477
2542
1152
2737
13323
11012
1175
3707
10930
15987
5999
2773
2886
15969
2712
15843
15270
8229
7165
3505
12523
1192
3740
2992
6082
13646
4696
11097
8346
8190
8441
13343
6102
2783
4824
4969
12464
11045
2596
13552
3646
12459
4795
8393
1367
2581
8330
8912
15905
1510
6631
2676
6507
13424
2811
9476
5992
10744
7228
15847
13511
13354
1257
13466
6048
2889
9450
8350
11741
3552
6554
13231
8451
8362
2607
4825
2584
4657
11034
4740
14158
15934
13305
16012
1543
2610
13597
13425
9567
13190
7179
1183
1549
4737
13293
3639
2520
4328
15835
15448
8315
13554
12357
2631
4705
9498
9056
7161
2673
1542
2908
1519
11102
15963
8162
13488
14162
4659
8334
8376
8228
10998
11015
13562
8274
4968
13240
15960
1269
3726
12276
10793
8427
12275
13196
3635
6052
13387
13382
9663
10895
8424
2646
1561
6505
8923
12362
12552
1366
10863
11746
2594
9569
2555
12558
15445
15446
13459
6108
9640
8174
1174
9479
3725
15949
8924
9540
7173
2930
6660
2905
1191
12300
8895
12508
15899
15496
8185
8818
11780
3567
9639
15471
1317
6511
13262
3572
15966
6109
12462
6639
12456
1525
10755
3765
12513
2612
13495
4736
1268
15534
6078
9580
2821
2665
14632
10815
15479
3014
13458
10961
3709
1197
13223
10819
12440
3689
15990
10920
13366
12429
9552
9614
1230
2609
3677
13399
8356
8872
15476
1278
10933
15838
12384
3500
3638
8338
3538
11091
13536
15910
10954
9464
6648
8434
6558
12256
4725
5995
13291
12490
2937
3591
15440
3700
4829
13491
3669
4892
12515
3690
1544
6587
6617
13571
3590
13460
8306
1219
9523
2611
14161
3723
1293
4891
12370
16000
15975
2897
13636
2786
2820
2774
2524
8798
13171
13407
4723
10917
2949
8804
16006
13444
4942
2977
2984
15439
10767
10913
12452
8231
12492
13433
2822
10929
11755
8253
10893
8214
12415
2891
2528
2682
3611
3702
1255
9548
11093
12542
3520
10984
2645
6650
11028
6643
1385
10843
8238
2725
6561
8195
9653
4956
4727
15889
3643
13540
6080
10968
12494
13234
4885
4876
3562
1277
4814
8867
4971
12245
8240
13451
2652
1374
9057
4784
13212
9617
4874
6075
9452
11094
4762
2649
3728
8298
6603
10851
6569
8450
14164
4884
13632
3651
15945
10988
11112
4957
12297
6515
9502
6096
6069
10989
2538
2851
1123
13539
1190
1198
11123
3015
3703
12414
2795
10898
6656
13329
3648
8379
2785
8171
13498
6025
4911
2838
6657
13249
4941
12259
12555
6000
4904
13328
8175
12291
2636
7220
12538
1187
15858
8375
11080
2836
13311
15976
2913
11053
8880
8806
8294
6579
1512
15528
10812
12255
2597
2751
4706
2570
15454
13322
3743
13613
9475
8234
1341
12451
2718
15900
11006
8293
15851
3620
8286
3516
8165
8850
1336
7167
4935
2878
1117
13404
13610
6107
9527
10938
11069
2812
8206
11032
4754
8886
13603
11086
13519
4672
10783
10780
11004
6081
4897
3514
10894
13306
8343
1399
11036
13303
15901
1529
2793
4834
12471
2896
2684
10899
13226
3627
13191
9060
8411
12253
11565
12267
3695
3724
6028
15892
3698
2900
4880
8435
8432
4994
8426
13217
2544
6550
6634
1215
1409
4849
13642
6546
4898
15873
6033
13299
2708
4989
12355
2938
9587
10980
2901
4840
4722
6056
9595
13547
8840
1319
7177
12533
8222
4909
10978
2513
1392
3671
4783
13483
13252
12338
6537
15850
12305
3722
13455
15944
8403
12470
13473
12299
4847
6091
4844
15493
13648
11039
15865
13219
4871
2656
10904
15451
8327
10992
10781
8352
10839
13276
1552
11090
12500
4726
15936
6521
15880
15919
13169
4949
1109
1211
1372
15860
10766
1218
1494
8256
1520
10964
4734
15986
4673
1532
13364
1189
10830
8792
12475
1234
2717
1503
8276
10897
15281
7219
7158
12556
1137
15883
1133
15983
2527
11728
10909
1112
3721
15485
11009
8900
13301
13415
2617
2807
2759
4982
3512
12502
15501
9584
11110
13643
3593
6530
8868
8360
15480
13268
4739
15891
3602
13222
15939
13542
11729
8296
12269
1099
13462
12460
4873
1168
13500
12368
9579
8443
10800
1356
2730
1389
9636
10918
2515
10798
11098
2855
6596
13579
12310
14159
1410
13410
2772
9633
4735
2862
11118
15285
13351
1404
9471
8170
15929
2997
13401
13275
10804
10889
7886
8303
1515
8340
6622
15826
15812
9458
4985
10912
9589
11769
1324
10900
12380
2589
8898
1252
13355
2797
9509
15911
9658
6490
7894
7176
8842
2983
2787
3540
13463
12323
1325
9541
8311
9503
3022
1508
1384
3592
13353
13221
15915
13611
9455
8843
3742
7893
4962
3705
4826
1364
13431
8438
3663
9050
8292
2985
3679
2948
6620
4669
8382
13201
11025
15527
3605
8920
7217
3539
7226
3737
4660
2758
1134
3624
13449
12392
13428
3711
13245
7877
4764
6659
2619
6506
15824
16011
3756
15461
10840
10881
2723
15820
2885
1131
13443
9520
11564
9568
6555
4777
6531
2986
1226
3561
1233
8345
6067
12349
8834
7206
15506
1491
4936
13627
1338
12455
1533
2866
7175
3515
3660
8853
11017
10901
9487
9611
3712
12487
2928
4983
6038
2956
13631
4787
2778
6051
13617
11111
1204
8339
13184
13356
2600
12531
15943
8230
6039
8821
12293
7187
4686
6077
10883
13422
11058
8326
10746
3673
4721
12280
13398
4788
8210
13618
7896
4808
12488
9648
6126
6552
1111
8894
13512
2677
1534
13522
8247
6615
6654
6538
15859
15836
12401
8388
14633
6567
15871
2574
3621
8425
8255
1125
8218
6509
13279
6111
9618
1247
9563
1188
2701
8193
15984
8317
9486
9626
1363
13205
2662
11779
8911
1347
11767
8394
1103
6084
13596
1294
10785
12365
10945
2704
2890
13248
8436
8372
13294
8422
8882
4708
10818
9559
3753
12319
13604
6526
10791
16005
13163
9507
2780
6545
4720
4692
6007
10963
4699
11772
10926
4903
6113
8402
6501
12536
2835
6535
9449
15925
15907
9544
1354
8232
2923
2620
13244
8283
2625
8828
11088
13457
12433
1419
13367
4933
15897
12504
11048
1420
2754
2988
11013
6065
4728
13413
4945
2796
13530
6605
5996
8873
11121
6098
3603
12265
2724
10878
13256
13527
7148
1316
8186
1546
8860
10838
6625
9496
1195
2767
1411
14157
4937
10757
2711
8810
10806
8299
2630
1522
8187
10896
12246
4700
12541
4671
2990
8866
15465
8845
13172
2843
1309
10853
15431
12511
9495
1498
13215
6116
9515
11046
8304
8841
4923
4683
1313
11128
1321
10932
8915
9549
15437
11773
12518
2686
7230
9525
3560
1145
2726
12410
8415
13181
13380
13168
3666
2560
12316
4998
1387
8811
8395
13581
7232
8335
12290
8351
12448
15286
12474
12520
10934
1382
15518
8191
10944
2638
3533
1165
2633
11082
15497
13187
2814
13229
4797
4785
15481
12395
12423
6513
10808
10942
4951
13371
4899
8832
1180
12289
15427
10762
4703
15951
10855
11092
3655
12381
2823
2917
13593
4955
4716
3744
13529
2549
4335
15488
8385
13624
8925
4774
10822
2762
1548
15520
4831
3558
2813
11725
15277
12385
9644
8373
3020
6633
6095
8795
2719
2552
15961
9543
1177
4668
7883
13623
10884
6493
8836
7229
15887
9604
6520
15492
6600
13385
2624
15532
13381
2529
2994
10801
4881
13377
2557
1244
2981
2996
1349
13591
9546
9539
10784
8423
15954
2670
7214
15522
9621
2867
8909
12282
13403
12484
12334
1127
6114
1224
11095
15957
15517
11024
4695
7212
3739
9651
1231
8888
12352
6050
15505
2872
8400
2572
4719
13580
12483
6632
6540
8444
3674
2950
15872
16196
16238
8929
9017
13051
12926
14354
6982
14311
13106
11704
7137
11695
12945
16251
11715
15424
12995
12977
7086
6181
6914
7030
11636
16256
6971
7119
12962
16267
6172
13094
11642
16249
6979
11578
6912
9044
6947
6936
14330
7140
8948
13012
6214
7076
13122
3025
12944
12992
9033
15406
9001
11697
16205
7067
13087
11585
13077
11648
15405
7074
16213
4625
9005
14358
16218
6978
7113
6911
6149
13044
8957
6215
13102
11591
7047
1449
6241
13040
13121
13154
7025
7108
6294
13151
8960
16246
6977
13010
14367
15415
6256
11699
4617
11713
8974
14361
13066
11687
16243
6965
16222
14338
7020
9034
12970
16247
1422
8991
1440
8962
7111
1488
11658
6192
11710
7013
7015
8980
13002
8958
7039
11694
11640
6920
6144
6238
6175
12974
16228
13011
6171
16171
6929
8949
13028
6278
4637
13052
11605
11702
1445
4636
15374
13111
13038
12951
4624
13124
6196
15377
9030
15382
6291
13117
1469
4638
11660
11612
15394
12958
6226
16263
13026
6166
1447
15402
6916
15403
11662
13047
13071
12975
8982
12939
11680
16180
14335
12983
1443
4629
14325
4613
6262
7090
6300
14368
9007
9043
4630
7026
7080
11609
15367
15399
11700
4640
8950
14324
16173
13042
7037
7049
11676
1439
6220
7008
16189
6967
15366
15404
16274
16273
1471
13014
7115
15413
15370
11600
16223
16183
6221
6250
7014
14355
9040
8994
12947
6987
7096
16254
15408
12981
7038
6270
6283
6924
16237
8955
16253
1486
4633
15407
13058
16198
13127
9032
1433
11705
6282
11603
12927
11690
6164
16208
1453
14359
9047
11709
6174
11598
4645
15418
15414
9035
6277
6145
16231
7027
6948
14356
16191
11617
1423
6179
8992
6188
13136
11706
13023
16194
6162
7081
15390
6287
6150
11649
7124
6998
14377
7101
12946
7005
6973
7040
13086
13155
7120
11655
1485
6153
13091
11631
14376
6985
13007
6276
11672
6299
6983
13133
13000
11589
4626
11670
7060
11616
8987
16258
4648
11675
6242
8930
16239
11613
11681
11684
16199
14351
14316
15419
14312
11693
11666
11651
6943
6225
8931
13105
12988
8944
11659
12990
3024
7104
8969
6186
14353
7091
8983
7055
12953
14321
14373
4642
1465
12997
15396
9008
16169
15411
13059
11581
14342
8971
14370
8988
6295
14334
8965
15389
12936
7134
16248
12940
7116
16226
6168
11691
13150
1450
7139
7059
11686
13018
7073
6952
6211
11653
12964
15422
1481
16202
15369
12998
14317
14323
13131
6951
7045
6187
6191
4649
11669
12996
7048
11661
7071
14327
12961
13128
6198
7117
6956
9019
12937
13017
15401
6240
13006
13107
11624
12932
16225
7072
13141
6146
14378
6265
6981
11665
6217
6263
12968
14329
11677
8956
6972
13112
11623
6170
1458
11701
11618
6969
6199
13158
16195
7061
11622
6243
13099
15371
9003
6272
13049
7082
13043
1463
1470
6953
6926
6147
7125
11595
14374
15380
8973
11714
12986
1457
7089
4631
16184
13129
11610
11575
7017
6155
13144
11620
6210
13065
4622
13125
11635
12984
13030
9038
12971
1467
7092
7100
7043
8959
6165
11685
6216
8953
13060
6275
8934
13020
7098
13097
8995
13116
13093
9024
2382
2297
10413
2494
5306
2510
10658
5269
14404
5352
2367
10623
10635
2274
2395
5303
5102
5276
14381
8687
5221
5166
2507
5075
5291
10562
5007
5116
10351
5108
2381
5052
10456
2362
10372
5270
2393
10604
10515
14537
10518
10627
2282
5184
8755
14519
14392
8712
5091
8746
5086
14448
10614
2473
10685
10512
8720
10703
5176
5023
2351
8692
2300
10347
2313
10565
2465
10692
5168
5225
2432
5179
2426
14384
14449
2318
10714
5020
10500
10439
5127
5299
10417
10444
10382
14442
8686
2255
14409
8689
2466
5220
8650
5183
5050
10571
5315
10666
5198
5024
8671
10463
2365
2384
10561
10499
14389
10423
2471
10642
2394
8673
2292
2278
5049
14500
2403
2435
5241
14522
14511
5138
10426
5142
2264
5297
10526
10694
8754
10570
10696
10531
14502
5346
2447
14523
5313
10535
2288
8696
14527
10687
2454
10667
2378
14400
10544
5311
10472
10676
10656
2502
10497
8648
2309
5076
10660
5277
5329
14509
5113
14408
5281
10634
5330
8728
5234
14391
2479
10718
8651
2406
10674
5018
14410
14504
10661
2419
5125
5240
5309
10672
10695
10358
5170
5066
5099
14439
10549
2290
5072
8682
8733
5126
2492
10560
10662
5296
2396
10539
10514
14480
5147
10468
10719
10532
10545
2263
2321
10443
10357
14418
10737
10464
5190
2299
14499
2358
10618
5181
8737
10461
10728
10480
5064
10469
10707
2417
2392
5251
10387
14497
5157
8752
10590
2421
14446
5199
2482
5219
14437
5324
10575
8675
2251
14477
2489
2293
5228
10517
2459
14528
10613
2265
14516
5353
8683
5233
2424
14443
14515
2422
2298
2380
5048
10712
10615
5021
10409
10669
5031
14405
5026
5151
10568
10379
10383
5204
10508
10503
2485
10359
5314
14447
10511
2266
5237
10354
14424
2428
10583
2423
14487
14485
5067
2256
10452
5114
14517
8756
5154
2364
10504
2450
10421
5103
5193
8719
10418
5187
2504
14421
10373
10471
10591
10607
10548
10525
10582
5249
10453
8724
10628
5175
14390
14411
5089
8681
8658
14396
5350
10428
14513
2303
2444
5130
2273
5128
10422
10598
2286
5115
5073
5177
5171
2302
5093
2374
10362
5124
5252
5087
8672
10702
2262
5053
2326
5310
10434
8657
5307
10711
14491
5223
2328
10513
10344
5205
14435
14506
2372
8726
2379
5194
5156
10567
10645
5037
10533
10547
8669
2499
2407
14472
5069
10380
2320
2330
5202
5213
14422
2411
14488
8718
8714
2391
8722
2305
5061
5274
5173
5327
14532
10626
10488
5275
14535
5214
2337
10665
14417
10450
5257
10490
8734
10546
2322
5322
10608
5071
10353
2360
8656
10481
10730
5041
14395
10441
14470
2319
2368
2363
2334
5348
5100
10349
10449
5096
2312
5160
10599
10491
10345
10566
10610
10640
5006
10371
5294
5034
2354
2434
10390
5280
2280
10550
8679
5188
2267
5217
10588
5164
2356
10624
5195
5316
10657
10388
10482
2476
5216
10681
5133
10377
10361
2474
5267
10689
5343
2433
14429
5338
10710
5285
10612
10552
5226
2409
5004
2436
14415
14529
5197
10524
10686
5013
10587
5254
5098
8749
5057
10622
5019
5046
2398
14454
2341
10671
2453
2383
2310
10494
2401
5325
5129
14456
8661
2307
2390
2311
5032
10648
10596
14514
14498
8645
10350
8702
10706
10630
14460
5178
10435
10507
5250
14380
5015
5163
8742
10650
10467
10542
5074
14539
2366
10360
10431
2258
10479
5245
5235
14451
2400
10652
2343
10392
8691
10403
10701
5097
5268
2314
10554
5090
8662
14468
5143
10473
8700
10427
5152
10620
10631
10564
8654
10496
2339
2438
10436
8735
14399
5351
10713
5010
14503
14478
2369
10534
10716
2500
5286
10556
10619
10348
5293
10644
14413
8670
2414
2461
5186
5159
5083
2405
2271
14440
10734
10573
2359
14425
10724
5182
5264
2270
5231
14475
10457
10709
8668
5162
8716
8663
14431
5047
10407
5256
10675
5017
10529
10385
10519
2388
8694
2503
5146
10376
2323
5135
5229
10597
10727
2317
14382
2484
5180
5212
8703
10391
10668
5042
5109
10664
2460
2291
14490
14521
10437
14406
10465
8709
10580
10501
2495
10723
5209
5320
10506
2257
5134
5244
5123
10493
10454
8698
10405
5273
8740
10683
10411
2332
14388
5062
2261
5248
8706
5070
2375
10367
14427
2269
5317
2389
2413
14458
5065
2371
10625
2295
2445
2253
2308
5060
14474
5158
10399
2469
5287
5259
10352
10447
2487
5063
5266
10412
14394
2340
10365
10632
2506
5262
10572
10684
14508
5174
10505
2355
5059
2496
