15034
6697
147
12232
15052
131
6729
5721
181
6785
6714
9438
5859
5887
78
5828
117
101
5806
6698
108
15104
9270
3406
16305
9315
141
14945
51
9320
14969
3364
14944
9323
9273
9349
3477
5746
102
9359
9417
12183
12225
159
151
15113
15013
14996
12185
111
61
14990
6663
6692
12196
14961
3494
9284
6769
129
93
15177
5910
5830
37
3482
6737
9415
15163
5756
14998
3365
175
6691
5865
12207
5770
6760
22
6695
14916
15092
3405
12117
14168
5930
6777
15190
145
3377
6717
90
15159
3437
3449
74
12180
5935
3408
12170
12139
5868
15083
14962
126
169
14966
14937
5748
9316
6712
14957
5799
9392
16288
5789
12163
12162
5834
15156
16281
15091
9328
15117
3441
12229
16312
15105
14166
3336
49
15003
15027
5749
3453
40
5793
157
15129
15069
3443
15094
5885
14954
9368
5871
15029
9377
3474
5815
15181
6747
15020
176
85
14908
12126
53
9302
109
3385
5776
3433
16289
9265
3440
12151
6696
3402
5744
9411
3399
5747
9393
14914
153
14991
14970
9355
9432
15049
14940
3371
6718
5783
9437
5919
15106
14935
12236
3473
15079
5791
6780
5741
3384
5804
5908
9395
9351
9430
58
3465
12138
15014
5941
5879
9420
60
5795
6771
103
9275
5722
6767
81
9306
15025
5833
56
14983
9301
32
9327
15062
3404
3348
5874
3478
12173
8259
5801
14931
5831
9419
5817
3423
3448
6749
5766
9322
15132
12188
3334
6743
6680
14988
3363
3379
5909
3398
9384
9
5907
15161
6738
15077
3459
6726
9286
14179
15187
146
134
3415
5753
3394
14178
6703
9269
5881
9283
9339
12112
15064
5918
92
94
9330
3424
121
9373
6740
14904
15167
14959
9370
9277
107
14947
144
3485
9386
5852
14924
15118
9403
120
9413
5924
5808
15101
15063
5759
3425
15150
6669
15090
14187
15137
15047
3430
15173
9352
12227
3390
3426
9375
15007
116
6674
5751
3391
5915
3427
14920
16290
9290
5841
3438
3487
15035
91
39
16
5734
110
15136
6678
12203
12160
14925
9360
6744
14960
3366
15116
3486
9421
9423
0
15018
5886
6666
5771
5839
79
16277
16310
6770
5803
5730
12108
5818
166
8
3434
9424
6711
6762
12200
6756
12197
5938
14928
9387
3414
3389
15107
9338
6748
14180
5840
180
73
5913
5891
9311
132
9336
12141
77
6670
15179
14981
9294
6728
3373
3421
12114
9299
5825
14190
14909
9343
3345
3460
5878
14183
3471
5731
9405
9394
96
15125
18
5905
5880
64
12193
9318
6765
15088
5901
12157
14165
5790
6745
15189
5942
3395
5823
15039
149
15075
12140
16294
12125
3339
15012
12228
9326
80
9426
5903
106
186
5750
15134
14910
5792
6754
8263
9361
3496
16297
41
14900
6706
3468
8266
3467
12165
8264
6677
5824
5777
173
15135
3338
12208
15031
9385
5926
15048
5936
12127
70
65
14
15168
183
15037
14185
100
26
14952
3475
15038
9342
5810
3351
15050
15041
14968
6789
148
15085
12169
15119
3341
76
12
3452
9341
9429
5819
12212
9391
14917
6725
8260
5752
12129
45
130
15158
14992
5728
6664
14939
5857
5847
12206
20
9297
9400
14171
15147
9350
16283
12216
139
4
9381
14918
6707
114
5736
5902
5892
3386
12154
15004
15040
5754
5742
15023
15098
6685
12148
15010
12214
15045
12130
9412
9319
3412
15111
15006
5946
14167
5760
35
50
125
6774
16278
3359
3370
9344
9431
9296
3481
9416
3380
15099
14192
15144
15120
16286
5800
16280
5773
12172
5940
5893
5900
3417
9427
5897
5899
5854
3376
15143
43
14174
3464
12137
9406
5904
5729
14995
9312
12158
9291
9303
127
15016
165
3446
3378
9348
5872
12224
3349
15191
9383
124
30
15033
12233
15108
3387
12147
9363
9414
6755
3374
6779
15133
5727
12199
12107
3403
9398
66
14912
15166
6751
14979
3358
5867
3469
16279
14172
5837
6661
12113
3447
12124
15080
3337
12174
5860
9407
5844
12205
6763
6675
185
5725
62
9335
3422
12149
15114
14933
15131
9333
57
14902
16291
3429
3367
5877
6701
16308
5906
8262
5850
9436
15071
83
89
6788
5849
36
12195
15162
12142
9288
12191
3484
12177
5864
12215
9264
5775
3472
14964
16309
6673
15112
5851
9399
15153
5848
6662
87
15036
163
14182
14934
29
3458
9317
3397
167
14967
15095
9282
3335
9418
3450
5920
14953
11244
7406
8502
11319
7402
4569
10226
1788
244
10308
14868
12784
15735
13951
14866
11272
517
11419
10197
2042
10281
4036
13876
4525
12847
11338
7504
11258
1918
1633
353
16035
3820
4010
14763
13816
2237
13893
7397
8561
7574
14824
7407
10288
468
14857
1899
514
402
4445
15652
12892
345
15705
2144
13723
224
7634
3895
11231
7858
14643
9996
12620
12659
3991
8587
11355
4029
311
15676
15583
2201
14843
4039
1773
14810
12914
11309
2075
2221
1716
16034
3883
10175
15581
1799
4342
7301
11175
10302
11411
4004
10082
2018
2187
10286
4557
376
1790
7478
7246
14809
7591
13768
10014
4063
15539
1939
2048
1727
1666
8510
4343
1699
4437
14870
10207
3823
3998
13888
7624
12808
1748
2002
1863
4365
12698
12617
7258
13663
14700
12579
2208
11332
11163
12615
12666
496
8609
3840
4076
7544
4390
3861
15743
11137
7359
7420
16115
8641
10257
13915
16138
3977
13715
14647
10091
11274
12670
2128
13825
1671
7470
7598
2133
15653
11305
15548
2138
4367
4517
12613
7578
11273
12810
1852
15614
3798
9998
10164
8595
2049
10030
4054
4553
12608
1940
14782
14864
12695
12834
16075
8559
1907
410
13878
8506
1737
10190
4424
4570
2062
13860
4597
12877
1853
1893
4360
14778
14704
11399
11237
13811
3948
7305
11213
14871
13949
7388
10296
14816
7643
12652
2176
15591
3847
8632
10300
10316
13936
276
3984
14854
3952
1786
7309
14762
4471
7353
3914
7366
1809
1997
4425
7383
1583
11440
7426
14774
7438
3809
11353
11262
1603
3934
4002
14748
2200
11196
7609
16093
2112
12788
11289
11318
11162
16134
13745
4460
1909
12815
1805
1995
8592
8577
3953
4447
7628
13920
12614
12584
11286
3807
2120
1991
11224
1795
4555
7618
1756
1596
10057
12661
11198
1728
7446
2171
15716
11407
7595
10182
11204
15726
11303
3815
16040
4345
8467
1816
4362
15673
13774
4530
4422
14702
8470
7287
14746
1869
14637
7294
15745
1950
4038
324
10150
1854
12700
12832
2175
4064
4512
8478
12802
14646
14756
7263
4045
16157
11371
11271
11374
14797
1831
15730
8485
14735
4562
2110
13721
10063
11392
3973
3904
7369
12660
7579
279
4448
10122
10329
12725
14744
12745
13930
15571
478
7541
16096
14862
4350
16039
2004
4419
7330
13704
16022
283
14856
8620
8579
10147
418
8461
13898
4047
15686
1986
12858
11232
3918
14703
14784
16133
11428
13796
3860
11257
13763
500
15607
7482
309
9994
400
15668
7414
11426
4585
2093
11435
2052
11344
8453
12754
7316
10250
2038
15720
13848
4439
1685
462
4075
16105
16162
12827
2214
2103
11380
11154
4068
14779
12626
8617
1782
11147
10229
11294
4402
1842
4013
8618
14830
11335
13685
1750
13889
3893
12840
7589
15659
14845
13911
16163
14898
4363
10067
8536
1787
13928
14657
1949
15588
3885
4016
7308
14651
7403
469
14654
3995
15656
14712
11388
1777
14792
10196
10055
7431
4581
2228
10240
289
11192
15711
1837
1688
1731
15689
7555
3819
1796
3813
4375
198
11412
12665
13792
12804
15740
14722
7489
13903
1629
14758
1967
16060
4429
13797
13857
11169
10006
3981
15669
11143
4559
2088
8613
11292
13786
2032
13771
10132
1615
7614
12601
290
14661
11367
10171
2153
2116
11158
8476
4443
11141
14699
7576
13682
16052
1636
373
11135
10249
227
1563
11234
10227
16067
8627
1609
15597
1712
7872
3897
15608
10221
7331
16159
12916
12718
2129
12910
7361
3846
8601
7439
11201
4539
7606
3899
13820
13680
13654
9988
15667
2040
4473
11361
1983
15554
7432
11405
1670
16143
12918
10272
7627
14721
15544
11195
10112
11193
11223
2020
10095
403
10343
14689
1937
3858
3816
236
10059
7288
7253
8636
10042
11366
14796
1894
13788
7582
2063
13833
450
8639
12569
14893
1944
10110
4531
13770
12612
13830
7513
7453
1679
15647
14865
12888
16165
405
4430
12901
360
11165
16129
1564
7611
10232
2239
1660
10026
3810
14717
4025
4451
7629
13793
13838
15559
4061
2130
2145
7259
8551
14675
203
7240
15681
7321
14663
3949
7853
16049
4466
2012
7549
16118
10170
2071
14716
13859
10276
4461
1862
2009
15697
7401
10125
3768
11228
11132
3978
11265
10322
201
10066
14728
11398
306
14684
11190
10186
3989
266
16026
1884
8541
13735
4488
404
12880
12819
15598
1707
10105
15599
13787
9991
7386
1565
8516
7477
1700
14817
3850
7447
4457
4540
8492
11299
2163
301
13853
16081
12590
4513
1770
14683
1952
10185
3898
13697
14897
4017
2147
13687
11433
11215
12606
1990
4046
8518
12836
13701
3832
3869
8459
14680
13882
8566
13837
2023
14803
15635
10278
278
516
15550
1843
356
8489
7605
4428
7434
13931
2232
304
8603
357
14751
16041
12782
2161
4516
12735
13806
195
4554
12664
10163
14813
321
7861
7244
4418
4507
13780
12619
12806
12887
493
12607
11282
10311
15640
212
431
1697
11208
8642
10029
13839
441
13677
10031
350
267
13847
13906
7866
7275
3947
13752
1955
2121
7326
11240
8508
1822
13874
1784
14686
7291
7561
1956
7282
2030
16140
12611
16141
16066
12632
1885
11200
14664
14825
8631
11214
14760
1602
15549
2070
8495
1741
7641
13795
1695
14733
250
2105
8640
2108
7466
10165
2184
15600
4408
1599
13748
380
7851
4413
288
7333
11222
13690
8498
15691
1584
10294
15724
2123
3799
4503
4058
8525
16054
7396
2222
16080
15692
10191
11191
10264
7299
1850
1656
347
13784
4609
3980
1725
4452
7519
10301
7245
14822
7445
11378
16116
15589
8527
3876
3958
3909
12673
16100
8496
3930
458
4421
13736
7298
14896
2154
1919
7599
14838
7638
7567
14752
10072
2165
211
14791
2207
7357
7867
4537
1575
2143
13728
3844
8563
7501
14795
2160
13855
7637
2205
316
4395
16160
3802
3834
2155
7283
13844
15658
12655
11384
233
13737
13809
2157
4467
7554
10259
4357
2235
12640
1771
10020
12685
2051
354
10134
11346
15570
14655
8474
10119
1829
340
1779
1857
4028
4607
1589
12865
1977
7344
346
1708
1897
10111
7324
11329
2027
3787
11330
13777
4484
10315
3933
13767
12676
12873
16132
308
10040
16164
261
7289
4415
8466
12726
2092
3782
8630
7594
10303
7264
1792
4394
12774
11400
13709
7427
13881
4573
16147
13901
11260
1652
4521
2081
2015
3935
1665
3902
10003
12872
7296
10143
7540
13719
12592
351
3938
2250
247
10339
16136
11301
10064
4401
11403
11311
13933
2131
12603
10312
15741
8488
2060
13689
11321
13760
10273
15618
12790
1987
3866
2185
15538
16130
4464
3772
1762
15703
13805
3992
12835
2203
3783
488
1686
4475
3811
2167
343
10160
7463
12848
15684
242
3804
15560
12591
1767
3951
3795
3774
509
14872
8529
7639
1720
15654
214
3976
10009
1992
7868
10332
13929
4533
4073
1659
7272
4378
13850
4506
11150
7625
16112
1847
13880
7428
14639
13812
205
14835
7586
1710
11133
286
4485
1594
11420
10019
13712
10268
1704
1572
14776
1632
1936
12876
4542
10061
14672
3822
4377
12883
4351
11205
1772
438
2077
394
13828
4427
7542
14861
3786
1638
1789
14846
7497
10077
415
13753
7461
4458
511
2059
4374
15558
2031
12795
11261
11432
2082
3943
15626
4344
1579
16053
207
10231
12803
1742
9993
7612
14769
3983
10219
8606
11245
10313
8583
480
15677
432
443
7538
1655
16032
3776
3851
3775
10104
3901
11156
11324
7493
15694
1855
1739
1768
13668
10256
10205
425
16127
8539
2094
1998
12920
11283
12922
217
16154
7604
14820
8465
2065
1776
327
4560
2095
1654
3808
213
11270
3900
2238
8549
1945
390
13681
11209
492
4033
7557
428
13912
12567
11325
15644
1631
13727
15543
7302
7261
10327
11385
7307
1798
10320
11187
7410
1620
11352
7405
1917
12677
14710
3821
12744
11300
10113
7870
1681
14642
1764
4510
11278
13842
3982
11414
14878
16123
15739
3996
11369
11323
12622
1825
11197
12898
11149
1761
16083
1571
13662
8634
7610
12600
3886
7340
2089
243
1812
13673
12899
16065
10243
8624
1964
7433
8537
7346
1973
1911
13864
11421
454
3988
498
12559
8517
2224
4515
240
1591
398
2195
11239
3993
3940
7356
14640
2202
7596
7865
329
11172
4361
8543
3887
10034
7422
12697
2104
8535
7505
3889
4423
13734
4477
349
248
4354
1804
10244
3975
4048
4455
8458
7273
7416
15680
4074
4575
4558
463
10075
11138
2101
260
8500
1569
11382
3960
10117
16155
14873
7543
11376
1677
14802
2180
4034
1605
4019
1925
16144
4417
1642
2006
474
328
4389
7454
10157
12812
4596
14697
3800
1910
2248
11364
13781
1916
1724
4431
10021
13947
10130
14831
10284
13887
12837
15573
11345
12860
1791
13922
7347
12682
271
10195
15728
12862
4524
3872
11409
12841
13740
10043
3852
2033
10298
10162
13707
456
1971
16151
10093
8534
15714
1980
12798
8586
8558
4518
2206
7437
15555
11152
12571
7506
15688
10140
10242
4594
1668
7857
3863
4476
12764
16121
4514
4043
2197
12719
1959
10159
4483
2166
4037
7869
4077
3789
12811
11176
4030
344
14723
7483
330
401
1637
16087
10271
348
12891
10199
16059
11182
1577
11251
1755
1705
10060
1769
1958
7523
14765
3997
3878
14714
13870
14805
11167
3955
2109
13863
11144
10076
1743
256
2056
12706
13800
10314
12825
508
7590
11373
1794
448
1566
4481
8644
3828
10330
12662
11343
11243
2025
14894
10001
2053
12566
11212
13944
1785
275
11295
4366
1810
15661
15736
1723
3913
4059
2245
8454
4005
7339
1758
7320
16045
12656
4602
14755
15704
11241
7850
14757
336
8532
12704
12752
2046
14634
10293
12576
1604
13679
16042
12856
2021
15712
16149
11291
2209
4006
7503
15666
11429
12585
455
11314
12889
3925
11151
7592
4376
12712
16070
10109
13897
4494
8629
11157
13938
4384
13899
11339
16029
4371
12729
4456
2119
14766
3970
2231
383
7509
10138
7581
13655
7255
13801
15679
12714
3830
10253
3882
12921
12599
2190
15700
10088
4438
342
4359
4411
8598
11268
4459
4595
13670
1912
1765
4505
14685
15648
1608
8628
7514
15622
10291
419
12646
14718
1800
12738
10018
12731
10041
442
4393
10265
3790
8548
1999
13871
7238
436
15733
193
8547
11422
13785
2126
4548
11206
4577
427
11413
8614
7430
8501
13716
8515
13705
4009
11386
15542
12583
7239
16079
4441
7242
268
10010
10321
2122
11140
11217
12805
14687
2091
15651
10287
12701
277
2008
7481
4042
15746
8545
7516
8457
1815
234
7266
1740
1840
13902
1651
1774
15636
1927
2102
12828
12624
15547
3891
3896
7268
255
8528
9995
423
1821
2150
3917
15643
378
1680
15586
1951
13803
2241
11418
437
2039
16086
7534
299
1984
4491
10037
12565
3905
4014
11375
4348
15541
3946
13675
1824
12594
1630
366
12587
16068
12734
13945
15645
4519
7642
14853
1906
2210
12821
7269
331
7380
4566
13758
457
15556
483
13739
10032
11284
8511
417
7313
10081
8477
2003
14875
8490
7564
10217
8593
262
14737
12842
14715
10328
14841
1567
12716
4500
10318
16109
4400
11173
4502
1595
12902
4352
12709
12758
14739
15592
280
14670
1898
1600
13896
1622
4032
2073
11225
12851
12768
15744
1746
10135
16135
1644
12765
10142
486
8553
12575
12807
8638
16063
1721
10247
13725
371
2016
7303
13895
7265
12694
10097
11186
12878
2244
12722
4356
2172
1775
10084
13669
4545
507
14666
355
8576
14807
13798
7257
7382
10025
14719
13661
2055
300
14669
3814
10177
221
1969
12691
3857
7875
13941
7467
11383
12785
11358
10210
1683
7475
8602
484
7568
11181
12746
222
10028
7518
2168
362
8481
2069
8513
10045
12724
7394
11328
14707
16072
8482
4600
7458
1993
11207
10050
14671
10118
10236
15582
1873
1661
10258
12894
4066
3871
10017
10193
8499
12572
389
7644
10310
10038
15698
2057
11350
16158
13665
11287
16089
7623
3839
13769
15615
13807
4392
482
11148
1814
12820
16055
10279
7367
14885
2135
13722
1690
13821
259
7251
14747
13789
12641
8469
7535
14658
11168
8531
4035
16044
14677
13926
13778
13879
1736
12760
1979
14833
12885
14711
2005
10062
12581
16092
12756
8514
11288
1759
10146
1968
494
4449
14745
11188
7631
12737
4420
12925
2193
2211
361
12908
12794
7498
2247
2117
2242
3961
2000
1924
12636
1586
320
3928
1715
16033
4364
13822
11249
15552
13706
12690
11427
7276
11131
1877
2084
11357
13917
12675
1818
14731
7370
14886
3845
449
4396
13659
12598
11266
7532
7398
14706
429
12826
4606
13916
7415
3963
11331
3874
1929
4495
1823
7630
7608
12651
471
3767
14656
7572
466
1587
13834
10133
3794
1935
297
12649
14818
7392
16051
1722
13804
2230
1966
7585
12813
4380
14682
15699
4453
8567
7411
1611
15631
15721
7636
1627
4568
13703
3929
15655
10340
7464
7373
1866
11250
2183
13693
13813
453
13924
11307
1887
487
7528
14859
285
15637
13883
3924
13683
13905
8562
12689
11285
12850
1875
4563
15621
4015
10149
12582
10317
14740
1989
8540
13741
13819
10225
1975
1717
386
11438
10203
4412
2246
518
14720
3870
13892
13790
13726
7496
1838
1988
2061
3888
2106
10220
15623
7512
12627
16110
11381
16145
12593
1673
13765
7451
2047
12723
2045
7364
8509
10309
16125
13942
4056
1614
13761
15725
10079
12867
3826
10089
14780
15604
15693
12596
322
10085
15551
7452
13671
368
2014
10341
14692
1751
3919
7530
495
4069
273
369
1859
12705
1954
7587
7279
7485
3788
13714
10054
7435
10254
1658
2022
4470
8556
13746
4368
10337
12822
4532
12831
1570
4463
12789
3990
13802
4534
10047
11389
1965
11842
8156
9816
3143
14255
3116
15302
15292
3200
6867
15291
605
11819
9952
16382
9777
6817
6910
9924
6905
14269
3269
9688
9895
678
9837
11857
14236
15303
9980
16334
8092
11840
3114
11860
11853
9774
11878
16429
16374
572
3284
732
16352
3182
3109
9718
9878
8111
3262
16338
14274
3073
6845
15352
8151
9862
3029
659
8123
3288
666
11837
9712
9921
5982
3144
11787
543
14243
3083
11881
14231
607
9850
652
3327
3163
9806
3216
6896
6822
11880
11836
8094
9738
16361
14265
8148
14292
3220
16325
3087
9931
9974
15328
9727
9709
3248
6909
9730
548
658
16345
8122
717
3231
9677
14263
9683
14196
8107
15311
3210
9832
8138
3060
5964
582
9888
3159
3086
5962
3303
3218
6823
14201
9792
687
15338
8119
16393
6840
15298
15307
693
16421
774
730
5984
6819
9853
817
6820
14216
668
3320
798
6860
6833
9940
594
9966
9890
15320
5978
3138
3173
3124
3152
9956
3179
15339
8087
9751
6838
6849
3101
3089
9778
15333
9764
3283
6865
11834
14200
16362
11791
11862
16317
11799
16371
602
8125
9912
16364
3034
15334
11796
8096
16378
3048
9671
14304
14286
16332
614
11826
14308
781
11870
646
11821
11848
9692
809
16419
16328
14208
570
826
15329
11814
15319
6854
16410
6884
9926
8103
9739
3291
9668
16403
16319
11832
9829
3293
772
3296
3278
3161
786
3084
9838
9749
14281
799
521
807
6879
685
16402
9942
14195
754
627
3256
11789
9824
5971
797
3259
11838
15330
9809
16398
520
15314
16431
11830
708
9702
9929
6908
15309
11829
9705
14300
3202
753
9954
9840
16404
569
3061
581
16425
16358
9794
3079
3317
9927
3217
3223
14282
15356
8155
9758
3332
3273
9951
11809
9708
703
9899
9971
3031
6851
3134
700
724
9804
9833
9889
3125
3191
3174
3298
9834
714
3252
9782
14220
739
16416
5969
3081
14295
6859
593
3331
16435
9982
9800
8116
14276
11867
677
14237
824
14249
3308
11783
726
538
14256
560
3067
15295
16423
3316
6847
604
6811
14288
3102
3030
3092
9943
11800
9670
14262
729
3169
16443
3294
3055
16436
526
550
11844
577
3111
9753
3205
14268
9939
585
587
6839
3131
11823
795
8115
691
15350
16370
11847
9961
9728
9797
821
9835
3266
6872
777
6836
9812
11879
828
9811
3122
9877
14280
14294
11865
670
6885
3150
8149
9699
3176
8121
11877
3038
3062
6825
8134
11861
16387
16366
567
15308
9726
546
530
813
11817
764
15364
9741
14198
3242
680
16333
553
744
9897
9761
9666
15343
743
6891
5952
3239
14258
751
3069
705
3091
788
3290
645
9717
597
3221
9689
3254
15324
16346
784
9907
3209
9780
8078
9765
15363
3158
3113
9947
5974
559
5970
9783
722
9955
8154
3319
9721
642
14297
8093
9703
9983
9799
8142
9986
16386
819
814
9941
6818
16394
562
9959
3196
621
9750
3155
3329
558
9720
9848
757
5955
6886
9932
16411
8098
9845
8102
9883
8140
11798
3157
3238
11858
14219
3279
9945
9715
3110
654
9936
14193
8153
15355
3035
11806
9841
763
8133
742
3260
9928
3281
6824
800
3318
3224
11820
3057
9796
3037
632
15357
3277
3167
3194
758
3058
14199
3146
3177
5963
6846
812
529
9874
15351
11797
524
701
555
15345
579
16406
8091
9798
11882
535
6893
16401
14279
8099
9903
14303
679
9919
829
544
6902
9865
14213
6873
3070
9960
803
3183
15318
11846
8126
9743
3228
3295
640
3115
695
6890
563
8139
16320
3247
16324
643
9785
6897
651
9789
15361
6797
14264
3207
551
6888
14223
16413
5977
8131
9892
16418
9972
641
8081
8105
3076
3246
3192
780
11835
3046
16323
14261
15353
11872
14232
15336
9933
765
623
9866
568
6892
3282
3300
9930
15312
9725
9736
11874
8127
14235
3104
14211
9693
810
565
9887
3096
9675
735
9847
16414
6869
16399
808
9695
8110
6798
637
16316
9770
710
16384
9734
9723
14233
9704
16445
14283
631
14234
3286
596
3276
16408
15335
15347
11792
9886
9970
6856
3249
600
556
626
16349
3077
589
3197
3285
14227
6806
9950
15304
3121
6800
16388
9842
16343
3271
16446
16372
14291
6801
3208
8129
9776
6883
3040
750
3306
15310
11841
573
3311
14215
15297
3044
3130
3075
5979
6903
528
14248
3103
820
16326
14222
833
3088
3154
9694
6794
9876
746
9756
9965
9676
11850
731
14221
9900
9716
547
11828
725
16321
9759
3149
15354
6880
665
6855
9700
3257
16448
3305
3289
674
9917
14290
9818
9870
6852
811
832
16322
16341
3049
9755
716
8089
8136
11863
3215
14203
3063
8080
3229
9836
734
9957
6842
6815
816
3160
9813
590
3135
9691
14228
778
686
11822
5953
9790
15313
790
3328
11866
16368
8090
9857
3140
6832
806
14230
3190
541
9711
6853
6874
9795
584
5972
3292
8143
16327
603
16369
9769
16337
9740
3198
9963
622
8144
759
6816
794
660
617
16396
802
9925
9855
525
3265
9977
8109
3129
11883
6861
15290
6809
801
3166
655
6795
619
9143
9248
11994
4314
5708
1006
16483
12049
13996
979
7978
14002
4139
15257
12104
1068
9085
7710
4298
12005
12061
5681
4174
9220
5687
13973
11552
11912
16456
7720
4129
9061
14617
15266
5451
12010
6448
9142
7780
5450
7715
11942
5390
12003
11965
16506
5673
15768
7827
11943
7972
11931
15263
7708
7794
975
4321
5468
14098
7743
16463
965
6353
7711
15789
9172
7932
9186
6417
7907
4115
5384
9239
11992
9140
7679
5692
8769
5632
4098
6461
943
15222
9200
5356
7768
14145
11490
16594
15760
4128
8018
6407
4248
15780
4094
14582
15225
14113
11979
9110
8789
5574
884
7929
11984
6398
11960
15767
11941
6312
14079
8047
14586
9152
12022
14604
4230
6454
5661
4137
925
958
1059
12078
14049
5375
7812
12019
896
8065
6449
16468
8768
16585
14090
11550
8027
11523
11443
9157
8031
933
6450
11520
11989
16511
857
11516
16516
1007
16566
5575
15231
14053
7916
16491
5493
6428
14044
11972
4192
4085
6380
7657
5521
6465
13970
964
9232
16568
7773
4218
7754
14130
7830
15782
1035
963
6375
7654
5423
15262
1032
16625
14563
12021
15772
7786
16623
4090
14117
14000
8779
15787
5596
7787
16532
16632
15754
5464
4127
12100
5717
9202
15240
12016
6470
15766
7996
6442
9173
4155
15797
14026
12055
12037
6340
921
11896
6342
9196
7957
6414
1051
11553
16518
14150
1076
1013
14088
14068
16588
871
7823
4231
12046
9179
9181
16513
16531
4112
12072
5653
15200
12060
14630
11492
6356
16554
5601
4117
16606
15788
12014
14076
9256
14069
12048
14059
14050
16501
12030
15800
4201
13974
8784
6319
15753
7673
8071
941
16465
16476
1016
11946
974
5416
4216
13976
4187
16548
4179
852
11917
9091
11996
5625
8003
11966
14573
5532
9116
903
922
9078
11953
5537
5462
5638
934
6321
11999
12083
11932
6317
7927
9153
15241
5418
5500
4247
6379
6485
990
5595
5509
5388
5376
6464
5664
977
845
14046
5439
14071
14140
954
5402
6422
4143
936
5662
14077
4167
15230
14623
4319
12002
9104
7713
16478
5463
5624
14081
8764
8005
6437
14621
1085
1046
863
14597
13957
913
12017
12000
1020
5519
7740
15258
6474
4309
7963
9063
9263
5675
9165
7751
5471
7911
5706
5398
6328
15223
14121
7691
9062
14041
11540
4138
8762
16565
9109
5409
11907
15264
16603
15791
7683
9087
14092
16583
15773
5362
1027
4111
6311
14139
12098
8023
950
9171
16467
4089
9151
6355
14082
5488
14615
6345
5555
11483
7695
11936
14056
6410
883
5538
14565
864
1015
7664
4178
13991
4175
11556
7818
1079
4304
12027
6418
9084
5389
11531
15265
1018
14004
9235
16490
1049
9074
12081
16458
15794
1054
15771
16505
16615
7816
4148
1025
16630
15802
7712
880
994
14040
4283
5633
7747
15212
11920
6327
9130
16523
9086
11939
6323
12032
11517
6389
877
8778
12020
11894
4213
8048
1021
16512
12012
835
7936
15199
5581
14014
4305
14135
4103
16551
11937
14104
14620
7807
9108
890
928
7690
9082
11504
4203
1069
8050
5361
4140
16474
4269
11467
16534
6324
5496
5547
14094
4252
11967
11475
11900
15227
11998
6381
4275
11502
5549
6357
14619
5506
14019
5587
7806
4232
14009
1011
7961
11493
11955
13975
15252
7770
1017
14064
7670
7983
5505
7943
991
6374
5593
14629
4104
4190
7948
9075
14129
875
7990
6468
4087
14037
6467
8015
5591
847
12097
11560
13994
4271
9089
9251
6366
15224
985
4200
12103
4086
5704
5718
5517
14136
7919
973
5617
11958
9167
6396
14097
7709
7704
8766
7668
13964
9188
889
4091
5379
5619
949
16524
8780
9227
11963
5720
14591
12073
8783
7765
6423
951
14551
15256
14594
926
16541
5710
11508
7661
4320
8041
13966
16581
5672
15234
5655
5397
14107
7652
4297
5527
5396
11913
5406
16481
7734
14148
16559
16473
14027
6352
11535
5702
6401
4159
4100
7681
14133
6404
5654
7767
9255
6339
5590
11971
11891
5472
11904
6409
14574
15214
4109
11525
8052
7922
9217
7674
16628
923
4208
7675
4251
1074
962
5408
2746
4244
7781
13967
6320
6308
6427
9213
8029
5495
16602
14570
14043
14096
4276
11442
5589
15220
7962
9118
16577
8775
5606
971
11898
5639
9135
6419
9121
4303
5510
15756
5359
11933
7685
7742
16580
15786
992
16596
959
12059
7653
12051
7753
8051
1002
5399
8022
15245
16451
14628
14075
9168
12033
16530
16526
4149
15774
8010
11986
900
14569
8781
5649
12062
7759
11938
4301
8785
7917
848
14128
11485
988
8037
14067
4249
7904
5693
6455
14013
7910
5546
15217
910
1064
14544
4106
11458
5481
15208
16633
11538
14091
16621
8008
11950
8073
12096
11987
16572
7975
14608
8068
8020
15209
1033
14086
9260
5678
11962
8014
14614
11546
9185
1087
989
6446
11885
5634
11545
5370
6431
7839
9183
6412
5480
961
5676
14156
5455
5515
6392
7725
14584
7965
11544
14103
6359
5392
6457
11555
15805
5674
14123
6306
14603
11922
9175
14543
5650
4116
7824
11486
15267
7988
4222
7947
7732
14074
4180
967
9149
11466
14033
8066
9106
6316
4193
11561
4080
16592
14577
12101
5563
14029
4157
13999
7735
5607
6405
9208
1062
5443
7783
5449
11459
15781
13956
7905
15211
9113
1041
16563
15242
9088
7738
5695
5614
7766
902
5685
7706
886
888
4258
5707
9123
8069
7665
7772
6391
11476
14032
944
5646
15758
5605
16457
5407
4197
7782
14001
14028
4254
16587
9247
8777
14030
13989
5518
6337
14607
4172
15763
9128
7997
983
872
8044
7950
16635
9234
15750
14045
6426
6341
5391
9252
16547
861
9245
5412
7805
14020
5670
14066
13958
5470
7727
14055
5613
4099
9077
6438
2749
1010
9225
8000
5403
6325
1056
4144
5387
6310
5372
12065
5365
11448
8772
9211
7703
1089
16493
14580
876
6460
5460
6453
13969
11468
16536
16609
7952
13963
13979
5691
5719
4146
11905
14631
13995
5487
6394
1055
9209
5427
8759
5623
4246
5599
12023
14134
11978
6343
11505
5498
7724
12011
1058
7944
14110
7928
15254
9218
5628
5696
2739
7973
9212
13985
7958
901
16470
6330
7970
11469
11548
12087
8771
9105
9090
9068
5620
15246
8076
7814
11915
7821
8035
14042
885
7809
11526
9079
9244
891
12047
16469
8026
11897
7843
9214
7941
5683
5568
5573
4253
6331
6413
940
6346
912
1019
5478
11956
4239
7790
4312
11995
6318
7744
932
6335
7700
4211
7951
4194
1067
4154
15205
4176
878
8042
1086
5571
7741
7993
16616
6429
16591
15749
6456
16502
8046
4310
15806
5477
9072
15253
7722
6358
7682
7788
6360
4273
16584
5497
11455
7749
16471
14085
11558
7838
11945
1040
978
16607
16504
1014
4131
7672
7763
16486
16528
16464
7918
5381
16600
9114
7822
858
7984
4224
14588
4256
7745
916
13983
14593
9177
6370
904
14548
5582
11533
16484
11441
12075
9132
11982
16482
5579
12007
5694
14605
11976
15803
1057
5658
14038
9150
7785
7762
5562
9180
11924
14100
7730
6479
9174
5433
16604
953
5566
7755
9203
4220
4097
11961
5559
897
15193
11473
9098
7829
11895
5448
4313
5536
1070
8017
7820
9201
15251
5565
1060
14102
5513
4152
4236
16452
1071
6382
16498
14003
873
7662
14047
7934
12028
7663
6350
9222
5557
14031
13953
4260
14125
16553
12034
7915
14021
14024
6313
4081
6351
9125
5586
14627
980
15249
898
5377
5576
8075
8787
7718
862
11983
16624
836
5385
909
4119
16636
1080
15239
14011
834
4083
7833
11970
6369
16466
9131
14106
5616
14592
7750
9111
4092
6443
16539
5690
1075
8012
8053
15798
8002
4151
14109
14564
7849
8070
995
5380
4156
15229
5700
976
1066
5461
8021
7757
5578
15765
7669
12082
5648
15216
14122
5618
11916
9169
7756
1044
12066
4210
13987
4160
14060
14039
7930
6441
7920
7699
7694
6338
5420
16579
1009
14154
9193
11940
13959
6354
5701
11557
12035
5435
6415
7810
5424
11911
7923
1022
4281
4274
15238
7799
1034
4191
12058
7992
7758
7971
12039
7826
5709
5413
5447
7800
5711
12036
11886
5355
5712
11536
6397
5714
12092
5524
11530
16514
15215
6478
986
11452
5483
9067
7723
11899
4136
5530
5511
4171
9073
14093
8038
6420
8063
7803
8036
5622
14149
6440
7914
5542
5657
16461
16535
4207
7964
15207
4105
4265
850
7832
16549
5665
15213
11446
5551
16537
846
927
7680
4169
887
14613
11903
16540
4130
4221
4168
4243
5486
15795
13992
6399
14089
7968
879
7945
5644
5540
4113
15799
5368
9182
7692
14545
1084
11524
8765
11542
14010
15759
14087
7987
4291
7991
4266
11929
7760
5367
4124
14063
14112
14609
5598
6411
14599
14559
6476
4150
15244
14012
842
837
8072
5419
5635
4108
15250
894
14555
4145
6436
9184
1078
15784
14118
9238
5454
12026
8776
9195
16521
960
6435
9080
5680
9160
16500
7686
843
7677
16503
8774
11444
13998
5364
5671
11489
16627
4300
16595
9233
5612
9176
4696
15860
9458
2631
13554
1259
11091
4762
2649
4896
2537
12362
1112
10980
10898
5986
2952
9055
1361
15891
4911
2861
15500
13512
10802
15858
8224
9581
13236
9525
4859
15994
13345
8860
2809
12535
3602
12360
1532
4795
11086
2840
3532
4783
15811
2774
8851
13385
8211
8869
11566
2970
15909
4874
4865
8427
4737
9636
9572
4823
3019
6581
10836
2918
13420
4328
13325
15862
10791
15489
11740
8396
7203
7222
4725
13526
2808
8341
15852
2539
3550
6523
8414
8241
3598
15884
4884
11110
15908
6102
2796
4832
15977
4972
13562
3018
6023
2933
2647
12394
15498
8411
2626
8342
13208
3741
15853
2690
8812
1108
3756
6518
2570
11029
10843
1550
14633
13616
3613
5990
3646
3758
7881
8391
3611
12255
11079
12265
8174
4700
12526
8367
4718
1230
11564
2710
4336
7900
2719
8189
12242
1400
13237
10976
2792
2681
13374
10755
3528
16002
2651
9642
8440
15454
6136
11757
2588
10894
15511
10822
3727
13621
10966
11777
4780
8239
6499
9516
3712
6011
10746
8364
12246
6033
4863
3761
8165
1334
2639
15968
13181
2730
4784
13247
11102
8343
15530
4846
6599
15451
13597
4735
2768
3726
13593
15849
1291
13525
12294
4922
10969
13459
13441
13428
15818
4858
13440
7876
1279
2775
8832
4962
4934
13217
13645
15475
11008
12429
13368
2521
4800
10991
9586
15453
15854
8277
13590
9653
2674
13272
13462
3576
1164
2531
6590
12318
1342
6624
6036
6542
9521
6018
8861
12345
1119
3670
8215
3744
3745
13317
3649
2877
1364
3637
2871
6048
3739
1414
4729
13397
1178
4747
4664
13643
1293
13651
9479
13242
10813
13415
8406
3581
12277
2551
13588
3760
13271
6582
1371
10934
13189
8159
13509
2525
10956
6028
8204
4326
6576
3533
12340
3754
10827
4954
2780
10820
12443
6055
10892
9576
4727
8923
9626
2737
11101
3011
11750
6578
2900
10947
12291
6571
11035
10740
10757
9611
6053
6616
13266
4759
10752
1244
9480
2750
1099
2579
12383
3736
2554
12361
3568
8813
6630
13332
2906
14158
10918
9056
15895
12396
4802
8843
15470
6526
10804
15830
9517
3564
2573
15459
9527
2929
13174
15878
15455
3721
12408
4855
13269
9621
1277
4684
4950
2813
13394
8294
4898
15979
4331
4935
10832
2897
10965
12557
1137
1273
8279
12525
3636
8295
2847
13255
1118
8431
13631
6645
1106
4779
6517
6638
2673
8297
4931
10849
7891
11775
8374
13514
12356
3662
11082
2666
3725
15499
15844
7197
1282
10786
10890
9509
12364
15468
2879
6082
6560
4924
3569
3748
16000
4808
9507
4330
10747
7220
12448
2993
13453
3658
1303
15995
8925
11040
13493
1341
10838
1492
8313
8887
2609
10950
15916
13307
15490
12303
12442
8804
13571
1243
12324
2622
15523
3639
7154
8291
13653
6137
2660
15835
5992
3508
7168
6074
1403
2984
15283
15513
9629
12460
8419
11115
13190
15902
8157
8392
6076
3575
15990
1345
6555
15524
8890
2610
8439
13584
7214
8909
8280
11765
10824
8310
8416
1097
12419
8862
8899
4726
12554
8356
13276
1372
13633
11039
2857
10769
10772
15961
1384
8205
9610
10743
2806
13469
13426
7200
6551
8922
13410
13352
13302
13444
9604
1255
8417
15872
8903
8407
6030
15930
12289
2986
12354
1175
10798
2866
11103
1413
2876
6007
15989
2676
8201
1493
4658
7186
6539
3621
13499
1317
1513
3709
2658
3710
8397
13262
6132
3752
11772
12491
8314
13306
3013
13175
3620
13184
2729
13595
11717
10862
7193
8331
4908
3643
11046
1300
7209
1307
1514
15516
2697
1215
13164
2827
3617
2915
10986
1382
11736
4695
6643
8268
13545
10770
8195
11083
2937
3560
13573
2783
3722
6617
4801
6609
11755
13477
2526
13401
1537
1176
3535
12281
6522
1162
10919
1171
9503
7194
7227
6647
13337
9623
1220
12376
7189
10799
6579
13577
8405
2680
12262
15535
3606
4739
13207
6656
2863
11036
8905
12346
9510
2844
1111
15906
12446
3006
1229
15922
11066
6031
11073
12263
8347
2927
11016
6605
1285
13355
12391
1241
2601
15457
13560
6000
9529
1253
9472
1228
2786
3711
4652
4941
10834
1306
13418
8332
4912
4339
2668
8870
12411
1331
9619
15972
2735
4945
8874
3678
13536
2636
10942
2667
12517
7888
3691
15993
12520
1190
11022
1201
15809
4965
8437
2800
6603
4746
9553
9534
7902
13206
7151
8231
1146
12323
2722
2703
12440
10938
13330
4914
8834
15913
8339
8340
9058
1133
6585
8233
15501
13295
1221
2789
13596
13284
11781
13547
12359
13505
2543
12462
2595
9459
13179
15861
4949
4744
2778
4998
16006
10788
15505
13283
1553
11121
3518
3700
3584
1397
12390
1126
9643
8446
6090
13599
13408
1408
4861
15515
8173
6504
8881
12296
10881
13567
13487
8379
12481
12450
15999
4910
4815
6550
13543
12333
2852
2987
2583
12388
13232
13310
4764
12239
2767
4790
6113
10775
4785
7195
4956
7191
2965
4734
1517
1104
6118
11041
8179
4841
4679
8815
4967
4986
12453
9540
1257
5991
3660
8283
9048
8256
2704
4717
11780
2723
12398
15823
10771
1200
1302
12434
9451
8375
6595
2829
7898
1528
13421
2856
12495
1276
4979
12479
12428
12348
8911
2960
6067
8848
1287
13537
6501
15863
2711
7201
12369
15875
6089
2728
15907
15953
4837
6108
13339
6549
11568
13219
1155
12494
1113
10974
1417
2841
4774
13240
8398
6646
9546
1378
8330
8355
11002
15982
15434
11751
2958
8395
7192
6134
6562
6520
2637
1357
3507
8384
15896
1256
15939
11098
2934
10897
10998
8328
1250
11744
2948
11745
11032
13431
13216
6587
8312
1374
8894
1290
9547
11773
10996
2904
1505
9536
10748
11069
8254
3757
13613
1304
4839
13347
4968
10960
13218
15840
6068
2923
1534
3601
11108
6653
11720
6125
4682
4701
6521
11737
1561
10886
6534
12420
10845
2606
8222
9468
7157
6589
13620
6010
6489
9644
15828
1373
8237
8307
10920
11021
13498
7180
1301
1298
7899
12310
2913
12551
12427
13256
7164
9520
2650
2932
13211
9457
11078
2564
1393
2869
13170
1100
6648
15478
12241
13492
15856
10761
8186
8311
4873
9654
13576
4754
13180
2839
4818
9657
8232
8249
8442
9548
9499
1499
2695
1204
4767
10754
4329
4878
2880
1547
4909
1197
9602
11779
15484
4804
12248
6093
1222
2836
10930
12269
2860
15813
8334
1421
13294
3547
15532
2708
15901
10909
8376
2720
12395
7202
4803
4936
2782
6039
10871
2785
8267
3543
1363
9502
12405
12472
9582
3681
2978
9631
6105
8863
9659
11728
10739
2910
1305
2640
12308
1192
9506
11092
8372
6556
15988
1380
3628
2893
15529
11012
1247
2815
4673
9498
13267
4655
13371
1507
12435
1506
1350
15923
2896
4838
15903
13412
7182
1410
11761
1558
8182
16018
7884
1525
6538
12337
12341
15885
2532
4900
5999
7223
13476
13404
8278
9607
2644
2664
15880
6533
15941
2867
7210
2855
3559
12407
12539
11061
1193
10774
8360
8432
10765
11013
3765
13263
13343
2962
4854
13234
8840
9448
13235
3764
3566
12339
3592
6623
4966
7216
2625
2584
3570
9655
13336
12454
1194
10853
6593
10745
1376
6139
10783
8409
5987
3612
4917
11756
13417
4705
6652
9463
12409
9462
6072
15462
3573
7161
9484
8216
13575
8308
8251
12541
6066
2612
1351
13496
3530
9504
4761
3565
2679
1236
15921
8242
4741
1391
6493
2671
13277
6075
8217
13311
8176
12300
8436
8272
1181
13463
3563
10790
8920
12441
10893
1144
2762
15482
8413
11739
8175
2715
12392
9593
13370
4875
2641
2760
3693
2957
2955
13447
9495
13612
4844
1329
15824
13488
2804
1203
2849
3580
1381
13529
2726
2795
13183
11088
6621
7160
13623
11120
9557
8377
2594
11043
7159
12492
12351
6119
2657
1248
8285
2538
9589
15469
3667
10741
10829
7206
2514
6597
8438
3704
12305
3544
12515
13432
15914
1559
3627
3718
13622
9456
13503
6568
10865
4857
15881
10850
3541
2833
9568
2769
13466
15910
9460
8247
13226
9489
6005
13303
15820
10878
8444
4836
13450
2770
10975
13564
1521
12238
2930
7155
4335
1239
8168
2645
12278
8190
13224
4796
12529
12530
12264
9594
13436
8823
8400
13434
2670
15934
8166
13419
10867
10981
11752
1545
2686
1223
4870
2812
6509
15897
13312
13293
6657
4918
2725
10912
2985
9514
3595
2969
15975
10847
8880
8319
12260
6503
13341
13422
6109
4657
12302
9575
12433
15479
6525
4781
1500
2755
4849
8363
8792
13348
13594
4937
9554
4916
13583
12489
1217
2629
13233
13522
6583
4877
10864
13513
15827
6631
10868
7232
6554
6505
12284
1143
11058
3623
8192
12527
1339
13351
13275
12290
13313
4996
8290
6107
2613
9531
12301
3619
2971
8798
8793
15272
12338
1315
8203
7230
15485
4948
3004
2706
13228
3017
4901
2753
13592
2635
3738
4984
2580
4687
15957
13315
3657
15491
6527
7169
10863
8354
1366
2961
6535
4732
3010
9578
2924
6140
10872
11719
1213
2534
11767
4938
2632
10825
13479
1263
4772
4944
4340
15839
13475
13635
9614
2998
4805
14160
2655
10913
1368
12463
6596
10830
8337
15429
3522
13288
9466
6060
12325
8273
3641
13515
15492
6561
12477
3562
12558
13484
2777
4775
14161
3506
13414
8891
8421
12497
15864
1369
2672
3703
8359
2946
15919
6097
13298
3716
12510
1407
11059
6111
2790
3647
8878
6537
15928
1232
2992
12476
15996
10859
11037
11763
13264
13202
13186
1562
4840
2707
1267
6112
10756
8349
9620
1347
2602
10953
15527
3600
1557
4902
12307
10874
2798
13388
15435
12352
2738
2941
6492
2535
6103
8200
1288
6002
2662
1314
10852
2989
1160
1147
3589
6083
1538
12403
3701
4958
13641
12436
9599
4720
2911
15833
13558
3583
8387
12430
1184
1283
7224
8801
8831
8172
2997
6600
6633
15446
6088
7183
13221
6085
7198
2776
3713
12507
4926
10851
1501
1356
2874
11768
8296
2973
8351
2714
15998
9442
12522
5989
4778
13200
13323
9494
12375
8162
3751
2761
2615
9524
9532
9633
12368
9590
9474
4676
4888
13220
8281
2557
11764
1185
1281
13489
4899
5985
10895
8317
12488
2821
13614
13292
2604
12245
13586
13518
8193
1110
3683
15441
16014
15274
8795
8403
12457
10837
3663
3591
6110
11081
13321
3521
4975
2687
2864
13324
4667
4711
10766
2816
13602
1240
12490
2693
11126
8844
1348
8886
1208
15848
8822
11746
13637
15952
12483
3005
1327
12378
3753
9478
6050
2582
4661
2553
3605
6133
2605
4866
3609
13286
15425
9539
1340
13297
13253
8344
13486
11026
2907
2694
12470
3534
10877
9601
11118
4843
11028
10924
8846
8282
1218
8228
6574
6017
11048
15819
4929
15973
2544
9052
10914
11722
2802
1419
10907
16004
13231
3626
2884
4847
15924
1526
15445
16013
6575
11095
6495
6035
6543
2850
13172
1284
2830
2772
13400
2875
7207
7890
1270
1326
6506
1540
9563
13195
12518
1546
8316
8227
1205
15276
2607
1145
2592
3574
2689
12266
6073
13318
10889
2577
1251
11733
1142
9571
13455
13225
10842
12484
4845
2754
12349
3659
15808
12536
9443
8269
12423
13516
1503
8324
11045
2642
10870
12432
12297
2888
2926
2964
4699
2523
3551
9541
13398
8399
12385
9538
9488
8169
1512
9609
3679
8357
13249
8883
9440
10779
8875
4738
7887
11122
4706
12320
2842
2691
4723
15537
3511
4919
10839
3548
11730
13533
6659
9511
8794
8301
4830
9470
4799
12313
8808
9467
11567
13566
2528
6566
10855
15992
4660
4890
3699
13648
8300
4733
12519
4665
1225
13589
10806
4925
1189
13461
10988
1292
2950
3632
6655
4995
12498
11100
11727
9558
3654
2764
11042
8197
13270
10978
8365
8803
6004
10983
11563
10785
10787
2575
11023
1173
1242
16017
7213
9505
1404
3633
13171
7225
2677
2794
1511
8177
4794
1496
4881
13507
4940
16012
15282
13471
1406
11732
3009
8847
11769
15985
15978
2705
15286
9577
8386
10844
12374
12504
10795
1533
3656
11734
15865
1321
3586
6106
6658
8394
2751
15873
2688
4678
8210
3588
7144
11742
1552
2518
15281
4692
9627
8352
1211
6001
2905
6654
15507
6604
4786
8378
10848
4829
6531
8896
2541
15940
13642
7892
4812
3677
13563
3572
13168
3717
7174
3545
13607
6059
15495
1362
3596
10794
15814
12413
2618
11024
12467
12437
6026
9634
15843
13329
9567
13357
13403
12469
2648
1504
9592
1138
13539
6640
4927
2968
12464
5998
4716
8323
2956
10858
12315
13485
8270
13546
9646
3734
11749
6594
1344
8852
13445
4883
7204
1261
15463
15959
1289
6086
15983
9632
10929
11105
2675
1549
2701
8841
8299
10891
6613
7893
15836
3644
2581
11070
6644
8393
8839
1375
13630
8322
3500
1188
12493
4697
8167
13627
7901
12275
3510
7231
4683
13176
10955
3733
2903
8810
6577
1416
6614
13561
8333
1387
2545
10846
2589
1169
8836
9652
2530
16007
4752
8335
13280
8184
1107
1154
8816
6123
3631
13521
10949
12540
15531
9544
7215
6116
2916
1296
13413
3686
15932
12439
2851
1343
4793
1337
1151
12334
4826
10911
13198
12311
13598
1420
9580
4850
4885
3747
4689
8877
9455
4977
3694
6130
3735
15943
9508
3676
11074
4758
7894
9477
13239
12332
12288
15868
10873
2563
1522
2803
6649
7158
2669
13508
8919
1129
2598
10931
16010
13405
9465
13285
6515
9487
8906
6602
2887
13511
1265
4807
1234
12509
11129
2945
13333
9660
12444
3653
1123
16011
8350
1312
8346
15838
1195
9454
13527
12321
8445
12293
12393
1313
3549
12243
12543
9574
2999
2540
1245
8196
12299
15442
9452
13504
6092
15526
2920
8450
3590
13393
13163
8885
12496
3650
13482
7148
15270
6494
12363
11726
8229
8821
15450
8418
9616
15483
15837
2891
2587
2914
8892
8318
8388
16019
13287
10926
6513
4656
8829
4961
13435
4952
14157
1210
1125
7208
8327
15912
4989
1105
4932
2935
13559
13553
2603
13603
1158
8353
3529
12523
13193
5996
10904
1370
3007
4809
4889
1120
8448
3706
2552
7188
15980
9445
4323
13409
2698
8380
1196
3664
7152
13609
8325
10803
10780
4681
1139
4978
11000
4833
12471
15449
13238
8170
13540
13587
4817
1233
1498
14162
8806
2885
12254
2547
3645
13173
11774
13391
8248
4672
4983
8451
15954
2859
2517
8244
6642
8855
3554
13442
13617
12549
3577
8315
2979
6536
6490
6064
2917
1509
1555
13383
12250
6598
7879
11114
9496
3688
1101
15443
11124
8207
4773
9573
8183
13519
12534
3523
12416
12545
2513
11027
12353
3642
8390
2994
7196
12417
1165
2773
8298
9651
12261
2995
15496
1183
1527
4867
9603
12355
15847
8410
8814
10742
4719
10927
12285
14164
3669
7219
11766
9584
1324
12531
2925
1094
3746
4980
8293
6051
2835
15971
3698
4820
13424
1330
4713
4835
10906
4862
13585
13296
2548
6124
8809
1231
10808
13274
13367
4756
2889
15857
9001
1469
14358
11624
13124
6262
6197
9034
7057
14339
6940
4644
14374
6248
7108
16230
16251
14350
6259
14315
1450
16195
7070
6949
7017
4649
14378
4615
11591
12973
11642
7011
9038
4650
6211
7141
6292
16178
7060
6218
7002
11714
15371
7123
6185
11682
9010
7016
7031
13136
11649
11667
6159
6225
16204
12967
13037
13111
6217
4626
11587
6291
8977
8997
13070
6173
8963
11606
6972
6913
4620
7013
11603
14317
11601
12930
11675
4611
15365
13153
7049
14314
1422
11572
14336
8987
13002
8942
7117
6920
12997
4623
15384
6951
7088
6284
6914
11614
11620
6145
8995
13154
12943
7030
11635
16274
8931
12974
8926
12945
7044
16179
16241
6189
8932
6184
13089
16228
15413
6261
6959
16192
11698
6989
7050
13135
6982
13085
13147
7077
6992
11580
13099
1446
11619
13034
14371
6180
9026
11681
12947
16243
9018
14363
11593
11632
11690
6923
15396
15374
13044
6260
7048
11687
12951
1436
7124
14372
6985
15398
6250
9008
1489
7043
9006
1466
8978
6151
6997
11599
11613
6204
12937
16182
11658
1430
11578
6301
7084
6186
8971
16174
6224
9042
13038
1476
14341
8945
7078
13028
6241
8985
13146
13040
6931
12927
13055
11598
15389
13010
4617
7090
8930
13068
16245
7063
1457
8946
11582
13113
6214
15379
11605
12990
11590
11652
4647
6228
16271
13106
14364
9037
15423
6939
11608
9039
7035
11694
13043
11636
16238
6979
11639
16249
6954
14332
16261
6172
12984
13071
9020
1470
7075
16237
15420
14370
8257
12978
16260
16172
6149
9025
1454
7135
1458
16226
11710
16207
7137
7019
13029
12993
16268
13156
8992
12976
15381
16233
13003
7040
1478
4636
7062
1444
14366
6221
6222
6158
13108
11666
4634
8988
7000
13118
9007
7025
15391
8953
7015
9003
1468
8927
6912
4612
9024
14361
13117
13033
13004
16201
13088
4614
11671
9028
6171
6231
11705
8976
6251
14312
8993
15407
11569
6183
16247
1479
6202
6294
11595
6277
7116
13095
6926
6239
12991
11661
6169
13125
6994
7058
6953
7086
7047
13039
6297
6255
8990
12955
6163
7029
13060
11597
6990
7053
13062
11617
7052
6919
16194
12995
15415
11643
4624
13116
6986
13009
12966
14318
4648
1487
13080
14365
8929
6249
9015
6167
6968
15382
15370
13129
13015
12934
13013
12989
13122
6960
1438
7067
13020
16222
16235
6933
11648
15404
14340
16267
14331
6209
6947
6254
6193
16265
6952
4629
6285
4646
8983
7003
6176
9041
7041
13090
6206
15388
13026
13030
13105
14369
8944
13076
14326
6993
16203
16169
6965
7132
7128
11689
13058
7138
1431
13115
11602
6998
13075
13035
7140
7096
7076
6242
8969
6272
13130
11660
11706
11677
8966
14355
16189
1428
12961
11673
12968
13018
11640
1484
7069
7115
9016
13155
15400
6247
12939
11616
7033
8961
16218
15383
11585
8964
16212
6957
3028
12944
7110
7038
16181
6290
16217
6988
7073
1475
1423
14368
11573
8936
13082
11586
6152
12972
1448
6215
14319
12932
6205
13160
13042
12933
6981
12970
13109
6958
13143
8972
13005
11683
7127
7014
12948
8933
14313
1474
4625
15417
6168
4630
6195
4643
13081
10376
5307
14472
2465
5090
2400
2442
2488
14395
10734
5052
5019
10588
10616
14491
10497
5071
10455
2487
2482
14482
5030
2407
2484
10407
5259
10606
5092
2265
2410
5027
14540
14494
10629
10680
5005
10570
5021
5231
14502
5189
14481
10396
5324
5121
2457
2453
5300
10391
5292
2312
10703
10726
2324
10410
5153
5033
10601
10432
10709
14452
2385
8728
10436
10522
10549
14416
5088
8692
5095
10356
10373
14454
5007
5199
5132
8689
10693
14486
2283
2433
10661
10506
5260
14439
14498
10365
5264
5206
5151
10415
14379
5051
8723
10499
10660
8712
14477
10348
8671
10645
10444
14468
14428
8707
14478
8653
10637
10387
14529
2338
10583
5247
5205
5145
5182
2268
5181
2318
14391
10411
5029
5326
10383
5262
5114
8734
5026
5345
14385
10589
2262
5191
8694
14389
8727
2357
2274
5062
14510
5120
10684
10474
10610
14380
10358
14535
10632
10366
2280
10430
10591
5344
14476
5251
10477
14473
8713
5266
8661
14442
10442
5183
5272
5094
5209
10590
14408
5214
10533
8717
5014
14496
10496
10364
5281
14447
5282
2399
10624
14461
5177
10454
5232
2508
2292
10584
2461
2420
10450
5253
5079
5343
10428
2253
2316
10394
10568
5168
8721
2339
5012
14507
10566
8747
5161
5180
10422
2392
5108
10463
14418
8714
10513
5305
10715
10438
10662
10346
5257
2363
5316
2454
2370
10617
5346
10523
10700
14485
5236
5219
5099
5223
8755
5009
2506
2255
10670
5313
8709
5338
5172
10648
14435
14488
14438
2284
2343
5022
14480
2413
8657
14449
10403
2254
2473
5144
5112
10507
10730
2314
5017
2419
14520
10565
10594
14431
10484
2452
10521
5202
2288
5147
10668
8738
14492
2360
8719
5146
2403
5135
2331
8659
5208
2350
2380
2348
5342
10654
8720
2358
8651
2321
5072
5103
8704
8741
10694
10368
5166
5238
14411
10481
10717
2417
2430
10652
2333
2309
14539
8746
5250
2271
5245
5320
10398
10674
8656
8690
10659
10534
5353
10461
14429
5242
5158
5261
5194
5117
10443
5004
2441
2305
5038
10650
10352
14453
2415
5334
5167
10372
2438
5269
5178
10462
5187
5265
10527
5228
14500
2317
10663
5126
5335
8675
14412
10516
14508
14532
14433
5306
2469
10669
2259
2297
5055
14474
10459
10655
2436
5268
2447
10464
8697
5203
2494
8646
10544
5186
5081
10453
14402
10439
5118
2263
5042
5200
14397
5233
5069
10378
5317
2273
10719
2418
10558
10354
10479
5230
10634
10441
10602
8736
5283
10625
10476
14495
2429
8708
10495
14530
2361
5302
8669
14463
10666
10724
5239
10406
2285
5175
10560
5227
8757
10731
10635
14521
2340
8667
10657
5086
10682
2437
10402
14382
10418
10699
10737
10608
10493
10628
5162
5197
2405
5001
10525
5173
2368
2464
10664
14409
5348
2412
8703
2275
2366
5075
14455
10714
5263
10427
5085
5115
8665
14509
5045
2423
10345
10377
2303
10399
5152
8725
5031
14451
5224
8685
2458
5058
5013
14388
14414
5089
14475
5101
2472
14436
10401
5337
10697
2327
14403
10510
2416
5041
10353
10526
14406
5310
14396
10554
14522
5244
8668
2351
10465
2307
2302
14524
2374
5164
10722
5237
2252
5020
10404
2251
14458
14432
5193
10647
2315
10550
5129
10575
2336
2470
10503
10577
2434
5034
14483
2291
10638
14401
14443
2446
10716
5015
5286
2475
5053
10631
10445
14538
10456
8654
10485
10543
14387
10671
5351
8731
2444
2335
5340
10440
2342
8681
10492
14441
2276
10586
5097
14425
2287
5165
8702
2320
8730
2310
5276
5023
10500
10389
14518
10644
10386
2299
10735
5066
10600
5308
10683
2325
5139
10585
2384
5184
5254
8684
10548
10400
10613
2451
5204
10451
2398
8652
14471
5229
2485
5321
10519
10374
5060
10706
5140
10676
2404
2493
5294
5122
8729
14536
10413
14415
2511
10405
5218
14398
10487
5211
2495
2456
10359
10419
5295
10371
5150
5008
5043
5341
5025
5215
10689
8658
10582
2443
5216
5157
2509
10385
5070
8672
2424
14514
10397
5018
8735
10633
14460
5298
2503
5275
5287
2356
10530
10677
2377
5217
14467
10532
10417
2411
10508
2445
2387
10695
10347
5035
5274
10574
10596
5148
10390
10618
14459
14511
2289
2279
10475
8733
8693
5149
2408
8749
2282
10651
8695
5188
2471
2344
2260
5221
5047
10564
10490
5142
14399
2304
5248
10597
8662
5299
5110
5131
2306
5249
14525
2510
10349
10409
10691
5255
10711
2373
10478
10545
2308
10424
10621
2258
8699
14392
5278
5136
14523
