6688
144
19
3429
15000
10
5812
5912
6673
3495
14181
9365
6703
15062
15100
5890
15091
3340
14956
5737
49
74
63
6661
3385
15002
12147
5734
15128
12131
6789
3344
3336
69
5903
133
15175
14987
12126
9409
12217
16307
12229
14910
9390
15152
6676
12117
15168
3404
15060
9272
12234
9339
5868
12232
9297
9294
14920
5876
6679
5873
5776
9327
12185
14927
9422
15103
9379
3444
12113
9410
15069
9378
6752
59
15076
5839
14918
3409
9317
16292
9361
12156
15101
12145
15148
12169
12190
14926
9425
9306
15022
9338
14943
5878
5804
15117
173
12114
5756
12142
9404
9373
3464
15171
5721
5817
15124
137
3446
12200
3437
9358
3410
3471
12203
12233
3383
15021
14941
6697
3496
155
9330
12214
15097
5792
3451
5882
117
9310
5895
5825
9414
30
6712
15181
135
14994
14981
5928
15108
142
5883
16303
86
6682
3394
6662
12158
9398
9286
12174
5813
5760
9371
3492
5925
3499
5805
3421
14958
15086
3425
5915
3440
9400
72
9312
14903
3445
9273
6778
5855
6772
12201
15135
14937
3388
14
14999
14955
5937
189
15161
12149
15072
6671
14974
15184
3346
6738
15052
12178
140
15147
109
5909
15144
95
5799
5809
0
14172
9351
14904
14940
14969
87
14171
6727
9325
16308
5829
15078
3498
5765
12107
9385
6715
5880
15172
15163
5766
3338
6782
9314
14187
5761
31
16294
3438
9417
14174
5847
6695
9323
5860
3365
6740
6
169
5941
3422
6732
5749
3348
12167
14967
9322
9407
5722
6774
5856
14980
9332
14972
3463
15029
14175
181
3467
3373
3456
185
15137
9436
12180
180
8264
14949
12165
15177
9340
5823
15006
5780
12220
9264
12227
9289
5863
5884
5828
14934
14947
98
147
6667
9266
9402
39
3360
5733
107
14996
15185
6758
167
64
9434
15140
9437
6730
12148
3366
14928
6760
5742
36
5894
9426
163
14988
9
16296
15026
16276
3419
8259
14924
14933
9336
160
15111
9291
12146
15084
5755
14165
5814
6777
15051
27
12128
5751
12176
9341
9353
6739
85
62
3433
42
6764
16306
5815
5798
15125
14938
15149
3434
15188
6786
3479
6724
5837
73
3439
108
14167
15129
16293
5752
116
3405
12134
5778
5754
15056
5842
15059
158
14959
15007
15157
3398
12199
3457
6766
15012
3428
5900
9384
9424
5830
12205
14907
15158
9355
3352
9298
113
14978
9369
12182
191
5816
6710
14921
15018
14912
9334
3427
56
5924
12204
15042
14944
9416
9318
14997
15057
6775
5803
9433
9265
11
6762
5927
14979
3369
5782
12118
6700
3412
15068
15004
12211
41
9313
12
5914
128
5919
3397
178
15126
16312
15089
15191
16304
15003
187
15136
9293
6711
9343
15080
14991
127
9435
5859
6674
12198
12168
3392
6694
168
15087
15030
3442
3345
15025
3355
12210
15013
104
2
5846
9357
5762
5843
61
12218
9349
15160
176
12155
5726
5931
12237
5935
5904
15023
14984
14190
15115
14188
12202
8266
16287
3484
3380
12195
12171
6728
5850
5743
5796
71
14180
115
12120
3386
6755
6750
15099
3370
3335
3489
15122
6684
9285
9420
14952
16301
15070
16285
126
3493
15082
9381
12223
12133
6771
38
106
6722
5779
12197
3337
3379
9415
8262
14189
15027
6672
172
5769
14939
131
14914
15009
6680
14986
5901
5866
15139
9288
15116
68
5911
5870
5
12150
102
6785
14951
6669
5757
3486
15019
14186
15058
119
9395
12189
161
14970
3488
3403
6787
5729
5887
5759
3396
12125
3450
3399
9388
78
15164
15113
6733
6677
6686
16284
6743
6744
3436
6665
12111
15174
101
6767
3357
3448
15064
9309
14973
75
5942
145
15104
12140
15061
15031
120
9432
12184
9271
46
6705
12121
14176
58
15156
3481
15165
14998
16278
16310
110
175
15024
14929
5750
9281
9295
3452
5875
3460
186
15166
15187
5921
15067
5822
5944
3465
5777
3341
5853
12175
121
5867
5899
3362
3468
6701
9412
15138
6668
15182
14922
136
50
12216
165
3342
52
6723
6746
12207
5819
5943
5948
5728
15077
3469
5864
5824
15130
6696
9397
14983
5920
9367
14977
12151
80
9347
9305
5744
14950
6770
12225
12110
9296
15133
6725
14182
15053
6716
16311
12206
28
14925
14946
12153
16305
33
3363
9399
5844
5727
3356
14902
22
3480
12123
12212
15083
12152
53
3402
9333
6753
9392
5748
12119
12173
12109
3406
129
13685
14845
3800
4473
13759
13881
10139
8557
10262
12627
3801
354
16162
10054
13723
8545
15719
13765
4390
12561
14718
14750
470
11271
7246
4553
4551
4407
4371
15711
1780
467
3804
2183
234
1837
4423
1593
2185
10135
16045
446
1762
10214
10032
11215
10074
283
12579
396
3821
10163
1901
13712
3773
13654
1815
2168
1976
7235
2048
13941
15585
15599
11175
11235
4433
12740
2178
1817
1804
11401
10148
15716
11329
16107
1961
381
375
8566
4049
2107
13947
14705
10169
265
11161
14796
1813
10070
8558
11194
1841
11388
12810
13671
4601
16151
8472
14876
3915
2018
15668
4385
357
7570
15619
517
12796
343
1753
3984
4373
7249
7518
14704
7373
2206
11288
7456
14794
12800
14675
11387
15633
3927
2094
7554
7590
4357
387
2005
3844
203
240
3965
3777
7332
10006
4531
7296
3907
10035
13830
15552
4383
1783
13935
3891
12644
11391
1971
15578
9989
1737
4474
305
7469
14773
11434
13848
296
1916
2080
3845
7305
3857
10171
2124
2248
15582
15579
1989
7271
1908
10224
14865
453
1665
336
3921
14849
11341
11274
1933
3966
2239
7604
14672
12798
4521
11428
2193
16031
8626
426
214
12785
2003
10300
4345
349
10052
484
2098
11244
4582
13779
1678
2190
12873
16128
15713
10186
1889
7599
3817
11173
506
11347
4009
3963
12736
519
3885
12722
4544
14690
3901
8465
1875
11386
1703
4060
1741
14776
413
14770
7388
8520
2059
15549
3964
12612
3766
10318
12881
7538
13743
7596
7247
10058
7288
16062
12812
218
1676
10304
12568
12604
1887
8540
10229
7509
14815
3793
13858
3810
12836
8581
13773
4442
12880
10256
8458
4016
2120
3912
16029
16134
16078
16052
7630
251
13705
1891
13735
1790
1602
14768
3903
7536
10095
14774
1998
463
2068
4056
10013
8588
7254
11372
3999
12890
12617
4573
231
10162
11332
7439
12753
2016
10211
339
10191
7529
12806
7437
7299
8523
8542
12774
277
13802
14801
10215
12845
14653
14830
2110
12778
12870
12691
2196
7605
13871
12755
12631
444
10203
15685
1926
15541
2021
10112
12622
3986
4011
15673
7391
11280
7512
7601
12885
12706
3832
7328
14788
14859
1990
2117
3887
15571
2140
10022
13908
7517
285
11162
15680
8551
494
11384
13872
368
8612
12901
2158
10094
7643
11142
13853
10284
1953
3790
4468
11360
2177
14781
3878
13825
12863
7591
16044
7503
1769
1865
12905
7866
1814
4576
2093
4513
505
3767
12601
1986
284
13819
13761
4554
4374
8585
16106
8637
7494
7411
15733
13746
4441
1825
395
15551
14868
10030
235
8622
2105
7348
4444
15642
10082
206
13784
10337
300
15745
4409
4510
15604
12599
10031
11160
10232
11359
4007
16023
3991
15574
7530
14661
15615
11237
14730
10154
11223
3924
8554
7488
1868
13721
8630
12715
16164
4572
10294
7639
4346
7262
1652
12628
1948
10073
13792
2084
379
10097
10003
1855
14748
12787
364
7586
11167
228
15573
4063
14819
11241
12827
12670
4420
4042
12660
4577
3893
1828
3894
13756
11278
12689
4566
12662
10100
13753
195
12716
250
15543
7535
12756
14831
2133
10066
4078
2027
3941
1729
10343
346
3772
14711
272
12841
12675
1784
3871
16083
15702
4519
13875
1566
2035
7593
344
445
15659
2247
1690
12750
2116
15630
11422
7507
11339
1983
8506
1822
3939
14727
12713
15707
10228
10321
15662
1748
4557
11208
11308
4055
11389
14806
10222
12868
13837
15690
14749
8617
4571
1705
2065
12656
13898
15618
3836
4362
12665
13852
11316
7342
1947
10295
1854
2237
1728
271
4412
13831
263
10245
7461
13730
12647
12714
4547
8539
415
1604
1922
438
13713
11250
7269
10129
15628
1771
7498
10315
3874
15708
1755
14712
11227
11342
15559
1798
4541
14716
11314
11243
4534
3785
12903
3862
4518
15698
13710
15593
13877
12783
1727
11144
7440
16064
10120
2172
13747
13839
3968
2238
10231
12638
14699
8547
3854
10165
8515
2173
11385
15638
4024
16129
2142
14765
2075
1735
412
4448
16103
7863
16140
504
3771
8628
12759
10239
7544
13702
432
15572
209
12566
12620
4415
3846
1680
3780
8587
14836
361
4022
8499
1730
3769
13939
7622
10117
12676
7238
10197
1893
4382
15584
12570
11326
13827
1924
7471
323
16130
13834
7873
8616
16091
9999
1888
3841
10116
3808
11163
12847
1770
10193
10254
13772
1845
4368
15677
4537
2203
9992
3824
7256
8486
15718
13891
1977
8614
10310
3998
11217
1810
2169
11233
8507
7279
466
8530
4424
14839
11309
16133
1776
4375
2085
12853
4440
322
11249
7325
8569
3792
4462
7450
1819
261
4406
4516
11336
7451
7387
8565
4019
10334
7475
16060
3865
11333
441
14687
363
10150
2086
4595
12684
12653
15538
12867
14729
12818
13785
2152
11297
1910
10128
11355
14708
14721
7384
7549
11366
7351
11380
274
7573
1959
439
13857
3971
10297
12681
3995
7607
11232
10179
1883
12648
4578
8456
7859
259
15684
13886
2179
2187
4603
13909
12664
4542
7242
16147
15649
3873
7468
10098
1570
2194
10181
4384
4456
14864
7433
4574
407
10242
7556
10101
16149
422
15555
15591
4003
10194
7289
7393
10064
2125
473
198
7428
3853
1708
8457
211
13889
13805
16030
1806
2131
13882
2145
8473
1773
7491
1569
12697
14701
477
4579
12645
7345
8567
7397
2129
8579
3938
464
2066
4480
4399
11312
12700
8549
1951
7562
14659
12639
264
14743
7645
8635
11245
14713
12917
15706
7511
13768
14658
16026
13911
2007
7455
4018
13690
1760
8501
7429
1616
3920
9990
291
3979
7300
16120
8537
14895
7552
4437
10124
12611
12567
15544
11228
11419
2231
374
1688
1967
11411
1582
4533
4504
10005
12574
12569
3919
3975
369
1944
2073
468
13847
11364
12641
11417
1774
11394
7398
12792
14809
10081
275
4509
12564
7356
7421
507
12861
2227
406
2070
12707
3908
7634
461
12821
4079
2161
14892
13943
15721
1984
1846
370
12883
491
12895
11204
1995
7390
11134
8464
10039
2000
2122
14780
4529
11277
15665
7389
15548
4429
10056
7334
1827
12909
8489
11302
11304
12832
13714
2182
371
10217
16061
303
14679
7239
7436
12702
10268
7874
14886
7258
12851
15546
7550
7405
1643
3837
12780
10093
13787
13738
1881
1684
2199
2091
1800
1859
12878
16067
3775
3918
3959
431
14822
1987
376
7447
4569
7587
14785
10276
1625
11289
11205
7297
12594
267
13851
4044
10091
15627
15620
14798
2245
8580
13952
7555
16046
255
10259
12908
8577
3866
16163
4031
11186
7508
13716
1635
13861
1683
4342
13896
11211
332
197
10152
2043
4076
7444
13797
8478
13665
12852
7571
1862
4488
14647
10041
3906
1811
11298
12630
12709
317
2225
11224
12809
13776
14844
7363
15643
1962
8474
7501
2204
7547
8618
11253
3931
1637
7338
9993
2236
428
11191
14703
7364
11338
12915
4568
12893
7354
4349
13874
10176
8504
8508
10238
14726
7858
16144
15580
7617
4471
12779
10264
11156
10226
14872
10283
295
14649
12683
10333
8563
8484
13878
1579
14668
9991
11321
1981
4394
11423
12758
12782
4051
1839
15709
15611
11378
14775
3809
2211
11152
7379
11209
2024
15616
16138
11291
391
10324
7323
12597
3892
236
10190
13696
1649
480
3796
12584
8462
2012
1697
13742
4482
2103
16047
11261
15676
14681
10104
7274
13777
7603
3922
12830
11179
7386
1850
1718
14837
1743
10277
7418
11136
12672
12721
1611
12621
13740
13923
1795
1720
10136
514
1915
15612
11320
14846
1928
2164
7346
12811
1627
13800
12922
12692
4427
489
1610
4047
14635
3954
3926
10320
419
4481
3822
14691
11267
12712
2126
15553
7291
1719
2167
14790
1870
1689
16077
399
12784
1918
2042
14660
15732
11270
16132
1606
7282
3969
7330
7567
1620
8556
7575
4070
13824
1808
12761
3895
12767
13859
15608
13809
13846
16108
11296
2128
14807
3923
2077
11293
7625
4036
4396
15744
501
13806
1709
320
3961
11238
12772
10027
11165
10273
7613
365
3872
7352
1829
2207
7380
11376
13832
12650
1954
440
12925
4393
4585
10076
452
13917
12822
2101
4408
1876
13919
4426
16135
13788
1968
14655
12892
14715
12719
8571
12666
12743
2050
12608
8602
7412
1650
15697
4058
12693
13866
10286
1682
4376
13741
10023
13706
13757
2004
1578
11395
8524
12734
10012
7632
14791
14817
4602
315
14642
7528
15730
16160
7452
2104
2118
10288
14637
238
7583
7628
1706
10002
10258
16075
7526
13930
382
12854
13841
1778
288
11416
15575
7335
13920
4072
7441
3904
10261
12632
16024
1801
13736
4535
14842
10025
12889
7867
4030
9998
2234
12710
1932
11247
1639
10126
1775
14897
14640
16076
15699
14717
16058
7236
8560
16049
8505
16068
2246
2157
1955
12829
2250
12640
14867
383
1572
3834
1596
224
15609
1686
11216
1950
14860
4552
14656
14686
12751
490
4540
4436
485
7360
7357
12727
12717
456
1886
4485
328
1673
10051
3860
7284
10090
2135
11305
14719
14744
4498
12585
2061
11201
3811
13686
11259
13724
16079
7251
10015
3812
12642
4021
459
2242
1745
1940
14857
14777
13704
14891
13782
14825
14783
12613
3843
8477
10156
2223
7406
8638
14763
3789
12899
14766
10144
10115
11230
1938
1853
4487
10133
11159
3934
15720
11424
15625
1858
3852
16111
12607
201
13932
233
1663
12731
11351
7473
12678
10069
7540
2041
11263
1710
1997
13929
15736
7369
12768
15596
13798
8463
7266
14779
7460
4040
10161
7486
2013
11137
16143
194
10109
11279
4538
4366
1695
10195
511
12866
7642
1700
13672
1655
319
10278
12575
12680
1738
508
3881
11262
3914
1641
14746
1777
4600
12907
7597
7624
3946
4560
14761
286
11130
15569
10299
3848
10271
2106
3989
1952
1653
12791
1704
4561
14669
7483
482
3830
12843
11362
13888
10235
16126
14645
10147
3840
7414
15654
11182
7864
3952
15614
12877
4492
4067
237
13764
241
4425
16025
11268
1904
10021
10234
14784
2069
1873
1974
13674
11170
4428
7326
1843
7618
13826
16092
13823
12848
7557
7322
3826
11139
1662
14646
7244
3945
2074
7270
1756
397
14639
7265
14665
8493
10187
7303
4563
3970
16119
7541
10248
12671
16070
15746
513
11404
12834
10314
8538
2076
3815
4411
12884
11192
16048
1758
12580
11283
7241
10247
4391
1911
12685
7426
10209
13812
7237
10309
7480
14700
10207
16071
16051
1757
11346
13769
7336
13842
7610
16074
8534
3940
10280
10019
3996
443
358
15686
3839
1785
8570
12855
11301
7457
12882
11221
12886
13818
1920
10291
11200
7361
1588
4445
1598
1830
11356
2115
12616
2049
1744
10053
4590
3855
12864
7631
4491
4378
4523
4463
7566
1818
4450
465
4596
478
2026
1936
12835
16100
16073
2092
11266
4446
14725
16056
4039
14771
8592
4512
4419
15539
12763
11258
7589
4065
10328
12923
13883
1761
15554
16101
2188
257
1946
16054
14843
16105
10233
14879
13884
15663
7582
7537
13816
7614
10332
15712
15724
2163
1740
411
7248
10080
1879
12816
1691
2180
1623
10305
7616
13922
297
7533
11236
12603
14688
8575
3856
8584
8643
15561
15547
12615
14724
14805
2162
4536
2160
16142
12859
1636
10257
16057
8559
2240
14667
7484
7317
7321
2186
15558
7407
4363
7234
13751
12805
7370
9996
434
10188
14850
8546
423
1852
8490
16141
1644
2071
14677
4438
516
14890
4452
10084
3973
1982
4502
4057
7408
7413
8619
1707
13822
14818
12699
16123
16146
325
1742
16116
13766
1764
4365
15742
4592
7871
4367
11345
12894
11242
3819
13673
4515
3972
12687
12911
12726
13688
4581
12643
208
7855
2174
13775
4522
7327
13807
4525
14883
3794
10220
8454
4008
13691
13854
212
372
7337
7449
10118
15692
11421
11275
11294
12898
13677
4052
7546
10323
4604
14882
14875
11171
4418
12690
298
1591
226
15594
13717
3948
14833
11399
12573
16069
193
1660
7424
2197
13950
14674
273
15557
2229
10223
7606
1692
13912
4356
1832
15691
10034
13801
8624
11172
7417
4028
4594
7621
10108
205
15726
8544
7542
8468
7627
1978
14827
15644
4421
7865
14739
7308
476
15681
2089
8453
4037
1613
3883
13795
10306
10083
12879
12673
12667
1759
4059
1721
2154
12918
15597
13763
8527
1905
13895
207
14858
12610
2149
11284
14657
13694
7302
13727
11151
12571
2062
14856
13700
1656
13701
2044
12764
4598
7594
12655
8644
13887
11180
11310
4002
1739
4068
11158
10213
11206
13661
1791
312
1675
15629
12695
8495
7580
13873
3950
13843
311
1892
7496
13937
11220
10185
11407
380
4484
7637
10077
12869
1787
1921
7347
7392
12769
13666
15660
8522
1964
8595
3882
11393
7629
314
7310
1661
1942
4397
10029
10113
1736
15624
14751
3955
7416
14814
4370
340
3929
324
8589
12657
10146
16042
3930
420
4066
4511
2033
10201
7860
15737
11370
7602
16093
16136
11150
12686
4402
8599
239
10038
11425
1640
1788
1589
14709
11367
4475
10252
4455
15682
7641
3976
388
7499
1600
437
12633
3957
2096
8597
442
11257
1642
1786
7612
7333
12586
497
16154
15734
11300
1993
4015
10153
11193
11433
2083
4006
12730
16112
13838
373
3985
13870
402
14870
14757
8494
10145
10079
13767
14811
1779
1931
13790
13833
14741
13770
14762
2057
1583
394
15700
2230
14720
1575
16032
12815
2181
4387
12583
393
1849
12572
2155
1658
11282
359
2056
3925
15747
3896
16125
1856
10260
13897
7467
4495
4479
1789
1577
13709
16095
12828
4023
294
2020
1872
3797
10043
7277
10298
10335
2022
1882
13679
14747
338
13907
2170
1586
15678
4472
282
10240
2037
15728
10092
13682
12897
10317
3992
13915
7293
8610
4558
4588
13675
3063
8114
15300
669
9940
16403
627
603
15356
16393
8126
14274
9954
11825
16322
9882
6824
755
9840
15339
6902
3103
8118
3097
3096
9786
3204
3080
3078
3321
9817
8150
8152
9917
537
8143
6873
3165
593
9878
570
6845
3049
9707
16434
743
15330
11840
9731
9957
751
3249
3155
11818
16414
3069
11854
8110
9673
666
9784
3199
16350
535
14292
14249
11863
9785
6829
16401
3253
14306
8106
6823
14210
579
14285
3222
9710
6895
11790
3324
6860
6818
3278
9885
6863
14279
15298
6879
3275
9801
563
16420
5968
642
700
6846
16372
9738
8096
3085
784
3116
9884
9900
11839
9814
11864
16335
716
643
3254
809
9832
625
3060
11810
15311
14297
9897
3322
16444
754
16422
3265
9835
9825
3120
657
530
826
3191
15308
14304
9952
8119
9699
3212
8085
9763
9711
3182
9823
15307
578
6852
634
9906
15317
775
14220
758
703
16357
777
723
15328
3288
6841
9748
791
9754
802
768
6871
9947
9803
16399
740
9805
11846
804
6828
16359
9821
9905
798
3147
8079
14207
803
5979
5977
565
9826
11814
9818
6801
3319
11828
3168
766
16429
15353
15345
16373
15301
3175
734
15361
6793
822
575
675
9847
3296
6814
3101
14266
9791
692
3218
9971
3160
3221
9861
14307
3104
6876
11867
8139
11802
16400
16364
9674
526
3115
621
8144
6821
9837
9712
3079
16418
9913
6867
3114
11829
9975
11815
9867
11883
591
16368
652
15289
14215
6820
3318
679
8115
825
8117
9943
15288
15310
6825
8078
6861
833
3178
3058
14225
9758
569
14295
11880
9945
640
16442
812
724
3053
9695
9981
9761
9802
6906
3130
9929
5976
15341
829
6855
774
14230
548
3213
3214
9745
6859
8097
6804
9843
6794
14206
6803
14258
9774
3250
3051
9863
16381
796
665
576
9734
9730
9756
16412
9916
8098
11820
16333
3138
3323
15326
16328
6815
6854
9967
14202
6833
594
14209
9766
3219
599
685
9963
9899
11832
5974
532
9759
3050
15309
631
16334
15346
9810
6799
9741
3179
667
9983
16395
14264
3033
14271
14217
9812
3272
620
14288
8146
6909
15358
14253
16337
11873
15348
3205
589
660
3032
9727
8104
3137
3092
11834
9907
6870
9887
16330
11838
8136
11878
8103
11860
16435
9687
3141
3193
15336
16369
6797
3267
14272
3330
9845
6835
3306
9816
16398
3149
14235
3043
9908
9855
3228
11791
633
647
9724
8113
15291
16375
9942
14255
3298
5962
3242
573
525
738
682
9852
8145
3140
9891
3316
651
3194
571
9781
6899
3310
8082
6908
9939
6851
6888
3110
15318
11857
3084
9842
16389
3154
8094
656
14196
6839
6830
3112
539
747
9690
6880
16317
3055
3223
3285
672
3061
610
3329
674
3054
3303
3305
800
706
9722
9956
772
3225
11851
746
9877
14233
14259
8086
762
3030
3159
6800
9904
9886
3046
9676
14287
15362
8105
14290
9893
9910
9824
8134
15299
15331
15316
3269
11850
11874
9701
11795
690
3134
11783
9772
16318
6795
14240
8093
11856
15320
9926
6877
3281
5980
756
596
11861
654
16419
585
14238
5959
15314
9714
16348
9876
14293
14261
729
9788
11823
16340
6875
534
3094
9693
529
553
3262
9930
9682
9924
541
16424
3136
6847
813
752
3220
6903
583
531
3107
641
11877
9978
8124
524
9728
6894
11784
8081
9696
16440
606
16431
9869
3192
715
16361
717
9895
11803
3077
16316
15338
8138
3268
8088
9671
3266
5965
14199
8080
686
9958
9932
691
16421
721
14250
9968
678
737
16339
14280
6893
628
9692
520
16415
9936
3156
816
9685
614
9797
760
9807
9934
664
523
821
770
635
14243
3105
5975
763
5970
3122
16385
16426
16432
14269
780
3152
6889
9733
9717
581
6822
556
3177
3325
783
3121
8109
6827
9946
8129
9793
3317
9830
15347
3041
3332
3035
14263
3102
9909
3307
9751
9961
3315
3117
8121
14203
6900
551
16343
14248
3215
15287
659
16329
638
11876
11799
3301
9792
3327
11805
3090
16436
3259
11793
16347
15304
6811
5984
16448
3144
11800
3240
9709
9919
15337
5951
15354
14224
9829
11848
718
3286
5960
8128
9853
14282
9806
9694
16349
811
9987
16417
9698
3074
3271
699
9871
9765
3248
16382
6864
9890
3243
820
6802
9680
11796
630
3143
9796
3207
8083
536
9740
9718
3185
11845
750
3106
9819
16406
6826
15295
742
710
644
9883
618
9828
16428
15294
16391
681
8089
11797
728
6840
14294
560
3236
522
9894
704
9775
3201
16325
9849
671
759
11824
9749
3210
8132
722
3131
794
9757
16345
9922
561
14214
11862
16390
3238
9851
11801
14301
584
16371
3162
9770
778
14227
788
15292
5972
9839
786
3206
748
9972
15323
547
8125
3184
15312
544
3187
14252
3258
3171
3209
658
9857
9950
3176
14201
9875
3124
16319
16383
9686
3062
11868
11831
11812
572
9768
9667
9672
765
15350
16402
14226
11836
6819
9800
11794
9787
9982
782
6887
9944
3146
3189
637
9665
3186
3239
3227
3302
6896
3093
805
16439
9735
9862
709
9762
13990
7784
5537
7714
6463
6369
11928
5508
16570
4276
5577
5403
14094
954
5566
7824
4207
7805
6385
12034
9197
5609
5468
7794
930
16523
5549
11900
5439
7946
5499
5418
11454
11446
1082
12038
16609
7912
14072
4321
8063
4299
7913
16521
5490
7923
6308
14065
5601
4188
5625
5387
16485
11483
11899
917
995
7776
11554
5550
12045
6397
7792
5702
864
9203
7837
5675
4245
5691
9220
11465
16499
6358
4182
16501
15221
16541
8065
6449
8006
15205
4227
7821
7731
7793
11519
13988
15246
7686
7722
16540
914
6408
16558
16452
16467
11929
7653
7916
14029
13984
14083
6439
11559
4164
979
4265
8073
15258
6333
15219
14088
9086
14069
15787
5654
4154
13977
16585
7779
14612
7804
6330
15233
12004
4317
11944
11998
6331
5414
879
9196
4194
11914
5450
7929
4278
5662
7956
11462
11455
11457
5516
15241
1012
7766
15208
4250
11888
5473
14075
6380
15262
1008
12106
918
14090
7738
16551
13968
5569
6375
12072
9252
16546
9081
11537
14571
8072
5568
7732
1041
4155
5713
5389
11448
8076
5357
4147
5375
9106
7770
9087
16481
4151
8040
919
16487
9075
7936
4272
5580
5373
11471
7675
9158
4208
7994
11468
16516
15237
16544
5423
7791
6360
7671
993
5413
7995
11528
16557
9211
8070
16511
7825
1086
14610
14548
11943
6452
835
4301
5564
6469
1030
5494
5637
1025
11532
5543
4097
13964
15242
5618
5649
942
933
5463
16567
4283
9239
6323
16579
14033
11469
5645
7813
8075
14143
6418
5502
953
7904
8013
4294
7921
15215
5632
6458
15226
12003
11542
11547
7990
6472
7692
8791
15224
16600
16548
11968
8790
9156
5710
16620
7938
4248
9126
5674
9208
9229
11459
15788
14013
15764
15234
13971
14001
14628
5670
16469
13974
14096
7646
6456
9176
7751
956
6441
8771
872
924
9236
5489
7733
16486
16482
8762
6310
15206
4268
11450
5399
11907
16598
5554
7928
7958
6445
16528
4315
16587
16628
5485
11978
926
14551
4284
1007
7729
8031
14111
1073
1083
5701
1044
11484
9097
12014
12005
15266
16599
15223
14590
5660
9177
4200
1050
5412
8007
6340
12039
14601
8003
851
15210
5664
5600
14572
5594
854
9225
13957
967
12010
11970
11930
15786
5419
932
11464
5354
961
6314
16612
4199
15253
4140
6313
15758
4152
1080
11987
7778
878
14126
2740
13991
4123
14567
15218
14076
8038
1004
8027
15793
4246
5383
7753
16509
4210
16476
14078
7677
5417
15259
9227
12027
5487
16488
5607
5447
9178
8782
9104
14107
16531
4134
977
5483
6383
8028
11921
4098
11533
14041
7697
14144
7705
16503
11441
4101
11482
894
12008
5433
6388
9221
6432
14156
9150
15207
857
5598
14011
16527
6483
5435
4320
16633
15225
12105
14580
5404
14100
1069
16473
5551
9141
4092
6422
9125
4129
8004
11923
902
7832
15228
6405
11536
5361
14553
4177
15797
14139
7848
8772
14149
6368
16563
9258
7820
11960
9132
4122
11901
9219
8768
16455
16470
16632
9108
9191
4311
12051
4215
1058
7717
7982
5364
11957
16586
7907
11988
13972
9199
15239
13958
1042
6387
5572
5526
7843
4128
900
11995
5505
7993
12099
1077
8069
4086
11931
11460
7920
14021
14038
14060
9187
16588
9088
11892
14583
15795
16526
5366
5552
14117
14570
6402
9233
8015
6451
15750
6465
5612
7757
1063
7718
8056
895
15798
6453
14627
9128
4121
7816
5581
13987
12001
14007
4157
5629
5501
5378
7815
5409
7695
8765
16494
7819
9136
6446
16564
1011
13955
5621
16502
4141
13960
9169
1047
4113
5400
9109
9261
11937
11918
15789
9110
14631
13956
11952
7949
7950
11497
6315
14153
11444
7960
4302
6427
9111
7726
5509
4254
11523
1038
14000
5455
7761
7771
9180
7655
14058
5367
860
15263
14020
1009
7741
13966
7905
12022
16512
994
4175
885
12043
14581
15803
974
9147
4240
14067
11452
8787
4083
16458
15214
5628
5682
14031
865
13967
5596
863
6399
8008
9091
9228
14119
14593
1006
6372
13963
11487
9185
5406
4231
9171
937
969
11501
7952
5481
11445
4110
6478
5445
9068
893
7781
7927
5696
15802
14584
9232
12065
12101
14098
4290
12084
9215
6438
14113
16576
9245
9163
4280
15264
968
8057
15261
11526
11992
7969
16477
13993
16514
13998
4190
7720
858
8017
1021
5578
5631
4142
9259
846
6413
9120
9184
14630
8043
6476
14099
5709
9073
921
12033
1091
14629
6421
5358
11886
11905
7687
7972
15209
9090
4287
9162
7833
5379
5421
4096
11443
4163
15779
9223
7829
16572
966
11546
2745
5626
7932
14095
4222
11985
4279
6311
14061
9249
5477
11947
5630
7666
4181
9192
12020
11488
16505
910
5365
9143
9084
14023
11949
14613
7801
11477
16601
9135
4247
5492
7968
12059
852
7996
14550
6404
16449
11933
12097
9157
5384
6366
9216
14555
5719
5589
14006
5394
14616
11986
944
9072
6351
4307
14577
8001
5647
14003
4187
16571
7759
12089
7826
7933
16635
11912
15222
5677
1089
4179
14591
4088
14623
7930
7915
7786
14084
5599
16566
5603
6401
14608
7925
1093
6436
838
14068
15194
1020
16615
15773
8036
16602
7767
7777
6365
9101
951
4252
8077
5700
5653
1057
4267
4131
14589
6373
15751
14009
5652
13959
7849
5671
11553
12086
5355
7988
14582
980
4206
5461
7702
14605
1039
16457
14624
6382
5716
4165
891
5539
7810
14588
4297
14077
4214
16542
11887
5666
11958
16533
9152
16453
5611
848
5368
7756
5440
11962
8014
7942
4153
11543
5503
9082
14562
5372
8760
7822
5377
837
7911
876
9138
11974
1052
5570
945
5391
992
5448
16595
11954
4173
5517
11486
5718
4232
12074
16607
14130
7814
834
5523
9065
11910
14621
11885
11461
7999
7669
15255
7789
16590
5583
9151
11891
5382
849
11503
4225
11467
16636
5697
5532
14578
12083
7941
6485
889
4229
7906
16627
11993
15268
11925
16589
11967
9241
963
15756
15248
5462
5595
12012
5432
6455
4186
12095
4159
14594
8011
9195
7817
6353
16460
5441
14115
5408
4217
9142
14086
11902
5533
16538
5699
1043
1090
9230
11908
4261
7774
7672
949
7846
5627
14615
7708
8074
14012
5602
6414
8018
9127
4144
11950
9098
8062
7788
7648
15766
7782
5457
5623
9234
7962
1045
12078
7701
5420
4318
4309
7981
9103
15776
5587
14124
12037
4183
11490
16520
11909
14079
6484
7940
15195
12011
912
7955
5519
5650
8009
6378
16569
16626
12007
7796
15790
16555
11516
5388
5521
5585
5608
8032
6396
15235
13965
4081
9131
11511
5520
12062
6474
15791
16552
15774
14568
5655
5648
15769
7656
7910
15230
11989
12026
11531
12069
14618
8770
7799
5661
11924
9257
9260
840
14097
7719
7647
5495
15251
5427
6430
7683
940
9231
5605
15757
9226
14566
14563
1062
955
16537
14052
1010
1028
16459
9262
15267
7984
16517
11561
4313
13997
7723
16519
5474
7678
1055
990
16553
971
5563
7681
5582
874
14014
7728
7662
7918
14595
7809
15204
6328
5363
9204
14585
14151
11951
7754
14073
4085
14070
14030
14085
9149
9134
16534
6348
7682
11529
5592
14102
1001
11945
5559
4253
888
5398
5438
1088
7663
13961
11906
7838
6347
8766
15256
983
11964
14138
5401
4289
4198
16536
11994
5704
5531
7966
947
14034
15213
6356
14604
5390
986
13982
4139
14606
5434
16493
12006
16504
7775
9116
7919
8044
11489
5555
11522
8763
12002
12031
6479
14546
11996
15243
9107
12046
1075
4196
913
925
7721
907
5633
14080
7747
4230
11540
4149
7696
16631
1053
5673
13994
14557
9200
996
5451
15780
14602
14087
5614
7963
16471
11997
9146
16461
7836
9121
11999
15782
8783
14554
1040
13973
6464
5692
7665
9224
5646
11956
14619
14104
11491
15762
6317
11466
11915
14560
11557
15759
16618
5397
7798
928
11961
4314
7830
1079
12092
5574
6364
7758
6354
8066
8016
12029
7755
5634
4124
16554
999
8067
1059
11507
6473
16451
6371
9148
5544
5514
16591
881
4137
5453
14597
4242
7803
8047
4266
8071
15752
16497
16621
8046
7971
9112
12076
16492
16466
5619
16489
9102
1060
6307
4281
9209
16634
1078
12085
15775
16608
15761
5386
5444
7961
12044
5712
11558
4319
4162
4106
16574
1065
7685
5482
14575
16623
934
11555
8024
9164
13996
14135
7743
14091
5679
6377
16513
4274
11539
11963
6304
7957
4304
9094
896
1035
5416
6379
11527
11966
4269
7652
11969
14110
11505
15777
8054
4116
8785
14103
7808
14025
14125
4168
4132
11538
5545
12063
14136
11493
5480
11973
8049
14561
7991
11478
4270
7680
7742
4156
5525
14062
5472
9218
1018
15805
9244
5496
15193
16532
12054
7694
14105
1033
4300
5686
15198
12047
14071
931
5695
4169
5584
7764
6462
2742
1003
6337
7691
4105
9207
890
7812
9179
15250
11479
4296
2739
16474
8784
15216
14101
6381
929
6424
7989
14022
5362
7973
11453
14092
5449
959
14024
5370
12088
845
4135
4084
4303
14114
5707
11959
11552
14617
7847
861
9246
4218
5562
2584
1374
8420
11720
13501
6063
12322
10823
8288
4674
1542
15947
1175
8230
8402
15957
4723
9609
1237
6012
3540
3020
13198
14161
2913
12556
8444
4827
8184
11721
6104
7221
6078
15453
15508
1139
11766
2836
13406
8223
6651
7228
11108
9652
6559
3695
13630
1559
10875
15831
11119
1172
2880
4685
13165
9598
1245
12332
2989
12541
2724
3731
12262
7883
10976
11105
10899
6073
3745
1407
2772
4848
13547
1281
12256
10972
8919
13294
2831
8372
2753
3615
4337
3529
15895
1189
6620
13363
3524
8413
12243
13469
6624
13370
12410
2604
13371
3732
15283
8326
12405
11059
14162
8277
2585
11750
2878
13319
15853
1217
11011
3647
9454
8307
6547
15902
9539
1333
12359
4954
2591
6120
9469
2993
4739
4819
12495
13529
8294
2962
10925
2672
1204
1200
4961
2877
15915
15449
3758
3762
1362
8846
1270
2721
11063
3523
10909
3547
2926
15918
8238
2776
3674
9624
11736
15950
4884
6506
13314
1388
3741
12320
12375
8235
15826
6548
1193
4777
3733
15450
4790
13612
4670
8865
13549
15847
13349
12431
4692
4806
6531
13482
4783
9641
2701
13552
12446
2935
11084
3633
1255
13512
2578
13609
9440
9661
4836
12356
8819
8244
10953
15505
10857
10799
8290
3585
12303
3757
12299
6602
6619
9496
6520
2512
4973
1371
13539
3680
8436
2681
10822
2513
4720
3527
4800
12507
8344
13166
8421
3700
11748
12292
1233
13353
3748
1316
2846
1386
10801
11566
13331
4824
12291
3702
13628
8801
1361
1126
2602
4850
12379
15446
2855
3603
6055
1507
13373
3546
11121
2825
4892
3649
2582
1257
8368
2845
11058
3537
12333
3747
11064
7899
15462
13285
8232
15879
12369
4905
6581
10790
13235
6607
12428
6524
4952
15282
3538
13646
15938
4967
13460
13544
2599
8853
2653
9618
6103
10904
1279
12295
2577
15466
2950
9607
10809
13618
3513
4912
10814
9505
4871
12307
13293
6128
13326
4921
4816
8443
15876
10971
3518
1376
9664
4847
7186
12520
1125
13295
11072
8276
1112
12298
8159
4803
13338
8807
15436
10807
3533
1130
10945
2752
12311
2808
13344
13651
2559
8890
6528
3655
3756
13288
10970
7177
4656
3752
12455
6090
10751
6013
3763
8825
12498
8173
2938
6578
6507
9452
13273
12450
7201
6083
8298
2871
12421
7232
12457
4888
8867
10957
13537
6595
3568
3006
2534
13219
12513
4969
10989
13389
2657
1246
12412
2622
4328
9485
1206
8399
3011
13497
8324
2685
13239
1253
12279
1358
1328
2652
9444
6603
12371
15898
15274
3581
1176
2702
13182
6643
1520
11764
4981
10843
8895
12554
3636
12316
3013
2633
8851
13184
9484
10755
6645
11114
13287
15428
13208
10761
12343
10866
4989
8397
6523
6011
11118
1313
11768
1389
8439
9466
1351
2738
4911
6614
4890
4716
12501
3610
10816
6591
3012
8797
6109
8189
2890
11770
13185
4325
13564
6639
1180
11732
13545
6535
13653
13337
1355
6637
1511
9655
15442
12448
1324
12339
8362
12264
9462
15471
15894
3662
2639
1393
3002
13256
6542
3621
10815
13212
9537
12557
3644
12425
8371
2848
13238
2613
8169
2617
4787
13434
8267
7214
5998
2991
10827
15834
4887
15884
12462
8419
6079
8283
12506
6100
8165
8240
10987
9527
8204
8243
7212
6006
11129
9487
1230
3525
12420
4984
12240
3619
1553
7200
3607
6575
8376
9581
11049
12525
5991
10834
3641
8248
8387
9614
1252
6026
12530
15522
8245
2807
15885
10963
1524
10791
12435
15439
10940
8364
1303
1181
13583
2761
2967
10861
13272
9490
2875
15835
3720
1547
8414
9551
7175
11060
8808
13414
6094
11741
9639
1216
8429
2638
10779
12489
3718
13615
13308
13245
11751
3541
6493
6088
4797
10932
1157
8221
9617
1326
12272
9596
9468
8356
11728
13351
13393
8172
15910
12273
8803
10778
11740
6494
3681
13555
15914
2708
15526
6511
12290
2769
12249
1382
7879
12408
3001
15956
13418
3528
10984
13518
8875
13408
2646
15974
13577
13506
13275
1506
4940
13207
15431
10852
15817
6572
9640
12471
1250
2781
12504
2658
15981
4955
4919
12517
3683
4859
2833
1317
4949
10746
12528
13446
11767
1110
11021
2730
13626
13189
16009
10847
8321
4712
2624
7227
12395
2934
4728
8848
6636
2925
4807
2684
2587
2536
2635
9610
2940
12539
1404
13621
2851
7172
13297
13520
9511
2942
7900
6534
2595
11739
13269
13181
2560
2725
1515
3716
8203
5988
8406
1556
3688
9623
9499
15871
1419
1352
2755
4872
13366
2844
2957
8273
2521
1536
6557
8271
4770
11017
2561
8855
3660
3759
8254
9056
1391
1502
2896
4753
1102
12321
8228
14633
13464
10859
15996
13604
6622
2539
13559
11069
15445
4756
3545
12419
8374
6550
3672
1323
4903
12349
8404
2902
13433
15936
6525
13280
12341
13475
10965
15524
2519
11026
2784
2932
13601
2952
3502
15931
12270
5995
13336
4915
6020
9055
4914
8246
2668
12537
8802
4994
12354
15851
2961
3659
13439
6608
4856
2580
1221
8335
4990
4326
1500
15962
10968
15985
15887
6125
2514
1111
12338
2920
1229
4667
13648
1530
4839
2927
11777
3707
6488
1267
1377
4881
9474
9564
13423
2637
9524
7898
15474
3643
13296
13523
12258
1271
1133
9642
4959
11120
13228
4854
1232
2882
7890
1148
2765
13592
2644
15821
12336
14632
12502
1420
3552
4833
15465
6521
13375
12294
2571
4785
1224
1156
2996
1368
13558
12318
1491
2870
8191
5994
8876
13606
2544
13177
13598
12285
2679
3623
13605
13490
9638
13332
2984
6140
12493
15972
11781
4998
8242
1513
12363
13328
11048
12399
1399
13540
4741
1182
8866
1521
8915
2922
13316
6582
3679
2682
13489
13374
9498
10759
1190
15490
4953
8845
6022
3554
11000
12490
3705
8369
2958
4707
4908
12297
8354
8902
6612
11758
4858
1106
10894
8378
15519
16007
15529
8793
13352
10897
9599
7199
2693
9648
2619
3717
13576
13507
11034
1214
6133
4726
6060
12515
2640
2895
8343
13356
1120
13428
3500
4653
10879
4902
10777
1104
2936
12473
13253
10959
1493
1280
11734
13541
12447
12551
15497
2921
8306
8816
7901
11051
8351
4691
6492
13584
10867
10918
13220
12312
9533
13222
1534
15273
11057
1305
11031
15514
15932
6080
6030
15886
6074
13636
12263
13505
13595
4766
8166
15838
4929
15872
1356
6583
8291
15437
2849
4933
12393
11113
13382
8824
2621
8346
10983
7158
13345
9478
2800
4982
13246
13413
8412
9500
7153
2618
15970
13623
3602
2830
7188
11055
2995
7190
13590
2843
6516
1322
1302
13546
8882
3566
6566
6076
6604
9567
10901
13599
4336
13412
6568
3016
13532
8270
11778
10938
4737
12472
12418
2894
9576
2520
2623
11010
2529
13553
2834
1517
16019
2960
2798
2972
15900
3606
2789
6567
15866
3729
15854
8319
3510
3600
4792
15495
15454
4851
3690
12267
13376
8251
4818
13339
11029
8310
2645
6053
13610
13172
4338
4947
8922
9653
13471
12347
10952
3624
12380
1357
3650
12304
3511
12352
8225
9464
9628
6610
10888
15458
12259
4951
10995
15852
2713
12284
10884
8341
13588
1155
13495
10966
8903
10910
10870
3628
10913
3583
4705
2537
2723
15983
8888
9463
12374
15934
2696
10942
2531
16011
15285
8896
3676
12239
15913
12329
4758
3003
6017
3677
13378
3726
10748
6627
2716
13347
2811
12364
2785
2791
10808
13486
12325
10832
2720
13613
11088
15269
4676
13387
9486
8236
9570
3501
8179
4886
13429
11749
12468
12474
6025
12488
10926
10883
1509
13209
8342
10962
4928
2756
13643
1159
1292
13640
1309
8415
3567
4910
13267
1128
10863
2794
13402
10868
9578
7198
6091
6136
6647
4867
6029
9057
4965
9565
6497
3516
12327
15501
8345
12278
2736
9514
6002
15425
2955
2919
11103
15830
11061
3586
9584
1364
1301
12280
3697
8850
11725
2554
7194
4331
8164
10817
6541
3520
6646
13543
12480
4751
6058
1273
7187
2854
2852
3572
15518
7155
6106
8873
15447
11043
13426
7881
1332
6642
15533
2528
15958
15537
2609
3007
2515
2841
2662
15961
1545
13264
9588
2552
2968
12238
8349
15509
6044
1265
15949
13617
1405
1527
13641
13587
13224
13218
3648
10738
8898
7876
4906
7891
13325
3551
13467
4332
1499
3710
13411
6653
15463
6050
11752
1278
12277
15859
8160
1241
4655
6518
6111
4999
2586
11729
13477
2928
8390
6600
1116
10741
1514
4832
15990
8180
12397
2837
1136
3509
6515
4931
8878
8348
15473
4829
9582
4945
9052
4968
1140
6553
6096
4672
15992
9606
3711
12244
7178
3635
12376
9621
9455
1163
15933
2641
13241
11085
8336
8190
9571
3544
11030
8911
8883
2538
13438
2606
8340
11730
1239
1121
2670
15939
13631
2907
10934
8823
13410
12404
4938
3508
8822
15856
10773
9509
13343
12549
1525
9629
1228
6611
4820
8200
1275
4983
12508
7142
9646
3618
13453
15850
13593
10946
2946
8392
4735
7877
1341
9632
11746
12276
10841
15855
1338
4722
10969
13652
7156
15912
3609
1342
11747
13195
8198
13420
8401
14164
15888
2579
1124
13578
12417
4665
3638
12481
15475
4339
1251
12469
1109
8923
8870
13303
2588
1390
2678
15945
2983
13260
4838
13463
7219
13557
5990
2973
13213
1518
8358
15491
1308
4666
1117
9519
13616
6004
15994
2731
6517
2570
3598
1141
9589
8176
6629
4775
13270
1188
13603
12353
2567
8325
2975
15874
12558
4840
15506
1213
8442
2607
2719
2949
13624
3755
3657
1226
4687
7896
12350
2671
9626
13346
6130
9556
4817
12346
10880
8168
10916
2764
13416
9657
8395
10798
13290
1197
1529
1288
2758
13217
9445
13289
4732
10977
6529
3573
8450
2838
12534
15848
2717
6021
9625
4715
1307
13567
2572
8847
2630
2981
9643
10999
6122
6640
4882
3542
13263
8428
2632
13525
1154
1170
10828
10874
9600
6070
6495
2782
1548
13521
15284
13538
12314
15991
2999
2563
13183
15498
4809
12251
10878
2868
10752
9554
7889
2987
2893
1400
1319
13320
13405
11726
15286
13318
12261
8411
4329
9058
6537
8274
11074
13367
2827
10780
9575
10826
4980
15955
13395
3549
7902
13305
2910
2856
10750
1236
8820
12400
11001
1528
13437
1543
9544
13390
11045
2860
2964
6558
1161
3739
2680
6031
7903
13194
4879
15997
2835
10858
8317
15861
4971
4897
11731
4950
4869
13515
2532
3543
12246
6519
7157
10831
1100
10928
9543
10781
1561
4941
3570
12438
11047
12377
13562
10873
8206
13398
8281
15858
3576
11009
6508
7161
12361
15824
11733
6635
13571
3668
6015
6498
15483
12300
1310
7892
7152
4876
11125
15973
13274
8405
12255
12439
1373
8199
13369
8881
2551
1312
3611
6127
15476
10937
10931
15849
15922
13291
13379
2886
12540
3666
2592
9508
15953
8906
12518
2980
13575
13334
13196
2634
13473
2689
12306
6489
10979
11007
4813
12305
8900
9494
11071
13585
1508
13191
1169
3591
10980
4799
4678
9458
10908
5992
3698
6141
8363
4680
7222
2709
9054
13638
1544
3686
8253
13164
2649
6554
13300
1335
10890
2916
4752
1519
13462
1540
9460
8857
15500
9553
2583
6119
2691
15493
15527
1129
4746
11112
15433
3761
6585
2549
8836
3713
2759
3694
1201
2636
8182
11014
8318
6625
3675
13607
2969
6068
6630
2527
4733
8438
12365
13517
6071
4769
9503
8388
9541
4896
4776
8249
8183
8234
8811
10844
1207
7880
11775
6069
2663
8843
13284
8365
13323
3578
8447
1165
2863
13591
13335
13262
11104
13230
2605
7180
8849
3673
9563
3613
2597
10990
15810
13542
6064
6032
12366
13644
12516
7208
12552
7218
15916
6112
10771
6072
6660
7176
15443
6110
6047
7207
10912
4843
7209
10960
1296
1523
8299
7223
3017
7193
3584
8885
12494
2760
6551
2610
13283
12331
4743
15469
3612
9546
15470
15891
11056
7143
13499
2908
13514
4663
8837
13277
8181
5999
6097
4713
4996
13522
10840
1256
4788
15510
13535
1490
2611
13261
2918
7196
1505
10986
8212
1113
12553
12542
1334
13403
13180
6033
15836
1164
13250
8798
13476
10825
16006
4789
15917
6075
10776
3639
11013
4718
1378
13444
9658
1537
15516
15877
2625
2710
2589
6510
13528
2729
2956
13491
13645
15535
2688
4870
6532
12466
3555
15841
8323
15432
13268
9492
15901
13465
2888
9627
15924
1282
4710
13317
4662
1408
6644
7145
4877
4714
9637
12460
15460
13312
5986
11077
3561
2778
2722
9471
4675
4802
10973
3630
3559
3640
4866
4704
10889
15905
3587
7895
6052
3599
2943
13441
8197
12440
1410
8380
10835
10785
12477
10792
4709
13358
1248
8861
3504
1134
13229
13359
13271
11779
1145
2699
4730
8835
3715
1546
9515
10795
11082
4935
2522
9060
6613
15486
11563
9441
12323
8904
8300
1174
10765
3531
2594
11762
9560
2774
12334
6652
3645
3574
2842
4841
2703
10811
6095
13510
15942
8226
6533
11027
11083
3519
13215
6623
4956
12533
15920
4937
13633
8303
5996
10876
11761
9630
10819
8827
12524
1531
15897
11002
6041
13322
2600
4652
11759
13451
10865
10954
2525
4748
2565
3669
12424
9049
2643
8222
6131
7179
13480
2530
8424
2963
1208
1396
2697
10964
10849
8818
12532
13487
15825
2667
2892
4690
11564
3646
13192
6655
3507
6598
4830
1227
13468
8400
4805
1132
13470
12302
15968
2817
2664
10789
15814
12342
1118
4742
1337
1203
3654
12324
1392
9512
4686
2866
15976
13237
13419
1238
10813
1137
4681
13214
13597
2767
7171
6504
10896
4812
10812
2555
11062
15426
13625
15822
13231
10914
3692
13383
9559
11567
1244
11033
4849
8187
2598
13632
11076
10833
10881
12247
13629
12451
7888
12330
11073
11087
10767
9631
2790
12310
12387
7215
10851
11123
8810
3696
12443
6061
3709
9586
11126
12384
2690
10927
9547
4688
13201
8813
8877
8840
2779
8403
15960
2793
2903
3627
8422
9656
2700
12413
10742
9497
1264
1289
1315
10772
4826
9654
6007
8893
6601
3019
2726
8925
3563
15430
13458
13502
10915
15967
11079
15534
2775
13533
3637
12538
3625
12282
8205
15882
4821
13197
2627
1101
13566
6039
8434
13200
8280
8829
7229
13257
3536
8338
13173
12403
13582
13534
6615
13206
13456
2686
2706
1348
3701
13556
3009
13396
12444
2865
1369
1152
11760
13443
3608
4873
8924
8278
13392
1198
13479
13639
16013
4943
13298
4322
2978
8158
1504
3670
11035
10805
15280
1211
13223
1329
10756
1512
2734
15809
15966
15277
6628
10787
12503
3616
15502
13424
13457
11128
13445
1286
1549
6486
13168
2914
2898
13276
10818
12386
8852
12391
13357
8449
6099
1336
6631
13481
2777
13360
9051
6105
8792
1261
2547
13455
2694
15903
15521
2783
2795
1210
8416
12269
12245
6009
1146
16002
16017
2601
8382
4894
10991
6654
1325
3522
2677
6054
15867
8185
6599
12454
8214
2698
8178
8357
8366
4749
15525
4793
2603
3556
12309
13466
15440
6592
10806
2666
10850
6092
12926
6959
13140
6928
13023
14316
15419
9041
16267
6996
14343
13153
7049
6984
13103
16173
13016
13160
16188
16221
6942
8965
4614
6969
13134
8984
11630
9032
6915
4640
8978
14335
1453
11573
13057
6179
8928
7089
11680
16170
15415
6266
6976
4629
8990
11612
6262
12928
12942
4613
8934
14354
6267
6301
8963
12969
1485
7105
13058
13007
7058
7056
7043
7003
13081
6295
6172
7086
8957
13037
16183
7059
6926
11642
8961
7006
6290
8942
1487
9020
8945
13021
16209
16255
16213
15408
13028
9031
7088
15366
11648
11690
6197
6187
13049
16190
16199
13041
15401
13034
16178
9019
15400
12951
4619
8971
7137
16266
11601
12962
8931
13159
11611
6155
1426
6268
13092
11594
11638
12984
1469
6249
11676
6992
8927
7090
8998
7112
16261
11628
14315
8926
1455
7013
7138
6297
6149
12932
6929
8964
13091
12997
16228
11603
7136
1472
16203
7125
16275
6183
6939
13061
1480
13115
13082
11597
16245
16215
12968
6180
13112
16177
12988
11580
7070
13002
15376
11670
14314
11599
13098
7031
6171
4623
15372
8956
8962
16256
11616
4639
11607
7096
6951
6164
6158
6223
6154
15382
9026
11715
6287
7026
15390
1486
13056
13156
13151
6142
15374
6272
7108
11713
11608
12959
15416
13141
15421
11701
11636
16253
13130
11593
13161
13127
3024
6206
6253
12935
9025
6146
6946
6990
1429
6188
12993
9007
12960
16180
13009
7084
8951
14341
1474
6979
11653
16197
11667
6229
15398
13038
15368
8939
8955
16262
8975
14311
11669
1443
6936
8938
13110
1482
6269
4641
6988
7048
4649
6194
16230
6972
11635
16242
15396
4634
7017
7085
13119
9046
11584
6203
9005
1473
12983
7087
16269
6977
13149
6189
7010
6220
8966
16265
16174
7109
9009
6950
7004
13044
7095
6997
12953
1434
6177
6981
7051
8933
11637
9010
16258
14324
1441
16268
1461
14360
3026
13077
6986
15392
13152
16233
3028
7020
7071
7068
6239
6214
8943
11587
6162
6204
8937
12990
6258
13125
6957
13065
16187
13000
9030
13080
11621
12950
11640
13094
14356
15375
14377
6199
13069
1457
7114
8972
6277
6280
7129
14352
11665
11639
16249
11618
16193
9015
13047
13074
8970
13008
6971
14339
13070
6283
11659
16274
8988
7102
1464
16205
13136
13075
13113
16227
6198
13020
6241
12933
16225
7092
3027
6161
1460
11634
1479
14321
12992
14378
13083
14344
16260
12948
14366
6152
15412
6200
11710
7025
11654
11647
14310
8967
14327
7133
7001
9021
1468
15413
6300
8986
1456
16192
6151
8991
13010
14351
8953
16168
14375
13150
13026
6168
16226
11704
14320
6169
9044
16222
6235
16176
8960
13121
11658
11687
7076
9011
11600
14364
4612
7023
16264
14363
14358
6156
6165
11602
11582
6958
13046
7063
11572
4615
9028
16219
11716
1431
4616
13053
6250
12954
9004
7121
13096
7104
15403
11698
7034
6236
14349
11595
1435
13095
15405
8950
6147
13043
15393
7024
11706
1444
13076
6948
7057
13117
15365
11598
13135
11592
6952
6231
6228
9045
13090
14322
12991
11574
6257
7124
13012
6935
13014
15384
12936
11620
4647
16238
6263
13109
15420
16186
11588
12982
11656
2322
5137
10719
5262
14531
10374
10456
10627
5188
10547
10572
10347
10644
2405
2353
2449
10724
2254
10352
10486
2305
2338
2365
10588
5330
2448
8756
14473
10696
14503
14426
10649
2388
14401
5068
2462
8722
10479
14489
8654
8668
10732
5157
5287
2324
14465
10436
2400
5179
5007
14427
2402
2433
5022
5006
10446
2384
10398
5261
10392
10537
8673
10594
10687
5156
5282
2308
10497
14441
10386
10647
5280
10462
10637
5344
5132
14433
10690
10616
5288
2500
8739
5046
8645
5268
10551
2356
14463
14424
2270
14467
2451
14390
10548
2428
10610
10517
8669
10666
5065
10408
2282
2498
5284
2475
2472
5104
5110
8688
8689
5004
5321
2379
14500
5090
10489
2377
14488
2382
2296
5133
5057
5109
10344
10582
5248
10369
5340
10521
5044
5116
2425
5005
8680
2343
2262
8750
10410
14508
10458
5114
10441
5258
5207
10541
2371
10565
10546
10615
5270
14447
5278
5127
5139
14459
2417
10628
2483
5066
5002
5086
2477
14482
10511
8746
14397
2455
10389
10526
14455
5098
10424
5265
10613
8699
10463
5033
2447
10618
5333
8707
5234
10552
5151
5101
14411
5222
8728
2298
10506
10721
10522
5351
10368
2410
5224
14496
10525
10557
5187
10549
5106
8719
10726
14525
10596
14506
10523
14431
2420
5245
10485
5283
10373
2453
5024
8715
2460
2275
5191
10496
5238
2257
8670
2314
2478
10431
10704
14456
5130
5243
14515
10720
5040
10437
14509
2401
5001
10698
5190
10591
10642
5174
2287
2468
5203
5201
2352
10381
14487
5182
14476
10534
2265
2335
2459
8667
10470
5276
5192
10432
2325
5247
10658
5292
5301
8698
14479
2502
2376
10516
14412
10449
14434
5017
5183
14422
2279
10559
2505
2268
8701
10669
8655
14406
8665
2303
10675
10443
2304
5274
10365
10684
8745
14458
14438
8700
5155
2396
10395
10668
14491
8691
8740
10478
10554
10653
10728
5028
2370
14477
2439
8725
5334
5031
8660
2369
2419
10580
8687
10688
5184
14530
14523
10699
2316
8712
14402
8695
10597
10569
10438
10372
2289
14511
10656
2351
5231
2456
10648
10737
5271
10589
5336
5319
14380
5250
14469
5019
10723
14392
10571
8674
5072
5060
8726
5177
5081
2492
10405
2264
14453
8672
10694
5255
2271
10734
5059
10448
10605
10508
5232
10584
5241
14420
10426
2255
14495
2431
10568
10630
10468
5038
10399
10388
14404
5219
10604
14461
14474
14381
10643
8757
10375
5320
5316
5235
10665
8720
10494
2332
14522
2441
10397
2499
5281
2435
5069
5328
2446
10722
14483
10411
5125
2442
8724
10567
5251
5305
2394
5105
5097
5058
10636
5055
10461
2276
10419
10472
10641
5246
10667
10460
8702
10564
2413
14445
10482
5233
2474
8742
5113
2430
2361
2490
5108
14537
14416
5306
10428
5141
5009
2294
5083
10629
14460
10611
2383
14413
8748
10503
10590
14419
5103
10712
10515
5266
10626
5335
10676
5073
8731
14417
5181
10422
5049
10360
14425
2386
5088
8704
14514
10697
5173
10370
14410
2489
5215
2380
2263
2399
5264
5034
10579
8730
10573
2301
8657
10673
8662
8659
10672
14516
10455
10457
2507
5089
2476
5078
10539
8705
14450
5112
10355
2509
8755
5122
5204
10677
10718
10351
5295
5213
10384
5300
14540
10439
2277
10440
2391
14470
8744
14452
2259
2479
5240
5348
14493
2326
5045
14389
10685
14499
14534
14527
5172
2469
5030
5327
2392
5087
10364
5036
10585
5242
14524
10695
10701
10350
10603
14449
8749
2355
8743
14385
10608
5338
10652
10650
10465
5196
10512
5331
2464
10507
5014
10660
5107
8716
10702
8754
5304
5291
5267
5021
5313
10459
10654
2267
10353
14497
5257
10631
10442
14521
5323
5136
5016
10716
5214
2333
10621
10663
5337
10711
10382
5013
10671
2461
14415
2436
5042
10377
10514
2283
10378
14439
5350
10492
2359
10412
10623
5131
8727
10471
2422
5149
10401
2398
2302
10385
2269
5341
14440
10445
5035
10396
5347
8681
10556
5143
2315
14428
5025
2285
14498
5010
10535
14421
2485
8710
10710
5200
10345
10600
10499
5260
5185
2510
8652
2487
5221
2313
5123
2497
14436
14405
8677
5254
10407
10491
5189
2511
14437
14442
10574
10430
2381
8714
5343
8723
10400
5096
10733
2321
5041
10683
5296
5074
14429
5227
10450
2403
8675
2349
10612
5148
14423
10403
10447
8741
10602
5011
10474
5352
10635
5176
14485
10469
2346
10598
10674
5142
5314
5091
2251
14520
2364
14391
2508
14379
14386
8653
10527
14484
5067
10693
5325
