12181
15095
14182
15124
14953
138
6768
14965
15057
116
12152
14918
6671
15086
105
9394
3376
14952
9369
3452
15096
12138
9300
12129
5840
101
15004
5804
12136
3462
5776
14901
12202
185
14905
15118
3388
16288
9335
10
63
3455
9314
5910
15187
9437
6711
3368
15180
5851
12133
5726
3374
110
9308
9315
15067
16289
15001
15078
12209
133
50
14174
6702
15046
3491
5829
9421
16277
15143
3409
9333
15119
16285
12147
5824
15042
15071
181
108
144
5725
6685
5897
5729
15162
18
5846
15029
15120
14910
5790
14969
5887
3489
6770
3479
14935
9407
111
5879
129
6687
9275
12235
5947
15027
15005
16280
5739
4
3475
15115
182
153
106
6679
3430
9295
9341
12214
5811
6786
9438
9271
6773
6753
15003
14909
12201
14914
12157
5937
15188
3340
9318
6790
9322
69
15135
5721
3405
6775
9269
15159
15085
5913
12190
9283
12218
12221
5735
32
14967
15031
5736
159
12229
12227
3353
15128
6709
6703
6745
6761
5809
3335
164
9370
15129
190
9273
3483
14171
12124
15093
93
9359
5852
6707
74
16284
3375
15081
44
15138
15145
3413
9380
9304
6763
5837
9364
15010
5747
9267
12118
6792
9328
3472
14950
3469
12155
6758
121
12114
5863
14975
3373
9424
8264
6765
6724
5779
3414
15014
66
5847
15020
14985
5833
12166
12132
9343
14970
174
5912
9278
15080
57
5923
3372
6738
6713
14986
5874
3488
9402
5791
14922
5781
14192
12168
14165
9319
102
9373
3450
3431
5757
3422
155
15172
5894
6670
12140
12223
150
5909
17
5743
12205
12159
191
3338
6716
9363
9436
9337
16287
3436
14920
6731
9287
5945
3433
12216
15125
5932
15050
149
12177
15036
9294
14944
3359
3426
6700
14927
15121
5742
3484
5733
15006
5
16279
5741
14932
12160
5758
15127
15152
5759
15158
49
167
5745
15017
15171
16308
14968
113
9353
188
71
94
14976
6736
9325
6771
6733
15032
3403
5845
12193
14186
3385
5831
15114
9274
3415
3487
15103
6698
8259
14908
14991
14984
40
55
6739
5858
3427
3424
15018
15040
6667
5796
3351
3417
15061
3352
6757
80
14169
9396
15034
15083
72
134
3398
3336
12196
15163
5819
5901
5737
5789
5870
3465
6710
14957
14992
12236
9385
12198
6699
12188
5881
5788
15106
12224
9290
15160
5832
3482
5827
15064
14919
15134
9313
14982
5861
6721
3392
12116
5862
104
9272
16300
6693
15113
3347
9342
9361
16297
5924
3341
14994
9393
46
139
9321
15026
12156
6675
12230
5836
5787
5888
3408
15087
5878
15109
3411
2
9386
47
5803
15147
15065
14961
14940
15053
12192
16299
67
9413
9345
9309
15136
107
6701
14189
14933
5936
15052
5859
3362
15023
15077
9430
76
184
3389
15189
162
145
5942
9282
163
5930
14951
3380
14941
6730
26
14907
178
6704
5855
15155
14997
6728
62
65
3348
12150
14989
15151
5882
3473
15015
3399
6715
5864
48
6759
15079
6752
15166
157
3360
3492
15156
14912
9334
5925
5919
5740
3386
122
5935
53
8261
14185
64
9332
5810
9307
12208
5783
14911
12199
5853
14167
14925
12233
3493
14903
114
15075
3412
9427
3457
12143
9327
9293
5869
130
70
120
5884
15074
15056
5943
35
9305
9432
12162
11
14956
9279
14191
5818
3416
3346
84
5892
5782
5841
3363
16311
25
9414
6756
14962
6744
5941
6750
5731
12108
9429
14990
3370
146
6776
14979
3355
156
16306
15039
5753
15176
6740
6741
9426
15011
6691
14170
9408
5944
15100
3496
14906
152
16303
5812
5815
12219
9378
12121
6714
15116
125
9317
5899
3480
14949
9423
15059
12135
123
158
12203
9428
12180
58
15030
6706
15178
14972
12154
3447
14904
5770
5875
16286
112
9377
15022
12174
3478
5748
9347
19
15054
15091
16309
9399
3333
5775
9391
6727
12113
6680
5895
5768
15153
9425
9288
136
6697
14999
77
14930
9355
15073
6748
15169
12215
9400
3490
12137
12130
6767
6673
14954
9338
5920
3439
9375
15088
15090
186
6729
5785
6708
9372
14176
15097
3495
12231
6678
12200
9351
132
5842
6762
3435
126
9376
3387
5727
6661
9382
14178
3400
6735
5777
9298
14955
15008
5732
12
14942
16292
6787
15076
15066
103
3402
15184
39
5795
85
12148
6686
9348
16302
15013
6676
3470
14
12204
8266
14916
5914
3410
6689
15094
16276
12217
8260
12134
3371
223
1686
7263
11330
3973
1771
13801
7614
7645
10061
12728
15591
504
2238
10164
12759
3825
4452
3936
15723
15553
12621
4014
7371
11434
7640
1685
8596
10084
8633
13760
4459
4525
4436
7271
304
4493
7357
4386
15673
11175
7349
2206
7318
11221
1872
10020
11312
15561
362
14664
4416
16155
8503
14747
2047
1963
11202
4396
12920
7308
12778
419
10316
345
3769
8537
2152
13705
15699
1768
10120
7427
479
12839
453
7625
10066
4580
15610
7465
3805
8527
1841
7458
12673
7588
1585
8462
1932
7270
14642
508
8628
8616
265
10260
8618
3924
10196
328
11374
10236
1951
10157
2033
16084
7515
1949
13719
1570
3811
1988
1618
2073
4385
12844
7482
10113
12719
4065
11424
1782
14795
250
4556
10116
16040
10329
4351
428
12773
1710
14732
3839
11166
289
2225
15665
16127
11391
13722
463
11226
480
7417
7456
8489
1975
1817
7506
13773
429
13672
7520
15566
477
1938
16082
14884
1698
1697
10284
13851
3779
8538
12806
14693
214
11281
1689
13752
1684
12758
7342
14729
3958
13896
15691
7555
13918
4585
192
12777
2122
13659
7510
2093
4051
4455
11219
13843
10076
10200
8452
10022
4048
13832
381
12815
11420
4498
1610
11307
1896
1598
2240
1958
12713
7411
12724
12675
11331
13928
10175
3863
2100
491
12668
11214
13743
7556
11213
12868
10119
12766
12638
8591
1750
8501
4466
474
14635
14818
7581
12805
7327
2151
13668
3885
7622
13841
10010
10197
2076
4380
7644
10205
8629
4595
7275
16038
8564
15574
3854
7629
448
16156
14670
3945
14864
13797
11341
12779
356
12807
7544
13874
4550
2056
1647
457
12574
7859
308
1848
4422
1579
4558
4552
1945
2010
4411
11245
10314
1773
239
12568
11311
1903
10056
4040
14788
13863
10030
11200
11375
2164
12567
7366
11380
8495
8519
3872
7429
14794
12893
4575
14878
14815
4598
16030
4439
11299
1927
7251
14799
4043
4344
1791
13829
16044
8576
2158
4429
1835
1762
212
12640
14783
4600
2029
2249
14821
10104
3994
11356
7410
1583
7570
12761
10265
14804
13840
10058
245
16104
8493
11145
12650
14822
14689
15581
2144
7856
10003
3998
15694
7367
7415
7304
14703
3983
10098
12686
10079
15663
3833
10012
7323
11242
7633
396
10089
1721
11317
13931
12575
7374
1586
7312
7461
7302
1931
14736
14680
3921
14682
3795
3809
7285
10063
14817
12701
2157
4027
7637
10227
7344
1824
15713
2165
4545
12802
9995
7565
1989
16083
12770
4405
13831
12688
7630
15712
7618
10258
16068
12694
7853
4606
4578
13669
8566
15664
3946
3831
7609
7511
1796
14844
15623
13769
4045
8468
12869
366
13871
7329
1569
13677
291
3932
7265
2051
2101
7240
7864
2170
16162
4418
2243
15571
14781
15648
4566
13698
12670
3917
10244
352
7523
12795
2038
13889
10004
10169
13947
14836
1939
3848
7875
1990
4381
13799
1790
15572
15576
4443
3873
252
11389
1960
14657
7610
1605
13894
14637
2102
7860
4488
1804
15690
13682
3889
1727
4346
324
10195
11431
7557
15719
14648
3988
11335
11361
4079
11427
16061
10186
13881
15656
4553
1593
11438
1779
1657
13877
2181
13782
11386
10325
13853
1575
15600
10179
1916
7639
3780
12616
7257
7368
392
15707
10300
14768
12605
8463
1924
1847
2068
14786
14760
3844
7234
14801
7865
14659
12904
1803
14676
10044
3980
11169
4565
11149
3773
14866
294
16106
13908
1810
7507
1736
3874
15658
14874
7850
12654
10213
8544
14763
4456
11379
8620
15689
16101
7494
14868
7457
3952
13689
4019
12584
10037
4510
10221
11327
10250
7313
13710
1881
10068
7259
16046
10271
2196
10275
13858
7436
14638
13859
3822
3870
14765
15711
2089
8508
7642
7334
12797
11429
13674
13818
10176
7855
8640
12772
11425
13838
14754
7353
16026
8553
4447
4506
7574
16023
7858
12921
11275
14863
14639
11184
1882
8626
11265
13692
7412
13766
11316
15608
10080
1628
492
10243
13857
13800
10109
209
8480
14677
4062
15735
229
1572
16143
13671
12628
10127
4541
14666
4412
220
15546
1626
7602
11205
13827
4391
1965
1594
11300
2166
10090
12741
1909
11230
14858
4501
11223
417
12695
12619
426
11233
12862
4420
278
8492
7310
10299
8549
7445
311
3788
11212
11180
11246
4562
7543
7400
12743
11237
7290
10341
10013
12922
4053
12655
16096
7248
10156
2065
4515
16132
2062
8623
1851
13919
10342
7390
11264
12858
7562
8550
7336
13662
10312
13720
12598
13905
4479
11408
10046
12867
11228
1738
3920
8471
4593
4004
255
14832
473
11247
3792
12583
13783
11147
12563
12810
277
8602
16027
9990
11140
12830
1831
13691
2003
16022
14767
14827
1859
13654
15552
8513
1612
4426
11352
3880
280
3770
7598
12763
4010
13676
16060
14889
15573
4016
13661
11162
12757
4601
1631
16161
10319
10042
7419
11172
11279
3801
14687
14875
7246
12716
13712
7247
13849
3982
15564
2190
4033
518
3959
13666
14730
2174
14829
2172
12899
10147
2236
13869
12643
442
2028
12840
11321
357
7347
382
11326
4527
3900
11366
11232
13723
1935
1648
7553
8514
1993
10060
3929
15745
11342
2105
12796
14852
238
2124
15642
4476
11324
1930
16095
4028
11251
8499
12647
10245
10218
14726
9996
12697
12817
10306
7262
13900
4574
14724
10128
10110
7421
10047
3846
7478
1757
4581
3784
11390
1719
7242
14792
10158
1690
11344
11304
4530
1879
15618
493
288
7363
11405
12637
1944
4607
2027
1636
14880
10077
10165
1729
7531
13949
10228
14893
12732
222
7503
13786
14757
16041
2183
4374
14778
2035
15744
8481
1849
377
12730
3823
1867
1922
12642
1759
11201
4504
481
1969
13804
1806
3858
2044
4547
10034
16088
12586
12883
8595
11301
10038
7258
15653
7575
4475
16144
256
13892
14851
1819
16042
7394
12560
11332
10007
266
4463
13728
10050
4544
12626
14845
2030
12599
2132
15685
13697
12876
1688
10324
1755
7343
13790
3981
7597
7871
2175
10267
16115
10166
433
3824
2129
407
10023
8559
10138
16048
7542
465
14855
13798
7472
3857
432
13883
13923
14728
4528
10091
4467
7420
2226
11188
13767
1826
13777
10286
2025
7569
441
360
2057
3821
13910
4524
1821
8562
4047
3888
253
1981
4473
219
4007
12624
8486
4039
1827
1964
258
7492
8606
13882
11268
1693
11376
12696
2078
11402
2002
9991
1733
7636
14694
3925
12725
1892
13932
12591
7537
4453
12690
4413
14647
1807
1667
4404
14715
14838
2054
11139
375
7498
3830
13754
12594
11193
13751
11235
15739
13746
11274
4393
1767
4478
13764
4508
8621
15635
11225
2075
1621
13709
13729
13811
208
14782
11315
1712
14802
11353
1578
11178
12882
15715
13693
4559
4490
276
1654
15703
2139
7564
13852
332
13730
2014
8502
13899
4570
1564
11229
517
14812
13813
4017
13937
12901
14640
4514
254
12832
501
1853
16020
7532
1865
7549
14738
13944
2134
15579
2156
13830
15595
2067
16043
8567
1735
3969
4537
2179
4050
14820
10323
7348
3785
15732
16065
4486
1973
4064
14644
2130
3786
197
8598
3869
2063
15697
11173
15734
12850
1800
13938
3808
13725
15551
8586
12826
8543
10241
2141
13940
12656
14740
4012
10309
1739
320
210
1590
195
7545
15737
13794
10102
14777
4582
15733
14859
206
11198
2227
12685
11354
1715
3802
11396
3829
7867
3895
321
227
10290
7872
1620
16051
11346
12631
7512
10224
7425
16152
8488
12611
10088
12729
7459
4349
12812
10188
12836
7299
1763
1656
15714
268
12653
3828
11217
14713
1616
4392
12875
13916
10295
3772
1904
2070
2137
2192
510
14699
10153
16073
497
16148
8578
2121
10304
3964
15708
14686
2015
12838
4520
16160
443
11290
12644
11179
233
1700
2178
12774
216
4003
11334
14774
12603
4063
7292
4533
1886
7397
13812
8498
200
3852
10249
15578
15570
11426
10269
7252
2228
13939
11397
4434
10133
431
3832
3879
8557
12814
1563
408
1597
10204
2186
4594
12632
1926
10219
1899
7608
13855
11215
3883
14722
13876
15640
4402
14886
13795
13891
460
316
10279
12846
2212
4454
16063
247
16123
11210
2223
7480
346
3803
2133
7303
16141
14685
14745
513
10161
14651
7585
7518
11135
15652
299
4521
13715
14672
10291
7278
13756
401
2031
10086
4356
2055
251
1908
11437
7413
10039
16113
12783
12872
4387
4442
7624
2026
4031
16037
10253
4543
7446
15547
13927
7434
4457
10292
3919
7554
16159
15622
4564
11372
483
4024
4354
241
14873
12674
434
13865
13747
12703
12715
1724
14697
7627
7361
3851
12709
11206
12657
3893
11141
12919
10062
12717
15677
13868
15612
15543
368
14894
16055
11191
13819
4008
7857
193
13860
10008
12911
12689
1902
14824
1672
7455
467
264
3975
12788
16146
1765
1740
14785
1742
10322
1725
3990
4075
12829
7599
10162
3985
14634
506
11413
11371
11401
15716
7508
329
12889
272
4554
10073
10259
7470
2143
13678
10065
12664
2138
3976
2041
16107
7335
13758
8539
11194
7600
509
12562
8638
7500
12864
15587
8577
14749
446
8552
13878
12756
1928
10002
13835
1828
1936
16102
364
4070
14811
1723
410
349
1674
10182
1957
11243
14793
13657
3841
13684
4491
1888
7606
10217
7244
1665
10134
7369
267
1919
14791
16087
12706
16118
7593
15666
4073
16079
8484
11387
3860
8551
4011
301
13706
16062
1818
14719
10212
3993
13884
15721
11155
354
2127
371
315
8461
14848
14823
8617
8554
1979
11278
8609
12789
12820
15575
8525
1912
7615
1997
12721
1891
7372
15568
12663
15582
12641
11288
4425
14755
12760
1584
4560
16078
11373
10281
1995
1991
4397
2117
3778
2024
11439
16057
4000
12790
369
4517
14861
15654
4516
11256
10070
7279
7316
1702
15662
4379
10334
519
1788
4557
13738
2187
355
3820
10154
13861
13808
1948
262
8574
11368
13776
11142
3794
10276
4469
4345
4375
7326
15668
365
15729
302
1566
15722
13915
194
13734
13742
7576
7559
14731
15549
4368
14750
15539
12750
1883
1962
11252
14770
3894
3942
15740
15590
7330
10321
7249
4026
10132
12687
15743
389
11163
10025
7517
16034
12602
10135
4526
1852
16100
16111
12604
4018
13771
3971
16145
8536
12693
14636
11329
4042
12596
14856
15702
1646
2074
7288
8516
15641
12659
13934
12900
348
7428
10177
3796
285
7583
10184
7331
11378
15644
14663
10131
399
1994
10172
512
10327
2150
507
2049
8581
3812
7261
7338
10163
7250
7402
3774
3906
13655
10094
351
13917
13842
10117
13880
1604
13739
2088
1874
7501
1711
3781
4458
10150
16099
14849
12590
4367
7632
3992
16091
15646
7527
1760
11282
2128
3962
12856
7320
11136
10129
12894
4025
237
16136
7638
2000
4001
7577
12888
1602
16056
1644
14646
12704
10181
11360
16116
4495
11435
10307
13898
14857
14810
4373
14668
393
4427
1793
10235
4471
13839
13847
11381
4433
12915
2201
15672
11152
3790
12692
3819
10270
2160
305
11292
13765
7452
12786
1764
10145
12737
7438
2195
8571
7311
8561
4052
3868
3775
2148
10289
3907
12739
2168
3966
15681
7485
1671
7253
1772
15588
12898
14735
225
414
11411
1595
7631
7289
16058
12764
436
1855
7418
8491
14830
325
215
16112
4500
10114
1720
4445
10202
7237
203
13700
7260
14669
12565
7317
3896
2097
4361
8526
7387
1956
16059
13866
14870
13803
4076
11253
503
12835
1894
1606
12570
14766
13702
10171
8465
14734
16117
13805
8584
3991
12634
7584
11255
7345
1581
16138
2147
2149
14826
1941
14720
1743
494
10288
4540
8454
14661
4369
2211
10009
1873
12677
11137
3979
10029
14796
13789
12823
1854
12782
14671
10005
8511
13933
12600
3970
2142
12906
4444
14643
1728
14683
1573
4483
4438
16125
3914
16052
13904
7274
7405
13872
8575
10273
11254
15583
12736
287
14888
1866
10075
4357
11234
8478
1942
12680
14831
8594
8624
2241
11132
13848
11244
12573
12818
12613
15540
282
4431
7453
8479
1907
4056
4389
1976
386
12854
8532
3989
13688
4577
1802
4034
421
1699
12887
8605
10035
14753
4588
7604
12873
2229
1666
15645
14705
7467
10026
10326
470
2169
2108
7239
15619
11398
4576
10246
2191
11280
7617
11294
16129
11267
14739
9999
411
7476
12681
7550
11250
1984
12614
8485
3876
16039
12608
7385
14649
8546
14816
12857
1910
4432
12682
1603
8613
1913
3953
257
13780
11314
2020
2011
1567
7460
12849
10112
8641
12592
2017
4403
1611
464
11409
11208
13663
2119
14665
2245
13846
10057
4020
15670
14674
13836
8632
7611
4360
13817
11218
4519
3944
249
11289
11260
2046
7477
2096
8472
10318
1574
3999
12722
7643
14707
7286
14725
4496
12607
7395
2018
1856
14860
4057
11407
15696
2118
235
8547
10193
8572
15657
4482
2177
10082
3837
10297
11164
1955
4044
1858
10303
391
12609
13802
8509
7586
10336
13699
4364
12897
15730
10185
14656
1876
8459
1789
3948
13924
11309
7541
2012
10053
8515
16128
10190
7447
2072
8644
4596
12902
14746
14655
4464
2019
12559
2230
7294
7535
1996
7254
2180
10315
7384
13826
3891
3793
1708
1774
330
1704
4046
13824
8600
10203
4597
16021
14678
13825
10027
456
16036
3913
13694
4511
1934
424
14887
11404
279
11199
8568
12780
12833
1669
10183
3903
12710
4485
1805
10208
11305
14653
1716
15605
8477
15709
7483
10268
11306
496
9988
3813
10215
15679
16158
3827
10074
3789
1889
7426
11318
4417
339
10283
11240
8587
10142
202
4509
8541
14679
7403
10078
11224
10214
11266
8490
486
15607
12718
14839
397
14712
10331
12886
1639
16108
14691
10264
14695
7241
10122
7305
12792
4468
7401
10187
1703
1751
16033
1682
10282
4536
14688
11835
534
9752
14304
6909
3082
632
15334
590
564
3208
15330
788
3196
6901
9941
3246
3090
696
9986
3171
3085
8095
14209
3274
3131
629
794
14226
9962
8108
16395
9708
16381
9983
3315
5959
16357
9720
652
16354
6815
3243
11850
8112
3193
9876
9770
694
9778
9730
15359
3130
829
3212
9731
11808
669
3074
14196
6840
16383
5958
622
3174
15307
9693
581
3109
9819
11827
3210
719
650
9723
9828
3133
3286
8129
14232
3147
11814
6863
9844
9847
587
6890
14194
3327
9736
9801
11851
11864
16393
3030
3223
3122
3123
6847
9864
14221
687
11832
3037
16427
15339
15363
8151
595
16380
3309
9979
658
14248
670
6873
734
582
11838
707
16375
9756
11802
11822
637
6825
3184
11854
5949
8144
15356
3331
8084
806
9769
16392
9924
775
827
6861
6856
609
6846
3182
9883
9973
621
11878
9726
11784
9784
16316
3096
9701
3311
3258
688
14201
14272
16410
3159
11884
665
764
583
9928
3041
9935
9947
706
8148
703
15306
16388
11874
3330
14280
9836
3108
810
16431
11837
5969
8152
16370
6905
16343
6849
16329
16314
3162
14208
14282
9739
3260
825
3148
3231
9780
15299
3319
11801
9949
3035
760
3320
5950
9799
3277
9938
680
11883
16385
3194
9776
11844
793
643
9666
6822
14202
9740
608
11849
3099
756
14283
16338
3219
11829
641
557
9869
761
9959
11848
6830
616
3175
811
3071
3063
3239
732
3093
3305
14306
9793
3179
11798
9713
8081
14263
8139
683
16390
3224
3145
678
16419
3062
14296
6798
9806
6898
8145
675
16322
783
9859
15328
9685
16441
3049
3091
9712
6904
14224
16359
9682
8099
599
9854
6894
661
14305
3321
9916
3142
6813
3089
3153
767
9890
14215
15352
6871
6851
612
9900
11796
9835
9728
11825
541
9871
3137
772
790
9985
15337
14286
16321
770
3034
3272
9923
3266
14290
16356
14214
6827
16331
8125
16387
16418
9745
3165
3205
6804
16320
5957
3176
689
9800
9749
6810
8150
577
769
552
15335
6831
567
558
6811
717
6807
8109
9733
3217
6859
530
16319
3275
16373
16386
3163
3149
826
3206
9908
9767
822
3114
520
686
9953
9943
3166
3185
5984
3201
574
16377
9689
15305
624
9715
3154
11813
6818
15327
6801
6805
14258
11786
16369
9917
3198
562
759
9681
3259
648
3288
16391
14268
15295
8116
3269
9899
8133
589
16433
14279
9976
601
16422
691
9786
14270
9777
521
11881
3177
9981
14269
9882
6845
6796
14285
3094
655
16439
14231
11863
3125
3092
6809
9863
14278
3052
9829
9961
9665
3308
3064
11866
6858
6828
3273
3304
730
8124
6899
9846
821
11876
6797
15340
11806
9768
819
9926
14298
9803
5951
15290
3141
778
3106
14266
9830
3282
8147
16397
3047
741
743
15294
11823
3040
588
533
11821
6868
14225
14256
15346
671
3151
8100
8121
3143
568
11809
9790
8138
9824
11815
11839
8120
9834
726
3202
15333
571
14300
8119
15341
9936
6860
16402
3135
708
16355
9754
14241
598
786
16425
9966
3229
8106
16365
9807
9960
3146
3324
16430
9688
11790
6800
3058
3215
3220
11818
799
6862
8128
15315
14235
9704
630
3189
3100
9845
15344
3310
544
682
8115
3111
9838
11867
3172
8143
9818
16367
16428
3160
11810
3255
14261
660
9880
11879
16442
3191
3039
9837
16403
808
9969
9821
6799
16440
16315
3256
16424
9832
3031
11872
9813
3248
9852
11803
11793
714
14237
6829
3167
9670
9802
11847
693
11842
9808
16341
9857
3161
11794
695
14211
16352
16334
736
3285
6886
9775
14222
3032
3110
653
9755
3216
14275
742
9763
3289
9942
15317
713
5956
3322
3271
15293
3186
3209
690
9677
15308
6850
607
6906
709
619
16384
578
704
14264
16382
3241
3222
16399
16351
677
14204
9744
3188
3095
569
6802
16376
807
6817
3214
14309
8118
603
6855
9901
9709
3158
11857
805
3080
6839
692
3268
9874
9742
623
812
9956
9711
545
9698
16400
15351
3140
8096
5964
554
3105
9954
9877
820
816
9766
611
9974
548
6910
6874
14236
9898
8130
3261
3276
9758
729
16394
9922
3300
754
9674
9671
14200
15362
6865
6848
9825
8088
11804
3044
9968
9984
3238
3296
9879
8127
16348
5972
763
3033
572
8082
830
16363
11861
8134
9820
3200
14193
3144
6814
3218
6826
9934
11820
8114
16340
6820
3107
9765
16416
8104
9911
16347
9897
3204
11865
3245
5971
9762
11875
14219
3303
831
14233
9719
16434
3075
14199
6872
16360
15292
525
6854
625
9977
3252
16417
602
6832
14207
9861
3228
3207
679
9888
3132
3060
9725
14227
14267
3292
9669
3157
3104
639
15324
9904
3065
791
600
801
5962
536
11840
14198
5952
8105
9914
9894
9902
6875
9849
700
9831
3295
789
634
5966
3247
14276
9684
9678
618
14265
14287
11811
647
9967
613
9724
561
14299
6841
11877
11859
792
615
3169
697
9692
15358
15288
6852
633
3299
3316
9721
3203
8103
804
8101
809
9699
780
522
620
9672
16435
762
14242
16372
3129
16362
6455
7930
16627
15798
14108
14152
14568
9246
14109
16499
5475
5708
5632
7737
12046
4225
14552
11471
12093
9121
4209
14084
16630
8074
16542
14101
7918
5382
5626
5405
7916
4085
4284
7845
7647
15195
5418
1082
4204
12005
15249
16582
7816
988
4157
11546
14037
7779
11454
5574
11533
14011
9227
7937
11479
13994
11486
5396
11503
16599
4169
12016
6447
5557
8046
5494
4296
9074
15246
14147
11993
6436
6456
7981
12028
4193
14570
13969
5600
9066
9102
7657
5362
4183
5567
11954
7809
4286
9117
16504
5677
7803
16472
13974
4306
9237
7698
5684
7663
14135
4083
9154
14628
921
865
14006
939
7654
11514
14543
7847
15207
967
7936
5493
1037
926
14567
14561
14569
5554
4139
12064
7770
14072
834
12020
916
978
4267
6428
16469
4207
15226
14155
14041
11467
11444
5680
8761
15786
5594
12080
8051
7979
6460
7781
4162
5434
16492
14582
7731
15751
5426
8007
7683
11519
4098
6349
850
5597
1024
15770
16464
852
11940
4255
16534
6432
9195
7723
14625
16624
11502
8043
14598
5376
14121
7923
4116
9140
9166
5438
918
14103
11511
5700
5625
11975
845
14580
12103
5468
6452
12040
14007
8012
11896
9101
6471
9193
14585
7668
14572
7975
14112
14068
8002
14102
11945
12092
11556
7944
9240
4122
15231
15219
8784
16487
7682
9261
16547
880
6470
5388
5590
4117
1068
7736
5719
5461
7750
12001
14097
1075
11998
7957
4093
15259
16535
13997
14154
11971
11926
11890
7661
13962
9076
11994
8786
11895
8050
5416
9147
5429
9159
5619
16552
1040
13968
16573
16453
14049
14117
5364
4318
14624
7783
14000
5384
9152
977
8003
16558
11524
16596
14139
6417
5433
9118
7677
14116
4243
5679
16614
11897
5552
12043
12024
14050
5504
12047
15212
11901
5631
11962
6304
15756
9214
922
5622
8791
9129
12013
5507
12062
11553
11888
15803
4248
7977
6426
14621
9201
947
1006
961
15752
14603
5520
6360
7919
14055
870
6342
5447
14156
4237
5586
13966
14092
1078
14592
9253
6465
7933
11499
8053
1064
8025
12070
5718
7935
9236
7972
5711
7995
14118
7838
7708
8026
15776
14606
15216
4125
973
12018
6415
848
4262
9116
15220
16451
13953
1008
4184
6472
16506
16572
7764
14620
11937
7699
7921
14626
8055
14035
16527
7655
16635
7742
13998
11942
14025
11551
16593
13972
6404
4278
11949
16484
6334
9229
9065
5506
4320
4241
8031
14033
7814
8062
7650
14145
14577
7949
969
9131
8068
4298
11964
5462
9202
9238
4249
16509
4090
5460
9109
11516
1060
4201
5366
14083
15258
12100
14021
5456
5566
14545
5668
15234
6354
4289
1007
5634
7789
9168
9158
13984
5529
6381
15254
9077
1091
16621
6311
11481
5569
8035
4154
5457
5374
14081
945
6410
4178
16478
5562
7976
16598
5505
5592
5436
6476
994
16450
1002
4145
6453
4206
6388
14066
4094
7827
837
7796
923
4194
16609
941
13977
940
9096
5502
7998
6386
5371
882
6412
8015
5423
9226
11555
4107
5581
4295
11928
7713
5699
14063
6351
7709
9199
875
7706
4185
6372
6482
975
4303
6405
1062
15758
907
15772
14148
9254
15783
11468
7848
14016
9180
7727
11977
15779
12098
7716
4205
15211
5709
9098
14061
4290
11914
15797
4301
909
6398
5638
6390
7939
11475
6423
9080
8789
4177
13990
4217
9174
11507
5450
5365
13991
9099
7946
14556
11943
12033
7670
950
12051
8065
7674
4235
4277
16457
4287
16554
15202
4221
16488
5510
16467
1038
4196
7802
12014
7704
4203
7790
14602
893
9082
11910
11978
14043
11919
16503
1034
9136
9232
1010
5691
16580
16466
4165
7748
5393
895
16544
16500
5561
16449
8052
4279
9251
14629
14616
11484
11958
7724
14018
8076
14130
5665
14111
5397
5681
11941
7818
6461
5425
11917
15197
9130
8762
4234
13961
14047
1081
9089
12068
9178
5439
6420
4304
7925
16556
12030
5441
16602
11956
9083
14054
9092
1048
14029
11952
5615
4288
1063
16587
11922
16550
15755
9063
11960
5662
5595
5458
5579
7719
14124
14045
9164
14551
12081
4291
11464
11534
5488
15769
11900
14038
7769
4176
16481
9259
1043
4236
16625
15759
5385
924
13979
5444
5377
11923
14608
936
7658
11489
16530
5628
1023
13987
13996
5496
910
5550
4149
4170
965
7959
9106
7711
5584
15266
4226
5469
13965
5689
15244
14600
11957
878
5432
9182
9148
6435
5672
7767
5395
16581
7968
7980
1069
5379
942
4138
7836
6479
11887
5392
13999
15777
11532
16612
11512
5383
15766
866
6335
12079
6433
16508
8768
1012
9187
7768
6437
15765
5509
1085
7733
16519
16507
11560
7777
4110
4242
14576
6358
14590
1071
5602
5714
7832
964
13976
8000
7684
14146
5577
7780
4270
12049
7820
9133
15782
16493
7989
12072
7671
13970
11898
11992
5582
7765
7760
11986
5545
14073
6391
944
11509
7718
8058
11999
7774
984
7911
16460
16517
7717
9085
11966
9244
980
11488
4086
12084
15229
14563
4084
935
12039
7819
11523
14614
4166
7907
1054
14079
11543
11935
15265
14140
5361
7805
9090
16557
5413
7761
4250
16531
11517
11916
1088
4150
898
9223
12010
15767
11540
15200
11981
952
5386
14131
16525
7978
5650
7722
7834
8785
4263
15757
11443
16617
14017
6478
5430
14595
9091
11463
9078
1089
5511
14090
16465
5618
11504
14586
16513
16515
7840
7786
15802
15804
8044
8759
6375
11936
987
16538
900
5420
16514
7932
6333
12059
5521
1013
4233
6477
13983
6409
13960
6422
16539
16588
5424
14132
12075
16522
5471
16533
5400
6431
8001
16591
11451
9135
7744
6340
7791
5399
16490
8067
6395
6359
6312
8056
12060
6366
14082
5661
14046
11452
7922
4307
9234
11987
4081
4101
4141
970
4299
7785
12094
4239
9162
4080
12101
5564
6337
920
11980
16545
14594
7948
9218
4128
8781
16482
998
13964
5463
8061
11961
5518
14087
6374
7667
5474
4283
7964
14141
9219
7752
932
5544
6341
8030
7811
16565
7773
6414
11955
6307
840
5484
7800
7997
7812
5442
7729
5676
9160
16629
4091
962
1004
7728
5501
5697
12055
4269
6367
14001
14005
12088
1055
7842
7669
6345
7983
8772
9205
7772
13993
11545
1065
8023
6449
6485
1090
11889
5703
14584
7710
1022
1080
4321
11894
14044
8072
6462
7755
5449
14032
4210
8021
4238
14579
6385
838
15799
12004
4087
858
11924
6448
5538
5375
9072
4265
6330
15248
8782
7846
15204
16620
908
8017
862
14036
15214
1019
8060
6331
5608
16537
14617
7994
6394
4316
5522
11948
15224
1059
5630
14619
11921
7686
7960
11982
8787
7990
12034
7788
11885
9207
8039
15791
14069
5620
15247
5481
7817
11558
5372
11541
4231
16501
14129
15193
14559
4119
934
11474
14060
931
14002
7662
5549
8063
11447
6444
4223
14571
1058
5573
9119
5558
4229
986
1041
6384
9142
14605
8005
7958
15239
14583
5440
13986
4266
1032
7971
6469
7726
5498
9184
5559
9248
12097
14064
8765
5547
14093
7849
871
12052
15221
9112
5408
854
16567
12095
16475
16462
885
5710
853
6317
8064
8010
7826
16585
963
5503
12056
7974
11965
4104
6310
9071
4152
11457
14151
841
8011
12031
4173
9125
5359
4215
15792
11976
12061
15753
6325
9188
16473
5653
7910
5473
6305
5587
4133
7906
15750
16633
8047
7676
7692
14013
15267
11953
7967
9079
7940
5454
6365
7703
8790
11529
5652
9189
16560
7962
9262
4257
11559
6362
15194
5606
12074
4179
1020
7991
7715
5363
11521
12087
9215
6484
9192
13954
9068
11927
1079
14107
11542
911
7797
15264
9137
11939
5367
7693
11520
4159
12078
15251
14133
5358
12003
14142
15760
16564
11477
12089
12102
5637
13973
16608
5664
15227
1018
886
897
1021
5629
15198
9194
4268
1042
11970
11557
5476
14554
11456
1039
13975
11893
6319
6383
6475
11902
5589
14618
869
5611
867
16570
16480
7734
7712
16523
7833
5415
876
6376
4160
4089
12090
7954
6458
11905
15199
1025
6413
1067
9093
9143
16476
11913
9233
4127
14089
8028
7678
11473
7754
4120
6427
971
12036
5563
11478
9176
6430
5560
14098
11908
15241
4172
847
6343
11899
5524
11931
14557
11947
6438
7966
857
849
925
5646
15761
6402
14003
1009
16595
883
1052
15225
11892
16474
14597
5654
4244
16616
5354
14075
4109
4195
14627
874
7659
16529
887
7950
5658
5635
11963
4198
7675
11500
4315
9128
14062
11891
1029
9139
1015
4092
9150
12007
7756
9173
6480
1050
5642
15268
15196
5489
4100
12000
16563
11525
14591
1076
14623
11985
4126
1074
14105
5717
8049
14546
5720
14541
5495
4202
2743
4259
5675
8764
14077
1036
2748
14034
9100
7776
15201
8045
14549
14048
6320
5417
4261
6464
11528
5428
12057
1044
16604
7810
5508
16468
12065
991
4222
9149
4251
9171
4174
9191
5667
14128
4292
8008
11492
14610
2745
15237
14581
14566
14113
4216
9169
872
16600
958
4219
14110
4186
5669
1084
11501
14026
5636
11959
11974
7823
12023
7815
9185
6401
8306
4791
15507
1102
4659
10782
8869
7886
4854
2804
2828
2658
4996
8849
15516
9639
15435
15273
9636
10809
2649
4325
1367
4906
3664
9597
13575
4789
6596
3641
4658
3542
12248
13324
1524
6109
2587
1421
7192
11781
1237
2852
12478
2652
6041
6067
13391
10934
4923
3707
8346
13334
15847
11734
15473
9525
13572
8881
15868
2939
13306
2738
1510
13508
6541
12306
2788
12500
11122
11005
1370
8823
12515
2953
13463
3722
4674
15282
3503
12553
2949
10841
13348
3684
13507
1302
1142
15905
6640
8818
8875
2558
6517
1339
11117
13339
8399
15853
10936
13214
8246
15918
8236
11092
13197
9441
10866
2673
2715
2796
4999
6495
6492
3515
3674
4970
8362
15487
2802
10779
15916
6554
10952
1394
12486
10967
7188
6543
9608
13247
13322
11763
10851
2729
11008
10741
10901
2551
15812
12535
16009
13386
4745
2938
12388
1537
4809
1214
15937
1225
3536
3004
6566
1363
2584
10836
8899
6530
3513
12461
3757
9552
10871
15883
2595
13449
13415
8367
4912
12319
8280
11112
9536
4927
2831
4966
2873
12479
9659
8304
13271
12246
3535
3589
10996
2863
12359
2668
4890
4863
7218
13370
15891
15505
12336
1147
8283
6621
6488
4880
4851
3507
7219
1108
2707
6486
7205
6020
11732
3638
11769
3745
10990
12430
3022
1150
4877
1238
10852
8333
1286
1359
4712
15873
1352
11755
6619
2523
13623
11764
8918
15278
15878
4933
2884
6522
8450
12363
1348
9617
1248
8799
8321
8866
6553
1552
12238
12543
13466
1129
6119
11039
9558
13216
4941
3565
12539
8207
2908
8438
15486
3619
2906
1263
8308
4794
12477
2815
4983
1123
13377
8245
12536
2734
13396
11000
2626
15813
1418
2924
4903
4792
3563
9570
1215
8219
4683
8390
1514
1506
9546
1354
15920
12377
2593
1257
1498
13546
2542
15830
2639
2520
13176
6560
12472
13438
8279
12428
8821
2877
3635
15495
12265
3616
16019
6076
13624
12393
14161
13535
2703
9544
15944
12240
12548
8252
2954
10953
1114
13604
15432
9470
2621
11740
11088
7162
6654
11120
16008
9526
3547
1392
3626
2579
11722
4708
13418
4340
7877
11012
12243
1553
15283
8364
13598
2952
11004
2977
13286
4867
6047
9605
10893
15886
9658
2592
4799
9524
15453
6622
12483
8165
9613
2781
10888
15922
4860
8189
2553
13404
10865
10973
10918
11770
7890
9527
10881
8440
13547
11062
12484
6032
13451
1323
8233
4935
11127
5995
4677
2550
13567
3637
1365
6083
2937
3014
13429
3680
8383
13536
2701
4833
7206
8193
2560
11111
8406
13602
4829
10972
7149
3501
6058
11056
10870
2576
4944
15484
6529
9481
2706
4770
12253
12266
8248
8247
1516
13352
11034
13313
13179
4752
16010
2619
12447
8908
2923
4777
4928
12263
6620
4997
4661
4905
3764
6635
12440
8890
3007
13427
1245
4733
6568
16000
6524
13626
6636
2565
11735
3663
7160
1361
12283
10983
10907
13281
3572
3685
13232
4901
1228
6647
13199
4746
11737
2694
7173
6505
15536
9615
2646
6583
1383
8249
4812
8319
12339
12352
12298
15945
15807
2971
8803
4798
3625
10840
3763
10742
13174
13433
13515
2775
2891
2881
1562
12279
8900
6615
3001
8909
4710
1247
9056
15947
1491
7153
4330
6062
7897
4757
9619
2794
7186
6087
10902
3556
2667
15970
3669
8425
15458
1317
6503
6131
12494
12446
4961
3650
4335
12340
3011
4765
10884
2600
8839
1155
11725
2566
6598
13473
11015
3657
2955
2921
10966
15928
11730
6123
4766
6660
13355
8910
12323
13304
9514
13603
1197
10794
8324
15521
11060
2963
2800
3509
2841
15452
6578
3576
12513
7222
7164
1322
8824
4651
2588
15850
3582
1526
3756
13235
4816
6602
4750
4747
12410
3743
10928
13297
2830
2543
13518
7216
6574
8216
4818
12344
13184
13650
13204
10962
3015
10750
1334
15987
13486
3611
8316
2764
12378
12415
2851
8379
1299
2573
1223
6111
10933
1412
9488
4802
13631
13374
9050
1241
12416
1366
3729
12474
10786
12276
8292
13405
10859
4736
12552
2549
1350
2833
1396
6611
2754
12497
8848
7184
15857
1401
9598
4716
15490
15904
12300
11775
4761
2791
2943
3510
2680
1321
6489
6542
8314
2898
1503
15831
12247
1405
4953
1179
10766
2986
3739
12338
8275
1139
8159
8796
1173
9557
2710
6061
1112
15425
13586
2613
12544
6102
15470
2827
12311
1399
11033
13246
9582
9565
8854
9616
6085
10738
12467
3692
9442
11748
10769
13345
3748
9631
13609
8838
12438
9577
4839
9655
2798
5987
12408
12468
8228
4339
4820
3581
12353
4991
2562
8853
11751
13397
6031
6623
4917
4844
13399
13447
13169
11017
11050
2555
13296
1294
1540
8831
13462
6487
13646
4902
13210
2914
8205
15978
2819
12551
11001
2670
6659
6077
2926
8240
9651
2772
3514
9543
15476
4974
2989
1400
4730
13225
12466
1346
8871
3708
13472
13342
3012
13510
6027
11098
6014
5994
13171
4753
13551
16004
15442
13165
2907
8202
3537
10899
11073
8338
12508
2596
10917
13261
8850
15440
4986
13496
8923
15427
13435
11118
13517
11087
13220
6009
2805
5989
13270
7231
8199
6645
8366
13299
9561
13407
1494
4328
1170
2617
9585
13301
13601
8852
4702
4878
10963
11733
7884
2686
11119
9600
13439
1273
3706
4739
13512
12288
1164
4937
12341
12295
1496
8167
13443
2901
8181
3005
2568
3602
1548
13649
2878
13564
6550
9487
15919
12531
11721
2872
2768
1127
11036
13233
8218
2947
4871
15814
8180
3579
3660
3502
7183
13265
8274
9497
15520
12433
8222
7196
13180
8828
2834
4666
13163
3511
12459
3540
4333
15480
15523
2574
2991
6510
15855
13283
12424
1187
13358
15809
6046
8830
5985
15958
8800
12554
4795
12382
2895
1558
8239
15882
1546
1376
1268
12269
1217
6114
3575
3544
11780
13344
3554
8160
9633
2816
10829
8873
3753
8187
8911
11044
2985
13499
9469
12289
9479
11051
11094
15875
1368
10908
9476
9627
13372
1149
12526
8269
11728
2965
12304
4807
1218
6639
15881
8417
8809
12451
8409
4907
3606
8412
2867
11055
7902
6000
8843
2890
10968
2916
2799
13360
6643
13569
6017
12368
10802
1372
2705
11731
12287
12537
15485
6101
1326
3728
6075
7200
12512
6074
15952
8184
12258
10827
13422
15934
3716
2564
10978
15892
8430
4846
15957
13434
2846
8374
7880
13431
9474
10746
12354
6038
6538
8372
3010
12282
6612
13627
3709
15817
12268
15819
8250
2929
10987
9589
1404
2932
13305
8172
1201
12506
4729
9446
13244
15836
4715
5990
15436
10988
9052
10999
2727
7151
1144
2614
10749
10831
4781
15286
4879
10797
2628
2783
8810
2879
2524
15463
6082
2886
1103
4732
4838
8309
3623
3608
1143
4670
11059
9482
2885
12373
1329
13185
3604
1301
12337
13183
4323
6613
7233
8297
3727
8874
8195
15504
12399
13637
13590
8325
2594
2813
8449
2961
1260
15274
11023
1135
6552
4329
10929
10796
12505
4864
1125
6546
10791
6646
13458
6539
2999
15529
13605
13376
16017
9595
2812
6600
3003
10849
16002
10886
4858
7157
15961
13424
13257
4934
13291
9657
7225
4977
2888
8414
15960
4918
12371
4660
4936
2957
9464
9563
6634
10825
8253
4676
13390
2976
8397
8439
4803
1240
13190
1235
4808
8405
2871
1208
1386
2771
15494
11082
11750
7155
11717
8897
7146
2726
3687
2964
6567
10891
13215
8822
13385
13230
4929
12270
2892
2766
1320
3584
12370
2770
4979
13467
1560
9539
12365
8416
3725
8158
9572
1390
15995
15963
7159
1192
4338
9471
12523
13367
13544
8865
2933
15898
7163
9554
9660
1408
1227
11758
1151
7191
2581
8273
2847
10860
16015
10950
9542
13465
2984
11016
3550
2731
13490
9535
2809
9465
1492
13295
3701
10748
2959
2515
2760
4801
4916
4898
1226
12445
1211
1281
2666
2829
8829
2849
13252
2611
13191
12348
13561
4687
6629
8242
11054
8386
2722
10855
6516
10783
2806
4888
3019
3569
4964
8175
13542
10811
13222
6497
1224
10923
2869
1330
14632
10819
15923
1138
1502
10977
10910
4723
15849
11058
10806
10998
12252
13460
2723
10784
9501
1520
9503
6507
16014
2839
3609
15930
11020
11009
9467
8811
4960
15943
2753
3587
8343
15975
13262
10823
4693
9540
14160
13648
3747
2538
10955
2883
10940
15924
15825
4870
1175
4963
1285
1113
1115
6573
11078
10743
2942
13582
13541
4945
13478
15925
6140
9573
7895
12274
8365
15526
14158
11027
4861
2675
11747
12510
6073
13382
3676
8339
9560
6048
2544
8293
4748
4887
15530
10753
6520
7170
3548
13278
13182
8296
8793
1219
8864
13635
13468
13653
15869
2720
13607
11752
1388
12303
9498
2531
4992
2936
9588
16011
8270
13416
15893
4720
6599
3586
15482
12375
9591
13234
4939
1340
8183
3607
12249
6494
2966
10820
6138
13481
15502
8403
15913
13600
8256
13625
13243
3559
13643
4868
11743
7899
12390
1169
1278
8330
13583
8329
8889
2605
3750
1232
10921
6631
1314
1206
4749
3702
10943
12550
2519
7215
15910
4925
13616
15461
12493
12273
10876
9643
4835
6496
9626
9646
9579
11076
2719
8369
8176
1528
8313
4776
1333
13651
8186
4955
4883
8353
6081
1550
4951
4872
10815
12355
1276
2655
3741
2546
12292
12256
15939
4834
10803
2836
4767
9510
15456
11063
8251
12310
8435
1309
10834
13329
3610
10868
13642
7190
2616
2968
3654
15838
8234
13213
11053
9537
12538
12325
12504
10915
1174
13331
15808
1141
7213
13164
10956
2674
6590
12443
15437
10810
3002
1287
8870
13524
13226
11782
12485
1099
13167
11776
2718
1177
13409
8879
12259
9463
13576
6519
15977
13559
13288
3754
2526
2808
1533
15426
9459
10822
13276
8322
3738
4841
10789
3642
11028
13593
10954
10864
6548
8858
3603
15537
13362
2654
9048
13384
4780
6029
15900
13172
8851
11032
2708
10838
7165
1242
8241
13543
5998
6535
13477
10747
2529
2690
2821
8880
13454
3612
10874
13491
9656
3655
7217
12406
2640
8300
6133
1311
1315
9529
11077
15285
1389
2945
4873
1243
1157
2717
6587
11100
12347
9511
11045
1233
15858
4727
10837
2784
8804
9618
12405
13531
10947
15871
6603
13453
12366
12501
13211
2790
3698
4971
4897
4672
8203
11745
2602
8400
4837
15535
6010
8837
2631
3675
4836
15524
1161
2590
2552
2693
4957
2603
1191
11110
13484
8431
2689
2792
1529
1121
12333
1504
2643
3551
3640
6523
1158
12404
6514
11723
9628
8814
4962
15860
1327
7167
10772
7197
6633
15852
6054
2512
13311
12302
6094
10775
9499
9593
13162
1185
8209
4326
2896
13475
2855
3710
15896
13268
6642
1304
15275
2513
6091
12389
4969
3618
8888
13310
10861
8192
6626
8220
2807
13548
11018
6036
3516
8287
13597
2627
3557
9480
6549
9472
12321
8855
3696
7179
4725
9502
2832
6044
6002
4893
7171
9505
2735
2751
4668
2990
15870
8448
6059
1097
15822
4914
4952
11126
8436
4755
13489
8336
13267
11024
3697
11065
2556
2773
9641
13347
2803
7204
2940
15826
15492
10882
13314
1381
12525
15941
4967
11068
2657
3520
11075
2777
1306
2684
2875
2905
8891
11019
3597
3734
11741
6526
8191
13392
9650
1364
13361
8206
1132
12503
11739
3634
15874
4853
3598
10951
1279
6139
2818
13302
15932
12254
2848
15926
15953
2899
13521
9567
15992
8289
12491
2559
9640
3643
10894
12329
10744
8411
9475
9549
15277
8200
2789
15513
11778
7209
8380
8415
15493
10850
1176
7888
1166
7207
12420
11754
6617
13393
3651
8901
2692
13591
2854
6592
1146
12297
8801
11031
4662
2728
6132
13495
13482
2861
7169
15445
4663
10751
9512
2730
13326
2912
15533
8356
8225
9468
4691
2774
2778
8294
1387
2820
12546
12250
5993
4806
4828
1269
13555
13621
1251
9049
3659
13373
9494
9553
3615
7175
12402
12522
6093
8827
3649
6071
12419
13411
1385
15866
1291
6118
7211
4764
6005
13217
15842
11567
1362
3678
12281
9454
9587
2925
11064
2786
11116
1556
10853
4910
9550
1284
4778
3526
1519
10985
12358
1297
13487
1134
9566
9461
15450
8179
1534
12262
1181
8214
12285
8185
1357
8340
13437
3644
11046
13589
1095
1231
15531
9483
12395
2691
12286
13394
8326
9611
13578
13513
13608
10976
13413
4886
2761
10975
3733
12396
10821
12534
2756
12465
6117
2618
6580
15508
15861
11038
6513
13256
4790
8922
4784
10944
2913
4782
8341
3652
4805
8320
16016
9564
13492
6512
8351
2561
8302
15982
4772
4785
15889
2625
2978
1303
10826
8903
2635
1292
8401
8817
2712
13315
13202
10755
9458
10949
15833
2702
14163
13378
1204
10925
1159
10854
13588
2589
1356
12448
15474
4972
2904
3614
9516
9515
2571
1497
9444
6013
4768
13387
8285
6125
6137
2838
3712
2787
4984
11114
9604
4743
3595
1136
1298
13529
1398
2661
15854
12488
1343
10898
3532
2910
1335
9622
11762
13170
9551
2919
12549
6595
3689
12514
12509
4703
1371
9607
13328
1254
1130
10991
4675
6561
12547
1417
8443
13323
9504
9541
12241
13532
15885
15837
3646
6570
8212
2934
4976
7177
6097
7226
7879
2681
13275
4681
8282
4911
13452
12429
12532
1542
4751
4900
3531
9449
12413
1547
15914
11121
1539
15876
2897
6504
10980
10828
13325
15897
7187
2615
15827
10889
4980
1513
8797
12331
7156
12275
10965
11771
4728
1345
4740
1239
13628
4942
6112
4786
8407
2671
2967
8859
4862
8196
8198
6053
10816
9556
4847
11080
6525
3583
3636
3000
13368
8395
13333
9453
4810
15921
9648
3593
12452
2837
13577
1153
15519
15840
11096
13354
9523
2522
6575
2763
15894
2750
9455
11744
10937
15974
12320
12244
8844
4695
10771
4826
9506
12277
8331
15884
3596
13488
15964
8355
7189
2857
2844
8169
9518
15828
8857
3749
8166
15469
6581
10857
1416
12418
4686
13595
4885
6045
15856
1561
12518
12392
7227
1511
1267
7900
3628
11070
10867
11095
1222
13228
13350
15872
13366
7181
12383
11749
2697
12239
7894
7891
13594
6106
6655
9545
12357
6493
2607
15976
11108
2644
8267
13587
12385
11047
13459
8385
7214
4800
3703
9478
13287
13259
12398
10848
1379
13599
13553
4848
12351
3543
12257
1270
2737
2814
2909
1275
4742
15829
6545
10759
13395
11022
8826
15983
6040
3704
1195
9555
12397
8426
6004
2683
8288
3613
6129
15981
13312
11002
15522
11035
6006
13526
6015
4831
2860
9457
15430
13514
15909
13300
2835
9625
11014
13585
4814
10880
12356
9473
13633
6107
6028
15938
3691
13239
1255
12496
4656
13652
6043
11010
15917
12457
9486
12464
13617
1209
15999
10896
4813
11746
3008
6018
8332
2842
9644
15851
13417
2606
6088
10758
2950
4779
10762
8223
8394
4696
9606
13192
11099
15515
8354
12312
2817
1189
13610
10895
3529
15906
4959
13639
6607
7142
11719
4946
2958
7180
6518
6604
13231
11048
6540
13497
3714
5986
7108
13026
13146
7078
16232
6145
11579
12987
6293
11714
9009
6274
15408
8989
16263
7007
6973
1463
6917
7115
7126
9016
6262
7074
16266
15416
11617
14339
7088
4633
4615
13079
7001
1479
7041
13076
15411
8985
11590
6946
1438
6947
12981
8970
6998
11709
11655
7009
9003
9038
6180
8984
6214
1488
11697
1478
13020
1464
7107
16220
13085
12994
14359
1448
6199
11612
8946
8987
14337
16213
7112
12983
6989
1442
13039
11623
7014
4638
1460
7016
12937
14315
7055
14341
11603
8958
8928
14311
13152
7116
7046
8964
12989
11683
6173
11599
16248
16269
14312
15418
11629
13116
6245
6166
9045
13009
11676
6236
12959
7092
13045
6203
14331
7091
16205
16175
7100
16228
6157
12929
14372
15372
13033
14350
11661
14344
1432
6975
16176
8936
16267
1439
11678
11600
6964
14336
14318
13023
4626
6248
1444
7020
14370
13115
12969
6239
6204
1452
7129
13132
1455
6934
9029
1447
11580
15397
7124
13151
1426
12986
6146
7004
6923
4629
6911
7010
6930
7064
16226
12927
16270
8956
6924
8957
14349
9001
14329
11626
1423
6238
11707
13102
13100
1422
6974
15367
6240
8931
14317
16185
6995
12984
14367
11652
9037
4631
1440
6303
1466
16192
4618
13051
7035
8929
12941
13012
13140
7054
14374
6181
4642
11604
6269
11621
6300
12964
1482
6984
13035
6945
11656
14313
15388
14323
11592
7137
16188
6276
12936
6230
16223
13066
6241
12951
8974
13006
6277
13004
1434
6231
6289
1474
7090
16237
6913
8951
11582
13015
16244
13061
1454
16181
14365
8977
7085
9023
6969
14364
6286
11635
6971
13095
7125
11620
7065
13075
1457
13109
16224
6172
6992
13150
15407
12970
11624
6927
7034
6209
6243
6944
8940
9024
6983
13127
11708
7043
7066
11701
16250
7067
13000
7038
13081
12926
6206
6299
13014
11663
6929
7068
4612
7102
16242
16238
15394
13101
11654
16177
12992
6218
9046
15383
11625
11691
13011
6259
14340
8926
13148
11672
11662
7018
11613
15413
13052
14352
7027
8258
11671
13027
11577
15365
6249
11699
1431
11685
16271
15376
7045
14356
6192
12952
16262
9030
13069
6255
7069
11679
12940
13070
13060
6296
13111
1435
4646
9002
8954
16195
6961
15399
6171
13155
16272
6164
7122
13122
13003
11694
7061
6162
9035
13005
13149
8976
14347
1485
1475
9025
16172
8992
9028
16201
6288
11576
13124
13041
13034
13160
12942
11687
6237
6290
4640
13087
6233
7075
6226
15387
9013
6179
6938
15381
8995
16208
13089
13046
6963
4617
16264
15405
6170
11698
7033
16273
13072
15396
13119
15368
7109
15398
14361
7026
13010
4623
14322
11647
11682
16184
7138
11664
11690
8934
11597
11627
14360
8996
16227
7073
4641
6213
13157
3027
11644
1424
8973
11660
7101
3023
11657
8944
6955
7120
8932
13001
8999
6951
11622
6962
7134
13110
6254
12935
15373
12932
9041
7081
12990
12947
16239
11712
13130
6189
13096
16255
8990
9000
13120
1487
8997
6952
15366
6298
14330
13158
7084
15424
11684
15384
9021
11681
14357
9026
15417
13088
7087
7062
8927
6982
6223
13002
11693
7089
6292
12930
4645
16193
11619
8966
7051
2423
5335
10552
10640
5311
10410
2294
5236
14484
14461
10697
10612
14509
10461
2369
14524
5315
10632
5214
2277
2441
8656
5058
5306
2350
8667
10582
10736
14397
5133
2411
5239
2381
2295
14506
10617
2323
2296
2312
10622
10354
5043
10454
5175
5038
2316
10376
2328
10452
5185
5161
2406
10644
5303
10624
14492
10375
14535
2443
2327
10435
14428
2482
2420
5123
8725
10368
5014
2261
10660
2431
8753
14416
10611
10711
5260
5230
10521
10674
10456
14531
5258
10418
14379
8679
8750
8721
2500
10425
10488
14518
5041
5187
5344
2466
2302
10550
8737
2354
8757
14407
5166
8663
8680
5287
2468
10505
14522
10596
10651
10687
14445
5034
5237
2344
5309
5227
2307
8666
8720
5109
14475
2491
10579
10487
10542
10589
5050
10444
10489
10447
14448
5275
14434
5139
5255
10372
14390
8714
10684
2422
10512
10692
5000
10350
5263
10491
5162
8668
8746
5259
10657
8740
5235
10429
10382
2325
5321
10641
5040
10478
10413
14520
8719
10672
8673
10581
10534
5011
5100
14381
14396
5291
10501
5249
14456
14533
2494
8689
10618
14514
10458
10713
2265
2330
10443
10417
10595
5282
10432
10525
8653
8660
5232
10472
5210
2300
10643
14530
8698
5098
5134
10682
8694
2357
10446
5247
5012
14399
5168
8682
2348
2276
10553
2451
5308
14398
5209
10440
10389
10360
14495
5173
10498
10597
5351
2254
5288
10397
10728
10567
2454
10639
14499
5110
5128
10438
10482
10623
5348
2372
10403
14413
2320
5326
5077
10533
14523
5069
8662
2266
5076
14382
10702
2511
5277
5148
5241
10699
10503
5136
2414
5295
10529
10605
10635
10402
5003
2371
8744
2435
5181
14507
2470
5316
10377
10737
10355
10715
10646
5081
5020
10502
14436
10396
2255
10450
14521
2275
5217
8669
10423
2474
5035
14485
5117
10401
14419
10406
8741
5184
2460
10614
5105
8739
10428
10484
10603
5024
10666
5129
10516
14402
5283
2355
2424
10566
14459
5063
5126
10568
10712
10419
10379
10724
10731
5005
14423
8724
2376
2426
14477
10459
10725
10588
2445
10656
10601
10475
5084
2345
5013
10451
2378
14457
14433
2510
5006
14500
14474
14467
8690
5294
2434
10437
5008
5310
5331
10395
10700
5244
5293
14386
10519
2394
2409
10703
14512
2342
8743
10359
8688
10412
2505
8665
14463
5094
10522
14466
14473
8712
2449
5336
2452
2489
5021
2425
10679
5086
10630
10691
10483
5268
5163
5290
8722
10511
14479
5172
5323
5178
2392
5289
8745
10577
5337
2349
5108
8701
5099
2271
10685
8729
14392
2388
5045
10414
5250
10572
5055
10729
10564
5125
10517
10587
10520
10430
5151
8702
10578
10400
5347
2504
14458
2501
5218
10371
5270
10680
8652
5281
5138
10480
14488
5087
10411
5197
2398
5111
14516
10407
14439
10592
10653
2318
5350
2298
2301
5112
14443
2336
2391
10349
10479
5301
10696
5033
10733
10455
10421
10580
5030
14395
8677
2485
8646
2305
14418
2447
10352
5064
8650
2399
10661
8713
5130
2429
2379
8717
5279
10543
10607
14504
5088
5060
8674
14490
10604
5352
8730
14426
10574
10449
2437
5140
10471
14394
10634
10561
10709
8649
14539
10555
2317
2262
10546
10467
2365
10594
5215
2428
10558
5319
2359
5122
5220
2346
2356
2290
10655
10562
5026
10673
5051
14388
5191
2273
5272
5262
5298
2389
5194
10528
14540
5016
10719
2291
2340
14440
10694
10364
2363
10422
14510
5312
2274
2284
5305
5322
2314
2400
10369
14408
14526
10556
10496
14460
14503
5203
14534
10663
10698
10510
2386
14452
5106
5245
5307
8703
14476
5165
2375
2380
10390
14493
14404
10678
14406
2361
2416
8716
5002
14417
5150
5158
2313
8710
2439
10602
5261
5113
5202
10537
2432
14447
14529
10466
5320
10386
2297
2299
5246
10424
14409
5325
5004
5143
14469
5285
14403
5339
10583
2304
10469
2438
2395
5324
10345
2366
5167
14470
8736
10723
2251
10351
2310
10608
5240
5341
14401
2458
10645
14400
10486
8734
10708
2351
10441
2496
10637
8752
5182
5085
10547
10683
5147
5276
10356
5048
14421
5091
2331
2497
2476
5333
14442
5007
10619
5036
14496
2253
5124
10670
2324
14468
8723
8735
10539
10586
5292
10688
14383
10677
10642
5023
5330
5074
2264
2412
2337
10544
10662
10721
5141
10433
14536
14483
10473
14414
8645
2403
14497
10392
8659
10457
10538
8738
2462
14508
10387
10616
2278
5067
14385
5152
10548
10557
5265
5231
2339
2448
2384
8693
2315
10445
2256
2421
14451
