12233
15138
3476
15092
3366
16305
9386
6742
5781
6731
14942
15142
9383
12227
16283
14977
15149
5763
3417
12150
6770
38
15112
100
3359
15130
14975
8
3368
9360
12229
3398
5852
14909
9328
9289
9403
3487
94
9364
99
6775
5821
9274
5789
14177
184
14916
14171
3397
15067
12148
47
5907
9278
15108
28
9423
3352
144
6717
12203
6744
6762
9357
14988
9296
179
5893
15143
10
3383
15005
120
87
9326
5901
5874
9351
5850
43
12115
3444
3384
15017
5800
14950
15011
5770
14925
9269
3431
24
14905
16292
92
128
14992
5777
15022
119
3399
145
15122
9358
77
15151
170
12211
3404
9427
9319
12175
9287
9382
15192
3335
3411
15133
16296
5755
5742
16298
90
14915
5827
3350
16276
16312
15055
14167
3345
12123
5932
12236
3443
12183
12124
15053
14963
16311
14956
3414
5808
5810
12209
14968
3378
9277
9395
126
8266
3491
15147
113
15007
6698
9321
14973
116
15056
6669
15150
9312
187
6703
12155
14168
9399
161
8265
6788
14957
16301
9354
125
12127
16287
14913
3369
15169
5787
25
5944
15161
14990
3408
6682
9308
9402
9322
3351
12107
9306
15184
14991
6690
3403
9294
14982
15057
9270
14999
12110
5811
5796
14910
14972
9378
15135
3451
3475
5818
12191
15013
9426
91
12234
15102
9284
5846
5759
3371
14175
6734
14192
15016
12143
6681
9438
146
5732
148
9407
3367
14911
6776
15148
9331
15006
5738
12128
5887
9324
5782
3446
9345
3336
3448
15115
15131
3429
15035
14983
9415
5916
14946
83
15109
5934
5833
16277
0
164
3
15144
9350
12192
5859
5785
9422
9435
9388
6735
9363
14934
3347
5865
15177
15154
6668
9379
6777
12169
14902
5858
14929
9368
12206
64
5875
14943
15176
3490
14987
16308
15093
153
3436
9334
5882
6707
14926
14954
5876
14944
9266
9337
12231
15121
9409
12158
15000
147
14998
12182
9417
6792
3477
9313
5831
14166
3437
15
58
36
5919
12212
159
15079
12181
185
14899
6758
6686
5895
9310
3467
3415
14960
12162
15166
5886
15039
5843
9302
12184
5758
68
3461
14907
9317
8262
9299
89
5723
51
9330
175
6771
6706
14958
14190
12118
5892
3439
14932
15027
6763
5731
5844
15172
3393
177
5867
9276
3380
14959
3379
40
5773
15146
14935
3348
15040
15008
3430
80
3457
5814
3334
67
5740
12152
5912
6753
9272
12215
151
15113
42
16294
5730
6784
15187
12220
136
5751
6677
12117
9348
31
16297
5721
178
9307
3452
15173
5750
5941
14917
3392
14967
9311
14930
5792
9436
9352
6665
5734
63
103
12163
12226
12213
169
6754
14989
15051
14906
5815
9437
6694
6663
3456
84
60
6724
15089
3447
78
5803
8263
3346
12151
12198
15015
15181
3376
3394
5866
9309
5794
9425
5806
12116
3390
5918
109
32
5812
6692
112
9398
5767
142
12235
6757
16304
5937
183
9264
15127
15072
3425
9366
6718
15118
9329
14188
44
5761
3466
6689
5894
5883
5925
14938
9281
16286
9353
9390
9434
5747
3479
173
6716
15129
9342
5841
9359
15132
41
14183
15134
6760
5911
54
9408
16280
9371
15139
5736
191
9336
12205
15004
12126
97
5832
3441
5851
14951
3395
14984
12201
6696
3482
9303
62
15058
12140
14995
9404
6783
15010
5863
5914
15158
6774
5877
135
5817
9424
79
12187
15157
12166
3497
15126
12111
14970
6664
5928
5798
15188
5760
9346
16313
3455
15096
5797
5904
3438
14933
6733
98
15191
158
13
5804
15155
106
12161
9430
9429
16285
3453
5752
15171
3391
15021
5791
3484
76
6700
14919
9411
4
141
6712
6672
12153
15075
6726
12114
14908
5940
9356
9300
6701
14904
3440
14927
72
15078
6711
6662
9432
5727
12224
5921
15185
5885
189
15082
9282
166
5749
15159
3365
3445
133
15076
12121
15180
5728
5947
5822
6761
6743
5880
5847
14189
3388
5766
134
18
9380
15002
15119
5790
3460
12176
16303
6751
15114
5793
6778
105
15186
9325
9374
9343
15175
15095
3423
15168
12190
9265
9416
23
5724
3341
9406
15070
15101
14961
6710
12204
12188
15042
14191
5820
3428
12208
9372
188
157
5809
14182
15107
3342
131
14993
20
9288
5775
56
5805
12133
124
5930
15009
14922
12230
12138
15014
73
16288
139
5860
6678
35
9320
9387
5855
6785
9421
15064
3418
3363
15019
3360
57
14952
9384
2086
10112
14788
13656
15632
7387
11200
14841
4597
8543
11356
1920
15623
13657
372
15627
11379
10118
1870
12617
1784
12922
7503
14869
3895
3972
13852
16132
332
339
3892
2025
3906
16055
7583
2196
12888
15622
11383
8637
15542
3823
14761
8603
14724
2247
13931
14694
4457
12616
7312
7289
1917
2226
218
4561
12808
12838
440
7506
13679
12778
7278
3832
12704
7237
16041
8596
13806
3913
1713
8470
11173
7534
7319
4411
15590
7390
13840
467
424
10099
7595
12784
14790
4384
425
4541
12801
13702
502
12669
403
7323
1938
11172
10181
4455
369
4024
7254
11195
7433
14882
14698
1956
3921
14669
12892
15561
12925
13833
16118
489
10113
1681
12560
10187
468
3975
3827
293
333
3866
4395
1638
13844
3858
8624
15732
14747
1755
10235
359
15564
264
3960
12664
364
11274
392
12733
2011
14822
11281
1736
15538
13900
3890
4402
11234
4466
1636
7850
15641
10185
2205
14695
12840
4383
1850
12587
10184
4511
3816
12585
16165
4586
2084
7240
3775
14657
16073
13808
16094
423
470
14722
2014
10242
2041
10096
1985
7410
393
368
12590
13825
12671
14890
4483
11418
1961
1710
4583
15670
14780
10282
10155
10271
1989
4378
10230
12770
10117
373
1599
269
15719
1896
10272
1687
12694
14880
4026
1912
15616
8621
12721
15650
13692
7466
11277
15583
7469
1796
1808
307
10338
10069
2087
298
4376
321
2121
7868
10008
12571
4357
7471
16152
14819
1666
10044
13736
16157
7516
10252
12810
2211
10092
322
8515
10016
7343
1859
12813
14727
3776
15697
15603
14752
15543
11141
14717
4019
7644
2154
11313
11211
4598
4492
7535
16034
16031
13674
12832
14860
13804
7873
16081
10249
4522
268
11130
10279
344
2034
10206
8560
11181
10093
3954
3846
13795
13700
3999
498
2172
7501
286
1899
1949
1908
10052
2051
4045
7551
12643
12912
8519
14789
1994
7537
2095
13671
1756
11392
12584
15570
10293
4414
4023
1725
1795
8583
8616
1968
11203
10312
11156
7265
1706
7589
12611
14859
4064
2137
7593
4425
14894
197
11176
8469
14693
14696
3802
1665
2192
1573
4469
10225
14701
11233
13773
7363
12850
2047
3767
14802
1858
12861
13735
3815
13915
13822
10024
2039
12746
14884
13667
16053
1977
13732
254
1953
7590
13760
3863
15639
4606
4510
10109
8476
10342
14769
11189
7242
11432
2109
362
385
512
12800
13845
352
496
15546
4392
318
8542
13685
7553
8505
14757
11434
13778
3793
11264
14637
4345
11321
328
12817
12680
7629
4505
2231
10245
15605
481
11286
15618
1661
7468
4529
12703
490
1963
10246
7295
4530
8586
10236
16069
8574
279
13659
13952
11411
10040
11368
12565
4437
7339
1848
3982
11244
1650
7283
7385
3978
7502
14645
4371
14643
10164
13878
12906
1970
13728
3782
2207
451
4374
3772
4433
221
10306
12918
4494
10011
7641
1739
8555
2030
7344
7547
12652
419
12885
7520
8598
11386
12871
11238
13774
13921
13710
12562
14733
1752
2234
15604
1978
12924
7525
10079
4079
11325
12615
1822
8566
13818
3991
292
14838
7262
11410
2056
8570
8506
13938
1672
12719
1640
13655
4542
9989
4512
16103
10095
10160
7381
14652
16085
12621
13689
13920
16072
12780
3994
4536
1823
11344
361
14647
3824
252
380
8485
10018
315
8511
7855
4518
10149
2068
13923
4451
12745
10218
7380
1628
2222
3919
8465
11316
14775
10224
7359
11228
2010
13835
7355
8477
3900
12602
7465
1904
11196
16158
310
14767
231
2145
13944
13665
455
4517
295
13907
15687
14646
12823
11421
3971
7470
12796
10330
7544
8588
10283
7428
7420
10071
12594
4012
486
9998
7252
16149
13906
11326
1780
10042
1776
16120
11352
4405
10233
13925
2124
14702
14888
7277
1802
9993
1811
14898
1888
388
11198
11158
7505
1794
16144
10301
11360
2125
16037
2184
7401
10238
370
2149
15552
12864
13744
10153
8475
4396
11252
4596
1988
4499
377
2063
2236
7591
2040
14840
7353
14823
2200
11230
4562
4409
367
1864
10281
1688
4513
12791
4528
12785
11210
8565
14806
2156
10193
462
12691
8479
1846
360
10288
11350
16049
14706
11414
8569
1644
15691
10055
10257
10132
255
4591
7402
10263
13946
12613
1769
4443
13802
12877
7273
7621
1830
7284
14863
2227
12568
12777
10182
2036
16060
505
4557
10151
10120
4516
12797
1983
2028
10299
16122
3821
14779
11312
13870
7341
11245
2142
4493
10015
10331
1702
8483
10073
10295
1664
7491
416
11271
8545
11212
14741
16025
7417
4601
11335
4458
4429
10121
14707
11288
11299
384
16027
12897
13949
3973
4607
12573
10219
14762
2115
7639
7626
10311
10314
7288
1926
7459
12786
13865
15699
1880
12596
4523
1875
11134
2015
12757
4454
15661
2116
1833
3794
14791
10035
12597
11314
14785
12860
303
10110
302
11260
4569
4609
2082
12697
11149
1684
15646
2244
10307
8496
15744
16068
13717
12756
13707
12769
3869
7430
4532
2240
10261
8604
441
11395
4406
11409
10123
497
16054
16129
13809
12783
2050
265
4565
11188
7444
4439
447
11362
7522
194
14805
12701
4373
7858
12749
11330
2033
3771
16145
10243
8631
14876
13872
1797
7546
1607
280
10094
4059
7388
1915
12857
1612
1587
12894
2053
13862
14862
11179
12755
1993
7408
3799
10114
1957
10072
13727
446
514
8628
2037
14683
399
478
4354
14820
1847
10014
10326
11214
8458
4370
14659
1578
12724
4459
8466
7857
2114
1996
3959
12816
7561
8613
10081
10276
1732
4400
2215
1824
12653
10325
8632
7249
13892
12848
1785
10308
1771
1841
13855
1682
11145
15717
15644
436
1778
11175
10202
14750
13847
7585
7511
4055
11290
12887
13820
12662
7365
4346
8539
1567
471
7607
10322
14738
16077
8606
224
11417
11394
3938
1960
8508
14770
12688
15684
14886
1609
13669
16115
11283
12750
16047
8518
1708
272
515
14665
1674
13928
4029
1709
12637
11378
15540
13932
1863
13765
11322
12895
14735
13891
1716
11400
2102
7575
12606
8527
16061
12740
10156
442
4038
439
1764
13839
1639
2219
1743
4468
12753
7569
1999
3828
4039
501
4465
3853
3791
15569
9997
1614
7598
14893
13929
7313
10179
4577
12726
7863
355
4506
10054
12657
7612
210
1921
11192
12659
1829
7335
10280
10128
10017
13950
10135
13882
7600
1959
3981
15629
7479
8490
2111
11148
8455
13887
11207
2143
7462
4538
7550
2159
8473
7611
2046
519
4430
11296
11136
10102
3837
1582
16112
2000
12773
12717
14852
2170
14800
10061
13881
8530
11257
13821
15724
12598
1990
7601
12814
222
8549
7360
13766
13827
12752
15713
14885
13779
4015
10264
12727
10013
13867
427
11324
195
14739
7426
14853
3941
236
1818
8630
15736
473
16051
13752
3897
2249
11133
12634
13660
1906
1821
10195
11377
248
7473
13917
11282
10234
249
2225
15584
12851
10220
10065
10103
2119
3813
390
8615
11240
14664
10131
1601
13775
474
12739
15690
11385
15728
11150
12706
16150
3870
16076
10341
2175
10029
12782
1868
1997
14877
10165
2140
1629
12689
14705
10068
7571
3778
1581
10041
11265
10070
11168
12660
7325
8626
11215
7560
507
15628
3779
2228
2126
13723
15551
2070
12700
16080
14798
13686
7345
1585
10000
10253
4413
7496
209
14846
12795
12842
365
8592
1965
8536
1971
7342
1733
2161
2019
12673
3861
7455
3888
1827
10247
14719
15565
15665
13918
358
1691
4072
12743
7384
1624
12891
15725
1630
4504
1911
8612
13748
16059
11425
10324
13914
379
15606
10337
12708
13680
4428
10255
12633
12828
3879
1617
331
12811
3835
16160
434
11235
354
14721
16084
10318
15655
3942
13661
1883
14891
7429
461
7508
15721
15645
12763
13789
3825
12736
484
7631
3801
412
7336
12656
4390
2044
14849
1596
12681
13942
2201
10066
4515
1679
1622
4585
2099
2105
11285
4489
10180
16082
7272
1758
1734
8634
4075
4476
13816
11174
7597
10285
8544
11430
10278
1678
7645
15553
2072
14845
15703
3786
386
1689
10332
394
1838
13886
4416
8641
12834
10091
10275
14697
15672
278
1766
3787
14763
4063
12601
12867
1807
200
4057
4415
12709
12707
14808
243
7243
391
10171
14700
16131
1792
1773
16040
4578
428
4472
7576
11165
1759
4030
15643
4450
16134
13792
13790
12859
7579
10302
8573
336
216
7610
14812
13691
8595
7454
13721
12767
466
456
10038
7869
1699
15586
14656
338
8638
4507
2043
10034
10124
2020
15581
2235
3841
10067
1613
9988
1566
4571
4576
12899
1894
13902
12705
1715
3887
4389
16104
10122
16167
10176
7489
250
10277
14651
9999
7563
11298
1869
11333
3934
10321
7244
11242
1987
11304
13770
7314
1592
12903
12687
7870
8559
3773
7633
13926
10090
2191
1671
4399
3944
12666
8591
2152
4002
1901
1572
12722
3958
12874
8535
517
1966
1631
8614
8525
12654
2120
7603
15571
3805
13720
13763
7432
1729
16091
13842
13805
15700
13810
13673
8500
12690
8501
7570
409
1747
2021
3770
2023
7349
7460
1923
2035
14865
14851
15566
14795
7393
7572
1806
15595
11266
15635
15706
3920
1801
2057
11239
7536
16087
1714
14776
16086
1620
10050
14726
3928
2212
15585
11131
15549
14826
7257
4034
7495
1914
11437
13750
8571
11213
229
13668
7557
8495
1618
7400
7457
7616
7350
509
13815
11318
7286
12768
16021
10300
2122
15720
8512
14796
203
8494
7329
4041
8593
1942
2169
4427
8523
15640
15593
3798
7567
11151
3788
199
1992
12682
14744
2237
1919
15647
15688
7299
12742
12567
12684
1690
16058
11243
12748
4352
1839
1855
1667
15612
1941
8636
10199
3838
262
1588
13756
4600
14768
10178
15681
3862
2187
13884
7515
12591
11323
396
10026
13936
16090
10077
15747
1593
435
304
4013
13697
3904
14644
260
14703
7235
13714
14833
2188
12902
13754
15666
1786
14686
12618
14671
7588
11431
319
8554
7637
14827
1600
13916
4343
14670
10336
387
15557
11284
15686
7369
15667
12635
4582
7291
1865
11353
14713
1813
7635
2138
493
2132
482
12641
7559
4589
15653
14677
13663
13807
14804
16147
7412
11159
8644
16024
12658
10082
1703
2106
14720
16039
8553
3842
7526
15624
9994
266
1724
14729
11164
1603
15682
7334
13704
11263
313
12614
16162
382
11254
10115
3876
12758
11402
14892
13746
7448
4005
2224
12821
408
14687
14813
15662
16153
15544
326
15741
12835
10126
309
12831
9996
13797
16026
16128
10106
1787
7377
13951
2204
10162
11202
375
4418
13708
3822
3844
2147
1748
7446
4423
12695
11319
414
13912
7256
7274
1930
13771
402
2203
15648
3955
7418
7389
8464
14634
3881
11225
1876
13854
14858
10323
7296
11301
3857
7552
15723
15709
10211
13688
10009
2066
366
12713
1692
205
16117
4448
3953
1705
2008
1641
312
10203
13939
4456
2146
12627
4527
14712
14662
11433
11177
452
10116
1927
3768
15610
13858
11147
3998
251
11389
457
2238
10006
7441
389
8600
3864
11358
1874
1742
11340
1845
3855
7340
10058
11357
2069
2166
14711
14847
7451
3800
2167
7422
10107
3790
10084
450
7643
12563
12790
1902
3957
316
1696
12908
14639
1697
3817
11157
11341
7239
10101
511
13722
16093
10175
3924
4573
1625
8487
3812
13899
1940
1972
14797
13851
4540
7302
8642
11249
7413
4497
4025
10210
15598
201
3950
485
7438
16046
1844
12702
3915
7463
1707
15589
13838
13831
11332
12822
1810
11183
308
10217
11303
10262
237
13664
2083
14825
11248
3979
14753
7467
15579
7533
13898
7450
1828
10173
14834
2183
10158
12805
10232
12589
3854
3774
297
15735
3872
3911
7640
10215
1946
7617
2094
10130
1735
15716
4046
1643
4076
1647
11415
7264
10240
10266
13731
1998
7354
7555
3781
13658
12570
10335
13924
472
13823
11272
14715
7542
14765
7346
14868
8597
14815
14679
7530
503
1616
16137
7615
4509
10125
3966
11315
12605
271
15680
3831
4478
1653
12631
267
7624
14642
16127
8627
198
13945
7514
2085
2029
2164
8625
8492
1751
415
356
504
1878
11337
13814
11289
11144
14641
13718
12776
11194
7486
7427
13772
11405
8578
2202
12698
3886
4419
14842
10141
13712
12799
13788
12693
223
12600
3937
7521
11146
3785
14856
7367
7859
10227
3916
13860
16032
11287
202
7477
433
8509
15718
4435
4031
13813
3963
4590
10214
13672
3766
11294
1774
12582
10157
10007
4009
397
10251
3830
1676
10221
2092
7545
1655
4503
10064
1753
13803
10004
422
395
4547
464
15695
7255
10192
11267
7864
3946
7554
3986
1849
4441
14818
12599
15633
4553
10166
8537
7271
4519
15704
7549
7333
3810
3969
12645
2218
3914
7241
14837
11178
475
10060
10010
14799
10174
13859
7622
4464
2027
13819
3852
10287
4495
4546
7604
14872
4566
244
7582
9995
11222
4610
7267
2129
3905
11180
13670
11293
14874
7573
7461
3814
11426
193
16130
10111
4446
16078
1580
13780
12710
10196
7636
10313
4004
2127
3899
13684
4473
430
10260
12901
4550
12883
261
4078
14691
7331
1711
15562
2059
13843
2189
7531
7398
11205
10046
2062
12839
418
7628
1704
12802
8617
14824
8547
12730
15556
3935
2157
4602
7309
13876
13812
10105
13767
3843
13733
4377
12630
1803
242
14792
12579
4477
10022
11140
1843
12824
12820
192
15657
3956
1768
12725
14636
13937
4050
12592
14655
15545
8582
14714
2001
1648
8513
14668
8499
1804
13785
3834
16105
2173
7476
431
13798
14635
1854
3945
4482
2214
7539
4388
7251
2230
443
290
10057
2130
7437
12900
8480
11347
288
445
4500
2198
8452
13758
16079
7370
1837
12665
13846
7442
11361
15541
4421
516
10286
7482
2032
1659
240
15710
11354
14283
5953
11848
3117
759
786
9842
9911
3226
9768
16391
14251
11807
3239
3101
11872
588
3104
782
618
6796
684
9909
9869
11785
9688
3213
780
729
11795
15315
3250
15327
16397
16365
764
14249
15352
3280
16398
6826
16380
3273
6850
3112
9707
14289
9802
3304
16389
653
556
3286
14237
9672
11857
3106
3329
3130
8102
9941
529
11792
3078
6868
11869
3215
16406
9951
16341
14236
9798
14274
9824
3276
8144
11828
16351
3072
3282
3102
16378
3134
9692
831
726
3243
14205
569
9822
792
769
16334
3169
3277
677
14216
16393
11796
9885
3061
3123
14254
789
16430
818
16337
3308
15290
3093
9678
3331
3255
15361
14269
9767
15345
9801
691
9783
9880
15363
11823
9690
3049
3206
3294
3047
6848
16417
6802
8101
9674
3121
3238
9777
535
765
3152
14262
655
9977
14231
598
15350
8150
6874
9799
11816
3231
3033
3154
678
6842
808
3208
3207
6900
9825
14213
3163
16336
6845
6865
15325
15317
750
9902
9868
9716
11814
8132
3073
9943
14207
5981
9914
3195
16362
9797
5975
11847
14232
14291
711
14197
9834
8135
16375
11844
14226
16385
3050
14284
3244
9766
3330
3126
6798
6897
3307
14273
599
3084
3065
9727
3064
14256
6797
6858
15362
9865
3237
6803
3236
6816
9689
16427
3077
5979
6893
15318
3325
15292
11878
9823
614
3302
689
634
6815
11884
586
3160
14297
9978
728
16408
540
11801
3230
9887
5969
14268
686
8119
3214
9815
3111
15346
8097
8096
9710
14215
16332
579
6811
5966
9980
9923
746
16335
9974
16379
3246
9947
821
9812
660
15328
11859
9749
3191
16396
9681
829
621
8125
9765
3266
777
9935
9741
15320
16395
651
14290
3132
707
3091
9982
3323
8120
3164
16432
15307
6809
15337
6801
8155
14225
14278
14285
3074
3306
3188
14280
3259
8104
546
610
11855
3197
572
3253
709
11836
6840
3232
5961
605
708
14271
6806
9961
8079
14238
520
632
3136
15336
9875
9888
11880
11794
11865
9907
9870
16392
3041
673
830
16344
3071
3221
6888
596
791
11867
9730
9884
9729
11824
11871
14204
6902
3298
548
16419
9708
14227
9810
790
11838
705
9933
14257
9916
8099
14264
714
3067
8090
9761
628
11850
9829
3173
801
9917
776
9860
6834
562
11830
11820
16444
11842
14233
6861
5956
9840
3196
3151
9715
667
3242
16369
9793
823
9696
16342
9743
3179
14302
8154
617
11843
9861
14276
822
8080
15300
812
16437
16339
14306
11853
16343
14246
3249
9769
3082
14208
3328
8107
11811
9863
15291
580
757
591
16399
15299
16354
741
3305
3165
14286
14245
9929
590
6855
9959
9878
9702
9953
14255
6856
16331
3066
3216
8151
14252
11860
9738
3043
9675
9806
9746
3245
14234
8153
9794
783
14198
3098
3055
798
9713
577
16405
658
11812
6818
736
9699
669
755
16394
571
11882
15360
657
8103
14263
11833
703
3224
3205
3144
6895
9832
14258
3177
9739
3053
639
15347
583
14303
9670
16322
9983
558
11868
9720
9770
649
3313
11784
16422
16359
730
16353
3194
16327
732
751
6851
9965
16376
735
6889
11840
16438
9862
9779
3137
9735
9866
14287
3272
553
3321
5984
3133
14235
3324
763
14241
8129
15348
5954
9882
9789
16418
9816
9876
600
6910
666
3138
15359
3316
6827
9928
676
668
9881
14296
9892
3267
762
9726
3032
16412
9874
6793
9813
15306
15331
6810
8138
14288
9687
674
9723
824
16429
5960
699
3085
14240
9805
9925
803
6843
9847
6879
3192
5977
625
528
775
9732
6866
725
752
11877
6829
3185
593
5980
578
645
3290
9948
14267
15334
16390
788
748
644
698
9719
807
525
15341
813
8081
3200
15357
16329
9755
3203
14281
3260
5958
9811
9852
3147
9698
16443
11852
8127
9960
14299
14307
6817
3269
8145
9676
16328
5967
715
3297
9957
6822
744
14196
3118
682
14250
6839
6901
9912
6852
3114
9776
16407
3094
11854
3096
3190
3059
3058
611
9684
8094
5976
799
9808
11805
825
15339
607
6857
9747
552
3069
15294
11818
5965
670
6828
3176
16436
695
9837
6867
9751
820
6807
6882
9740
814
14212
9665
8133
3110
624
9682
8086
11800
11809
3062
9778
9919
14248
6819
727
8118
16320
16318
5950
9706
9744
9967
753
9712
712
9669
3081
3271
767
3156
8091
3037
3315
3103
3030
3107
3060
11874
11829
6808
9705
6821
3309
6908
3223
3263
3075
3320
15308
6830
3279
8089
16374
14224
11821
604
3054
9901
11856
696
6820
8140
9759
9786
11851
3040
9899
761
800
3036
3268
601
11879
14259
6877
3295
3113
781
9685
9905
662
3211
6795
3301
9668
8085
16424
9839
6835
9718
15296
16439
542
8130
3218
9931
8126
14279
11827
3186
14200
3220
9694
9800
826
6880
14309
9921
704
631
6876
16352
15321
627
664
9857
713
810
612
9691
9926
694
6886
16324
11870
16384
15356
6864
11875
9828
11798
15301
6812
11802
16420
15333
8078
16372
9818
3275
14218
16316
9970
14230
9843
6898
785
656
15354
3288
6870
3265
6907
16383
4244
15775
11561
14037
8790
14076
7672
834
5504
1039
6477
11482
7720
988
5679
11916
946
9220
14087
5468
14584
9193
16626
4123
6484
5619
5632
12075
5658
6475
1011
9106
11552
4235
7775
13965
5622
12029
7796
14072
4194
16619
7687
6454
13955
9064
12023
6380
15789
14563
15800
7925
7911
8052
2739
4304
13956
9188
11996
5560
5409
14618
6461
858
5406
13980
16569
5408
14044
6320
6472
11897
11995
11508
5494
989
15196
16481
14151
4093
15794
15213
4213
7946
11942
5506
5562
5536
14096
4305
12102
9128
16601
12048
4250
5642
14086
16612
4145
1044
976
9201
9191
927
840
7667
5645
9207
6458
12076
848
5692
7949
9085
16553
6402
14083
7800
11924
13962
4204
5400
7922
12053
7759
4174
6317
4153
4091
7787
4292
14546
6325
1049
9070
5693
14597
7788
7928
14149
2749
11992
5381
8034
15768
5366
16594
1083
5384
937
14050
14134
12050
11972
14133
13984
4224
7920
16531
7652
5617
1018
11893
11467
14006
16478
12036
16558
14630
8058
14058
4317
5431
8069
985
4121
15263
14146
16620
11469
5606
16611
7686
12061
1040
11997
6388
7953
9244
13991
14057
1036
4175
5363
7762
1045
4223
7662
15210
1090
11895
11888
11557
16510
6327
5430
4131
15211
14075
9237
16552
5490
4086
14003
9209
883
982
8011
11912
5705
15751
11545
14555
5448
5368
14122
14040
9067
8053
12060
5395
7832
6330
837
14605
16532
6306
7959
13959
16513
4122
11448
4138
7930
9210
15239
16493
14097
4229
4313
4205
8043
5608
4311
16472
9080
11889
4125
14542
6371
5605
9179
7810
1023
8065
8009
12079
995
7713
5499
899
5432
16548
5498
898
14587
991
7926
7700
15216
2743
9071
14547
5607
5603
12031
14113
5380
7948
11917
14020
878
5719
5601
11478
987
6434
16585
7726
12034
4139
9199
6340
9113
979
14578
8770
7826
16565
5621
7679
6460
11920
5711
8054
16578
15253
5683
15215
5675
9194
5669
11451
14026
11468
7917
7781
11919
12040
14089
16458
5636
15237
9135
14147
11514
9189
5377
4306
6305
4286
902
12058
865
7789
5628
12035
7743
7916
9068
14046
4284
14602
5355
9110
14002
11498
7682
7965
15783
11905
15209
4133
14613
9234
16524
5440
15212
7952
867
11515
9111
5459
7977
4134
4301
14092
11940
15228
16537
4208
5654
9097
6350
5456
4128
6343
869
5367
7933
8063
15204
4202
5541
14022
4188
4248
926
11555
958
4156
4152
7761
972
7731
12078
8775
5414
8782
16461
993
5484
7656
7694
7839
16567
14079
5700
11464
14599
9233
13975
11945
7961
4294
14090
14568
4212
12073
9252
6355
1027
11983
6442
6451
5386
11450
9260
7822
12021
4085
13985
4108
12007
7776
866
935
11445
14104
4225
15784
1050
8060
6372
14580
11539
7690
7831
1080
9081
6478
1025
7727
9108
4258
6304
16618
5570
9216
16521
5476
9232
16535
911
9169
4201
4140
14623
16464
11443
11923
9214
5365
6387
7967
5695
8784
7780
8778
1059
7753
6470
1057
5684
4200
8028
8051
11935
7660
16497
12096
9246
4217
5437
6314
11547
9155
16629
5477
14598
7717
5648
14136
9243
5688
7823
7747
4177
4117
14622
6443
11551
5489
14001
16451
5392
886
4296
14592
7927
14065
9134
4241
14585
5547
6391
4180
7919
5530
880
859
4141
16576
4118
9074
5373
7973
7779
12027
11976
9198
7670
11459
9208
6341
5640
5471
5413
6420
11513
5545
16503
14614
7732
16554
8780
4211
12046
1064
16627
16459
4293
8015
15797
15203
14595
1084
14025
4288
6452
16602
13957
914
2744
7706
11986
7740
7681
6316
5405
8789
7758
1085
8791
1028
14023
16540
14081
8786
15230
6469
7808
11911
13978
16634
16563
5566
8059
4144
7680
8767
7648
5372
9187
978
5623
14048
4302
16624
4150
4116
4319
909
16542
15770
6424
4206
6421
16484
5626
6326
1067
16549
9077
14117
14093
11990
14154
938
4283
8014
5433
4198
5703
11962
9063
5375
15229
6379
11896
14620
913
6383
7820
5533
5690
14078
5561
9095
967
1029
16529
8041
8761
15803
9184
974
16453
5586
5453
11517
6415
8016
7659
5421
15788
11522
12041
16595
11941
16608
16607
11925
4239
16471
922
4173
1033
5546
8040
11915
5444
5411
11887
5447
11930
13969
7993
4146
4230
7825
4271
4266
13966
16579
12106
6396
7772
4265
7784
4172
904
9147
14541
7716
14548
5578
11890
12012
6431
836
6445
14612
11937
5500
5716
4142
14064
5580
6313
14100
15198
4263
4109
7924
6307
8018
11951
929
4101
5553
1043
975
876
4215
7778
13997
9236
16449
15755
14591
4090
5450
5417
11901
9212
13968
15233
15767
5403
13998
1068
8764
14140
8017
15765
917
5467
6378
15793
9202
16545
5542
16489
14031
872
14080
14120
4094
12010
5487
9241
7665
11474
16570
5515
7669
9088
15258
7947
16516
16511
11548
8074
977
949
14566
14575
5643
6381
14560
11479
5667
857
15786
6437
5516
11531
14055
6412
15226
13954
4298
7757
9197
9250
12051
11442
5399
5652
5687
6439
5420
9117
6357
11961
11472
16543
16507
849
5416
11556
6364
4129
14088
14111
925
9119
9240
7722
9120
15225
11507
918
11998
15802
5472
12097
11959
7941
16495
4231
11449
7730
9225
5579
12019
11966
7677
9180
11886
7805
838
5653
16593
4179
16556
15222
11538
12025
8785
1013
15259
5707
7695
960
14124
6476
7650
7766
7729
5469
5589
9100
7703
7655
6333
8760
16522
11516
9160
6419
4132
5524
4222
11949
1003
8007
7846
15257
7692
14156
4151
897
7790
9066
5479
11529
16582
8076
14573
7676
16454
4316
15232
1024
16617
4251
4197
9112
1034
6459
5379
16520
9082
5633
9203
7972
12033
5554
9249
1061
1026
4216
5625
6428
983
5575
11480
14593
1093
11967
6351
5718
7845
9149
5563
16502
5514
12093
4190
11541
16555
12069
1020
14063
4285
11534
14625
5556
16463
6423
9247
5538
4256
5383
4300
16573
11481
6483
5429
16600
13973
990
4218
14061
15752
5508
5488
7970
6429
5548
11993
12002
4318
16536
11894
8006
5637
7834
8779
6417
14127
11987
14085
6347
12000
9079
9139
15217
5678
14027
11899
4102
14603
903
11533
9215
5708
7913
7749
16596
7848
15195
4080
9190
9102
14123
864
14066
5702
8000
16566
14601
9228
16476
11938
15756
14010
14571
11527
5419
16622
8035
14125
5513
7998
7724
5412
9061
5501
6450
11973
1072
9103
15799
14610
5663
8769
4106
15267
11974
7821
1005
15199
16457
15242
8787
12049
1037
12067
14155
15753
8012
13987
5389
15240
9262
15219
5398
5439
16606
7654
7739
11932
5662
11494
7742
4236
4191
4252
9073
16467
5502
11490
6435
11933
14052
6322
8050
9086
4275
9072
5600
4219
14137
11926
4193
14036
4092
5644
12059
7921
9175
6466
5382
4184
16590
1082
8763
12045
923
4312
4168
5369
5483
5449
6468
9163
16473
843
8070
5388
7728
8759
1001
4308
5505
8004
16528
950
14558
5364
4099
15749
1052
5376
8039
901
6485
15248
1047
7842
12006
16474
6310
7671
5426
5681
12039
5402
5582
7978
5596
16534
11452
9126
11977
932
9222
8056
14118
5709
9221
873
5529
5455
14148
15795
9154
959
1055
14142
9144
8029
16574
5704
5415
9107
14042
1006
16482
9152
11475
1088
4203
6425
5592
6329
13996
5567
894
14589
14114
6422
11914
7813
5696
7938
961
907
5641
4196
6338
9150
5454
15208
4242
7912
5712
16492
16477
6403
9245
874
16592
16466
16571
6449
5371
6328
6393
16470
14015
7847
9090
6323
7651
856
9173
879
7990
882
16613
1089
871
7995
992
16621
861
7976
852
6397
16499
5612
13990
1074
5627
14084
7678
7793
11931
11984
968
5597
16586
6359
5635
12038
11544
9130
7719
1051
9159
7966
5496
11521
7985
14594
14152
7940
4214
9172
5518
12022
15243
887
16483
16525
14604
5442
5565
8777
14132
8046
15787
12009
11981
5492
8010
2748
11447
5540
8030
6345
11489
7696
4267
1002
5401
11505
14544
5598
1014
9204
14550
12098
8021
16450
9069
12005
4119
5525
12070
965
4268
11978
11497
4159
6408
12042
15778
16460
5462
4270
11908
11492
5374
12066
12080
14082
4255
16519
1075
12083
6382
14009
7957
6394
5436
13977
12057
8032
5358
16539
9186
16480
4299
936
16605
14035
6407
1070
851
7844
986
4148
6392
9118
5630
8771
11466
6474
7745
14105
931
5473
5614
1016
16498
11477
4143
12105
12103
16517
1012
5461
9161
984
8774
6399
5356
997
6448
4282
5698
14091
15264
14619
8027
7954
4157
892
14131
13979
14029
5559
12084
16588
5660
5673
7709
4114
11910
16456
5649
14561
6447
11460
14034
7738
14101
14119
842
4163
5528
14103
12003
14067
7733
11991
5422
9093
7975
11461
7830
16568
5676
11512
15249
6395
6374
14586
12044
15224
11900
16500
8008
15268
9176
9075
16628
6362
6404
4081
4226
16616
4161
12017
15781
6410
6398
980
4187
16551
6457
14144
11957
6334
8005
8057
14062
11558
7837
16496
1000
12028
11476
12091
12086
1042
7723
4314
966
6547
6533
13431
8817
12245
2990
1176
9461
15512
15834
3698
9608
2759
12320
12319
13194
13540
4843
16004
1172
9060
10764
10943
13382
2658
2986
15429
13639
2558
4987
12454
2611
10961
15940
15473
12437
3744
16018
10949
4713
15457
4854
3597
8344
8873
7150
12326
8394
6078
13227
13363
2994
4734
4743
9570
8387
13386
4856
4753
2834
13315
7223
4895
4817
7890
1560
12325
15961
12322
2636
8211
13174
15477
4756
16007
15482
6124
8240
7891
4985
13481
7884
13210
11763
3581
15818
3761
8898
1237
3004
9454
15915
13522
13643
3648
13416
13567
11094
4928
3681
1396
11722
2754
13478
1276
2813
1195
3631
4905
2764
4939
2977
3594
5995
8850
4889
11563
13429
3704
13405
9555
12551
3618
13181
3577
8160
8872
8815
10928
8253
6582
12369
1521
3724
4328
3517
1335
2948
2929
13589
7885
2613
4818
1502
4953
8254
10913
4946
8438
6134
8200
13587
4947
1272
1253
2823
7882
8840
6593
15983
13427
13528
1503
6539
1344
2581
15468
3527
1246
1392
8913
2771
15271
1223
4714
1327
4799
8228
11567
15426
11062
11745
2825
2796
13171
8432
11088
6619
10974
3741
3011
10777
8896
9623
9500
1544
9551
12475
13597
10834
10799
10903
13195
13280
2689
3627
8904
2820
10979
1169
1114
3551
10911
13466
4838
8209
2790
10960
15431
10781
2533
10895
2513
6588
11054
12380
13438
3586
3682
11080
13635
13630
8800
15993
15499
13317
12446
12440
2965
2512
6615
2971
1496
13505
15977
2854
6640
6093
4909
3554
3509
2933
1138
2794
6621
11011
6571
3598
10988
12321
1136
1206
3674
8895
12363
13434
6520
6626
3552
3731
1166
11063
8298
9491
13344
1356
13562
15827
4952
13263
4669
8380
6105
2872
1364
3580
6505
12310
13420
4779
13256
2529
13642
13459
15435
9481
8852
3610
6123
13555
1304
4331
12488
12345
12515
2520
16019
10896
8445
12250
8430
1102
1121
6073
1299
8849
15442
7199
2938
9492
6488
9661
8303
11073
9523
15995
9573
2819
15472
13187
15965
12413
6082
15889
1380
8189
6649
13453
2649
8337
6097
3592
2827
2815
11102
2524
12473
2543
12370
3764
9626
1336
8922
3553
2870
3587
4865
6053
8341
3725
6137
9448
2891
1345
13393
11123
12493
7201
1235
12431
15816
12424
12323
1374
13186
2945
1413
2622
13637
12521
13392
2950
7230
4766
10881
2880
3628
15969
1353
1358
6104
6568
11741
15503
2554
6044
1515
11761
8855
8427
8799
12273
9530
3611
15487
4758
10932
5993
13250
9627
10864
8307
2985
1296
2693
13560
9514
13214
2572
11732
1512
12511
8869
9637
13538
12552
1306
6014
11728
1300
12500
4692
8174
4996
8223
13262
13257
6493
4688
15488
15898
9506
1156
13572
1398
4902
6094
1377
4990
3563
13476
1147
7161
2847
1182
1385
6057
13255
6605
5996
4833
2898
13583
7178
2812
10838
13638
3505
13618
7206
1529
11067
7212
4809
13274
13523
8884
11046
4796
2835
3686
6541
1492
10779
1406
9520
4787
1519
7893
8318
13266
9640
7155
13164
8373
1506
2672
1119
8853
12410
3632
4910
13464
3573
13595
6516
14158
11109
13348
8376
13529
9554
6561
8275
8879
8865
13311
8830
13176
1157
11116
6659
2606
3637
8395
2695
1366
2537
6531
2673
9477
3645
11105
4989
11771
2608
4917
8881
1533
11053
16006
3756
6113
13273
9544
15430
2590
11758
15452
2770
1168
7903
3669
13372
15497
9596
15861
2844
7209
6041
13294
10999
13166
6068
4681
13439
2775
10865
1110
6089
12469
1244
1183
8391
10985
8794
3012
2996
1245
4326
3677
13367
4938
2879
15920
12460
6562
13337
13184
2707
8838
12538
15945
15903
4324
11092
13204
3576
12408
3661
6029
8345
15838
11114
8251
1193
2679
10939
8269
8238
2703
2617
7888
2846
6653
1095
15483
8320
8449
4765
2902
10784
1365
10853
15480
10825
1504
4672
9048
15454
13553
1101
4702
3721
15518
13526
10916
13612
2723
10894
3759
15443
13651
13570
9049
2560
8327
13253
9616
9619
11775
13422
13326
13462
15453
3685
6560
4725
7187
12377
4772
12467
13220
9468
12524
8173
10905
8877
11724
15858
3668
12366
10800
2761
1338
9483
4949
13468
9550
15837
1270
1222
2650
1247
6570
13358
10875
13446
12277
2923
15982
10976
1094
13511
13170
10984
13360
8848
11030
10776
6614
11087
10963
15533
8197
2705
12414
13573
9632
15960
2594
13584
6535
6506
7182
15994
8293
13508
15502
7180
15509
2603
13609
2556
13212
15922
15999
2829
15929
3539
1198
1367
1149
7171
13543
2720
11045
14164
10987
4878
8402
15901
10788
8400
3605
13309
9633
9485
14157
1326
4827
15893
3733
10990
8814
1187
1305
2682
4775
13200
2629
9443
3614
2735
12258
4701
12268
3678
1559
8893
4676
13542
4855
1505
3746
2614
4707
6024
10791
8863
10798
3569
12448
3501
12403
11002
4806
6620
9474
15276
13494
3561
1131
4800
13409
1191
10830
12384
2776
8169
6555
6573
6086
1408
11004
12458
16000
4789
12490
11003
7901
10860
12341
1391
3555
13491
2644
3709
13267
1141
13258
8443
10819
3717
1493
7219
13447
3660
8860
6540
4955
8161
2917
6102
1256
11089
10820
7194
6492
12394
9504
15495
4656
4966
2676
10812
8179
6525
1527
3565
2920
6091
12389
8282
1287
4694
15998
15912
6140
12284
15888
13269
2534
3534
8917
16003
3613
6072
2530
3671
13379
3636
3532
3533
15516
3558
2571
3504
13551
9446
10744
1491
12387
6636
3015
9516
1239
15942
4327
11028
6527
3600
1375
9490
2643
6602
6628
2860
1295
11032
2750
13452
2615
15279
9463
2932
8818
4723
2518
12502
8871
15954
2806
1252
6103
9517
1221
13585
10953
1547
6537
12297
15851
4979
15456
10909
12288
8429
8168
8316
8816
6118
10780
13396
3650
3601
8379
6594
12379
4880
10885
6558
13190
1310
13328
10884
2552
9470
6610
2992
11122
4757
15981
2652
12546
3516
12404
1190
2824
1552
4770
10747
9575
4970
11081
13632
13534
9649
1199
8165
13524
10915
9498
2826
6083
1331
9511
12371
2647
4687
1116
4934
13327
9561
6034
4763
1384
10944
12529
10921
12479
10778
12262
1284
6502
9540
3625
13260
2895
12254
8364
13355
2833
9648
15971
8359
4913
6517
2974
2667
4944
15894
12491
1303
11111
13304
13467
3021
2722
15937
8194
10952
1150
13275
6487
12470
1328
2972
13276
1535
6523
2998
4904
12451
3716
2968
13406
16014
4705
3699
2632
1179
8435
10801
8213
9465
1224
10907
1174
6534
8847
12433
7160
1213
13614
3743
13506
12243
2906
2526
11110
3623
12299
13645
6046
13340
11772
6528
3547
1115
13558
8278
12481
2988
4784
8384
13436
7197
3765
4873
13485
8322
4683
8192
3755
4339
8185
8242
10755
8831
1164
4831
2709
15874
4759
13408
10792
4836
13169
4798
11733
9052
8399
2946
2668
3718
11024
11041
13398
2664
4875
9605
3595
8180
15846
2822
2976
1135
2884
2557
8862
9489
9494
9444
4975
15438
9484
4956
3720
8301
13594
2659
15439
10759
13480
6641
11734
3538
15909
4745
1242
13493
1126
12391
13353
12449
1386
12399
13198
8412
2604
7876
1208
3619
8252
3520
4976
9054
1407
10908
3695
8836
12544
1236
12255
1261
8842
12276
9638
6022
9515
12333
1225
15492
10802
6598
1329
10892
10910
15821
13531
2677
2579
2621
7188
4828
8285
9624
10836
15515
2887
2625
1322
3503
7168
4664
2840
2882
11044
13342
1399
10880
8339
6518
6090
6530
1346
6033
12554
1511
13343
13557
6065
9440
12492
1197
8844
7200
10861
15280
1203
4847
9059
13163
2601
13613
2814
13448
1324
1354
1370
9531
3749
6545
8164
15905
1302
15527
9449
9466
4686
15277
4726
15881
3656
4716
8415
15890
1417
11066
3524
10763
6651
10969
8361
2624
1411
2973
13411
10738
2736
15902
8218
15948
8914
1419
13289
8369
12525
14160
1194
13564
1369
12312
11034
13432
1124
4673
13412
6631
15520
2774
11113
8308
3546
4984
9458
12507
4941
8389
1402
13490
13222
13530
16017
6514
10902
15980
9589
6624
6108
2593
6603
2769
5998
1103
12513
1209
15496
2781
9659
13605
13224
12241
9537
8224
4884
3736
8212
4764
10814
3542
15959
6077
13183
2886
3639
4893
2978
4824
13292
8351
15537
13199
3647
3529
8215
8812
10739
13568
8883
8176
9534
11739
4940
8809
6023
12471
8810
15885
3575
13550
8892
1212
3684
1113
8294
2641
1321
11770
8824
10855
9597
11565
11036
9660
8342
2645
6618
1397
8382
1106
2565
3545
8828
9513
11119
13460
13288
1351
7152
8829
10970
15474
8338
8247
2575
1133
12557
13313
3714
15506
10927
2599
14162
13648
11742
10898
7170
8221
6037
12532
13626
8290
1538
2576
15868
12338
1401
12330
3697
8310
11009
8217
3540
3603
12390
12249
1497
10795
9509
2838
9576
10904
12267
4859
2609
13282
15924
12398
2943
13426
8186
1337
10770
2991
11566
3690
9453
8889
9658
4711
8227
9526
10941
8839
13580
13622
1267
9602
2698
11064
10914
12289
15814
15950
8398
2642
6106
8861
13179
2910
3602
4695
10900
12442
7207
2862
15829
4837
6559
3599
4747
12466
15979
6015
6128
1155
8894
2982
3703
13370
1196
9622
3670
10753
1139
8172
10765
9471
2874
8246
7892
9579
8396
4861
12522
3560
8859
12392
4682
1277
12272
10804
9651
13366
2685
11071
1333
12558
10918
1122
6643
13624
10890
2562
1217
13320
1313
1186
3673
13498
2768
3635
9519
4808
7176
13554
8335
9558
3006
12436
3752
13598
9538
13325
8315
1275
8292
12353
2600
12240
15427
4754
15891
2691
16008
6003
8205
4876
8441
2680
1314
7221
15975
15485
15886
12402
15833
15990
8381
6114
15484
6608
15947
9584
1233
2715
7210
1360
8887
6100
15820
6655
4899
7881
1555
1167
7198
4930
6623
12487
13240
10789
4849
2930
6054
1181
9472
9663
13625
3702
4735
2541
12257
12497
2516
11097
9655
12395
12447
12465
8422
2755
8239
5985
2718
13307
12509
4325
15916
10756
8375
13454
1298
9450
1232
4973
4877
3730
9051
12303
13486
2839
6578
3606
1142
11091
15967
9564
2535
1389
6632
1371
15436
3617
13368
10816
15828
4821
3010
10809
6112
10783
1282
13387
6549
15970
13233
6092
12445
2566
2963
4717
9603
1532
2845
15830
3689
10851
11020
7215
12238
4857
12527
9549
10856
6040
15839
2907
2816
2856
2607
12461
10991
1536
1293
6554
12348
6085
4911
15907
1318
9525
3567
13450
4892
13547
6500
1494
11052
15927
9643
3664
10785
13443
6042
13499
8268
13173
1352
9578
6059
4969
12314
4773
2687
6630
1523
8244
4330
8401
2979
2584
13433
9628
13444
8416
8288
2684
12407
2878
6004
13456
6055
15963
2949
9604
9635
2701
13331
6027
12313
3526
12548
4962
2670
15899
12246
9571
13535
1316
4851
13310
1112
15486
11016
10906
2961
7887
2653
9469
2633
4801
3574
6646
7227
3649
4667
8234
13361
2733
8858
1400
2999
2711
6575
10790
15526
6591
1390
13391
2921
13501
8321
8864
6504
12501
7167
13591
13544
3584
9467
7231
15508
13375
8280
11768
10948
13574
12324
12334
6130
1348
12372
6017
8237
9599
11727
15840
1153
6101
13300
4340
10973
15521
13216
2783
2731
6045
4992
8436
1227
13339
3016
8833
2931
13230
11095
2830
6495
11782
12271
8365
10872
10859
13394
15510
12415
12443
11049
3506
13389
1317
1177
8163
2619
9560
4762
6585
13357
12419
4778
4922
1553
4972
3662
15831
4820
10863
8284
1175
2924
10850
12393
15836
1283
13539
13482
2980
8885
8798
13305
2936
1342
1184
8360
8925
1541
4999
9617
7211
6576
9639
10931
5999
2706
1495
3641
1307
8875
10891
12472
13359
9556
4823
9572
13207
12287
12300
4881
4665
11748
2777
12526
4685
8407
1499
15817
4697
2591
4691
15859
6501
9598
13349
4964
12275
15930
1098
8279
9646
8901
1507
9588
6043
10847
8846
11729
4811
2855
13390
1264
1420
11077
10762
15522
3753
4927
9464
6564
8329
4868
6058
8198
2773
15832
6026
8230
8440
1279
13424
2987
15938
8201
3604
6635
13335
13295
15951
12251
4730
6080
4830
10967
13236
1228
7229
9621
15448
3608
4651
1416
13471
12423
1130
15824
13472
8442
15991
8420
3549
8426
13384
9503
12453
9496
1319
12486
2660
4870
9462
2967
11765
2859
12480
4329
13168
4931
13410
2926
15815
8832
12385
15536
8295
10767
1312
1271
3711
10964
4737
12432
9664
8363
2669
4994
15493
1151
9493
9593
1188
2864
1514
10956
15440
10929
15812
6038
8920
8820
3700
12354
12382
12286
13383
10936
15847
3763
11719
1309
10995
12435
8854
15491
6084
6039
15936
4898
2548
15282
8256
8870
1545
10857
8874
1355
13205
2787
10751
8406
3696
12536
12364
7184
1127
2580
6030
8866
6590
1286
10829
10766
2883
8437
4334
13503
1165
15531
2904
15466
1357
4950
4840
13235
8371
7148
4981
12406
1254
4959
6133
10917
2896
13457
12308
3019
10873
13483
2782
12504
8886
10774
8216
2639
8837
1178
11065
12455
6119
12244
15996
1490
3687
1280
2547
3005
8350
12495
3609
8353
2863
13440
8900
8229
2690
11759
15896
1281
2984
12396
15835
13286
12516
4890
13334
6629
15928
13537
2546
1501
8273
11738
15892
3739
3740
7163
8386
3582
15860
4333
13378
4923
12305
13606
3528
4993
9451
11072
11757
13193
15919
10782
7902
2784
2837
2620
1554
1170
15504
13514
2704
13403
10942
1289
8924
10815
3634
4750
9565
13341
10841
3751
2656
6587
10893
2916
1373
4862
6601
1234
7157
4945
16015
4776
12545
4915
6567
13428
10773
16012
7145
6557
3536
8882
8909
12463
4852
6642
3675
2757
3680
15879
10837
2559
10923
2728
13290
2665
13333
7179
6489
6028
8175
11735
3706
12485
4727
13582
8918
13369
12365
12441
15877
8317
7149
3729
13208
1349
6660
11751
4834
3646
4781
1525
2912
11031
13418
2577
4977
13226
10940
11779
12274
4653
9478
11766
3002
4935
12517
1202
15825
10831
2714
8414
9508
11076
10787
11058
13321
15862
12291
1107
2712
13319
8305
9552
15272
4777
13399
2597
4871
6639
1288
1330
4712
15535
7900
13510
2786
3502
3652
1123
16016
8851
1311
6574
4896
10924
1549
12331
9528
6006
4908
1231
8795
8823
3003
15845
10889
12259
4932
11128
1323
2531
2956
15857
13374
15921
4729
4926
11752
15501
3638
12327
15525
8366
10810
6060
6586
11078
1118
1243
6005
1540
8856
15944
15985
6109
12429
1229
12351
4338
15910
2555
12450
11006
2810
13296
3760
2564
15810
15813
3511
13223
12412
15529
4662
4965
13600
13345
1368
3562
10989
4848
13474
7218
9053
2683
1134
4733
13347
4844
13652
15286
6052
13533
2803
13646
1509
4810
11000
1207
3727
2947
6579
9527
8447
13293
10754
11096
8827
13299
6020
2993
1240
9521
2861
3621
4797
15826
12336
7232
13209
9507
6141
7173
4974
8450
1534
13623
3701
8296
8346
7191
4666
7019
7055
13094
11642
9036
7129
7030
9024
11690
11623
6169
6273
6934
11588
9018
11664
14371
7028
11662
6176
16224
6917
13146
6156
16264
6199
8962
7094
6974
6913
6977
6295
9039
7039
16198
6164
4638
1452
8975
15368
6922
14315
8926
6951
13116
9019
8937
6927
9022
15410
6170
8991
1431
13008
6179
15419
4633
16246
13082
13107
13143
1425
14375
13009
11605
7053
16234
7130
11576
15403
8931
8969
11650
11570
13153
1469
11659
8942
12995
7040
6205
12940
15415
4642
11680
7047
8936
12935
14378
1454
6280
7091
7033
13124
11589
7125
9000
6924
15395
11618
12988
13022
11630
16180
6157
7120
11615
6998
12980
11689
4643
7077
6189
15408
11633
7017
9028
15397
1486
11638
6277
9030
16244
1451
6290
6186
12985
13111
14336
7086
6210
16261
7140
13145
6302
8968
13039
11703
16227
1434
7127
7100
16171
6933
8956
6224
6245
11616
6174
6943
11578
15423
1487
11612
11620
13045
11685
7081
7072
12997
6233
6166
7061
1478
12952
13066
1440
6247
14346
16185
7008
6180
14330
1465
13003
7102
13012
7043
6194
1432
13127
13034
14368
8928
13015
13049
13149
15389
1464
13150
14362
12973
11599
6271
4637
6149
7107
15369
6282
6161
7128
15375
7137
6203
14343
6159
13048
13152
6303
15384
7110
14329
16196
13018
7111
7065
6941
16231
8970
6981
12947
11710
13029
7048
6279
11694
6958
15407
13076
6978
11667
13074
13156
11669
6220
16223
12936
6229
11676
7121
1482
8976
6283
11651
6213
15417
15396
16248
14314
7004
1427
13125
16186
16208
13131
6255
14313
6200
11675
9033
14342
15383
13113
1439
12986
6183
4635
13129
11696
6971
11668
6195
13155
6925
16225
9009
12990
6301
11639
14333
13144
12970
15365
11697
8995
7063
6198
11699
1433
11709
11640
9038
11705
7015
12948
6192
16181
13056
7119
9037
6153
6250
15380
6947
6190
12967
11627
11644
6923
6257
16235
6158
7021
7115
6963
13041
13101
6919
13005
15378
11631
13160
9032
6234
13072
14373
8985
7013
13002
13024
7105
6969
11645
14359
16218
11632
7035
7032
11580
7050
6238
6227
11661
13079
6242
11716
6267
8941
11688
9040
16255
13063
8973
16188
13068
13081
15377
1468
7097
6957
7096
13118
11670
14374
7131
6167
9023
9017
7054
14317
6965
13090
8980
13128
6252
9046
11621
7024
14332
13053
16215
15372
7011
16237
11582
12946
16173
6214
4640
6260
12953
6225
6973
13040
3024
8955
14322
6262
14351
12929
7069
14338
7112
16250
6285
6263
11601
6275
8958
6992
13103
14339
11569
9003
11571
7064
1450
6185
9035
8940
6259
1438
16229
13108
6269
11707
16189
7037
9006
13135
13004
13147
11609
16269
8945
6201
7036
6996
1479
6150
14358
16213
12993
7070
7060
7101
12963
6241
16268
7049
7056
1447
1441
15405
6218
1481
7082
12959
6148
14318
15370
13046
11657
13148
9026
1475
11681
16266
11626
13007
6940
9016
6244
6929
6204
4615
6265
6962
4639
6154
1422
16212
13028
6162
13142
1476
11700
6188
15391
13071
1472
11573
9045
9041
14320
7135
6236
6932
6268
6232
6997
13021
14367
6946
15420
13141
7138
9013
6287
2320
10492
2367
10588
2324
5304
5137
10722
8678
10472
2433
8716
8724
2363
5153
5259
10561
5071
2316
5343
2507
10458
5217
8682
10477
8720
10485
8701
2364
14502
10669
14514
10436
5031
14393
8739
10597
5200
5184
10418
10396
14391
10476
5063
2393
2258
2305
10566
5164
10715
14511
8734
10469
2338
8741
5346
10505
14408
5044
10467
2298
2378
2369
2373
5263
10446
5172
5247
2280
14484
5297
10705
14521
14453
10533
8700
2456
5143
5344
5082
10703
8750
5027
2397
14530
5274
5270
10347
2451
2389
5130
2314
10671
10463
10398
5220
14448
2282
10540
5205
14510
5165
14529
5126
2281
10615
2358
2301
10516
10367
2487
5060
5292
5120
10407
10583
10425
8672
8674
5095
5085
10440
5231
10358
8729
14380
10397
8743
10365
10414
2339
14403
5181
5187
10473
10421
8746
14497
8669
14450
14428
10606
10536
10734
5028
8692
5079
10678
5158
8754
2292
2322
8685
2276
8702
8694
10400
5045
5084
10348
10451
5102
2337
8697
10596
8648
2395
14467
10468
10623
10634
8721
5003
5298
14385
5040
8709
8693
10695
5146
14411
8728
5114
10562
10642
8679
5208
14540
8691
5307
2375
2300
10657
5278
5131
14518
2350
5320
10626
5038
5105
2257
10572
14482
10355
5080
10724
2467
14531
10681
5224
8747
5335
5033
5179
2404
5083
10363
10553
5267
5327
8699
10546
8695
5185
2310
2475
2342
2352
5288
10357
5226
5021
8675
5233
14483
14512
14444
5252
5294
10590
10706
10569
2431
14409
14418
5242
10352
14470
10609
5136
10589
8666
8708
10627
2274
8646
14491
10383
2317
10494
10712
2377
8681
2308
10430
5171
5019
10406
14414
5283
10386
5196
14522
2438
10707
5295
8686
5221
10717
14499
10501
5282
10622
8753
10698
5232
10399
5112
2442
10495
14487
2283
5170
2495
5321
2478
5163
10654
10479
10728
2443
5347
8706
10500
10688
2501
2406
5056
5097
5050
5029
5306
10537
2453
2452
10437
10733
5156
5236
2360
5334
10675
14417
2272
8658
10513
2502
14446
10403
2365
2340
10617
2493
2465
10692
5330
2362
10373
10585
5303
5069
2297
2505
10460
5348
10607
8683
10560
10542
10677
2380
10661
10641
10509
5340
5015
5250
5277
5008
5096
5281
14406
5243
5053
10345
5042
5099
10693
14519
10635
10552
5174
5201
10655
2262
10644
5265
5266
10475
5001
5090
2504
5234
2483
5043
5176
10530
10548
5035
10554
5203
14476
10558
10718
2418
10649
14402
5180
2413
10532
5273
8730
10725
10503
14480
14473
10350
2449
5118
8705
2372
10445
2311
10444
2488
10633
2499
5290
2410
8696
5124
5324
2469
14507
5286
10359
10465
2474
10667
10370
5251
5198
5173
5194
10631
10663
8677
2321
10573
2473
10442
10535
10701
10673
8698
2255
5036
2492
5193
2407
10515
10487
10621
5037
2356
2293
5284
2479
5113
2256
5237
10581
14460
10464
2318
2385
2432
2510
10653
2400
14383
5328
10384
5023
2454
5275
14451
10651
10700
14407
10556
10428
5257
10683
5062
8704
2304
2440
8654
10484
10361
10594
5341
14496
10582
14416
2359
8703
2381
5302
14478
5331
10514
10640
2481
10491
5057
10672
5051
10567
5211
5215
10612
10545
10364
8671
5223
10685
5162
10666
10388
5209
10543
2333
10601
2296
10457
10608
8736
5152
14504
2252
14481
10448
2403
10344
5106
5125
2396
10603
2444
10417
5230
8690
10409
14420
5149
10481
10665
2461
8649
14468
10584
5046
2448
2398
10518
5202
8657
14413
8665
10502
10664
5337
10422
5229
2387
2286
2368
5154
5261
5239
10586
14526
2439
2307
14538
2259
14436
5178
5109
10507
14498
5195
5024
2253
10729
10646
14465
2472
10526
2417
10565
8738
5127
8655
5117
8725
10628
5336
5101
5129
14490
2445
10410
10438
10375
2470
5276
5258
5268
8661
5325
8650
5005
5218
5225
8755
10684
10575
5139
5315
10441
10647
8742
2349
14379
2426
5228
14421
14534
10732
5339
2332
2379
5047
2251
8745
14430
10682
5006
2428
10434
5111
5142
14433
10524
5098
14405
5150
10489
5094
14527
14415
10564
10369
2330
8668
10450
14381
10392
14447
5207
5262
5022
14387
5132
10668
5009
2466
14404
5089
2273
10382
14425
8651
5199
10643
5166
10452
10587
8680
10360
2434
10346
10600
14500
10366
5048
5238
10639
5151
8752
14434
2294
5078
14388
2511
2386
10591
5133
14382
10697
2371
2334
8722
8663
8714
10687
2415
5010
14463
10453
5103
10730
10493
8659
14501
5007
2412
2405
5160
2460
10416
5087
10578
10557
