15093
12229
9298
12145
9341
9396
6773
9327
38
5840
15051
12232
5790
15040
3336
184
3421
12214
9389
5761
6686
9409
6730
15123
15003
5772
76
5839
9306
117
15094
12216
6712
14986
14913
9380
3494
6688
103
5753
12180
16304
15076
15183
3342
170
9390
3393
6783
9385
9330
14165
9297
5946
15171
14919
3476
15015
3394
3381
12111
15054
15097
12210
15012
15084
14900
15107
12137
12161
6782
9290
9326
151
9438
15031
3409
112
3433
16297
15125
15005
5907
14906
3367
9328
15091
6718
100
6719
12197
9288
5867
5875
5764
16289
9343
15173
9412
3340
51
9323
3416
8263
5849
15188
5883
3431
9320
129
12159
12113
15050
9
115
119
5771
15046
5909
3486
3370
5803
5848
3423
12233
14170
6763
15124
6792
12146
15152
12150
6683
12163
5747
12110
9299
9413
15131
5755
15179
9366
5899
15053
14953
12133
15004
191
16295
6769
5765
16307
14902
62
6662
15165
5945
9329
15192
14933
6767
15018
12194
15119
173
5923
9407
24
12147
12225
75
16293
12164
16300
6758
3496
5898
15092
5827
9377
12152
9316
15136
9373
9408
5804
33
5929
12107
15064
5834
9310
9365
15113
15149
6766
5791
5821
15189
16294
3499
9266
3365
16283
3339
6673
6726
15072
3355
16286
15058
5927
15177
9395
12223
6667
12124
6744
3333
6772
9276
15105
102
148
15175
12174
12196
3442
15011
9331
15036
9317
6710
3418
9280
12182
5807
12176
5930
6759
5852
12158
125
3364
120
15079
15135
57
14957
5805
14985
105
5810
3489
5860
167
146
5814
16280
12131
25
168
3482
6751
15106
3389
9410
6733
5888
9344
106
5758
5915
13
15167
108
9350
6701
9322
5914
14925
5925
5741
6664
14179
9284
15024
5897
14944
3337
14927
12157
14943
54
95
5806
15022
9285
136
14998
9337
3390
5918
15101
14167
8262
6700
5733
5892
14942
5904
6736
5880
5830
9439
87
14173
6786
12125
5924
14948
6752
3348
3334
14994
3405
44
6747
15180
15037
5736
189
14185
3491
15096
5896
5795
14951
5912
15108
15055
15132
16277
15174
9383
14996
14904
9272
9411
14916
12173
122
15145
5813
9417
3427
6740
3414
111
6760
14912
14908
14974
12213
80
35
176
29
3377
15104
137
15186
5917
9307
15143
3459
15095
14988
15170
9370
3436
9352
14997
5857
14168
14932
9382
9364
14914
5734
14899
12140
6702
3417
14921
5724
5863
132
3353
20
12135
12179
16279
5835
5823
14926
5916
6684
6711
5908
3358
37
53
3484
14955
14959
5763
6739
9349
5779
16312
9398
94
14995
86
5776
130
188
5936
15026
14190
12142
12126
16306
14991
14970
15128
3343
6787
121
15019
5826
6692
6728
9437
14172
15151
3
5841
3351
5868
15049
3456
6761
3335
3467
6789
15086
9436
12206
9392
5812
14972
134
15139
6682
6696
16281
6
181
15066
5815
3448
16308
9421
12207
15184
6741
14969
14186
5861
5743
9325
186
32
3493
15062
6703
6668
163
14983
9405
9353
5744
5759
3462
14907
3419
3481
3360
14963
5851
6714
14987
70
9371
172
8264
9273
9271
3440
6694
6723
147
6762
6698
15014
3441
6779
15085
5775
9388
12198
12203
12208
15120
12191
15039
9264
15047
12178
12200
3437
5862
5735
15088
6680
15176
8260
15122
12149
14911
5723
5754
9416
6675
3395
9399
9292
3338
6715
3402
14941
9274
5782
59
9308
9281
15089
6725
180
5873
12183
5872
15043
14946
5738
15156
12170
15144
34
6690
15001
9384
15045
175
5797
3480
183
15017
55
5825
9342
5799
3369
9286
14952
60
5796
15000
169
9425
88
3444
12120
3415
3452
15147
15127
14166
14949
187
15098
8266
9311
179
14971
9393
17
138
9289
15115
12134
3429
9430
16276
16292
5819
3411
12112
14192
166
15087
12123
9432
12237
5855
6727
12151
6734
3397
9363
9313
12155
12166
14967
6781
15157
15065
71
9381
58
3488
9429
9291
3406
12109
31
15169
6717
5
9265
15021
6737
5876
15044
0
5831
42
165
5910
48
1
3383
9423
10
12230
15075
15006
14981
5940
5726
3447
15121
15172
5777
12136
15133
9335
14187
5769
5943
3384
6676
5932
3474
12143
12117
5934
5869
6735
114
3477
9422
6695
9394
9418
3453
12165
12228
9420
5884
5794
5778
5836
5842
15114
89
3404
6670
9348
140
14910
9277
14984
5752
116
12236
9375
3490
99
49
5811
3449
14965
5938
15081
2245
16090
10051
11393
7406
14824
8477
11421
10298
4001
11334
2124
11242
16137
14717
7850
1803
15628
13657
238
1603
446
8562
11391
4002
227
4028
372
1611
10092
274
11297
3951
10177
8538
1575
452
8539
14751
4501
206
10261
484
15666
4407
13671
12759
8549
12682
8603
11255
7868
13705
8559
3948
15561
7240
11326
7241
3957
13866
12569
12853
7482
14731
16048
13927
2086
12697
12726
3908
10165
2141
1626
7573
7435
13708
10065
8601
15593
10151
2165
13846
3932
12779
4409
15565
1969
15712
11373
2055
12733
12735
14648
4602
7645
10150
4504
431
15697
11154
10084
445
11214
1831
3845
475
10174
2142
204
1953
11402
11346
12769
15545
1762
8537
10190
300
13667
217
15639
16164
2121
7354
7630
15568
13780
8533
12700
3936
12839
13698
1784
12614
1910
10129
12812
7528
4347
7400
2206
15563
12905
4424
4401
4414
1993
7609
1902
10209
8571
3924
4553
13742
3925
13714
11343
4568
13660
205
7322
13727
481
13720
10216
14844
7418
2081
16165
12742
4356
12729
4522
1586
1921
10191
11422
7556
15657
11131
468
4377
13741
15602
4379
374
14729
1845
213
4515
10230
13766
12661
1817
7458
12751
16029
1727
16050
3836
10148
2204
15704
11165
1759
1769
14635
10104
1884
2133
15669
7239
4514
1990
2059
14809
15596
12612
2076
7860
7388
7499
14780
15541
2130
11296
2183
14772
3774
4533
8455
1954
8604
13874
2182
16113
4064
11147
10017
10312
7875
403
13771
14712
11357
10120
13668
271
13857
7356
10053
2226
10287
15693
233
1702
12652
10161
14870
11372
7535
7548
2155
11351
228
4547
10003
14732
11135
14850
8613
16160
12603
7282
11258
1905
247
4016
420
13736
15672
3944
1943
2125
7250
10093
3781
10301
344
317
11429
12624
2173
4502
11230
3935
4052
8629
4482
410
10083
7383
7585
14878
4608
1580
11283
10325
4354
2232
11438
7468
3826
7364
7390
8640
7290
15580
8550
1732
2047
2148
7513
1695
7492
276
3782
4500
3805
2080
8486
2097
7430
2189
3810
8534
262
11192
1959
7312
7641
272
7534
8607
14760
8578
2009
13774
14811
7328
13788
3865
1725
1793
1967
7643
8506
2195
7399
7483
7553
12821
1968
14675
10000
1576
2180
15664
2015
1599
12588
14845
7251
444
12602
1764
14660
8525
12884
15652
11342
4542
12585
15632
4610
11381
2137
1931
10143
1620
10255
14679
1794
1691
488
7858
4540
3966
4461
4441
13936
10193
4520
11406
1722
2219
11274
250
3769
240
13693
1897
1963
8504
2191
12866
1901
13673
4353
7570
12600
10094
13768
8461
7530
3850
11237
14636
8591
1750
2087
13697
329
7853
3889
16055
4488
3927
2231
4045
3992
418
12766
7256
10020
1768
3780
287
10250
10188
4467
7353
1999
14848
10049
11141
7407
7852
14710
16099
4595
2050
12789
1682
11205
477
4350
4487
12572
7620
4386
11312
14762
13928
7409
7604
255
11354
7314
248
14759
4531
10253
16031
11221
13919
15660
14873
14726
4456
10106
232
10139
13669
1756
334
8545
16127
487
7469
12846
1926
13654
14849
11145
7526
3856
14720
419
13808
342
202
8609
4476
8638
394
12571
1628
7276
12925
1621
11434
14837
4454
7331
4585
8458
7642
1647
13678
1593
10211
7598
15616
1861
4609
7464
8502
1912
12869
12784
10030
13935
3940
13684
12800
11162
14642
4580
369
14895
4046
11384
3886
14677
12878
10264
14743
4358
2058
1875
10231
12683
4079
12622
7511
3904
4604
3897
2089
14835
12852
10293
1733
7586
14879
13873
15714
2022
4057
4591
4437
7549
1665
7253
8621
1916
4040
3846
15651
15726
12626
2192
2028
1864
2200
1956
1624
4530
1709
2167
11366
4578
13747
1799
3954
3824
15636
10224
3913
11190
13843
4351
2046
220
12897
13802
1795
12644
14820
10144
12710
346
10269
8594
382
15661
1707
12641
15626
10159
1746
14689
7636
1657
15589
13929
3985
12924
4430
3983
12630
11189
3941
7367
3978
12611
7248
4483
2176
7374
4345
11253
10189
12576
13889
12870
4054
4060
14778
7265
9996
7565
13856
10214
4516
7372
1767
1572
3801
7544
1785
11329
355
4563
8566
16070
12844
7438
4582
12705
13761
8592
14803
13755
7581
3991
10019
15555
11374
7303
4539
11164
10125
3906
386
8490
1913
15621
3912
339
290
7410
3839
14638
2220
11134
10108
12740
10059
4062
305
15670
1664
11278
12847
4041
11188
224
13945
10040
478
12617
3883
10273
3812
3919
7436
8498
3902
11305
15745
10164
10123
15625
2169
11353
8493
13819
1721
15705
1836
15699
440
13785
13666
14758
10297
10182
11173
11225
1667
7589
2242
1809
1828
15586
1898
10251
16154
4390
3965
237
13680
7381
4017
11365
12743
4025
15706
16149
4059
14666
7543
11212
436
8586
11399
13829
8643
12738
7602
2139
2082
3946
7623
12698
4420
4359
8547
3987
16025
7402
10117
390
7397
2225
13837
14795
343
12889
7873
13776
10289
7851
249
10033
11133
10304
10238
8588
16116
2024
15645
10204
4478
2205
10131
242
214
11349
4058
12720
10173
7470
14740
11336
10306
2217
4343
7626
7557
1966
15590
7462
4074
7561
8482
2018
1598
12761
15662
13721
4425
241
1674
4449
10105
348
1955
14836
1600
11261
3807
12714
4447
11167
12876
1690
476
2044
8579
2017
3822
14640
12745
243
10137
3825
10060
10087
4022
8628
3773
7615
13738
8623
492
2100
12716
8464
7387
16143
3969
12754
10308
14670
4513
1827
7355
13748
2246
1896
10002
10270
301
10337
1823
3831
10045
7444
12744
14830
15724
2115
11157
13682
10018
1792
15578
8526
10299
8509
7234
2102
7551
14676
2237
10028
15609
14818
3828
13891
8485
12767
1942
10111
14838
409
16163
12794
4381
10162
7262
7347
11138
4551
8467
1923
2006
7326
13770
4453
15676
1678
7495
7404
13686
12565
13859
11262
7263
1720
297
8476
7297
8565
8517
1564
13820
13718
7625
3788
10067
13900
2037
14697
4481
3791
3803
10229
7287
2039
11277
8479
507
2066
10196
11401
8573
10185
4561
2174
235
4527
12643
7559
201
10267
14832
14887
447
4034
11243
11328
4408
13822
3995
2118
14687
13952
16064
7498
15607
7272
8558
7235
280
1978
14801
4455
13825
10305
12807
13793
16068
12646
12564
12778
1957
13910
16097
7550
10098
12836
4344
234
2104
10334
13834
10023
12868
323
11142
1879
197
1820
7295
12647
1791
1880
215
10240
12581
14738
11302
7448
1783
1914
449
14667
513
11404
4503
1735
11182
11248
1936
13833
14750
13914
13778
16167
8495
7334
12649
11424
13792
16073
14768
14752
11285
1798
3834
2188
16078
13674
10331
7479
12843
1649
8561
11279
13716
4474
3819
1818
10052
4569
15570
11433
8481
2181
7394
275
7255
7423
2103
13926
1939
12849
1752
2109
13769
13750
1981
10326
8641
7317
11169
11289
15635
10210
391
4458
7450
8535
1692
10197
14673
15556
1976
8453
13690
14826
3955
1839
10085
8518
10318
8524
15649
2138
1973
1711
10241
4431
11177
309
3934
7638
13946
11185
273
7376
11367
14783
7574
1946
7270
7617
11130
12786
3876
16065
16141
4457
13806
3866
4043
16082
12902
4366
1568
2194
4007
7377
1771
1984
15711
14639
16062
2063
12828
10010
15637
12892
15741
8452
7532
434
15634
495
2196
404
4065
1623
3986
8454
2123
1773
14865
15610
4564
7286
11288
1960
1937
10075
11235
15559
1971
4360
10135
2120
283
14655
245
3770
12628
8599
7592
14821
12806
7502
4565
11168
11315
13898
12885
13886
4498
8512
8499
1796
8470
10031
12631
14650
4415
14860
7606
10316
3877
11413
12804
12783
14881
7872
2067
2126
14746
1850
12619
8552
11219
328
14842
8597
3818
1681
9990
11341
1675
11163
1996
13706
2004
13767
7446
2025
3938
12637
11304
13810
15581
12561
4378
365
2045
13872
12820
4599
10141
4068
324
15739
7857
4346
11218
10237
14769
7451
8489
2156
8531
15663
7864
12840
12827
9991
14767
16032
11160
11281
4489
10015
2160
3899
7859
12894
326
13850
1908
11271
1652
2145
14724
16124
3860
16101
1888
4468
7452
10200
15640
3984
13681
485
474
8608
1899
1588
12893
10179
2098
4049
16087
2112
12712
14643
13801
1862
8616
10187
4396
14897
2136
7414
7247
11437
11382
15631
12604
508
4600
7366
11266
13922
14686
14779
1700
10184
1858
14663
1997
15543
12707
4510
14707
7449
2062
7337
1869
3905
14658
7434
11239
13725
12575
7577
12640
13831
4473
265
4462
459
7568
14748
362
1821
7491
8619
14651
14653
2184
8596
12871
2052
16054
3813
3914
375
13888
15599
1677
15715
8546
15698
471
10330
2073
11361
1578
15668
2159
4607
13729
4590
11224
1716
3963
258
12627
11211
12747
2143
4385
13786
10335
7545
14861
16043
12577
12920
2218
1846
8600
7474
1592
13836
2223
4399
14637
11376
1932
14695
12701
4443
464
2016
8617
14713
10217
14709
15577
13876
3772
8492
15709
2238
7267
7501
3970
1687
10145
225
1816
16024
2228
1797
10011
14787
12734
13875
7416
1860
2129
16076
15701
1607
10313
4388
3973
12823
13827
12601
7478
10142
1985
3922
13925
10303
11311
11264
279
13756
12819
10212
11136
13865
7315
1699
2193
12625
10180
4364
16037
3890
1729
14703
7363
7300
479
10078
1947
7442
10122
14649
13937
7612
8543
1992
13665
11318
1739
11252
3964
9992
12810
4486
462
12792
2012
12896
345
497
4372
15562
13784
14896
516
12606
13655
15571
14771
11204
1660
15683
7593
13675
4603
7274
12629
13795
1734
10146
3911
10176
1851
12770
7594
15644
14883
2001
1892
10102
2113
16148
1811
1619
13907
15551
3857
246
12578
8494
8569
11409
2092
4021
14641
11411
14773
1991
3881
15606
3880
15547
11310
13841
8644
13676
4598
4367
4404
14763
11202
13751
4071
7447
4567
1615
12580
3968
11348
13804
15695
11380
15622
11152
493
2043
2064
16095
11396
16104
16107
2203
13887
2163
16028
14794
14898
13664
7637
398
15558
12796
3784
4013
13832
7584
4422
13782
12560
3809
11352
12642
16041
10276
7426
3795
11314
330
8637
14668
2114
208
7461
4605
1935
1710
1907
11295
3874
13791
7476
4053
12801
1646
340
16114
4348
14804
16120
7596
4009
1835
14829
13763
4010
10009
12837
7246
10073
12584
7575
16100
15566
10119
1979
10027
16134
1814
4006
3997
4492
4512
10062
15650
8465
10128
10157
313
8469
1653
4550
1909
11166
15591
12815
14725
2084
11332
10248
3875
505
15572
12686
1952
12749
8611
14680
7624
15678
13807
11430
1585
10295
8577
4376
11231
2199
4073
12757
3811
11371
200
1808
13817
1574
13659
7621
1890
1577
4417
3775
4507
4529
8480
14781
7261
10099
4004
16060
14827
7351
338
13838
1633
1751
1832
10032
506
1766
7258
7277
10110
12566
13749
195
7237
4056
518
7539
7378
10107
2146
15618
3898
11161
1602
1632
370
196
10246
13901
12634
10192
3923
4573
1856
1834
3888
4037
7564
4035
13734
4014
15643
16118
14656
16121
10285
7525
12772
3994
2074
7517
13816
7485
218
16147
3989
4448
8590
2107
4496
13931
7294
2032
325
7289
13715
12636
16036
10046
7524
422
4450
1736
12593
1878
306
1829
12822
12648
412
13670
4429
10006
10243
4011
439
14853
15648
13913
12573
7601
8584
7618
15608
11319
1573
3916
1658
4075
11146
12725
8540
2105
1584
3896
14799
13744
8487
13911
3920
4469
12719
8627
16111
221
2031
7590
1882
1601
509
13752
12906
13799
13775
7576
4375
13712
1989
3930
12655
10097
12864
1872
13930
4571
13803
14843
405
354
14674
407
15736
4545
1975
4596
1994
14891
12880
10252
429
10256
11364
12863
7619
7533
13794
4480
7536
11273
10294
1651
3980
8554
356
9998
7301
15546
11183
358
12696
4484
376
4373
11265
4497
4026
389
13723
7321
7587
13735
11303
199
9994
7425
3849
12693
13797
10077
7603
14654
7560
3937
13737
3861
11208
14646
7340
14683
12900
15638
16108
319
15600
7361
216
7595
10226
2057
10266
4493
3778
10195
1988
15630
2054
12791
7627
1713
11180
12777
13765
15539
12803
2187
1640
1833
252
2095
13787
15725
304
4019
13683
426
7640
11238
7325
11226
16079
1919
14875
1604
15587
1654
1717
1813
2085
12711
1857
4477
3976
3990
13722
10001
7242
12914
4357
2019
1605
11234
3790
13762
12917
428
15716
1758
3815
377
7299
1636
11176
13724
311
7597
7269
296
15735
1744
503
1608
7522
7537
467
12741
10127
14671
1606
458
3993
10168
380
13789
10336
12909
10048
4532
7368
1749
7591
1645
4342
10069
1883
1889
13883
1659
12736
2236
230
2013
7419
13944
1849
16034
4574
4030
466
10260
12670
12816
7373
4436
10181
1929
14706
8472
7304
3959
3943
8514
257
16162
12763
14669
12616
4027
13709
2172
16155
12755
12678
14744
4606
12676
15615
402
451
7605
3867
3928
465
10265
303
16096
3939
457
4442
292
2213
15684
268
1587
2117
12891
3952
7563
12597
1922
270
2140
12872
2216
11394
11355
3892
3967
16038
10220
12706
1886
8563
388
8610
359
7411
4066
12746
8536
15692
4588
2147
10225
2157
12704
7266
1826
4061
12854
10012
229
3785
2234
10201
7445
13932
14688
10134
12764
3786
12899
424
3895
285
10329
4538
4395
10219
15681
12587
10296
7359
2131
10328
2178
10309
10153
1728
3844
11268
10183
11292
4355
1644
3771
14806
1745
14825
454
1642
16103
4472
460
2215
286
11293
14862
1634
16057
12653
8468
2212
13878
1933
1863
1881
4393
3979
13853
4518
4554
10222
10043
207
2186
2150
12838
11369
10054
10035
11435
491
14867
14721
14727
4451
10138
15720
8553
14788
13772
3869
14770
254
1900
13728
4055
10025
8635
7870
13764
9981
3031
3312
570
818
674
3099
3142
15338
16396
3163
9863
9756
14290
6879
16324
727
553
3227
766
666
3081
11828
3274
15290
8088
610
3215
9932
3038
9911
3075
9819
9802
9960
16406
673
8120
16426
15347
785
731
627
8140
547
3040
611
3332
6833
14288
729
15355
14309
9866
561
16415
5963
3329
3061
9848
8083
11804
9841
16335
6882
9701
581
9871
14277
9976
14282
609
3159
16337
698
3178
9870
9835
3041
16401
670
3291
3245
3177
14206
541
528
556
563
730
9850
545
3199
3039
6813
9908
11872
9731
15303
16367
15308
9794
3155
734
3297
6855
14289
11870
779
743
14224
9974
11818
9888
9793
720
8138
3070
5978
11862
593
3221
9882
705
9666
8107
9741
9946
532
787
3143
3103
613
8115
580
11830
8126
14250
649
11882
543
9838
6899
9692
3161
11843
9829
16331
3214
539
11839
689
604
8143
600
9899
6805
9778
6819
9826
6829
16365
11841
9933
3068
9966
3085
3266
6862
9975
682
770
9714
577
747
3107
6910
11810
3288
9767
16432
9926
15314
3162
16421
14298
721
8091
3128
3191
14223
9889
9792
16427
9865
811
3284
11819
3083
9703
744
14266
540
9713
6890
3248
8084
14218
15313
3294
15342
3213
3130
14271
14306
658
8096
9894
9771
11867
9680
644
5965
6909
9745
9747
8133
9779
16338
8132
793
6824
9764
3127
531
708
9867
520
5977
14272
780
823
664
11802
3231
3147
3167
9688
9941
594
9717
8090
8124
781
16357
14287
9868
9846
9922
3169
14197
8136
9689
9876
8152
8112
3313
9711
9730
3154
717
11877
9849
9973
3283
15346
16320
716
8098
3286
6875
768
784
3321
724
6898
16342
9963
3140
573
9823
9784
8095
16443
3304
786
14196
6893
9842
8135
3171
554
16334
16332
15350
671
9947
11816
9812
6823
752
16382
11855
8127
14300
678
9951
3232
3112
6856
9912
735
8137
521
3051
9785
6816
6806
8081
15317
11801
3279
9737
3203
778
3102
11792
9905
11815
14307
574
3234
16350
15328
6906
3060
14233
11859
809
11838
15309
9954
8147
15319
8105
9956
11834
14248
8094
3319
9859
8103
16370
9840
14252
9691
9715
646
9917
15307
8125
16439
5961
9896
753
6832
16435
9782
9983
11865
828
6842
3141
631
3273
5957
3223
9758
16352
9797
651
16400
11827
9773
3327
3063
9948
3239
8145
8082
15293
9901
15318
9816
11831
11832
6894
796
15330
16384
699
14205
3046
9907
5966
5980
8111
14276
550
16327
728
9927
3205
15294
3062
9774
792
760
3268
16402
9763
5984
9900
8078
3292
16437
5968
9895
3151
15300
3029
3190
16316
8150
9749
6877
6834
3071
11876
3168
14216
15337
14256
626
9746
773
9791
11860
16394
5974
9860
9710
14231
803
11854
6884
802
14230
612
9788
5956
9971
6811
9854
15336
8079
15297
3079
14217
8131
11884
11874
16389
9754
16325
535
16399
11786
14237
14203
16422
693
9938
9940
642
701
5981
3280
3235
3073
3326
3176
14232
9961
6889
11842
9752
14301
711
3092
3331
9909
11829
9839
3065
14294
9743
9822
9955
11820
16410
9880
663
16392
11784
3058
9679
8134
6904
3117
756
650
749
15316
9906
16430
6887
9718
692
16366
3233
9760
16340
9768
14236
557
737
3034
9890
15340
819
3105
3095
9923
8113
3306
615
8106
3139
3100
6814
16434
3069
9886
9970
9726
3150
14241
9790
3030
15357
14195
16445
606
9964
3129
3189
6852
3066
597
6798
15302
3207
16407
702
3299
16361
9772
3080
15324
3308
804
583
11811
526
5983
6835
9721
11794
3116
14239
9693
661
11793
3186
9759
9843
9877
15322
8109
9775
534
552
9847
6841
14246
14284
3134
625
656
542
6867
9898
6863
6883
6800
3258
14278
15348
5970
5975
788
16318
16364
722
5971
16379
9744
14279
6807
588
667
3036
16346
6880
16372
16375
3149
3049
648
3281
599
9959
15325
15310
3137
3285
9748
633
3170
714
9982
11785
14275
6886
14308
15361
8153
5954
14260
16398
596
3121
5967
8101
3148
3184
754
9762
9738
9832
3042
9810
11808
11856
9950
6827
16376
799
3218
9734
9834
3219
9777
11878
767
3055
15352
14292
9781
14225
14281
15351
9833
14221
16321
15320
14259
687
808
9921
16411
622
9681
9697
652
14273
14210
3309
11869
16447
15363
15299
14303
587
3122
11858
14235
783
9918
820
3246
11797
8121
3229
712
9776
11837
9766
9830
14263
9798
11849
15296
14296
9856
16428
9958
16356
16315
3287
9815
16414
15353
15323
636
718
3328
614
6908
11857
11866
6838
16368
3153
5982
3209
15344
3254
16378
14286
812
679
3131
16343
5976
16354
6895
736
16446
9795
813
16409
523
3032
6802
5953
11835
3298
3238
6831
8122
3276
637
3072
16369
762
16431
800
14245
6843
3043
6850
9719
8110
11809
8155
9694
9813
15301
15362
14249
757
16408
8086
14234
634
6794
9968
9875
16349
694
585
8089
559
680
3228
14202
6809
6885
9807
16383
14214
782
14204
3076
3325
3160
14243
789
567
11844
6801
9725
11799
16404
3158
3144
568
707
9696
5626
7752
16467
6402
4299
5617
16633
7973
7760
5361
15267
15241
11985
7788
8003
8758
11924
8046
14001
9086
11550
5443
8779
16456
15255
15232
4239
5430
6344
9243
11448
9146
1039
7919
16622
7999
1049
15203
11488
11975
4219
1080
5706
5465
6342
855
6383
16493
5511
15769
9160
14602
7658
7983
7916
4107
1023
5620
6388
8766
7720
7787
16549
14556
6409
909
5569
6357
12093
15236
847
6426
5532
2742
9176
16612
12045
16473
4211
946
11495
5524
911
9195
7979
930
7825
6433
12034
4180
7998
5659
5653
11981
7800
11909
9154
5467
12098
7849
4172
4224
11889
4259
14028
7981
9092
7756
1026
6315
7970
1088
11458
5445
4316
5459
14618
14142
7671
6364
11500
11535
11512
16470
4140
9093
7847
11485
4146
7700
16506
7667
5712
5513
16625
8023
4238
4119
1061
979
7907
16534
15253
16551
5563
879
7728
5419
12090
7703
4084
5683
9159
8777
7676
14109
14076
12009
9102
9214
14075
7943
7748
948
1053
16520
9242
5637
15780
11979
6320
16593
5473
7957
11445
15764
4128
4137
14095
9246
959
5587
6358
9110
14612
840
11456
15218
6417
9218
5600
14591
6452
15758
7808
14607
5401
5475
14054
4153
7909
7649
5415
12030
14077
9114
11977
5436
5514
12024
14131
14134
11946
6337
4240
9070
16477
6481
4233
7746
14062
6421
7763
5599
6395
9111
4271
5623
14584
4131
15783
1008
5437
15789
6455
4205
15220
5657
14154
5482
1064
5502
5388
15788
11481
9178
15268
5481
12040
9245
872
9252
15213
5552
7794
4232
4169
4134
11922
5360
4301
5695
14108
7962
7782
8027
7674
5466
6405
5643
4115
7975
14616
14057
14022
904
11441
931
4087
7714
12013
7771
14580
9261
4257
16581
16537
9171
16495
11897
11471
6378
854
13962
16521
7815
11554
7842
15795
9142
7821
933
7906
8774
6336
9141
9107
5382
14606
5528
7735
11534
11969
16572
4237
1081
4168
5518
5710
7779
14081
14073
8026
9101
16462
6482
8764
5420
5605
14541
16463
14581
11545
11510
6473
12038
11525
12092
4132
13997
12069
11509
1068
9076
7660
16489
8787
7924
1017
11968
16570
5363
5469
12047
6306
15793
5663
4199
1066
7652
1090
5717
7695
4197
13959
14133
14016
11499
4106
9231
16634
14097
936
7806
12041
7648
4225
9207
14004
9149
5665
15796
5423
892
5412
5651
9263
11918
7743
9071
4089
7819
12086
6444
14034
7772
7822
15197
9078
16514
4276
15240
5694
5561
15230
13960
6465
6321
960
5703
5438
16449
11999
5462
7725
16606
6323
7956
11468
9235
12005
4256
965
1051
16613
9244
4102
1065
970
14037
14112
6400
7672
4273
9169
1047
16483
7833
1024
12084
4178
14072
7724
15206
5656
5579
7690
16590
891
7655
5662
11515
7913
5553
8020
9099
914
11531
9199
9098
9170
15806
5379
12028
8002
4121
5408
7801
4267
15757
7727
11928
15784
15760
13968
963
6362
9192
16479
12099
11470
993
4222
6356
917
14012
5610
6376
15803
1033
11951
13975
860
5485
15792
16607
15748
7731
15243
4161
8034
16609
11451
7987
15222
9250
11886
16523
5417
9113
839
1003
14565
12103
14078
7675
8043
14084
11930
1079
5558
7775
14132
5425
875
15208
4304
1010
8028
5588
4109
15260
2740
8041
14019
11559
5625
5440
4305
11503
7778
7986
6348
15248
9081
848
14031
5613
5577
16562
5541
16454
11960
7908
5431
11973
7681
5520
11467
12066
7937
985
14005
14126
11562
5535
1070
13995
13953
9062
11988
6430
11896
4162
5499
5372
7739
16594
1076
4124
837
14065
14617
6396
5581
7820
5546
7991
5418
14042
11520
4126
14124
1028
5568
13993
7777
5578
6438
11941
7780
4181
6319
15205
8033
916
949
5362
14111
9219
15756
9202
5385
6475
14056
4247
16576
9066
7969
11476
5503
11466
7764
16517
15233
4123
12049
7698
7737
5381
7784
1056
4139
6354
6410
7734
5619
9085
958
11944
12027
14118
16453
876
8063
11939
16481
4135
5512
15775
9191
4306
16457
1013
11916
5573
13980
9088
4185
9125
5629
11519
16464
12042
5562
15753
6351
11961
5584
9194
6363
5690
8062
12064
9255
11967
14094
14045
14568
11926
5380
14553
7721
7744
7678
11484
1011
15250
15772
6408
5550
5538
5453
6420
5575
989
11914
14030
9104
12087
8781
9067
7946
13966
12059
929
9079
7940
4125
5537
11937
6343
7807
12050
6485
5646
8782
8769
9251
5594
885
8060
5682
9074
6327
5450
6399
15259
9147
14585
5422
14559
7651
6446
15781
7689
11904
862
11927
11891
6447
16471
16589
13963
9090
14105
9119
4103
8049
8771
14055
952
16566
9117
6367
9238
2748
8012
5585
7997
14629
7650
8076
14608
8032
15200
16547
7921
1055
1093
14610
16582
8000
9227
955
14561
15786
11980
4096
5531
5354
880
7837
7989
976
935
4188
5602
6414
16548
14033
5517
16460
9216
5442
4192
5427
943
13970
12051
16496
11982
7793
15207
5395
7663
7922
11983
6416
980
16529
7654
7818
7985
5606
14548
11892
11504
4243
6371
16504
6370
16468
14622
11929
6314
6403
7826
8004
8064
15252
6332
7930
4120
11935
9063
9186
14563
13956
9116
4155
5505
6382
4287
4279
4191
6454
11522
9084
4160
4100
13979
11447
7809
5406
16512
5533
5669
14100
16565
9224
7938
9259
7803
897
5564
6309
5411
8040
967
5708
920
13971
15239
7697
13990
6335
7709
9109
7795
7948
5525
12004
11925
11461
999
8767
14595
5375
6359
15223
4249
5509
5390
9248
16595
14074
4210
1000
12089
12015
4105
7790
5634
11943
9069
14628
5567
5580
15228
5479
5521
11529
1012
7789
945
7831
1014
5647
5478
5714
16544
14140
4228
894
5490
12031
9115
4214
6333
6312
12073
8761
5394
1077
9155
11543
14120
15776
1072
16629
7718
11887
5428
7960
6450
11987
1091
15195
5693
11472
5615
12054
15802
6462
6406
16501
14063
6461
16620
4098
12017
15797
1004
5685
6424
14571
11984
14083
7936
9236
16486
4216
14041
974
11514
1069
5709
4292
15794
12010
5476
7841
14156
864
16619
5496
8031
5374
15805
5515
7717
4088
11908
11995
5560
928
14566
4113
13967
8074
6393
15765
12016
982
11527
5368
12046
16575
1035
11901
15215
16568
16601
8051
5592
14053
7834
16623
12078
5448
5542
4250
939
5616
14590
6355
7844
11493
5454
16611
9164
857
14150
938
11932
9185
9145
15221
1085
6346
7961
11948
4272
998
5635
11479
14577
6322
7758
5720
7951
16513
16628
5447
11899
5383
5595
9233
16600
5483
4183
14092
934
7904
1084
12019
5609
9223
11978
4286
16536
7770
9217
7990
7949
7683
7767
15754
8791
14011
14058
14047
4093
7705
9138
5488
8055
14542
9083
4167
14555
1022
5649
9189
4145
15258
14148
4111
1045
8039
4094
1031
9197
7766
6318
7661
11540
14604
5472
15778
13998
16559
4283
11898
4118
7742
853
4295
9210
5495
7765
1058
12055
7832
5516
11494
903
7843
15804
9239
7967
8075
5460
4170
5687
4116
11549
5632
6477
14080
7988
926
5526
15752
865
6404
9095
16587
14550
923
1034
5654
5607
7915
14110
4187
4246
1074
7982
5692
901
14099
7686
11893
6391
7984
8783
12023
16556
16546
9187
947
16569
14020
14049
4253
12002
11544
15196
5718
907
14141
9075
8061
4201
964
12025
5387
5413
16615
5399
8038
7708
7947
11998
9157
6451
7813
5444
7692
6307
12018
5378
7848
1071
4086
1086
4244
15194
11459
14599
11993
902
5366
4133
6365
5611
7993
1042
15790
5432
14093
6418
863
8045
4315
16573
4171
14583
845
11933
1046
9211
16461
5534
13977
14014
5684
9226
14052
5410
7972
5603
11491
5544
11966
6360
12048
12068
5359
5670
16451
13999
14551
16525
14552
16543
14026
14596
7934
6331
14151
15199
11885
6350
4220
7797
7952
7646
6434
13973
16500
14125
16505
12021
836
11443
14032
8066
4248
12095
869
14096
14544
5416
16450
13994
927
9123
9258
11958
7741
11954
5650
8058
15261
11464
16455
1020
7702
14003
6401
932
992
5704
4266
871
5426
991
1087
7668
896
13964
14090
957
1067
6423
4288
11450
4258
16518
5543
4104
4179
5565
5671
16578
6471
9151
9257
4269
14589
15249
4309
1016
4159
5716
11547
4198
11894
4261
4218
14102
5641
5439
5433
16476
4095
16478
14558
5713
11959
12001
14119
5648
8070
7811
7965
1030
7665
4307
4217
5355
6339
7992
15251
925
8057
8785
9165
11505
9225
6437
16522
919
5545
9121
7838
11496
966
8019
15235
8047
16630
9134
5686
5559
8772
4281
11539
12000
15209
9204
12008
15238
8053
9152
14006
9139
4311
11936
7732
5680
7774
13972
11906
14066
8790
9200
7773
7670
8044
5698
7958
7677
5468
9215
14013
16452
9153
5582
13978
12072
7933
6390
1032
11533
6459
6374
4231
4129
11555
7664
4097
14547
7673
1082
16485
1062
13957
9220
906
4176
15774
9162
1060
14130
1048
11528
4151
16577
7740
12104
11910
15247
6397
11521
918
11463
983
9175
883
7954
14000
7679
1054
8050
7912
14087
11546
14048
5373
5403
8194
4772
2940
4938
15526
10958
15889
1225
3508
11762
4784
15858
9519
12412
12334
10877
10758
2539
1508
2720
13369
12500
9505
7146
1345
3619
6631
6508
10954
11062
8328
7168
1402
8821
11742
2612
3567
8285
1203
6583
1413
15440
2960
13322
1405
8256
4704
3611
6518
1239
6651
15909
2600
6012
2876
2558
12361
11079
7896
3714
15493
12536
13641
1385
7879
6510
6046
9049
11120
8804
9645
13254
10759
9455
6526
13187
4982
13277
8315
15873
12387
2537
8373
13234
6494
1190
1527
4852
15525
4967
10890
4675
4679
12301
12524
15888
9592
10780
4735
12343
1111
9585
6125
6655
8405
12481
4685
4929
4729
11078
15448
13553
4790
2695
3723
15490
4978
3503
13616
12549
8348
12433
13511
12404
12452
4981
16014
6603
8825
15814
13472
4998
1395
11031
1533
10747
5998
15822
2613
10794
6059
13514
13471
8211
4819
9630
11719
1332
13354
8181
13267
3561
13326
15838
10922
10997
12377
12376
9662
4798
8419
8840
4787
13278
2518
13232
2614
6112
9554
12473
8879
8310
4656
9490
3612
12357
15970
8295
11108
13220
12344
9557
1161
11781
13275
13461
8859
12447
3668
1313
2979
15899
13493
2685
13261
4677
3500
4951
1342
10771
1106
11111
1234
15897
4966
8235
2878
3000
8846
4767
12327
13380
3547
2693
8159
12464
10852
10952
9538
1542
1397
15438
6542
13459
6021
13211
13353
3674
1344
15442
11005
4810
10907
13496
13337
7210
1200
4753
12356
6611
10928
4773
2521
13206
4980
4775
1523
6051
9652
2529
3515
9638
9628
12314
14161
15914
9059
15840
13334
6019
2974
4794
1403
8242
13486
10776
10750
1512
6610
12282
4962
15842
4830
3671
12442
2674
7886
3662
12539
8880
13196
4827
2811
4668
8918
4847
13540
9485
15953
6569
4870
4964
15494
15912
5993
3535
2609
8434
1304
9542
8388
10967
2930
9575
2822
8793
8906
13389
9456
2954
1104
15817
8441
11038
13313
2530
9612
1554
4789
1150
4696
1273
15829
15913
10912
10805
7165
4965
10906
3716
2779
6104
4886
8182
3765
6585
4786
9605
1180
9573
1138
15514
1530
2655
2998
4746
3718
1531
9651
2942
2719
6045
13375
11086
11717
2520
10768
4902
4893
8406
9613
6101
2821
3590
8842
11026
10981
9512
3595
15468
12287
2838
3570
2730
9579
2553
10903
8157
13242
13593
3638
2546
3693
4763
15877
1307
8413
3593
1420
13457
11077
2880
10763
3587
4957
13424
10980
8172
3511
5989
12397
2689
12269
10964
7172
8806
12240
8805
13269
11782
4868
7885
6063
1260
8274
2795
6536
15911
1102
9639
15962
15947
11565
2784
8324
9469
8923
15472
4796
8363
12457
11732
8249
4690
4973
15282
4738
2755
6582
13282
13265
2557
8911
4861
11097
1151
4822
4674
13468
13204
3607
10892
4728
2579
1551
6641
6129
11058
13535
1381
7150
13343
3655
6608
13286
15922
13624
8220
9450
8370
6113
13478
3581
10891
12246
3598
13300
7219
3005
6647
8425
12468
6620
4987
2962
10820
12487
8401
8829
1561
2891
1238
1114
2834
4724
4699
4895
9448
8372
1164
3568
15508
15845
8319
1528
12510
4725
4866
6036
9565
13544
13390
12295
13363
4837
13528
12546
3731
1253
15510
6519
4788
6093
2963
7157
2808
4836
2844
2732
2966
6584
9625
10752
1223
8244
12267
15429
12311
2731
15906
8920
1377
13450
4999
11113
1129
15501
12490
1409
12242
8307
2777
2694
15876
8824
4700
3651
13500
8269
13180
1139
13438
1305
11059
12494
2680
3601
2860
6025
13556
9486
4881
15860
3746
1513
12535
4802
11075
1491
11724
9048
1544
1545
6572
2594
2533
11123
1339
11082
1108
2799
2773
6660
3538
16007
2724
11110
13351
7233
2728
8318
1272
3708
1383
13519
3010
6039
3686
10788
2941
13214
3750
4994
1177
6024
2890
2513
6566
8313
3606
6580
13348
2769
10749
15482
13239
1298
10868
10946
6130
12401
10821
8845
3529
3552
12470
1243
8162
6654
13630
1191
6657
15270
8304
12518
4989
8221
1387
2596
6103
9647
11037
13360
4950
12321
4721
13490
3682
3729
7176
1160
13591
7893
10854
8186
12408
3760
1276
7892
3730
1497
7197
9586
8344
3516
4899
4730
7187
1116
15993
4330
6543
10843
7184
11057
6121
12475
1162
2569
3504
8925
2882
15496
2939
6001
8291
3620
15511
7190
9581
10960
10916
2711
12318
13279
6048
2678
1321
3645
6490
13470
13413
4992
13418
13445
6056
2640
4947
15432
13171
15502
4673
13296
9533
7882
4864
1192
9501
11124
3701
2900
1244
13503
2990
8398
15894
9568
2907
13644
9484
10881
4941
10838
13571
15930
3604
6020
12289
3722
13480
13449
1560
3642
2846
13502
12360
3001
1517
13169
13378
1373
1411
13281
3700
1320
11746
1103
13548
3585
13566
1207
15987
9619
13456
9580
11010
10814
10815
9452
3707
13622
8302
6086
13524
13317
6593
13586
9506
2953
10860
1415
15948
11756
1130
4687
12406
8431
15506
10962
9442
6009
2947
2736
12484
6578
9550
2938
8241
8903
10947
4717
15458
8255
12392
15534
3705
11001
6072
12241
13609
12255
13385
12285
9516
2673
13260
8222
2840
8232
12324
6075
4908
11088
13407
8317
12345
8910
9531
15473
8820
9493
15998
7881
5988
13165
14632
6016
1152
6081
13200
13257
1246
13516
9451
9633
13623
6652
11105
8236
1297
9549
1557
3656
11102
4693
1198
4731
9529
15905
2964
2629
9556
13647
7880
6069
13352
9447
12252
4859
1550
12531
12309
2565
2892
15532
9532
10961
6091
4744
9461
3699
2913
12425
15929
4757
15484
3517
10911
2950
6128
13316
6595
9559
15518
2820
4322
12427
11741
2789
12483
10966
10888
11022
7177
13349
15825
11063
2936
2812
1165
8904
9536
6617
3548
6108
13193
4812
1562
4931
8841
6562
13359
9588
10782
2672
8872
6079
12262
8173
10899
9552
8442
15274
13263
2621
14162
6042
6013
2647
12540
8375
13415
8445
13332
11052
13268
13288
12421
13194
1310
4800
10938
6041
12280
15529
2658
7891
7192
4871
6517
13182
9563
13303
15878
10744
2624
12553
13452
16002
8298
6564
11748
2532
4762
2617
15477
15856
7216
8854
9649
1323
1167
1187
13392
11114
10972
1516
4688
2809
8174
8873
6659
13567
8894
3657
1417
11048
13492
13366
12456
10984
2806
7202
3514
13597
13607
2833
4873
6061
10824
3697
10842
4665
3011
9504
13625
13529
2906
9514
2715
9543
2837
6537
6102
12454
4774
13557
12492
11002
9523
4904
15874
2707
6080
1496
6098
10977
13439
11033
10945
11011
5996
6120
2585
3015
8233
8161
8905
15936
7193
1185
4765
15984
3537
13526
4695
9479
8226
8308
2883
11087
16010
9660
9534
15835
3637
2620
10858
2787
15821
10872
15916
2582
6516
1502
1242
2632
13202
8197
4669
8248
4792
13321
15497
6512
3648
8815
9641
6066
6047
3549
15470
1331
9577
8444
2667
3580
13255
13396
2845
12503
15498
1169
15887
13327
3627
6613
8878
2958
9648
4933
15505
1309
10942
2759
2949
11070
4879
6085
13512
12526
13408
7145
15954
16005
8199
9460
10813
11750
4751
13420
2618
3650
8198
13306
13170
12363
11040
3739
2718
4862
11109
13579
15844
13487
2914
10969
2867
2709
6615
6530
6576
10775
8369
8919
13523
1348
4960
11049
9525
13618
2683
4815
8289
11753
13383
7230
1240
12259
12257
9518
9558
11740
4993
2583
1392
12480
11046
3749
1324
1217
12478
15938
15968
10910
12407
6656
2902
10779
3546
1145
12369
13437
13399
8201
6592
8245
11065
11021
8814
1419
4660
9609
12414
15995
15882
8184
12304
2676
4323
8407
12254
13373
9055
11009
2856
4672
4811
15812
13538
10934
1210
1280
12517
2905
6011
3564
1154
1284
7170
4664
13198
7166
10803
1369
10850
4804
4756
8214
10833
3692
4705
7901
1208
1319
2794
8874
8834
8451
10807
10870
11755
13466
15528
12256
7204
15927
13262
10988
12450
8430
11730
3733
2932
8427
3691
15921
11768
6538
1396
2591
1325
4934
10859
4727
11008
6132
12270
8213
2653
13236
3706
1535
11106
9491
1357
6558
11024
2726
10835
1271
3747
1174
15893
8247
7191
11761
11723
2734
13299
4680
13175
13599
3720
15435
9595
13384
4697
12448
2804
1140
4326
6496
8368
15483
9060
11754
12381
4944
1231
2916
9057
13531
11776
16018
15853
4877
3737
6638
2601
2828
11054
6590
4897
12386
4891
3602
8897
1283
1343
6556
8393
8252
7900
8212
15908
12445
8280
11053
3742
6554
13653
10755
13325
1181
10770
14160
13603
2910
4841
11003
1300
2803
6114
11018
15986
15944
13208
15863
13229
13293
12248
2593
13602
1559
6073
15427
1412
2763
4855
1515
3756
2925
6027
7201
6493
12439
4997
11567
1131
2700
13429
8346
13564
2727
1529
3753
10900
13499
12379
1206
10995
2750
8282
1279
6616
2559
6138
11066
6137
9591
3571
4769
8866
8180
2911
8327
1264
3649
3639
11028
3560
12244
6612
7877
1110
3542
9659
13223
2981
13568
7147
6002
11100
10741
3680
2975
10804
2534
2577
10773
13534
4910
2590
12507
9472
15967
3721
9603
4932
1155
2713
1380
9466
6636
9457
2589
8306
12366
6058
1330
12341
3762
12520
15923
1356
2608
6083
12548
2696
4878
8800
1274
2554
8355
6092
6133
8399
9656
11096
7203
10867
3757
2818
9570
1105
1414
12325
2823
13421
4919
2864
10885
8832
2572
2706
13410
13228
4694
4766
13435
1363
11775
11564
2561
15457
10982
4768
3519
13595
9636
15862
15978
13387
7151
4785
15456
15447
7164
15830
13635
9569
1346
3534
13627
5997
1316
9500
13256
11771
13533
2690
6622
1362
11752
3738
7199
2816
10796
2587
12409
3653
10812
2615
2603
1216
2922
12286
2664
3675
13539
13504
12511
15478
15926
1519
8296
2912
13238
9650
6089
13315
10898
4809
15533
4659
2824
6561
1355
6017
11759
15996
4327
15809
13574
3527
2550
6491
9462
11769
4734
8844
15900
16009
10918
13416
13215
3541
4858
8809
2783
10959
13619
1195
7181
8411
8400
1221
4995
11727
1354
12385
15841
9476
12239
2595
13270
8422
10830
11115
4917
1553
6492
8210
8852
1128
10739
4972
1248
6501
9663
1096
1400
3575
12498
15536
8856
2666
8290
1294
12349
4901
13634
3014
8428
13444
13291
9567
2634
15273
4683
6525
10897
13312
2625
4759
8215
11085
2996
10802
7217
15530
1112
1367
7143
13423
8432
2985
12293
9606
7898
2797
6109
9561
4715
6642
6010
4803
11118
1350
11770
2754
12296
2928
12519
13543
15507
11016
4882
4976
10968
4707
12332
2560
2656
3726
9515
6588
6541
4925
10849
6116
1258
2669
2898
4832
9597
4752
1224
13379
11091
8450
15915
3004
7153
12472
13636
2648
15994
3609
9530
2764
11772
11090
13587
4331
15865
16016
11004
13222
2810
2859
13309
8877
13509
2598
15281
15855
3551
15454
2705
15509
1158
12403
10914
2929
13320
8857
2989
11744
1287
12505
2855
12399
1340
13569
4754
1522
4920
4909
9655
1209
12488
4898
15847
2945
8851
12555
8907
4718
8303
8196
4829
12416
10953
15989
12444
10996
4991
13233
13274
1252
15940
2997
1359
6532
8890
10930
11779
13179
7156
1389
9050
7182
12451
9551
9593
1375
6015
6545
11780
6504
2581
8863
6078
7222
7229
8423
6555
10756
3592
11029
8177
8848
4761
1215
13448
3745
15284
4922
1335
10926
8371
9463
7163
10894
1241
8426
11778
2538
11125
13483
15943
12353
15467
3698
6035
4831
12336
13427
13541
8294
9544
10990
12350
1376
8287
1394
12378
9539
6573
8892
4914
2514
1505
10902
13498
8891
4937
13537
2716
13510
9607
15475
12338
1299
13237
12514
7903
6639
16017
2542
12320
1549
8889
3710
13397
4821
4887
4709
4845
13395
9635
8230
8238
15961
13403
1179
4851
3584
4698
3556
8339
12541
11076
2842
13637
9459
10951
6522
7895
15519
1257
15988
6022
2757
12395
8833
11129
11747
7149
13530
2528
2628
2923
6060
4335
1296
10799
15819
10948
4885
15444
15934
11757
13460
6515
13611
13484
12339
15979
13436
4880
1326
12477
12396
8921
15535
10767
2952
2920
2551
6028
4776
12355
8867
4971
16015
1163
15521
13246
8343
15269
15485
8876
10839
9465
13230
13642
6084
1228
3728
12322
5986
1134
8190
12308
6136
15460
6099
4710
12352
8447
12467
8374
2599
4816
13605
1263
8330
1122
2884
7189
9614
9524
15952
12276
11017
13628
4736
9051
6577
2915
1327
10927
3589
11773
13245
1368
15836
6049
8356
15997
10965
6077
2871
11095
4894
1347
8338
1399
4835
13318
11025
8812
13336
11055
15831
3629
4336
9471
13224
4823
7884
2944
7227
2703
4857
1498
2853
10844
2611
13192
13346
13601
11093
5987
1421
2526
8320
6117
13297
14163
8882
1501
12558
1410
8870
15499
13550
8336
8237
12319
15512
6031
2987
1352
4654
3635
2814
8885
13166
11722
6014
14164
4936
2917
4329
1168
13464
7228
2571
12430
4324
5991
1329
4840
8382
1214
9508
9576
7194
12305
12438
10800
13419
4979
4771
13364
12533
12247
13272
15471
13185
11084
13302
12453
7894
10957
2988
15932
4826
8436
8888
12436
12272
2545
8240
13189
3007
2643
8271
3555
12367
12424
2563
4806
3012
6633
10866
3667
11760
6589
15452
13284
6007
3687
13536
8402
4723
15843
3711
2874
1196
1235
13432
10831
11116
3016
10783
9621
15465
1261
12486
12364
3574
4876
2970
12303
11737
2665
2830
13376
1124
7148
4692
15859
2875
2721
2829
6032
9473
15945
4990
1384
2702
4961
2767
3536
7186
13406
8440
3502
4333
6088
12359
3647
12380
12365
8799
11121
1266
13319
8301
2522
1525
6100
3530
6115
8869
13491
3702
15964
8188
2592
8284
2584
9599
9464
2888
15820
2957
13501
1524
3554
11729
13292
7887
7144
15441
9454
11745
3553
12323
12446
11081
6074
8183
3003
13513
1170
15503
8380
12400
13565
13453
15973
8349
4926
11728
15849
8321
15476
2531
2708
1537
8818
9474
13216
13381
9444
12552
13561
8337
12418
6122
6131
1236
9056
13497
6546
1137
13495
15811
6586
13372
15837
1201
3582
1245
8875
1382
10993
9513
12501
3673
4713
2813
12449
6637
6053
1251
9507
8164
4332
13640
10895
13488
6495
4955
3603
13551
15871
2753
12429
9596
10880
6127
4719
2556
2792
2976
13174
11020
10940
8900
9608
13218
13280
4742
1199
1391
6625
9443
8378
4732
12362
3755
4820
3605
4743
13190
1267
15434
10862
15864
12463
15880
1094
4825
10832
10896
1292
13172
1520
4985
15903
6539
13197
8404
13294
10921
4777
8898
8861
15474
13285
6565
4808
11101
3646
15933
2934
6635
8228
13645
2547
6052
1558
11721
8340
10991
13430
13588
13398
15828
4801
2885
11119
2535
2623
1220
4860
13428
2781
1156
3513
15426
1141
2956
2817
10851
3510
6503
9583
2827
15950
15531
4780
2605
15896
1315
11023
4833
1247
6614
7876
11117
15813
2984
8354
6139
12547
4716
1306
8299
12281
5995
10932
8365
1254
15433
2969
10979
1125
12274
13157
13063
11698
6207
7140
7033
12971
14338
1432
14351
12995
16172
16196
7003
6947
6187
11571
4648
11587
7081
11570
11627
11703
11639
7095
7088
8257
6268
11679
12991
13016
6208
6248
11610
6978
13058
7105
13100
1452
6285
6985
6176
6182
13142
6213
14373
12972
13144
16255
11673
16211
16220
6968
13124
11693
11655
6202
13002
13117
13089
11608
13125
13056
1466
9013
1442
8965
6235
8933
11674
15405
15415
15413
7115
1467
6964
13087
11649
16232
15411
6994
16222
6918
13014
11602
6286
1477
7070
15403
13108
11716
7133
16218
6189
16208
12933
6278
16271
13041
11621
15419
11711
15372
16224
9024
4624
15400
6299
13099
9043
13134
12963
16246
8930
6196
14324
13107
12982
6215
7028
12966
11702
4613
11641
11598
9030
7041
12969
16267
6173
1435
15409
14322
6259
11664
12962
1422
4612
6942
16178
11584
1451
9020
11624
6943
4623
13057
1469
8258
12959
14375
13121
15393
7138
15410
3028
9001
7071
13076
7086
11652
4618
6971
4632
16272
1482
9042
14312
6217
6272
11665
13156
13135
16238
9032
8980
16176
15407
16261
6974
1440
6958
7063
8995
11611
12992
6960
13069
11592
16249
13018
7136
7131
13060
6143
15366
11576
16273
13120
13114
6168
16225
4636
14314
11666
11582
7101
7050
6976
14328
6956
12998
13020
6188
11706
15418
13151
3026
13118
6300
13133
6159
6989
9037
1479
13059
16197
6980
11705
6156
8932
16204
1460
12989
6154
1437
11696
7066
14320
13023
8957
11583
1427
8959
13083
6925
11684
13062
6996
15373
13145
7106
14352
12990
13043
6249
1453
6917
12931
13045
12974
13012
6255
11713
9025
8926
6297
6193
16235
16244
7057
15387
6970
13019
15398
11661
14336
11591
8944
4639
12978
13003
6147
14355
13132
7124
7045
7119
12943
6281
11595
11573
14363
14357
1456
13104
7122
6221
14318
11597
15394
14370
8945
16168
12952
14368
16268
13028
4628
11688
16257
12975
13068
7048
16189
13095
6142
6161
7043
7118
15378
6277
6966
1425
1485
6149
6959
14343
11575
14369
9006
6165
6244
6913
16259
7111
15423
16233
15388
6246
7134
7036
6270
13109
11656
14376
11685
11648
8972
11677
12945
16264
16202
11690
8978
13082
1438
4626
7058
6232
7039
13158
11593
11712
7126
8981
8999
13090
13031
6242
11680
3027
14354
16216
7021
1478
7103
4638
16188
6174
15408
1447
4619
16266
6160
6944
16250
13061
13152
8948
13048
16181
13025
14327
9021
11574
11663
13110
14339
4634
13161
11619
14348
9007
1463
8927
6227
12958
13027
6150
15376
13085
11660
13129
6238
11606
6234
11709
6935
11616
14378
16226
8963
8971
7113
15365
11628
1426
13026
6184
6273
7069
16231
6175
12938
8979
13136
16260
13150
6940
12950
6957
13052
13128
13079
14341
8952
11622
13040
7074
6230
15399
12932
16195
11694
12951
7007
6949
7087
15402
7132
12957
6197
7030
16209
3025
15401
8967
12944
6262
12984
16173
13101
8976
9011
9038
11654
13047
6288
15424
12960
7059
6265
14349
9045
12985
8943
11623
13088
16253
14321
9014
11646
6195
9023
14329
9022
6969
6280
11618
9040
6279
16221
7012
16191
8929
6990
6157
16270
14452
2312
5050
10594
10557
8739
5067
14516
5073
5075
8679
5269
10705
8702
14437
2401
5262
10585
14476
14415
5281
10618
5031
10656
14475
10383
5321
10730
2412
2462
10614
8757
10584
5206
5255
10615
2409
2308
2479
10498
2261
5263
5003
10351
10553
2445
5183
10504
8685
5153
2446
10577
2388
10576
14503
5231
8673
2381
5120
10448
14502
5035
5013
10417
10345
2349
8668
5150
5158
5079
2418
14483
10737
14423
5008
10612
5306
8653
2463
2432
5241
10654
8649
5289
10427
14404
14405
2374
2310
8719
10722
10691
5251
2258
5184
5088
10559
14466
14494
2331
5179
10734
5211
10420
10394
2400
8700
8667
14477
10401
2511
14497
8674
2391
2288
2363
5240
10569
10689
2491
10622
5061
2470
5021
14435
5173
5288
14397
5002
10716
10632
14525
5345
5191
10602
5125
10665
14416
2433
10668
14427
5161
5230
10466
14517
2455
2444
14461
5022
8747
14500
2325
14431
5006
10463
10606
2290
2437
2481
10458
14499
2274
10648
2330
2271
5107
2282
10680
8678
10520
14504
10440
8721
2376
2368
8732
5254
10435
14451
5249
14509
5077
10447
5144
5227
14539
10631
10517
5171
10645
2259
10470
10522
2410
5131
10438
14402
10595
10646
10541
2279
2335
10378
5328
10347
2384
2452
10368
10537
10660
10696
10384
10486
10395
8676
5083
10619
14446
14380
5168
10413
2360
5299
2336
2285
8699
5319
5285
5048
10436
5005
5303
5222
10429
10714
5197
2403
8712
8648
8704
10550
5279
5296
5273
5145
10454
5232
14488
14495
5009
5190
5033
14521
8733
10582
10358
10460
10575
5322
10348
8651
5294
2356
10703
5304
14392
2303
10361
10711
2435
10441
8749
2315
2255
5248
10465
2373
10485
14454
10547
10642
5069
10583
14382
10593
10573
5300
10717
14398
14420
14493
10494
14455
2393
14396
8701
10500
5123
10715
5134
2496
10679
14529
2326
5092
10453
10437
10512
2499
5351
10570
10508
2284
8724
10516
8650
10468
2301
8736
10473
8738
5057
5152
2352
2485
5121
5293
10589
5335
5219
14436
2389
14478
2295
2379
2291
10701
2365
5316
8665
8697
10362
8755
10564
14528
5142
2355
10630
14515
5236
5311
5037
2419
5098
5267
5258
14441
5159
8711
5084
10596
2490
5286
10503
10571
8691
5126
5000
10433
10350
5147
5284
2287
5312
5271
2383
5204
10560
10620
5243
10353
10692
8646
2440
5195
10662
5165
14474
2304
10723
14471
8715
10471
10720
14498
5102
2275
2265
2484
14496
10581
10450
5327
5041
14506
5196
5259
2386
5154
10416
10683
14458
5045
10366
2278
5116
10419
5189
14462
8741
14445
5234
10735
5143
10525
5261
14384
5078
5081
5280
14534
5344
10704
8664
10510
5347
8652
2466
10530
2464
5212
5129
14381
5207
5309
14489
10392
2264
5087
14507
2307
5091
14460
5162
10685
8734
8677
14513
10682
5012
5283
10710
2456
5160
2492
2359
8671
5176
10380
5109
2489
2316
2404
2449
5242
10472
10398
8735
8675
8743
14482
5220
10425
10563
5080
14511
14469
14388
10409
2504
5115
10690
8680
5025
2421
10591
8696
10506
14444
14537
10539
5181
10601
8689
2431
10637
10707
5342
10488
10451
14532
10587
2475
2392
10432
10728
10650
5209
2372
10457
10551
5340
2371
2451
8686
10667
10385
10359
14401
5032
5074
5137
10365
10694
14491
10661
2318
2305
10708
2370
2507
5225
5270
10699
8656
5326
8659
10636
10467
5198
8660
5063
2447
2329
2482
5030
14512
14386
14522
2341
2270
10644
5127
8753
14422
10698
5339
5252
10396
2262
5226
10369
5217
10415
10377
5040
5055
5133
10709
10724
10518
8662
10382
2324
10414
10686
10540
8745
2257
10408
10604
8693
2439
2415
5348
10406
8750
2375
8718
5174
5338
14447
10688
5265
10727
5329
10474
14523
10546
10526
5114
2251
2272
10536
2292
10349
2361
10483
5166
5215
8707
14514
5343
10476
5250
10626
10445
2457
5097
14508
2327
10499
10552
5036
14385
2343
5275
10461
8657
5291
2495
5059
10410
10519
2477
5266
5278
10544
5090
10431
10639
14406
5062
14414
2399
5136
5235
14395
5323
2390
10643
10464
5139
10670
14389
10678
2460
5350
2429
14430
8727
10443
10364
5068
2426
10405
2503
5194
2367
2472
5157
10533
10372
2358
14490
2380
5071
10418
14540
8706
5044
8720
2385
14536
10521
2478
5105
10487
10561
14457
10684
14434
10502
10491
5169
2471
5046
2398
2277
2436
8683
8669
10562
10355
2348
5138
5175
5039
10492
2309
10523
8723
2406
14413
8687
14418
10613
10514
