15171
9399
6735
6722
14904
117
6791
5884
3383
3363
33
9270
6664
15170
9323
103
6698
15173
15045
14951
9295
9282
14914
5742
173
6744
6666
3355
12108
133
12215
83
5843
5816
12168
12167
16289
5754
14982
5766
12187
6692
135
5886
5743
6717
189
5736
3437
5797
9340
15189
15152
15088
30
5779
6700
5822
9416
6669
14972
5923
14165
5773
8263
3400
12190
9344
15002
5807
5728
5906
14995
12107
3434
15083
15077
12132
14960
67
6680
107
15008
5934
9370
9354
85
9290
6718
5844
15046
5869
3407
6738
14912
5782
15059
15127
167
5926
6661
3335
6665
12186
3478
52
168
16304
9438
3445
5
185
15016
9395
14971
5755
5749
16302
12143
15050
9265
4
15053
14931
9318
9365
49
5939
15133
9364
147
12157
115
12152
12180
3440
6767
5803
3367
6678
3
12218
84
9437
5767
6719
5777
110
129
6714
12175
12230
3417
15115
6786
5805
5919
3422
9300
14173
15151
5837
9412
16309
9338
12125
178
17
5746
23
3427
28
12129
14175
3356
5925
5940
5762
14958
3467
9310
9376
14920
3462
3390
14928
3420
3394
5787
15048
5842
12184
3412
3391
15024
3341
15092
14908
14990
9388
3389
9384
12166
70
142
15
5927
3348
16
5802
3410
5887
3425
5881
8265
3447
6682
14976
14969
5780
9371
15047
14966
3436
12182
5804
8266
9415
109
183
3475
12156
3336
44
15063
9337
14174
112
152
159
14987
3369
5943
14949
14945
3358
6713
15106
60
9335
3457
14192
12138
9345
3432
12159
5795
15164
15037
5867
3480
12161
14170
97
3333
9334
6750
12213
5873
3449
14901
6759
5883
5836
108
0
16292
9368
5874
9387
5911
6755
3409
5834
3491
9378
12131
14934
12219
6765
14
14993
94
93
5876
6691
9435
16308
14989
6789
6782
5831
9405
5726
12173
15122
3337
27
14947
3487
9277
15089
163
14961
6739
15027
15098
15022
12211
3426
12235
9346
15168
9433
5820
19
66
16306
5810
15183
12123
9366
14913
15040
12112
3372
3428
9333
5880
16305
5921
15035
9382
9392
5776
6721
14905
6716
9389
3415
15072
5848
3375
9284
9274
5740
6771
8261
25
6685
5892
12111
5734
15061
16311
15158
22
15160
48
15148
14188
15190
63
46
15076
9286
9268
15075
9266
3361
5938
5851
9336
181
165
80
12133
3461
15119
15043
6694
3371
8262
14970
12209
113
14906
14182
16307
12114
78
9299
6695
6741
9353
15132
14899
15015
3482
5903
3418
12198
161
12179
6740
15156
12183
3339
9375
14936
12221
9350
3345
5913
114
15099
15188
14186
14954
15167
6710
9341
15052
9429
5853
9324
15060
9320
9288
26
106
5821
6792
5885
12227
3374
98
14950
3357
5909
15066
14917
9302
10
5757
9349
6708
15031
15138
9420
139
15033
3439
9329
15166
9347
9355
5770
5799
15177
188
12220
6754
8264
15028
82
87
12172
12151
9404
14992
15143
15107
15145
140
15023
116
5937
6770
6705
12192
14998
5908
6677
3424
15184
6709
12203
9308
3416
15049
58
3438
5750
3399
15129
15014
6687
12128
6736
5928
5808
6773
9292
3360
16313
3433
14955
18
15011
81
3498
6778
12196
9356
15007
9363
5732
6760
3395
5932
3365
138
6746
6742
15128
14929
9424
6663
5814
6756
191
9314
9410
3488
3392
9430
3347
99
5812
9398
6723
14190
9422
5785
6676
3443
15058
3455
14974
12174
3481
6684
3459
14959
12201
12118
9359
15136
76
21
9313
12228
77
3406
51
15125
16287
9317
9436
3405
3340
15018
9322
3435
15100
16297
5912
15057
5725
12163
12202
9264
65
14903
15102
14946
12208
9393
15121
14926
16293
3387
5868
3373
3470
12185
125
14932
14979
12225
3401
9321
5947
5753
6704
9401
6688
5721
6733
136
15144
5818
3402
111
5845
6743
15038
6772
71
5781
6730
15081
5833
5840
3463
5918
9439
95
15130
16303
12177
5793
5752
3411
5801
9301
6783
15096
6725
9426
5826
15006
16280
15080
101
127
12113
16291
6729
12224
156
3414
14919
15182
14988
172
12205
12226
5722
12127
9367
15181
145
9312
9386
15097
14948
15071
5733
15062
56
9417
9297
3397
37
15140
5775
12141
15065
12231
157
5769
16301
15172
9305
12121
5778
6706
9372
9304
3454
6686
14996
15153
91
6781
3466
3349
14968
12199
9411
45
3489
3376
12150
6667
6737
9362
6662
43
6745
3471
3378
3450
16288
15067
3978
11312
2194
3825
216
7246
15637
12746
8607
266
13800
14740
1733
11183
4468
4509
13867
10132
8457
15605
8459
10121
15642
15628
16129
13862
10059
15656
7463
2028
1925
211
12771
14679
8518
1892
12667
1804
3925
15708
7259
14759
10094
3895
1645
4397
12571
10144
11258
7303
12925
13780
288
13822
1688
15684
1950
1900
3840
2088
1945
1918
4372
7505
12568
7627
16074
3926
8640
14768
14787
7378
1876
9992
4000
11165
8525
1963
1967
12751
15638
4361
1677
10211
7341
10213
11428
11179
1687
8526
13934
4402
13839
11324
2163
2196
8588
2057
13802
14780
11269
13910
3890
10331
15691
14788
14660
4063
7461
14782
7531
11145
3892
2000
7449
16077
12872
8505
10324
15580
7442
1894
15550
4560
12897
1598
7501
12790
15707
2045
13845
10149
13920
8585
4569
13883
12774
2152
3946
10252
12798
14760
12828
16122
4510
7572
331
15730
13841
205
12701
12811
3802
12752
12732
10111
11194
8608
2065
4566
1744
1807
1638
344
15574
1753
10071
4035
12908
1686
220
10297
4578
4472
1887
12716
11430
11410
12838
4572
11151
342
8532
14639
14708
245
8591
7611
493
3853
10053
16131
12707
14647
1916
7352
7875
4475
1615
7434
2166
3932
11390
455
10269
11383
8514
2162
7626
11388
8556
10116
7344
3842
3810
10118
11215
13779
10020
7279
11313
14830
2250
1608
8468
13861
13838
11170
13830
11424
2049
15727
453
11360
10274
12797
3811
10171
483
15585
1591
12856
1653
11377
345
8495
12698
10308
8454
3920
15630
469
7440
11206
3839
7509
4032
12762
10172
12687
15549
1600
1791
1674
15741
4450
11218
4367
15617
14781
14849
10069
16132
3768
8484
10250
3856
8616
2228
14670
13687
2153
12622
13882
13881
4045
14737
16148
13722
11364
7874
3976
13915
11223
2054
11207
2053
7391
3849
4544
1883
16035
2060
3828
13886
4531
1758
13785
12586
13783
14697
7868
15615
1919
16141
11185
16106
7497
15645
249
11205
16094
14887
2097
1577
11174
7502
11371
336
4393
10150
14652
13900
13795
4030
440
12921
7379
407
1586
13846
4395
10217
8477
3913
394
13788
4345
1908
7364
15664
7317
2080
7557
11281
13944
1722
8529
2017
4563
14658
1994
11294
484
12761
12640
1682
4036
14798
10265
16117
10029
3881
13750
10068
7615
3986
219
2034
3969
16153
10139
298
12871
7357
8539
1773
3991
11275
11418
8467
1939
16151
10302
11212
13919
14766
4067
2237
13907
2075
1810
285
13782
2186
11267
14666
3931
4535
1694
3967
11408
2030
7642
13889
215
1980
14846
13914
7265
13942
12639
4386
10037
4078
203
11226
10122
10022
15576
8576
12913
14855
15725
7641
11427
320
12870
10042
2240
1618
4358
16098
12769
7465
4384
3857
2195
4075
14859
2149
4352
259
11329
15541
7581
10304
4538
11299
16165
4073
7548
11291
12657
10026
1772
1843
11132
3915
4410
10064
8626
15666
4344
2141
4461
11198
13863
2029
7297
13952
13714
11426
1581
4598
2044
4415
14858
335
14831
4066
14700
3900
11181
3960
7498
7274
4471
370
7340
12813
1995
2151
11345
15634
392
7280
14828
8590
1932
7337
11247
3874
1650
14865
459
8496
10084
14804
11338
10051
13803
7384
4406
13693
2090
15552
1824
15713
4436
14711
12577
8491
7430
12890
14674
12768
4500
3977
12614
13878
1584
10088
1855
10010
10319
4357
13669
15680
10109
512
16062
13930
4068
14657
1940
3878
4391
2245
12736
10070
15654
12686
12606
10329
3944
8535
11384
14820
2031
10011
12895
13943
7345
10048
1979
16061
10145
15674
3826
12730
7338
7457
15735
14881
12683
10002
387
12778
15575
401
13913
10225
1898
10284
12834
14799
13681
12763
10038
14726
4405
7620
12574
11314
15582
371
15711
7304
480
10259
4009
11405
12675
4421
13820
13805
4365
2038
4050
217
2073
1795
4584
10311
1727
277
11161
11271
4057
1886
10164
2015
12650
13860
7347
12858
4573
16089
11188
1668
13812
7601
13888
7422
3988
15596
12842
2178
15568
14734
4540
11344
14745
4404
10141
16134
507
7585
3972
397
4401
3889
1895
7447
4422
1585
7563
16096
1748
13896
12878
10124
15618
12906
2076
8628
10130
12766
12648
7543
363
16052
14870
14753
8633
11300
4417
14663
7369
12604
14693
2013
2181
11387
11270
13768
13869
3835
321
4026
4608
1863
4374
7872
8624
3937
1620
12735
10313
293
12599
12854
1609
11289
423
1930
8599
10336
4515
10230
12755
11251
15619
1938
12612
464
351
8503
11283
15716
2021
14751
13698
16080
383
2129
12559
4483
1603
12563
7537
2143
1833
13906
13668
15600
3789
11285
12655
1934
7499
206
4583
1657
7605
15551
4004
15646
408
13865
12641
11373
486
16162
10318
7318
210
14739
4523
16097
14837
4447
12876
13757
10223
11419
8559
10174
12661
12634
15557
4409
7363
4492
13798
8487
2110
317
3876
11354
3794
7307
7267
2139
10199
10253
2225
499
13791
14675
12802
11211
4029
12881
15699
1864
13760
13811
4015
14835
10117
8604
4507
13767
7395
1799
9988
1565
14880
3769
236
3916
15629
11214
1828
13931
10279
7854
503
1798
12674
7354
12807
3823
1986
10291
297
1809
15556
213
12690
16031
1658
4577
417
13784
12918
1815
15562
10137
7588
7458
13935
8546
13939
14861
2140
2101
13662
1790
2205
1968
2165
14894
226
2173
10182
15632
4427
2093
4392
10254
15560
13926
7478
4013
2179
13734
2136
7519
3801
7533
8562
11134
16083
1988
15679
10299
4470
10260
15720
3911
14812
4383
12562
13787
12665
1604
1574
16161
1893
2094
4594
7443
1796
1718
11437
1869
7632
15677
399
11375
10273
3948
11343
11287
10099
3807
2079
4359
495
3766
3859
228
14891
14724
278
1745
7243
4003
11412
10214
10049
13743
319
10285
12885
8577
4602
1749
3910
3830
4018
7530
2025
15671
3982
14636
7514
10234
7248
14732
1867
13940
10036
281
10272
14641
421
12711
488
7387
1770
7871
2147
1676
15658
1880
7424
13718
2055
14856
12879
341
7569
4439
13891
13823
7431
12575
7545
1622
3816
3902
1953
8553
1907
2244
1813
4362
8614
1788
9990
16102
13857
326
7421
12868
4346
11193
4356
7516
7309
450
16128
429
11252
13898
10222
4394
1780
1680
2058
11380
7869
14893
309
12840
1719
1683
2032
11358
10277
16069
7268
1695
15676
8629
2226
2067
10085
12911
3845
12791
263
12744
3820
14738
3934
12582
11321
1882
10183
511
2068
13794
11203
3940
2157
14857
8569
12714
425
7393
7574
372
1923
1599
12869
13949
12580
10052
11139
16042
13852
15697
11423
16147
16166
1974
244
11414
1831
13679
15546
13688
16075
12731
14890
15573
16058
3962
7480
13700
496
11386
15598
262
4370
12830
7472
13682
3935
8489
7407
8482
13901
10128
8597
280
12759
13778
3961
3814
1999
3773
10248
393
7628
10264
340
14648
11173
2063
7484
10113
460
1965
1782
12786
7567
12590
14702
7291
11210
10320
14742
292
247
3795
12781
7460
8612
1929
1762
12758
10154
378
253
2144
11397
260
2161
14848
11394
7851
14871
409
10021
7553
11396
12756
7450
15653
8534
7266
11302
3862
7313
16138
8564
7428
424
1623
7522
14692
11341
2048
1627
279
1857
12785
1666
3771
14651
196
477
8502
1838
2185
13854
355
10289
10083
7462
11370
3999
13661
13902
10310
13866
11219
10123
10146
240
8641
10012
8537
1891
8637
8639
12585
1978
14771
1568
11347
3917
14897
3819
11257
12729
12702
15728
7288
7565
13656
13927
8586
1712
8603
10041
2247
7612
7315
11376
14842
13804
10258
10045
13850
2036
491
2019
11239
11192
13708
16091
2216
12718
14773
16115
353
11301
1841
4557
13702
2099
13815
15694
13892
10266
7617
7482
16026
13671
465
13701
1948
7277
13689
3869
248
199
13740
13825
252
10205
13742
10267
10339
14876
14795
3836
4518
270
1775
3998
16116
1852
2082
13729
14735
1903
7374
3956
3861
14685
7373
11297
10203
11201
15599
10210
7556
12627
13676
4607
15626
7319
16073
15604
12808
14746
13937
4529
504
7285
1625
7469
323
11167
9993
10057
8638
13736
3947
2203
12738
10044
2170
1958
7525
15621
2096
10030
406
13929
2154
2156
11311
16163
12914
13877
14690
7310
4053
1859
8524
4561
15616
8620
14821
8523
7289
8602
14728
7552
2072
3848
11293
2125
12912
4031
12664
1732
10262
7485
12733
15660
11234
310
4580
2204
10295
4400
306
4567
16130
360
13819
15593
2191
7256
2249
11389
7251
7261
1976
10204
3949
14862
14786
10155
4496
3885
12724
10110
12705
8507
8541
3990
12672
14838
3942
12765
12728
2212
2087
2231
1637
200
4069
1693
3772
10301
1789
11248
7644
12685
2208
12824
12812
11187
11288
1661
4558
16020
16137
8568
3775
4008
7470
1717
1720
12692
4380
4590
13707
487
3901
1642
1673
11349
7466
7381
16110
7586
3783
15609
12727
10249
4371
15719
11310
10060
13654
13703
12633
386
14836
15724
1640
14682
405
7580
4414
13897
15590
8538
12643
11372
1784
12825
1679
2052
11144
2164
7356
14684
3891
7475
343
13672
11436
16041
7562
12826
13772
10125
11399
14817
3788
10244
7523
362
7244
368
4487
369
11140
16099
12841
7332
10198
1643
14814
10131
10017
3827
2122
1973
1826
1944
14841
13667
7640
13905
13827
12669
16072
10003
3979
10079
7375
12784
4452
1709
4040
12792
509
14634
1656
7539
1821
1879
12706
1956
15641
11191
7526
14852
7528
1920
11401
11190
15681
1760
16154
339
7278
1981
7634
8544
12610
16144
16059
510
367
15539
4527
2176
13724
4381
12920
2078
4010
3786
15709
15737
8617
2056
11309
1829
11245
13847
10194
1662
14779
381
3964
12855
357
15538
13694
4469
13899
11351
4051
3858
3791
16121
8555
12905
519
10039
15584
14805
1941
10166
475
15635
1825
10220
1901
8517
13720
14691
12776
7270
10270
1819
8494
16029
11155
14774
2167
1601
12684
10147
14827
14778
4494
7489
4458
7464
7388
479
7406
11133
8515
7425
11406
8488
11415
11146
14793
7607
14882
1820
1884
1755
11273
13840
16037
10235
7316
11263
439
16103
7445
7403
14752
7455
12916
8471
7389
15612
13786
15567
12789
7398
15577
4377
11382
7328
12644
10098
4462
2086
416
1639
14790
13908
242
4438
12924
7299
2206
7236
16033
1630
3799
1735
8519
14796
1757
7401
8508
426
1985
1746
375
12624
13761
10108
413
470
10043
11216
13817
7860
11195
4591
7591
2218
10201
1731
4533
13809
8613
7570
12561
10082
15613
12597
1943
1569
10076
4444
10056
10218
7606
12611
13677
8583
12865
4589
11159
15701
12846
1567
12652
13692
7273
3806
4528
4044
12618
7861
13769
4022
1663
4465
12601
1621
11393
12717
14776
7857
1992
2047
1881
3884
14763
14638
4019
7392
2229
1754
4442
2092
461
2189
14850
7368
7415
15717
1808
10294
1952
7239
1767
11222
1726
3983
10257
223
1885
8473
11217
16086
2012
7624
10263
7263
4446
1897
8634
1741
12787
7446
12777
2009
12722
1822
3941
4028
12874
8592
1592
1913
15675
13712
12884
12713
10162
1872
10246
7595
13705
7370
10035
1697
12645
1993
8460
14757
15740
4412
3966
15540
3919
15652
7493
7500
192
7507
12919
16063
3994
1636
431
8470
12720
8627
4604
4432
4403
3834
3843
1649
10058
3824
4058
4052
15581
8558
10054
10187
12891
273
396
10028
7397
13781
14713
12851
1875
7858
8547
13789
15566
268
1752
13807
10314
7629
7850
7589
377
4474
13706
7619
8530
10034
11202
422
12767
4532
11153
10243
10101
2127
1660
4603
3870
1902
4016
13873
16049
7306
12647
1563
10067
7333
11378
14824
14839
2114
13735
4055
14731
14664
8610
16032
11264
8458
516
11420
13686
12850
11280
14706
8472
3808
2138
7302
4481
4434
13843
12852
7308
7515
10073
13697
11352
4424
3953
4497
11176
412
12573
10298
12747
4582
7566
1834
15543
16155
8478
14792
4574
1751
3899
4517
10283
14665
1982
3929
10315
271
12817
10096
12671
195
7549
2077
14709
1840
7249
7359
12896
4398
14695
1904
12799
14801
3854
1917
13836
410
4060
2150
492
16051
314
10016
4449
12889
12595
349
11438
12628
13925
11178
11355
7414
2033
13731
15683
250
8497
4576
11320
4042
7471
15623
419
2046
227
10102
2126
10342
10255
7584
13737
2184
8622
221
15686
15742
7247
3777
7555
12783
10236
7609
1756
11295
1924
14885
12605
11255
11400
7367
1583
11209
457
13832
12695
7342
10009
1961
7348
10219
15667
1802
10090
10229
7258
3800
3877
3796
12638
3805
15703
14701
4376
12741
4454
7578
201
7326
7416
13764
7438
391
7420
15608
8469
10023
7405
12835
16156
8643
4425
7294
13885
230
4536
13776
12816
10152
4024
11328
3790
8475
13674
4369
3871
11425
8528
15545
7327
12658
12793
13879
7417
2112
13717
7510
14874
1889
2235
1962
12629
12864
13948
15669
8481
11260
1689
1848
7283
3930
330
13941
12893
16093
1777
14791
7366
11237
10195
16146
7621
13666
7311
8578
1728
14646
2217
15726
3894
10268
11189
4592
3804
16067
10169
2123
1626
7614
14703
3798
14808
1607
7608
15690
1711
10338
1750
2155
2106
2035
7597
1849
11279
1594
12676
13663
3813
4499
1641
8606
4072
1602
454
3855
2207
16101
2169
2069
7295
4502
4048
12693
473
3933
8579
15745
265
11204
1862
2109
11163
2027
15611
4059
1684
11395
12608
14767
3912
13922
443
3866
11432
13895
8462
8520
14843
15668
1877
12819
193
13763
7275
10327
11334
2059
10133
12615
13946
1644
14699
2115
275
2248
3780
14775
4512
16111
16164
11385
1629
14672
7362
13824
291
11440
11231
7343
1906
389
13690
2227
15729
456
8582
398
1931
2134
13684
11220
12578
3883
4548
10184
2050
15314
9807
3301
6897
15311
6805
8078
3049
3134
16348
9705
5978
562
16414
711
9951
818
3068
3298
784
3030
6896
6851
708
8092
6833
6809
3247
16439
3189
638
15319
6894
5969
3090
15288
14231
14291
9983
9957
6858
3206
8097
6902
11876
15316
9948
9864
15354
16366
16387
16353
9745
9892
14294
9766
15289
9682
3184
3195
9797
9769
6812
14228
756
15320
16443
612
8084
5953
5965
9749
6806
9677
726
6889
16342
11877
11846
9980
16375
5984
581
15364
3177
3140
9679
16340
9876
701
3299
9883
3125
9743
11848
3064
14222
14206
16368
628
584
810
3275
14254
6886
9964
6904
3083
3207
692
3055
9971
14199
722
710
3150
14299
798
5956
11862
8115
9967
812
16440
14227
3111
9671
16337
575
9890
3154
785
3033
3332
637
8103
696
578
9733
15333
9844
16358
591
3176
14307
14195
9669
733
14205
14257
16377
703
5959
9689
16322
16381
14243
14207
9699
709
16350
9732
569
3312
3058
675
8144
6818
9901
6841
8149
11832
6869
14215
9938
15347
3160
3039
11872
9965
16326
14265
589
640
16389
16415
9788
561
14306
11795
11807
16357
3168
520
14210
9702
524
9787
9751
11809
523
11787
3226
3328
14249
9987
5971
16335
15346
14279
8133
14297
529
15301
14262
762
9860
16367
3147
811
3175
16363
15327
3314
6885
725
9703
814
8147
16396
9960
3229
636
9747
15299
9935
9838
718
761
11884
9684
16399
9801
14240
3178
3245
9893
8093
3118
3252
9815
3136
3109
16355
9846
11796
11859
9799
9752
3170
3072
593
6835
3217
3297
759
5960
15290
16436
5955
9719
674
3293
14217
3110
11829
14208
815
764
3286
14226
6819
9775
15331
15295
9862
3290
9884
6807
11793
9915
3330
14277
9768
3300
6874
11823
14301
11788
8089
8086
16314
606
14303
568
3052
9932
579
16328
9962
16336
791
9887
9881
11875
657
723
11880
3260
6836
3234
3051
3305
3280
3209
3060
8121
11863
8146
9803
5957
9773
15341
823
3142
3287
9895
6793
9737
9937
16428
9758
9869
8118
3107
11866
727
3131
14258
14214
3203
552
5949
9711
824
16315
15305
11858
9865
3279
6872
15361
655
8138
9707
665
9968
781
3148
6834
772
11818
6856
8131
783
9762
9922
11797
6843
3281
9958
9867
3250
736
8100
788
528
9704
11851
3232
6887
9847
16419
9973
15360
6875
15342
3076
790
14285
9713
3200
587
9804
9810
610
3045
9691
3171
9834
9978
9949
9851
3321
792
3320
9746
14209
697
8150
6795
8082
806
14250
757
598
14211
799
9698
9738
9976
16426
9720
14232
16325
6801
9889
9727
3289
624
9675
9888
11865
16432
3085
11854
9700
547
14213
11785
16383
3276
771
3114
3266
15307
16401
9959
16317
3093
695
8102
16393
11824
6870
3222
11825
830
597
16429
11827
6883
3162
3216
604
3077
16397
3213
3032
662
3172
3179
15318
639
16324
9685
9979
15317
9977
11830
14255
607
6907
634
3133
16405
3073
11870
9692
5976
542
3065
659
3240
749
9913
3063
15357
6844
732
787
3246
8139
15362
6861
16410
16347
629
3126
15356
6862
5975
3253
537
795
3173
3273
8136
9863
6810
9969
8132
8154
9920
16334
6882
16345
9805
820
15296
9953
3075
9878
3120
14200
9955
14235
622
544
700
3074
3066
600
9912
14230
11819
11874
16392
6837
16398
16421
715
8126
16386
3248
16384
6879
9885
11849
546
9907
9839
16435
5974
576
721
3212
3048
9770
730
6867
9820
5970
16339
6884
9712
9970
15298
15355
9857
9709
11813
6814
3071
797
16413
9763
16409
3223
11882
11808
3264
768
16351
9750
9894
6898
3198
3079
9829
11803
774
9879
5952
3187
6813
671
3117
9792
14204
3144
642
6808
16430
3323
14278
8079
3274
630
669
9911
720
558
6908
9666
16390
15358
767
9786
8083
9972
687
16364
9950
805
573
15291
8113
16418
14276
6822
6868
16431
825
646
14281
713
9831
819
5961
9961
740
6863
15294
631
9686
15349
8123
9917
831
11789
8099
3127
8141
11840
775
11831
9835
14266
9848
3258
14287
583
9670
615
621
5967
6880
8098
9919
666
3031
14282
9963
744
3191
3278
532
9771
9855
550
3113
14280
9910
14194
3098
14308
6859
664
3242
6855
8142
724
14256
15328
778
644
16352
8101
557
11869
9730
748
3102
9943
11837
9811
779
678
688
16416
6840
3067
686
3262
9755
9753
3132
773
9896
8107
6821
9715
3035
8129
15338
5973
9877
3054
3284
16412
5962
3307
16427
14292
676
9683
8106
3231
11881
11794
8104
3161
3086
14234
3104
3197
11842
8114
572
11857
14203
9757
6909
11814
554
3267
623
6823
11838
14193
3219
663
16362
3036
16437
3137
548
3043
3095
6900
3146
16425
694
729
15340
15297
793
15293
9784
3174
15352
16407
15312
16385
11828
8134
3269
11853
9870
14229
626
14253
6838
3038
9716
9729
3288
705
525
6830
8108
560
9928
16356
3224
15335
16395
14198
3087
3116
8155
15303
15329
8094
543
16319
14219
6892
741
14286
6816
11815
754
786
5980
683
16343
11883
6803
728
6447
14557
5382
16537
4231
15262
4091
1082
7976
7658
8063
15760
4306
911
12054
1076
5552
8058
15236
960
14133
11966
16558
13999
991
16631
5496
9244
11442
5678
9232
6398
16608
16482
9120
9068
11997
5485
5400
4242
15195
7787
912
4112
14059
11974
7984
11939
5407
11917
15770
7649
15769
5419
853
12053
985
14601
7692
11903
5456
894
919
11934
6348
4303
16609
14068
7711
8778
4099
6335
7703
8037
5386
5447
15750
1084
12102
6415
979
6322
7770
9175
14544
7820
11448
874
5719
14118
6412
1037
5703
7973
11515
6421
4156
7663
15266
4110
12042
5397
6467
7779
4146
7956
16454
7798
9200
6409
15765
15267
13960
947
4206
7838
6428
14547
871
5379
7666
14618
11936
8060
5682
5546
14067
6433
15783
14120
4119
5614
977
7746
15268
14009
14589
7966
11907
5591
4173
8065
8773
4315
13977
1002
11998
11545
5696
6424
11941
4204
5420
12056
16578
14586
5498
11948
14052
12071
4177
14627
9094
11475
9148
9163
11465
16589
6371
14543
7837
9089
16565
11999
1045
9173
16503
11480
5510
910
11470
14098
9240
849
15777
12043
1042
7723
16546
7729
8763
5674
5412
11562
7783
11559
14574
16460
7725
12066
5604
1055
13963
4164
11967
12030
9083
11528
946
5554
9179
9186
12059
1062
16489
8003
6408
15786
5532
11963
859
2749
6332
1050
4284
8036
9137
878
14062
5603
5562
15762
6453
922
13988
14153
7946
5384
906
11931
7648
14081
7921
11949
6483
9210
6458
4122
11484
11989
5590
1004
11455
4186
14621
14075
11467
971
12080
5535
7734
14128
11984
4304
11537
14609
5667
9247
7968
7656
7741
5527
13967
9207
905
16569
5668
15230
16635
9110
13954
8077
4089
7932
14604
14063
5572
16476
4258
7943
5376
16568
9134
7997
15261
12077
5431
14006
891
16552
1057
14106
6356
12002
11902
9263
6349
16563
14155
13955
14039
6443
7687
4165
5359
8789
5697
16530
11926
16553
6457
5491
11990
5474
6325
9196
11895
12106
2746
13995
5394
884
14119
5629
7667
9259
5598
5401
5704
5555
958
965
7727
4149
5664
16520
7985
4081
4250
15212
5489
6416
12012
4121
11935
931
5444
9129
7821
16487
11906
13974
16466
5634
9109
12101
15221
6462
900
14562
4262
14631
8040
4094
11953
14104
14000
7819
11551
14117
11512
11970
4087
16625
866
5638
14002
7995
7971
5466
898
12086
16626
16491
15806
952
9243
6363
12051
7823
5525
8770
943
5602
7659
6430
4175
6461
2740
9166
14137
12017
16545
9235
16634
12067
4199
4317
11924
5579
15802
12098
6330
5655
7940
16556
908
7986
16486
6339
11928
7827
14123
13996
5618
9167
5428
6397
7936
14148
4135
15225
9181
12090
11506
7925
14548
7720
16522
1066
15752
13991
6308
9100
12064
9118
4088
5521
15784
8774
6481
12058
868
5580
6402
11945
11453
917
14116
11969
5611
4266
15252
16480
6439
7955
9208
14097
7690
5440
5653
5642
16532
4305
938
7766
4253
5483
4239
8005
11521
4105
15197
5533
1052
11491
12093
11461
9132
14105
7813
5656
5354
1086
5396
15800
6376
4158
6420
7724
6365
14546
8039
12092
14628
851
7713
14087
15799
14126
6357
4278
14145
16525
14551
1006
888
9218
7910
12052
4129
7941
16506
6343
14600
7904
6482
5520
11466
7735
9098
14545
4120
5646
11520
16584
986
7698
9124
5388
5670
16616
4116
16579
5425
5426
5649
925
5660
5423
15790
5430
14056
9150
9164
5597
5417
11923
961
9154
9191
11996
4101
14065
6471
16499
11552
9127
11482
5392
1032
5402
5514
14127
16592
9162
8023
13973
7780
15210
904
14612
1078
11993
8028
7937
9189
4215
9122
8768
9084
12095
14143
12082
4297
5389
5364
8054
8027
4181
16453
5406
11526
11981
6459
4214
9212
16549
6311
11535
923
4136
14154
16564
14579
7939
1089
9097
14080
4141
5632
16523
6351
5542
15223
12008
16596
16507
15202
4290
16566
5497
4202
1067
4229
16585
7778
6426
8018
5673
6382
8783
9206
7671
974
15248
6460
11446
5480
8786
7841
9209
929
5501
15208
6422
4097
11441
5596
4133
15793
5699
11468
14015
4166
5516
15768
5694
14035
5630
7912
9082
883
9214
6386
9223
11452
13971
9258
15264
14066
5595
16455
4185
16619
11994
14046
13966
9139
9138
5479
16484
5558
4207
9146
928
5622
4093
16576
980
8021
4148
7972
13962
9147
4260
7907
6341
11942
1031
5563
12003
4154
8765
6362
15203
12094
844
5671
8061
15764
5475
15200
16467
9064
11496
16548
1014
7773
7923
4111
11497
6435
9101
5619
9199
7682
7664
11930
4261
846
7832
15766
14114
7816
11975
7702
16524
11547
921
4197
865
4123
4128
5685
5567
14594
7718
5605
8046
6388
6431
11501
1053
8784
7831
1034
6340
13985
12034
15227
6478
14598
14029
4240
9230
16535
1005
9253
7650
14607
4318
842
955
6355
5647
944
909
5628
5361
14553
5539
14076
9217
7672
5413
5507
5698
11973
972
5683
7948
15244
16496
5424
6476
6328
970
6401
16582
9215
12000
4193
4082
7970
12001
7981
5543
7847
4271
4085
15788
11553
918
8043
892
7785
14606
1036
11534
14575
850
969
1083
7914
7794
14582
15773
15260
1016
6472
4143
11946
7935
7775
5519
11977
7739
16528
14149
14587
5626
7738
7764
11897
1079
6360
8791
7830
14566
12007
4203
6385
5528
4300
14028
7761
907
6475
9255
7697
8788
15222
14040
16516
16610
7652
9178
16623
1040
14599
12033
8076
862
8779
6352
13957
6410
4226
9125
8777
16514
7991
9180
12010
15249
4257
930
882
14134
1054
4234
7927
5701
11464
14602
14560
11937
14094
8782
16577
5459
11523
7942
8000
14091
9201
5529
15758
4265
8072
11891
14559
1043
12100
14079
4167
8025
5712
16538
5455
916
5582
16590
9224
987
14033
8008
1087
6464
11979
7951
7653
14088
9096
941
5550
7977
15240
14569
1025
1030
9168
11908
6329
12103
14032
15250
15219
7992
5375
5635
9227
7740
7661
14085
5405
9126
8781
11960
5473
7733
8022
14622
7922
5648
16603
5557
6354
7781
11898
11536
1022
9216
11492
14057
5657
15797
4171
6419
16488
6413
11932
5627
4190
6387
7965
5707
5624
12083
14021
1081
8785
1010
858
5390
11988
956
16602
14048
11524
16572
963
4139
4245
7815
881
14044
4125
1009
5509
14023
5487
1085
9260
4243
15771
843
6372
7742
6454
12060
4092
16621
11451
2745
4259
6381
16567
5658
6469
5472
7909
11558
9252
13997
7714
6455
16470
1063
5713
7911
7662
893
15775
5559
11499
1047
6307
4223
13959
9153
7651
7918
11541
5467
12045
14140
16509
5534
6368
7712
4252
16501
4291
15235
14573
9115
12062
11901
6389
16606
6361
4268
7812
5416
11956
9211
14585
16536
5609
5612
4287
14129
16512
6316
15255
11919
12014
11954
8074
9234
863
6450
6479
5681
9099
8009
5481
1001
5641
14139
7705
16601
9063
8067
4201
12072
8038
5531
13980
4184
13994
9116
4132
6442
9107
992
4219
7677
889
7654
9142
6364
5517
1069
5547
988
12079
2743
6336
8762
4272
12027
7696
14626
15759
9251
5503
5439
840
7684
8010
4188
5548
7978
7774
7706
14597
16557
11486
5576
16633
5464
6370
6418
11495
15218
16628
7804
14605
15761
11463
14570
4321
7990
8057
5393
13990
1012
15204
16615
15263
4288
11531
7963
8001
4150
16618
4138
1073
973
4301
4187
8780
847
4137
9144
4237
16636
2739
7744
4107
999
14096
14156
9204
5365
4113
7789
8033
924
16485
14567
7693
16570
16617
1060
7762
16575
4230
16529
7747
7957
13992
13965
14103
16483
14054
7814
886
4106
9074
13989
14565
12031
6417
7807
976
7938
4283
13998
6436
11940
11909
8062
4282
9078
12011
15242
14617
7834
14556
15226
14150
9131
14017
15206
9185
4211
6446
12004
7917
11504
4307
6399
9183
5584
14047
12089
5716
5357
15220
11982
5692
7708
9077
6383
14135
14152
15234
16562
4309
5374
5606
901
6306
16494
7919
860
7726
927
9220
1070
6347
5672
15795
6466
1080
7835
14121
9246
15243
16597
15241
4264
5571
5385
7743
1074
14031
11540
7797
16607
15785
6396
5578
4145
4096
6366
5363
8056
9203
6315
6437
7763
5613
12015
12041
8048
4232
7931
6359
6456
15224
16493
11900
5476
4227
14580
9233
11522
11899
15772
14071
7679
11457
9073
7945
4295
15781
7822
5478
6380
11951
6337
9141
7793
5688
5492
7721
7962
14082
838
9149
7777
15229
14007
7704
11444
7979
14027
14100
16490
16551
966
14034
8771
9087
7842
11892
4277
934
890
9119
13979
1044
14616
9092
5687
5541
16511
5368
9085
11449
16461
899
5568
14554
5661
7647
8764
6377
864
1000
14024
9114
5410
11489
5484
994
15193
5432
5515
950
9257
837
5381
4217
8019
4200
14038
15805
14571
11456
12050
8012
5616
4117
9177
12029
9195
12048
5679
5717
11904
4083
9237
5636
15233
9104
6313
5488
13975
6342
902
12078
11533
6373
8013
16561
14011
1038
7757
5422
937
11556
6473
12047
14572
5540
5600
14625
11517
12508
6545
13419
2800
1274
9574
15459
2970
6486
2959
7207
13170
1216
13169
11095
3514
1490
8183
2783
9658
1141
4780
10997
15914
10868
12358
4995
6491
6500
11565
6606
7143
15907
11037
15945
6620
4706
12313
10922
4942
2932
7180
1169
4691
13462
7895
13347
12314
11081
2982
1172
2555
11073
13569
1160
10799
6581
6064
11011
12318
13330
2938
4662
13651
10994
10990
6096
7159
1317
10910
10820
2786
8922
1353
13198
3684
1524
12248
13222
4882
3624
7882
10805
15494
12424
6596
4717
9466
13366
13184
3596
2782
2717
6513
13450
15519
12260
13487
3718
13286
1417
1559
15956
15535
2883
7167
2613
8830
2810
9587
12396
8883
8843
2655
2961
1412
15277
2685
8178
15270
12478
1396
6024
2968
6527
1545
15873
10881
8892
3578
2723
13585
3519
2995
8834
9464
1378
8915
12536
1510
2547
8415
13341
10748
15269
6026
1553
6659
8377
6630
8433
10844
3597
15848
11024
2731
1332
8357
4980
11774
4988
15286
1382
4986
13290
13162
10855
1106
3760
11124
8275
11087
6658
11755
9510
2784
1391
10915
11040
1352
15891
3722
3620
3617
1268
4821
10761
13178
3530
1338
9584
14160
11753
2699
13275
13336
10867
13350
7878
8336
9647
8231
4938
9502
9490
4830
2571
11116
7181
8202
11780
15955
3743
4789
13333
8389
8350
10940
12423
6039
1111
5997
13343
13236
3015
13454
8827
2770
13262
12444
13247
4818
11039
1532
15977
4908
1135
7166
2654
1419
10803
13328
1402
8818
8248
16019
11089
2616
12292
12261
2573
12445
2985
4784
2788
10963
13607
3704
15466
2512
12477
2754
3690
12419
8172
6583
13486
9536
13650
10767
15524
12334
6019
1101
15877
4732
8173
13547
13259
8797
8208
11747
1237
1246
11737
15969
2603
6621
6056
13588
6138
6048
12518
10923
10982
15895
15814
2858
11048
3590
3663
1236
8388
8312
15477
7191
13619
1541
10795
1507
9620
9493
13411
12357
1305
12366
11036
1290
9532
9588
6604
13322
3592
9483
6528
13524
10746
12497
15908
2635
2732
9528
3507
11752
2595
6085
2980
12399
9562
2948
4876
8907
13283
15872
3534
13172
9551
15506
6002
4873
15901
12297
8187
1379
10870
12430
4864
8358
2727
12243
2540
2930
2612
4975
7876
4798
4943
8444
6553
1154
4968
10750
8201
8396
6598
9602
2986
15906
1336
6534
13562
15979
4952
3626
12348
13542
15865
16014
8392
15876
12240
9645
15974
6599
8346
10862
15857
6107
2762
2643
13163
1297
11029
10838
1494
13302
8804
8319
13478
1182
13638
1098
4863
13230
2900
3583
3654
10926
4865
2659
13496
13263
15280
13273
13409
8220
12436
2594
9628
3503
13326
13317
7156
9515
15917
8325
3702
3517
1174
13594
6544
6116
10743
6117
4911
1117
12499
1374
13522
1210
13228
4683
2910
1495
1254
11031
2794
2682
3552
13481
10960
11749
6657
2621
13603
13318
9444
10769
12272
4793
4796
13220
10983
11088
11043
10756
1318
13313
6015
11078
9662
2634
11056
12466
1369
10792
7897
4835
15964
10968
13575
13396
10952
8897
1122
12494
2676
15927
8347
15444
13428
11776
6028
6036
8288
2566
4330
12551
10757
6101
4663
2585
1350
6633
12475
1262
3526
6526
4757
2601
11009
9467
13591
10744
8310
8352
1325
8870
11079
7222
6016
13420
3645
6040
15909
3633
13258
15447
4804
10959
8210
8865
9494
6057
1211
6652
13447
8335
11012
9623
13171
1492
1400
2872
7179
13491
2757
3524
4925
13595
2785
8293
13400
1349
13192
3744
4666
15922
2903
2584
4812
10759
6627
2590
6562
11098
1513
2633
8379
8294
7200
10893
10882
15279
3752
13490
2728
6574
9598
6641
1238
8276
10812
1392
3515
13414
6588
12464
13368
8436
8407
12503
10912
13386
8203
2581
6637
4655
13277
10787
11027
8825
1282
6021
10771
4828
10911
11781
9663
12510
15861
15986
4825
12486
4799
3013
6049
2790
1326
2532
10798
10993
8169
3607
13426
6580
10845
8273
8872
4880
15430
2577
4751
15976
12249
6593
7233
10902
7164
13320
3605
13640
1376
8250
3500
10858
10829
8404
1105
8419
4327
6612
2557
4951
11050
1365
12407
13492
8893
10791
15521
8902
8267
4696
3699
15981
1267
8861
2773
8364
2912
4679
8393
1530
6515
8839
12426
6095
4905
2843
1243
13305
8846
12398
4705
4868
4729
1287
13227
15949
10986
3721
15497
15446
8222
6512
1401
13174
8792
6550
9621
15502
3527
6516
4966
4836
4686
2702
8170
13551
4744
2868
6497
3713
4815
8229
1185
2918
9650
8857
9626
8355
15845
2804
1388
2973
8859
12462
12552
3631
6557
13249
11125
13314
3511
4747
13407
12280
6125
1278
6570
12269
13395
2877
4745
4778
13390
8877
9556
12391
11129
6572
12349
6589
4338
10860
6110
12372
6070
2989
4931
2599
13189
6109
1114
6541
4680
2712
13653
13362
3666
4933
7199
11021
9535
1183
2724
7149
2896
10806
1386
1284
15463
14162
12420
6595
8362
2791
11728
9642
4794
6137
11104
6521
2857
13471
7161
6499
3735
8842
12528
2537
8434
1373
3727
2765
2582
6614
4860
9555
9594
15925
15888
4326
15532
8341
4839
9452
6051
1190
13210
8217
4887
13367
9050
15897
2629
4711
13291
1397
6099
3732
15481
9056
2646
3636
13355
11745
4989
12284
12481
8387
1420
13616
6582
9451
11062
15522
2956
3539
1536
3584
13385
9051
1103
4721
8297
12274
3659
1497
10969
13332
2628
7886
11111
9549
4915
8871
8286
11732
11107
15954
1133
8408
6524
2572
2609
7205
15284
10762
1313
4849
10976
4900
9638
9462
12535
1158
2550
13613
2514
8414
13567
5994
10967
13579
2562
3731
13399
15856
12352
1389
11068
1177
13404
1164
9480
13475
2859
10751
13544
13324
4983
6122
13298
9656
8270
12393
3723
2624
3573
6115
4756
1418
10984
1250
11748
6139
7204
15973
15847
2755
5998
13235
11006
15285
2560
7218
9641
2735
6035
4840
10826
8284
9512
8851
2939
6074
6131
4926
2842
10942
4838
12387
12408
13599
13511
13374
4653
2884
10980
9567
4972
6494
13168
8431
9447
2662
15832
12375
4953
8282
2976
10830
6517
9591
3676
8891
10765
13196
2604
3613
2549
8405
2517
11093
6594
6083
8353
13215
8306
3660
8896
3682
6601
3673
2530
10837
2649
9639
10794
12549
13463
2681
11092
2730
2984
1242
8808
12442
3510
12353
8894
10824
11013
3747
2709
1263
9653
1108
9616
3576
6492
2763
9440
2933
8211
15480
6522
8274
1138
1264
1208
14158
8235
12434
11741
5999
13571
6063
8906
10906
13238
3599
8218
6539
9454
12515
8394
3563
1265
4808
6017
3649
15871
15478
8386
8212
12452
1516
15947
2722
9652
1144
11020
3638
4921
3012
6576
10770
1549
1334
4739
3715
3658
15425
1294
1121
7147
12394
15828
16002
8308
6639
6067
4997
13497
8314
10992
13589
4944
12308
3562
2548
10779
13244
2580
6060
4846
4890
8157
2652
1131
9624
13506
15813
1155
3689
10825
13219
10905
7887
8378
1511
12480
8826
1411
1280
13464
11010
13234
2638
3011
10853
3657
13587
4837
10901
3017
1228
1527
6069
15836
8191
8332
4963
15527
15999
1346
8873
3549
4754
11115
8233
15965
15826
15866
13382
12346
2675
11026
10836
6643
9485
15467
1156
8860
2997
6551
2873
10978
3604
2977
8246
3018
10839
3678
4764
15918
15858
9484
8295
3683
1360
7193
1340
13372
1245
3763
6577
15512
1381
2882
2592
13459
15944
12255
4948
6124
12404
1288
13394
6046
10951
4760
13310
10783
2899
13646
13304
8281
13344
12239
15496
8272
10879
6632
13412
11044
13208
13267
8221
6656
10778
3005
3655
3762
3740
10995
10944
3737
11727
3588
9488
13193
1347
12397
3615
1102
3593
2761
10883
2636
3547
11064
12525
2931
13240
2729
13384
9513
13557
13566
13309
8919
13212
12540
2998
12322
2993
15854
8180
11052
2863
13188
9472
6140
2865
3749
13593
3538
12543
1109
1293
4993
2561
12382
6506
10857
4822
15816
8247
2687
9060
3709
9459
6549
15508
4950
13221
11019
8899
13387
11033
4861
10793
1310
8869
10991
2586
9469
1535
13353
13261
12282
6044
2901
6510
15820
3567
15931
9648
10985
12517
3674
11119
15851
7889
15537
13625
4987
12390
13507
1329
4774
6578
15490
8345
1110
12428
2778
10834
12538
15438
8798
9048
13218
3700
10777
12369
6018
15515
12287
15933
4899
3601
6098
2669
7209
8890
4714
1170
10817
13200
13307
11057
15993
15475
15433
13401
2862
8397
2705
2893
13553
12347
15934
11725
3533
2678
4871
12301
12495
12487
15868
2644
1136
2797
7153
9593
4763
9465
10936
2701
15991
6554
10988
1323
8399
15884
1552
1167
2677
12498
8359
13432
15951
13166
12488
9468
15465
12392
12336
11080
13456
13354
12283
2528
15921
3548
6118
2969
13530
13540
13294
10891
8799
13539
3509
13392
13308
6540
10819
1176
1225
4682
6507
11779
1320
6490
12527
4970
8850
8855
13335
9519
13435
1515
6076
12266
8446
2588
9609
8895
8824
3679
12537
2870
11750
4797
10827
11018
1204
1398
12356
12258
2812
2990
15859
13526
13437
12457
13630
10954
7225
2991
2698
11743
8206
4820
16009
1324
3569
8812
9612
9582
15536
2518
13377
13560
4332
13586
13415
1277
11084
13165
11058
12409
10753
6119
2942
2725
3764
6519
10869
11074
2793
1094
2760
12343
15978
10823
11053
4692
3504
6575
13618
12460
15899
13493
10964
4826
4992
6565
1508
12251
1247
3724
4928
8278
8168
4657
1139
12264
1143
11778
15529
6020
1116
11005
4845
12384
1239
15904
2994
10775
1544
10933
6530
2885
8199
9524
12386
9496
11003
10831
8161
7899
2529
2710
13186
1416
9610
11076
6489
4702
13279
3009
6135
3557
9546
8817
4969
9659
3586
10889
4941
6618
1410
15516
1207
4687
7894
13564
13250
3541
9655
11114
12505
8337
15818
3680
6653
13440
10921
13239
9547
13527
2815
4753
12252
6651
15842
9565
8301
13573
10754
11028
9544
11002
2902
2864
7883
1322
15482
15996
6488
15844
10780
7182
13442
5985
12476
15863
4886
15505
13508
13260
9541
3580
8445
15492
6547
13264
6509
9595
10773
15892
1107
4902
7902
9553
3753
2544
4769
15893
9632
2889
9487
3665
1152
8197
5993
15817
11765
12351
10741
2886
12273
12310
3661
11022
8209
12418
13297
13536
13251
6023
8908
10948
1395
6052
3528
4725
1363
12254
4675
4888
10749
8920
15458
8242
8800
7213
8450
2911
13533
13321
11015
6502
8188
6081
8361
13494
2979
6068
12556
9581
9600
4916
11754
6590
3007
11004
13604
10955
15930
2840
13501
13531
2737
9517
11567
2606
3618
10739
3748
9476
8176
9606
1226
2898
1550
2926
12489
4802
6050
1233
12305
1384
13518
2776
4917
7879
13483
4339
3708
1328
3691
2758
6032
6648
3572
11054
9550
7206
13237
7152
8918
11017
2753
8193
2597
3513
15428
13602
4700
1286
2619
8447
1403
8236
10790
3571
3006
2831
2895
12412
2523
12247
2696
2940
10938
9055
11108
13179
13528
12455
9601
15869
10974
1257
1273
7195
1244
7165
6542
4801
2860
8360
1406
13224
13276
2670
8354
4960
13229
15983
8322
12435
13467
10962
1227
1407
9561
15474
6495
12340
12350
3705
8384
8311
15501
1298
13345
10927
11060
2806
8340
3594
12315
15450
10943
13449
4965
8251
13306
9615
15274
11563
10797
15510
7148
2960
12454
12245
2795
8205
9636
16018
12471
4689
13484
15879
1234
15948
11734
13364
8254
4981
2666
10941
4949
9508
4907
11117
15941
6003
8413
10904
2854
9495
1543
15810
13517
8829
15946
9460
3589
10758
3652
2846
6126
15896
9545
8174
15939
13413
12530
11740
14157
11046
1327
12263
2848
16012
11764
6008
9575
2536
1269
6006
8300
2818
7217
3518
1339
11090
2897
15898
4766
1130
4914
13495
3751
4892
8342
4765
2807
2767
12278
15443
2820
9503
6078
9629
3020
3602
2955
1354
7151
2683
10774
11123
4777
13627
10928
8390
1119
2953
3621
1314
2856
4935
16017
8911
7877
13331
9596
12321
10833
15523
2648
12359
4652
7176
1300
3686
1501
6619
15476
9526
10875
1295
2691
11023
2809
2917
5990
6014
8167
2671
15840
13233
2738
11757
11128
10909
6611
4773
1213
4658
1255
7214
2887
7184
13216
8845
15881
11118
9617
2665
1251
13204
10961
12491
15457
15943
13410
1306
2610
3021
13422
4690
2522
13284
1299
7173
2817
1253
12401
2639
3554
3728
9542
13514
4877
6066
2946
11760
13175
2878
7163
2653
8227
10899
15885
2657
8194
3508
1531
4328
1496
12546
8225
13436
4698
12244
1546
6093
8420
1377
15500
2752
9450
1249
9511
11744
3559
15970
10957
9580
2706
15940
12389
6626
10949
1128
4667
6084
7888
9599
6010
8418
2526
2965
13652
13523
10859
13444
6011
1514
3625
1148
3642
3585
6102
13583
1375
6103
3560
12421
15875
4791
12317
12479
1337
12496
1554
8374
10925
9534
4715
3516
6586
8243
13197
6105
9635
11110
1181
6027
3608
2780
2570
15455
15942
9054
9633
3522
2605
13299
11770
7158
8230
4716
4787
11718
16008
4937
13280
1538
2598
12326
2715
15437
12290
10802
9634
2801
3706
15864
9661
13485
1099
4940
10865
10981
12520
10745
15987
13555
6031
13512
4336
11008
1270
1159
12431
9576
4891
1319
6043
10814
3574
7892
4664
11034
1316
2534
4733
9585
4740
13477
1187
1192
3758
1296
9531
3739
15862
3765
7154
2879
1358
4932
11016
4934
8409
2607
1126
15504
9516
7216
6569
12523
8192
9446
11085
12413
4750
4955
6608
12288
4847
1292
2988
3720
4661
2824
7896
4994
15843
12355
2589
4958
6535
8245
6573
4790
2919
13620
2700
4340
8847
9522
2578
3001
12403
16004
8328
2658
13202
11564
9506
10781
2880
7185
15426
3520
6605
8367
2719
2847
9592
10914
13469
3672
4762
9604
1162
3595
12299
6022
9589
4660
10848
9627
13592
9499
13217
4678
6600
3738
7208
3544
1505
11126
8810
7162
15900
4841
13516
11762
10873
13439
15980
11735
2881
12238
13474
13634
9651
2906
2721
6603
11730
3646
1557
10752
2694
15464
8796
8333
13434
7186
1539
8368
13403
8412
7232
13359
10816
7211
4709
1499
2771
2957
13274
13605
2798
8177
13438
13187
6532
1113
3711
2974
1512
6555
15473
8181
6128
1184
15489
10918
8249
15950
2515
4695
1214
9442
6579
2668
2850
8874
1147
4894
15441
4783
1348
9514
15831
5989
2608
15479
9577
8313
13376
2941
6602
15469
3632
7142
10828
9644
16010
6508
8423
15890
1394
16016
3697
15484
10842
12558
4881
12524
4707
8884
1146
8256
4867
3609
12380
5986
6133
15989
15994
8901
3565
2556
2894
12312
13550
4979
12447
13545
4681
2814
7201
2611
6571
8840
2716
4855
2789
1409
2914
8848
8432
3505
9449
4896
1145
6518
9457
4722
6079
12415
6059
13448
8255
2630
11121
9603
2692
4971
4842
12268
13213
15454
1551
3754
13418
6114
15928
8363
12381
6654
15910
15959
12378
15835
2651
7198
6272
6289
16187
7099
9040
6273
6980
7109
6952
13094
11687
14331
13115
12935
6914
7092
6242
6206
11652
6915
7130
13059
16207
6194
16227
13153
11572
16273
12952
6232
7128
8942
6288
6259
9045
14361
14314
6939
6241
6257
7137
6256
14319
11586
6155
13022
8955
13129
6923
15414
13048
13114
15422
11685
15375
13021
11690
9002
4639
13111
13057
8970
16236
7080
15392
6295
15403
14355
16258
7089
6298
6271
13068
1475
7027
4624
14347
9047
7014
7015
7122
6224
13109
11600
11692
6204
12972
11650
16230
11694
16181
11630
6981
14313
15408
11679
7073
14340
1442
15420
11714
13006
1481
7096
6172
15367
12963
13055
16241
13017
16219
4632
15394
6173
13097
12989
7052
15421
8987
7095
7044
12988
13029
13157
15417
13085
6244
6175
6229
13069
16201
4649
6185
4630
8934
6158
11670
6303
11696
4635
9009
7129
7050
9022
6174
13098
7037
7141
12941
11613
13105
8952
6963
13087
13046
13007
13132
13047
13014
9043
11570
4612
16204
11588
6941
6286
8966
6949
6263
12991
12936
15380
13118
6935
1438
7026
1451
13122
13104
16195
16260
11577
13000
14372
6925
13120
4626
11574
13038
11617
6958
6945
6972
7117
6912
15423
8990
7114
6299
8954
7081
7120
13054
6196
14352
6275
1440
16168
16274
9023
4628
9028
13093
6151
12965
6162
12987
11706
16200
12993
7085
13062
7076
8972
13110
16197
1464
11656
16238
9036
13004
13078
13023
6188
13147
1479
6997
7023
14342
13146
11647
16192
15368
16261
7048
9010
6164
8940
1430
6144
11631
16215
8992
11635
11621
14353
6198
12986
6917
15377
6152
3026
11675
8962
7105
8951
12974
13005
12949
7138
6223
7034
6181
15381
11691
1444
9003
13082
7115
11708
13042
12966
13076
7012
13035
7116
13131
14358
1467
13159
4629
14362
14357
7041
14363
14317
4621
11645
1422
13125
7053
13012
8959
14346
3027
13066
6145
6911
6954
13139
8948
4637
6965
11640
16228
13079
12984
6238
6267
1458
14315
9006
16259
8927
8995
13009
1456
9019
12998
16217
6986
11633
13151
1465
16211
12942
7013
9029
8978
8985
6159
8935
8957
16174
8949
1452
16257
13091
12971
3023
6147
11707
11702
6178
16248
14373
16229
13053
15402
7065
16209
6969
13067
11667
6999
14377
11637
12926
11711
6143
4636
6960
1477
4648
13049
16188
15385
13034
11668
6199
16198
11666
14376
7035
13028
12975
4618
8944
14350
6201
12994
13143
11689
8974
6266
12995
6170
7127
11591
4622
9008
6277
13008
16262
16246
12961
6235
14368
16180
6989
13130
11646
7022
1441
11575
11627
6213
6977
6922
1486
7074
11628
6974
9015
12980
16194
8986
11602
13041
11682
11643
7118
6285
7068
16272
7072
13056
8984
12978
6166
9017
16171
7016
7040
6176
7088
13064
1439
16249
15386
7019
15365
7078
11619
11594
1449
7002
6970
16196
7134
4623
11716
7062
8953
6154
6250
13138
7087
11678
12962
11611
8989
13080
13152
7090
6148
6219
7125
6953
16184
14310
16237
13136
13018
13011
4634
6975
8969
6279
11592
7009
12976
14333
6269
9026
14345
15397
8982
6210
8926
12954
6276
12928
13096
14336
14330
14332
11644
6920
5335
2273
8731
5230
2476
5079
14389
10660
2282
10437
2397
5023
10640
5283
10666
5048
2441
5286
5248
5287
2268
10403
5135
5198
10358
10430
10707
5195
10368
14438
2440
10426
10690
14490
5334
2369
10514
14506
10415
5214
2456
14536
14446
10504
5215
5269
10595
5076
10652
2398
2505
2300
10603
2360
10681
10586
2310
10419
14495
5274
2343
2394
14508
10523
10429
5203
5288
14410
2478
8665
14516
10467
14540
8712
5066
2255
5278
10588
2358
10592
14406
5038
8728
2366
8739
10499
10536
2331
14462
2341
10452
5047
2427
14428
10493
14505
5292
2463
10604
5300
10729
2337
14520
14493
14496
2271
5180
5264
10630
5168
14383
10510
10345
14513
10500
2264
2418
10371
2504
10576
2455
5085
2406
10568
14463
10511
10553
10505
5045
5032
10661
10712
10629
2344
5349
5220
2312
14439
10654
10399
10677
2410
10625
5096
8653
5102
10627
5107
14451
10381
2367
2472
5088
2425
8659
2473
2475
10524
2288
10369
10638
5353
5258
14400
2484
14514
14435
2280
10366
10378
2509
10521
2260
5086
2346
5030
5108
5188
2474
2356
8679
10632
8667
5228
14440
5208
10687
10611
10457
14416
10512
5100
10433
5065
5187
10601
2340
2387
14405
5224
10590
14401
14507
5213
10600
8660
5257
5326
5170
5276
10575
5302
14453
10718
14515
2372
14381
5225
10528
14492
8704
5199
2401
14521
10455
2442
2293
14531
10418
14424
2259
8716
8723
5061
5184
10686
10462
10410
5027
14458
8707
2330
5109
10701
2370
5059
2256
14447
14470
8670
5152
8703
5309
5004
10466
10460
10673
2274
5012
5342
5238
8718
10689
10696
10626
5148
2470
10731
14503
2449
2434
2257
5159
2297
10737
5316
5262
8743
2325
10555
14433
5008
5280
14426
10375
8673
10544
5200
5155
2363
2465
5191
10610
5217
10409
2408
5158
8717
10733
10668
10377
14415
2488
10476
2318
5291
2471
5120
2414
8683
14484
5036
14475
2292
5206
14526
5330
14460
14472
2266
2251
5007
5289
2508
2503
2485
8715
5160
10355
14537
10440
5233
10485
5104
10497
5265
5060
10530
10417
5172
5042
10387
8661
2481
5016
14454
5058
14403
5282
2430
5064
5322
10344
10694
2389
14384
10606
10641
5034
10724
14497
8733
10475
10715
5181
2295
2448
5003
10532
10705
2438
10451
14445
2382
8709
5028
5179
10616
2368
10503
5022
5267
14408
2390
10495
2283
2411
5131
10491
5324
10714
14427
2365
14402
10547
2490
5124
10570
5319
14530
14494
5175
10538
5304
5252
2335
14487
14468
2254
10350
14512
2402
10443
5229
10373
8734
5111
8720
10515
2289
5226
10448
10549
5344
10533
2339
8647
5273
10589
14412
5072
2319
2304
5207
10683
10619
2489
2275
5263
14488
10531
5055
2305
10562
10539
10360
5307
2361
14491
5115
10395
10486
5156
5024
5122
5245
2353
2407
2412
10386
5136
14393
10474
10569
5067
2277
10529
10557
5321
2286
14459
8705
8711
5234
10362
10602
5212
10351
5134
5129
10636
10730
5308
10456
5244
2323
10577
8757
5095
2267
10719
10492
5177
5216
2357
10435
10498
10372
10597
2439
5074
5295
2498
2499
10370
5092
5337
5140
8738
2399
5285
2507
2299
5296
5070
5000
14380
5348
5314
10583
5081
10347
10723
10361
2433
5099
10389
10356
5132
14387
5033
2307
10384
14417
5001
5336
5323
5147
2420
5011
5305
10713
5137
2426
5223
5298
2324
8730
10716
10438
14498
10647
5009
10459
5089
2483
10453
5041
2351
2495
2298
14538
14444
14431
10704
2270
5327
10422
10509
10682
5139
5239
5279
10613
5218
14511
2436
10404
10526
5173
5063
10637
8698
2396
10726
8713
10710
5017
5255
10508
10612
8746
8710
2279
5150
5050
2464
10579
10543
10471
8700
5169
5315
5246
8681
8744
2301
5260
5149
5281
5275
5133
5062
5097
2348
14464
10363
8652
5293
5015
2334
14473
10406
14524
2328
8682
10445
10559
10517
8702
8706
5231
10535
10516
5236
5346
10507
10572
14477
14390
10540
10398
10614
10711
8646
10680
10405
8696
5101
10594
5119
10359
14517
10480
14539
8676
10432
2446
10393
5193
14388
2497
10565
8745
10519
14535
5166
8686
10699
2493
2333
8678
10482
2461
10567
2454
2383
10439
10354
10558
10674
10620
14534
5328
5221
8674
10420
5006
5002
5039
5112
10651
2376
5080
2392
10635
2458
10691
2291
8687
2386
5241
10676
10349
5117
10631
2404
5205
2278
10391
10679
14478
2403
10408
5253
8693
10624
2345
5352
2338
10402
10473
14533
2326
2261
5090
8732
5219
