14903
3362
6749
15082
12185
3473
6674
12162
3344
97
3377
15167
12135
12210
14961
188
16287
15
5831
15177
5809
68
5785
6740
6775
5768
15175
9327
12138
15043
3405
6696
3356
3491
12154
15130
16312
3
164
5848
14962
12189
14188
5804
9362
5919
15040
6687
19
136
5935
9320
9412
15168
5801
5829
9394
3420
5899
3412
90
98
6772
12119
5816
14974
3435
3486
61
6781
94
15080
15042
12118
54
15133
12109
12186
5941
15006
12169
14958
15056
9396
14168
3416
5762
9279
15192
15077
3400
14922
5792
9264
6697
3338
16300
14929
25
3357
3378
6762
37
6672
9391
12232
9299
3426
9322
12230
12143
5870
14915
5751
14944
12139
6667
5756
3458
3399
117
12198
159
15182
31
16280
6737
3364
6704
9291
5852
3345
126
5802
14948
5823
14921
3463
50
15139
6731
5916
12200
14184
5793
14965
40
5827
5900
105
6679
9393
14991
3483
3447
9368
12164
5748
16
16307
15174
14954
5741
143
6710
6681
15014
15137
5729
5872
155
12182
6724
14173
15132
64
115
9334
12221
6789
3437
12129
9419
5776
6671
16294
5909
12165
3385
12140
6695
9381
5868
9417
5763
9352
9316
12160
109
9347
9373
175
12112
6761
6686
170
9392
5845
5730
3455
66
9409
41
5924
9287
5887
5820
5791
9296
15142
15135
3343
3470
6669
15062
5830
12158
3409
9405
15002
5744
5784
9269
15076
9431
12111
12218
16281
6792
5918
5932
5945
15134
9371
3490
9360
9298
5758
172
3448
3452
80
5880
5838
5873
12144
9311
5910
15123
16301
5724
169
6690
5800
9386
9356
9415
15015
3485
5747
177
16296
9270
15141
5
14167
72
5894
5914
14942
6783
15189
15140
3479
77
6701
5879
6705
6678
15153
12114
9382
14978
3402
5858
15074
14
14180
146
6718
15144
102
3396
9350
9418
6757
9283
3474
14910
14185
14972
5922
8264
55
5736
9285
15018
6773
5927
91
12215
12126
5728
5865
12171
16309
5745
9375
132
5806
6778
6693
5923
3411
5811
3350
6720
14993
15097
15180
3382
15146
3342
5904
9365
12179
15049
6719
12107
6748
15020
6728
15116
5871
14909
6765
5783
9438
9426
3395
9434
5761
12167
6779
15052
9372
15117
121
15178
53
9341
14917
5877
12121
5891
12127
46
152
12148
9321
14975
5735
5722
12172
52
34
14953
12117
5875
12217
6
9423
5764
12156
16277
15098
3433
9390
23
12225
9330
9404
3371
9275
167
12128
12163
15051
7
12205
3449
3418
81
3355
99
9338
3457
15004
14940
9357
5835
15188
12168
103
15090
16288
15000
14172
12110
12183
14932
111
6711
15029
9383
9281
3496
5857
12199
12204
15166
16276
9361
6787
6700
5725
135
14980
15092
3367
6708
6685
3413
14969
14931
9429
12137
9273
9345
3351
6751
131
6759
20
67
127
3442
6747
3456
5796
5839
75
15158
12194
5755
14933
104
9389
14169
5897
9331
6717
14187
5760
15047
15064
9401
15060
5840
5813
15012
14949
9364
9348
15087
93
6661
9413
5944
9313
12190
32
14987
113
9407
5893
3461
3432
5769
5786
6788
5920
6782
9344
6769
15184
14930
14982
178
5911
9367
14192
15022
14937
3361
12146
82
5884
5781
147
9395
14973
15112
12176
9408
12192
142
5855
15063
3467
3443
5778
12159
6663
12208
14938
5881
3346
5754
3406
14989
15007
42
125
6744
15150
9286
15093
5833
3493
15072
5740
6790
14935
9
9336
3415
5936
6691
85
5822
100
9300
15078
12141
150
95
5819
14983
96
15019
5847
5913
9433
9398
6791
14985
6734
3401
15085
14977
12152
5903
15045
133
15038
9363
9428
27
3423
71
6726
33
9276
15095
14995
6714
15121
5788
15050
70
14997
5939
3428
15124
186
14934
3374
9297
15147
14986
12161
5795
12196
15028
15010
6754
16290
15131
15025
3494
12157
3421
15037
139
12133
51
16293
154
15013
6713
12231
6755
5874
179
15030
153
3440
114
12234
9314
9355
14956
15118
6721
5931
6665
15003
12149
9369
6677
14919
0
9397
5849
15169
158
3476
14913
3354
6776
9379
6777
9416
3429
15185
15128
15155
3495
3390
15103
5731
9420
5790
174
12181
9349
5876
3407
6784
12227
5895
76
9306
9293
5890
124
15024
14945
5912
5883
6689
5925
3376
9274
12132
16282
3477
12220
30
3347
9272
15181
16286
8
12108
15179
9380
15081
15191
5942
15023
5770
3392
6680
28
9288
1760
4549
7435
11372
8592
1774
4463
12624
4606
11360
2213
10323
13717
15626
4429
7328
7246
14711
12864
16022
13723
13664
2097
7257
4410
15606
1636
2103
13919
11365
2180
2215
15730
11130
296
4068
4469
1686
11157
14672
10308
362
2061
10330
195
459
8607
11184
10090
4531
7380
15660
11234
2236
10295
10294
514
8549
233
11158
3823
13926
3836
13743
13939
12761
4053
10303
11343
15713
7295
299
10161
7419
2171
507
1779
15544
2216
7457
7569
13657
214
4341
3919
10147
4517
8533
7494
10027
4430
15610
7614
12813
11396
320
14845
429
13676
7384
504
14836
12816
3962
1989
16083
3973
288
3769
14766
13742
13813
1975
10150
7343
10217
13822
11357
12615
1626
10342
10107
12856
10226
4507
2078
12742
8493
7464
4516
4047
7368
12631
4045
7566
11146
4591
4511
2026
8640
11325
12648
10143
2109
15561
8588
4442
2202
15701
16124
10192
1918
7552
1721
14723
11147
13782
14807
13868
10141
13720
13860
12560
4582
11208
1980
3891
10032
12598
7474
1927
16161
11361
15651
7478
10325
12707
11346
7281
7477
519
2206
2217
7565
1767
12905
7483
12729
12914
15633
3954
4505
13906
13721
13880
8639
12795
15565
7635
13854
1801
12646
12577
11381
306
12771
10309
1846
1956
14752
10324
11306
1604
16162
4013
325
13865
2172
16045
12655
11290
9993
2081
12823
7357
11150
7546
1883
8492
8596
384
8515
13681
11172
4492
4375
4029
7509
1713
12600
2186
7304
7852
8613
11241
12769
3786
4005
4556
1607
14777
3934
1908
12844
4022
16077
11145
3816
12903
10289
13947
11170
11347
12833
12874
13883
365
16111
11331
4422
13699
7390
1948
14645
12885
1641
13834
14726
10190
8625
8571
7329
14851
8541
7289
15644
14797
2137
1987
7875
12812
1997
13797
3844
7365
16115
3799
208
15722
13798
16125
10227
3846
11152
512
10167
8593
12845
484
16054
16089
13730
4355
11398
7265
14883
509
13920
8629
432
1677
12907
8521
8510
4594
451
12815
12788
224
16152
7440
14738
4534
4036
4390
15746
3777
228
10071
380
13893
1737
12662
4042
8457
10260
3873
12789
15697
333
14847
4349
1905
1691
12687
13756
13702
8477
14875
308
11436
10092
7859
7391
1568
10255
340
7337
3770
270
339
2245
15666
3783
13749
12807
15631
3932
16099
3929
14882
10057
1670
4562
8572
1901
11226
12697
12590
11235
12593
16028
13877
7530
11302
4037
8610
1922
12724
4512
12870
14781
8535
12862
1756
8553
7406
7332
12575
2165
7456
1852
11142
15551
13887
4075
4365
7351
11426
12571
16148
3949
13827
465
13869
1591
15570
1582
8502
10074
10181
12860
12694
15553
4432
12778
12736
11228
15622
13803
3918
12566
2112
4051
4393
1903
7311
13744
12661
7602
3911
3952
7287
15559
2070
14789
1857
1964
11314
14840
4571
505
3869
4403
420
4387
7544
1567
14725
197
16042
13734
11375
7506
12720
12689
11197
4543
8617
12700
1872
4487
7370
1581
7516
1805
15655
10018
1615
4484
401
11383
12776
1680
12876
14758
12716
8574
10050
10239
15580
10205
14792
13910
1586
1867
13680
2204
14826
4384
11394
448
11337
15582
7518
13762
220
7294
3796
1609
12859
12692
8546
249
16100
1649
12649
12616
12609
281
1580
13746
14710
4561
7392
12684
3907
2178
2025
7867
8506
1647
11439
4595
1993
2115
15721
2189
1690
11192
2168
7511
11233
11432
14860
364
4497
12672
11204
13778
414
3974
2223
370
2160
14736
12878
12906
12623
10311
7426
3920
13777
13674
450
13789
1593
12580
7562
12872
11423
14848
4379
3901
16079
15688
12670
422
499
11352
7567
7445
7479
14755
4380
241
10101
7247
16071
7372
8636
15589
3807
13792
7524
14881
8583
12881
11276
4552
440
435
10106
1907
11253
13908
255
269
2164
11363
3930
15578
11216
11351
14756
8511
11429
10312
16144
7356
11378
9991
1916
10247
10280
7579
1919
15549
14676
2221
7489
16023
13736
2096
1624
402
14815
10023
16137
11227
3793
2190
3947
15620
1873
13713
12757
13662
11249
15587
4504
14727
13922
15695
498
4535
15652
8504
7366
16145
1822
474
7854
7275
1862
10210
7856
2183
1786
12853
7243
11159
14866
15552
12644
297
15557
2013
4021
14776
7539
10332
2234
10070
7314
12733
7636
8524
4514
10105
12806
1863
2243
7327
3986
3923
10301
3878
2232
7536
3998
11169
310
12617
1663
13821
10019
4465
327
4418
10001
11308
15669
4518
447
14825
266
4576
392
12737
1842
10339
10228
12611
3888
13750
11406
1704
16064
10209
14699
4489
13888
3976
10329
8641
419
2003
410
13655
14690
13698
4076
2181
4342
1880
7347
317
13874
1845
12805
12579
15627
15692
16107
3931
4454
2113
2207
10093
2238
13687
4038
13832
423
1596
14729
399
7499
10206
4450
1858
15716
3995
11177
13758
1603
4001
1620
4078
12628
14794
7420
4044
11214
244
10139
15613
14681
10130
7417
2016
8488
475
12882
12830
11267
4368
15674
3957
10128
1994
12568
8489
7475
453
4528
3926
11134
10259
12656
11209
4574
291
4496
12563
298
439
7870
461
2142
2005
313
14772
193
10219
8532
1688
506
8501
4604
13703
13858
12847
2036
11408
14664
8566
3843
3895
13842
1921
10061
4055
1651
3915
12664
7319
10284
1736
404
4354
12791
11221
13788
12824
7300
11238
12762
7452
10031
12690
16098
10221
12675
12595
1981
10073
13692
13902
16150
10182
15637
7616
11144
11419
8461
8465
1824
4009
3914
12804
4363
15690
13814
2125
1709
4568
10041
4378
13753
16126
11185
15654
13857
12810
3772
7258
8481
3810
2218
11386
8455
12709
15574
13900
8525
10124
203
8616
7623
12677
14663
1962
10333
1574
7462
14829
10132
12614
13848
1829
12717
347
4545
341
11369
8540
7541
206
4030
11390
11414
11409
7550
1943
8562
2089
14754
3927
16035
4012
7244
3966
16165
4599
15539
11154
14876
13915
2075
8567
356
1969
1898
14891
13830
3963
7373
1868
4589
3892
4058
12826
7414
7633
10146
7369
2241
14634
3910
12822
4441
7292
15584
10258
7613
7236
458
7643
15628
11433
12634
4553
1803
15583
1633
11438
3837
14850
276
1573
11440
14818
14683
2039
16135
1893
1843
14811
9995
10223
8568
8543
8590
4011
12636
13929
8611
7409
1599
1745
13949
13892
13776
10035
3964
14868
3784
7558
3771
280
10287
12811
378
8529
12783
7401
1931
15625
3866
4530
7240
7346
7466
7288
3982
13732
14740
15667
16088
13946
7285
1998
11336
12756
7609
251
7286
10088
7468
16068
12645
1698
16030
7383
7459
15554
12753
7282
13693
14692
2118
13904
10052
7632
7428
10051
11374
13783
1882
12798
13811
4555
13844
4415
4508
12745
2106
8487
13781
2152
10010
11333
11401
3885
12638
12630
1716
4434
7497
3967
7640
16106
11418
4468
12758
12704
2150
13867
476
389
7573
11188
375
1687
2120
13686
15729
1592
7297
8581
7500
3887
2209
223
14871
7492
2093
16112
3842
2220
15694
15683
15671
1914
13784
1817
4499
1952
8600
14715
13891
12884
14685
10063
1652
9992
8495
485
1884
16128
258
1853
1841
14775
489
1963
3778
7262
14659
13912
14697
1613
15668
464
8459
11218
1785
4360
2205
14787
13923
15609
14687
11318
334
4459
4345
4480
2140
3855
8486
7359
14654
14680
13870
7239
7469
3990
199
4413
13727
2188
16167
14865
2249
2045
12793
13856
10251
15657
1773
11151
12842
473
12883
11329
3851
16116
11229
10299
4490
12601
15614
11270
2092
3768
4057
4019
7309
232
3972
1623
3830
3834
7382
11307
10254
13914
11176
4446
2006
8591
10127
1616
4521
16154
1696
12825
1752
10153
7584
1965
10243
1675
11140
442
318
7263
12760
14693
1819
416
13927
12665
12703
12706
2200
14757
8606
12749
16153
7523
7588
13668
10120
11251
1957
7626
2239
16044
4039
4452
4500
8519
433
1569
15611
12725
468
12671
13673
8631
15734
7865
425
15547
12591
4396
8594
1811
7248
13751
7260
2166
1929
14768
12852
13831
7252
12743
12858
3938
264
1930
10116
13659
16086
16061
1933
1617
11370
2072
7637
7261
11212
4447
13847
355
4519
16160
1869
13768
2197
1634
7451
7575
4550
7629
7538
10014
7581
8577
11143
7549
13700
14655
10115
1936
14641
13907
1768
12589
7554
11334
323
13766
11178
4059
1850
8539
10244
11424
7576
15672
12668
11222
3852
10277
4411
4575
16038
1657
12827
16029
10113
3965
14642
1934
2065
7404
7276
13678
14695
12674
7336
1741
10062
7594
13824
7448
2199
3983
13951
4389
4352
3953
14785
4348
4362
7268
3864
1810
13769
417
4557
12746
13952
15595
15571
7271
8497
10030
12890
4400
1941
7590
2051
13829
1874
16032
2246
1746
7306
2235
494
16047
215
1808
1899
7495
7535
14824
13866
3827
10195
3775
12801
7642
7639
16052
13747
10029
11310
7605
11274
3812
16117
10112
11236
12851
11244
202
11350
7582
13901
14731
8474
3905
11435
15545
11387
14798
4478
7533
14707
14748
14652
12886
1827
10278
12915
10108
12708
7851
3840
10246
14816
454
14837
8538
13807
4074
1683
15685
7484
15598
500
8595
7407
12570
2027
4482
15725
4010
12650
10009
10170
7608
2159
292
8557
11215
1602
10079
7284
4353
16049
12748
7353
14820
3848
12569
209
8580
1565
2224
13787
10213
2099
12817
12572
13936
7425
377
13840
12705
10269
7308
7278
14790
13819
7422
3955
10194
14662
12597
10341
1684
13761
7853
277
10066
11379
12583
477
14743
10117
7596
7855
2163
7379
10036
12751
10240
12891
11175
12701
12917
8545
2187
1722
1588
10234
15724
14741
1707
471
11393
16070
14666
1658
7592
10053
10077
8573
15673
12604
1629
4551
14842
15617
3908
14646
3820
8471
13696
3867
10046
13691
16118
332
14705
15689
265
10327
14665
8622
4064
4573
14861
16093
274
7621
204
7253
3921
13918
1960
15714
7345
3898
14647
196
7470
15634
11223
8637
3825
1800
14885
12781
2049
14673
391
13780
14643
16149
4420
10201
483
9988
13808
11243
10159
4428
13654
1995
10318
2044
10340
11279
7421
4419
10076
7358
4358
1971
14686
14812
15597
11149
13791
1625
8578
3906
9998
8638
421
14855
13716
13859
13685
7348
11193
12635
2228
1751
1953
13790
12802
12849
3946
12901
12625
11191
12784
11322
12919
1944
7537
1887
16097
4577
13864
16031
4559
7645
254
7860
2116
11179
1570
13890
1876
2038
10177
326
11373
271
1611
14759
7460
10293
13677
7472
10264
2035
12867
13805
12741
12843
2133
14649
7362
1784
14706
14828
14893
3912
7442
4344
15648
15737
8505
12920
15632
387
15573
2030
15658
3987
289
1782
10072
3956
10200
449
10245
1904
12678
3791
8633
2122
11171
12772
1731
4385
8500
3767
11434
8619
15603
12922
8456
348
14713
12730
13845
227
4071
11173
268
14833
1667
4458
7618
513
7455
3801
15555
470
12918
7515
7454
14800
3943
12924
7270
12880
2161
10144
4444
4503
1961
11252
2102
4456
10096
7619
15562
4501
12584
10173
11219
11317
261
1638
11395
11416
1802
15670
7301
7864
4056
4475
3992
8520
4054
12712
8626
13745
7525
14637
4377
12719
10224
11272
2198
2173
10149
10266
11345
4041
15736
16072
7543
15619
13938
10024
11260
8575
284
13694
7561
2032
4431
11131
12838
11155
382
4433
10165
1834
11194
3877
4598
3785
1825
14658
15665
4525
4570
430
12799
359
1839
12904
10123
222
10078
16040
12921
15710
368
7405
1679
7871
10184
1881
1777
10081
349
13875
13714
11168
13770
14751
3890
15709
13828
1738
11298
15593
15687
1659
1999
7553
15576
8494
10291
14827
2024
7458
14843
436
13733
14700
3794
1766
11413
7251
13767
1830
293
3883
10176
14878
4578
2059
12607
13930
8490
1571
11366
13879
14832
15599
3874
12581
1772
510
10151
7603
15718
2053
16130
16159
344
11153
11160
350
13873
479
1577
4445
388
444
4485
1564
7529
16143
12837
12902
4407
253
4520
16051
4436
13881
10276
3804
4590
311
7352
10248
1844
8526
1860
11133
10086
7612
10171
16108
3780
13855
4548
4350
4451
16062
8554
13843
7340
2022
273
8460
2193
4002
13835
373
2182
10307
12592
13823
478
2047
13658
11384
14670
457
11371
8579
4546
3833
10087
8634
16122
2034
1664
11388
3809
7463
12763
10261
12578
2037
2179
4607
495
12702
16139
1630
245
4382
357
200
15602
207
10042
7607
11190
12576
11288
12831
10202
10020
4537
443
1847
14764
1976
10135
12582
2041
7439
1689
4601
1598
7241
11210
10290
14770
10214
11316
7291
517
10085
2073
2107
3994
7434
11391
10129
3917
2114
4554
4603
12863
4397
14795
10204
15738
2117
8507
8516
7318
3991
1891
14773
10270
10336
7551
7269
1723
4063
3897
4569
14732
12693
2001
7863
13950
346
2111
4034
12574
2237
503
8548
7446
12726
4073
2219
7402
14830
8643
1840
16027
15649
12653
7450
8454
11254
4052
13752
15577
10097
3989
4376
8531
3821
13862
4404
10285
1984
1645
8632
4024
16114
7488
7520
16163
3813
4572
11312
302
10145
11301
8530
1660
4016
13741
11232
1789
3781
13755
1896
15676
7364
217
14782
1923
304
11380
3787
1734
2076
15678
12731
10011
12612
15600
13688
467
1673
2126
8598
1705
13917
16057
10013
2175
11399
3900
13876
7437
7395
1889
16075
14839
10242
3788
3817
3871
14724
11205
7234
15550
1718
1806
7280
13817
4049
11220
8484
14788
14703
10268
16151
8555
10160
12900
8603
383
15726
14774
4563
1968
7307
4449
12898
14880
1792
4547
12667
4061
8642
10334
4491
1739
4077
1886
4040
14636
7403
10089
11265
12873
10083
4472
14716
10094
12599
7627
10218
1635
10142
15641
8512
4371
11335
212
8618
10279
13726
7255
3806
12752
12627
4402
3183
16356
14281
11859
6818
9981
3279
676
16335
9678
11796
15320
3302
3032
3116
6833
9828
6907
9890
711
3205
11805
580
8139
815
9883
8153
3259
8100
9930
528
802
3193
9772
9846
830
694
718
9761
16398
14276
5963
3118
3304
3050
666
643
9859
15337
3231
16406
15345
781
606
6858
14305
5950
633
9903
3040
6887
9675
9949
14266
14202
9697
11873
16442
3306
11854
780
3293
806
521
9926
614
8131
9832
6871
16375
563
15306
16334
14288
9788
9973
8105
697
16386
3188
9811
9725
9677
9972
11860
9745
9836
9711
3286
15314
3143
663
9863
9766
15362
15297
3253
14244
16415
3317
679
6839
11783
3251
6803
9734
611
9839
9891
9808
662
8126
9742
3054
15307
6808
14296
650
3326
16362
11785
11784
3080
5960
16355
6894
6836
704
6799
640
822
9945
3179
693
592
6853
9765
3300
6877
685
16389
747
3252
734
3151
739
6901
3106
6815
603
3056
11828
6834
9866
6819
831
8113
680
15290
14201
16412
3114
9679
14223
670
3236
9844
3198
11815
6798
3031
16432
667
604
16341
591
14246
702
687
3033
15293
3265
9707
3274
6849
8128
15359
3047
6794
11882
9950
9888
9797
6863
15309
9911
3324
766
15322
9704
691
9944
9809
647
3113
3081
3099
3212
15340
535
9841
9856
6828
9794
3296
624
3076
8135
3328
14262
3316
593
3165
14226
16329
14234
8155
16408
9899
8083
16348
9900
15356
749
16368
9928
3101
11849
8152
9936
14297
773
11829
8082
699
785
9779
9778
16314
3103
9681
671
16391
8120
3203
715
3091
8124
11864
3059
14302
540
833
3062
586
3082
8129
6878
3038
11824
11871
776
637
9732
11801
553
9814
635
9952
16376
9918
6817
801
6904
3085
9769
712
9692
3063
6872
15338
5970
3266
16373
634
786
11872
3226
3071
3272
750
3070
9807
537
9754
15328
11866
11810
16441
8122
14290
16422
15324
3219
14270
11792
15289
11826
3052
808
9705
9901
9961
548
3310
14245
8146
6824
743
522
9674
11847
3178
769
9786
3186
6848
658
3150
630
795
3109
3269
16418
14286
11868
15333
15310
524
597
9924
14259
3037
11850
8096
3289
16394
9915
15331
9802
729
9947
6885
737
607
6869
742
5964
14207
9837
3182
775
9968
3112
3243
754
3102
15349
11788
3073
3098
14263
3175
9714
9801
708
16323
3220
11817
5961
9817
16405
3192
16369
6802
595
6893
3301
583
576
3130
14292
6910
14225
3244
14239
557
8147
3325
9898
3120
3282
16340
681
8127
9696
11875
3034
16392
5967
3115
6797
6905
9872
3157
9756
9922
6870
14196
15288
9738
6838
9873
6874
730
705
759
9829
3072
803
16378
9881
3278
6882
16382
3083
9838
9727
3204
11791
3158
16360
9730
14224
8125
11834
745
6854
6822
11852
824
9970
805
3088
11808
3224
14269
15298
11876
15351
659
14229
9671
9967
3281
3177
15323
14214
8091
3233
3046
14232
14194
3125
14301
3166
9932
5984
8114
16438
558
11857
16361
791
655
798
618
8098
16403
11851
15344
728
3332
6827
792
3140
3217
9869
530
6823
764
14210
741
9718
16343
11802
757
665
8154
11862
8132
3214
829
9767
11861
3285
758
3048
16379
14300
9958
9672
5978
3173
15302
6866
16318
9722
15292
9768
724
546
3200
740
9782
625
8103
3057
15343
16315
6807
538
6909
3105
16423
16437
11835
9916
6886
8123
684
3305
719
6793
3288
11840
9757
11867
9737
8084
3229
3181
6898
8079
16336
9905
9877
9977
9798
3180
3141
771
15341
3235
14203
9721
767
5969
3058
11870
15364
16431
3206
11813
11807
731
9706
3256
9810
9773
3216
11833
11842
9858
717
6825
11818
9694
566
11809
9851
14233
790
11797
9693
15291
559
3330
16425
15287
587
3167
3043
599
6903
545
3189
709
5955
16330
16351
9783
9904
9868
9946
9789
3127
3124
804
3097
723
3044
520
3168
3239
3169
653
15315
16399
543
14291
14287
3297
9819
11822
744
3275
564
9896
3135
6840
575
15329
9823
14273
810
11819
14206
16387
9879
9820
16354
3263
689
3291
3237
16444
3159
813
15304
6883
3139
577
3213
698
552
15308
8143
8097
11855
5980
6879
6810
5971
9840
9805
6891
523
11789
14231
16353
6902
11814
600
14247
9980
9979
3121
6852
3077
15347
11812
11787
14217
5958
9735
794
784
3299
3172
14280
8106
9849
11832
9680
11865
779
695
9763
9709
3209
9710
3107
16381
15330
9951
673
9921
8108
5968
14294
16384
525
3086
3146
11803
16397
11880
9871
9741
15319
755
9912
3084
3311
555
5962
9739
6892
16371
6855
690
16396
3132
748
15355
639
5975
11798
14264
3100
3250
15350
14236
11811
596
3215
8137
15332
14235
14213
8117
9776
8101
15339
527
783
15311
16385
3155
621
9827
9720
3202
16419
14252
11881
3194
638
16393
15303
16370
9684
725
3129
9712
616
6811
9948
9830
3131
3283
3092
3246
9953
16383
11836
3319
3075
15318
3147
9937
3314
16324
762
15313
14279
15326
16426
3164
710
613
11874
14198
816
6809
11846
3067
672
6861
6889
16590
14592
9115
9227
4170
9243
7816
4254
4187
7687
14146
8071
15754
5559
6353
8013
843
14599
5535
7657
883
14541
5653
15233
9084
16453
7672
7663
12016
4126
14613
6397
11454
5409
7971
11930
14131
12101
4101
11546
11549
12039
6406
4297
5367
6362
14597
6331
11536
6407
5677
6307
5463
14067
11483
8763
5720
11495
9217
4116
7826
919
5429
4275
1027
5362
5593
839
5586
12087
7769
5539
994
13965
9091
6351
11974
8062
5690
5557
9103
15224
14116
15786
12078
8010
5507
14544
11554
6386
5452
7654
14145
8065
4200
4151
5542
915
4144
5527
6437
4180
16613
7997
11897
873
16509
9135
9211
7803
6415
5460
5614
5449
954
16567
7936
8770
13999
14063
8783
12057
12043
5515
5578
12061
6421
5464
7809
15241
5635
5366
6439
4304
5514
4120
864
15749
4135
15751
4295
11989
16545
14579
11552
7806
16610
6419
11476
4093
11517
13971
4185
9184
5687
4277
11968
7962
9251
4172
5613
1069
16535
7838
956
6340
11481
6430
6336
15244
16457
913
1093
14627
9107
859
14005
7729
6432
16573
4214
9128
11908
13998
904
14099
14026
12102
14130
15213
5697
11955
2745
16549
16529
9108
7759
9131
7995
5591
975
1088
7680
14610
14049
14589
9197
14077
7929
15214
14555
14577
5630
16472
14587
1054
9194
11550
5639
884
16588
5408
1007
5603
14144
7793
16506
969
9095
11913
5589
7669
14003
9152
7819
7950
14608
14050
11943
944
8047
16584
5691
4286
8053
853
11475
16488
14565
5440
14605
14104
7778
14612
15227
14109
5537
9203
12035
7909
8776
9120
874
5581
5426
14152
13988
9142
922
4204
5598
7847
4213
14125
7822
5634
14071
9238
1025
14594
14609
15239
16502
15761
11900
7833
12067
5468
5553
11921
895
13997
14014
7942
16544
9062
12079
6412
4209
2746
8058
8764
941
16522
5483
14615
5669
4203
9087
5696
12041
5718
7905
14044
9201
16582
9133
5564
1015
16548
9085
13975
12083
8786
15212
11461
987
4111
5550
11513
4169
14042
838
4156
12071
13993
8785
8049
11506
7916
4215
5469
16620
7695
16507
6403
15758
7951
7649
4140
11543
4149
8029
11998
1036
14073
976
12009
16570
6313
5568
7834
7969
7915
8788
7779
16476
14018
5411
7982
13953
14611
1089
4154
4119
1085
15257
4258
16513
5574
7745
5652
5404
12099
5666
7807
7748
12031
924
4183
7923
16466
1008
4216
15784
15258
7837
845
14110
11973
5649
5708
5482
6371
5551
5455
9249
11444
880
4195
15222
5355
9083
1010
11888
14619
14041
12098
14617
4283
6474
11520
12076
7689
11482
11469
16511
11503
4166
16614
902
12077
5465
7975
7981
984
897
14590
6410
7681
7662
15193
8781
13970
4160
980
1014
15240
860
5427
5384
5573
9220
6360
7647
11970
14625
4300
8791
11529
5502
6463
11545
5523
4225
7698
5668
16464
1039
11936
6322
8768
14630
4218
6484
9122
8769
950
4223
4190
9081
15198
7791
9140
11903
7773
862
8076
1059
6315
912
4253
15215
4271
14623
7812
7907
15266
9164
11992
7963
7718
12032
12103
964
11942
14598
7795
7766
6341
16504
13966
5698
1000
15790
14065
12014
4306
15792
9228
9123
9176
7774
14088
11474
9180
9262
4152
5684
7682
5620
5560
8772
14142
15232
1047
929
11463
15776
7648
15789
16473
16583
5466
5504
12037
4310
5477
11547
11473
5583
6443
2748
16619
5475
5525
8758
7921
9233
13991
1060
5356
14543
8000
16494
4125
16566
5380
7679
12054
14052
9092
14066
888
4319
4264
12000
9245
9177
5521
14039
9263
5499
6308
7801
9099
12049
1017
7991
14056
4229
946
5530
16579
840
9209
9070
7904
15788
15234
12024
986
979
7926
5358
15755
11956
8021
5655
6453
14595
6366
4127
15211
5579
14024
5707
7949
988
5378
4104
8056
8032
12019
6446
14111
7726
4114
14549
5623
11931
8063
7646
4081
7666
8038
16575
4259
5533
12066
4299
6367
4245
15221
6378
16563
14558
15210
4092
14051
983
15238
14554
15268
6413
16505
11902
15795
9077
4109
878
8789
16617
4118
9109
872
15218
16527
16469
6369
1042
7765
5529
6434
11905
9165
4263
11945
948
12030
5412
7715
7913
952
4162
7992
12100
14563
7814
7741
14547
5563
11947
1091
6383
7719
14561
7978
7947
8073
15203
11505
14137
4294
11496
4186
11514
1055
857
5393
11926
15800
11894
5433
6391
15764
16574
5354
5478
5572
850
15194
7988
7848
11995
5484
7658
844
16517
5497
15251
13967
14006
1068
6445
15802
6449
11997
5490
916
5368
6481
852
14602
14584
14070
14078
11950
16468
11531
7738
13985
14094
6395
6426
15230
6409
16459
15209
14043
4146
15778
9067
5674
1077
8028
7786
8067
15225
11558
1066
8019
14621
5571
6420
11896
4086
13964
4257
5570
1092
15756
13992
16518
12026
5531
5445
871
6387
6361
7976
5661
14542
7762
14098
11899
11916
8040
1067
1029
5546
14040
5526
12081
5558
4282
7794
8761
998
5536
16550
7743
5631
11977
5615
14008
16622
11954
15766
996
15205
12073
6482
5632
9193
7777
11940
7815
4250
870
16481
7830
5547
5584
7755
12048
11907
970
12040
16612
14025
13977
9198
14057
11538
4098
7722
7983
16621
7986
15208
5506
14004
7792
5596
4261
9069
6480
6464
9235
11561
5369
14019
4269
16559
16631
9189
7727
6328
16449
11925
14569
15216
16484
846
11988
7934
9181
9226
5700
5388
7699
985
5374
16635
11927
6358
5660
4279
9231
5509
6329
14607
9102
6444
14059
7999
5599
4307
14009
11443
11524
6450
5361
7788
16519
14564
9206
14551
2740
11982
9257
957
910
13996
2741
6316
13982
4087
5372
5622
5662
14002
4247
5450
15247
6485
867
5396
5423
16572
12063
856
5376
16603
16490
11909
834
9093
6414
909
14055
16536
5549
9063
5501
6368
9151
4102
14092
9125
5485
14548
5703
6393
928
7683
903
8059
16611
15256
6422
14614
16520
921
5454
5386
14086
4153
7652
6344
8037
7943
5671
5689
927
13990
14061
7757
6382
11915
7705
4082
990
5609
15793
9078
11449
8766
5600
11508
16525
4178
7691
4188
15243
8777
14029
9137
14568
14139
5474
848
11910
15771
8002
11450
4107
5413
12052
6342
14021
5517
6314
5513
5651
4147
15264
7932
9124
995
6405
12013
8760
16546
14028
5659
13961
11539
6333
16562
9153
16556
4196
7796
14624
1079
7721
5442
6385
5444
5561
9111
15768
4274
5597
11477
16462
16587
991
14129
12086
16558
9072
5640
4315
6384
837
9149
5522
7742
4182
5650
16560
7720
16636
981
5364
7935
11527
900
11980
9065
15267
6304
6377
6311
11893
14122
5418
16557
5538
16480
7959
6323
7927
11946
14606
6352
8780
4285
11966
8045
5441
6364
11515
6438
16456
881
938
11972
5594
15805
5519
14023
5438
15785
8765
15783
7849
16499
7966
4173
7800
4244
9218
955
958
6339
4224
4181
6451
8068
5701
945
5628
5644
5605
14585
5608
14550
14101
14100
918
11445
7924
7685
8023
7761
12034
4232
1035
7846
4097
7767
5688
6355
4177
9132
7984
5679
4320
12018
1006
7696
16593
11494
889
8005
7756
9200
9179
12064
11530
9156
4305
9088
8030
12022
8004
13973
5371
7650
15801
4281
9101
11885
15774
15226
5414
7678
11559
15202
14616
4201
9171
5395
16561
6348
15762
4256
16592
16615
6392
5658
5494
4139
11466
7702
11959
7704
1058
9073
15265
11472
5672
908
1032
6461
5588
11951
4228
6306
4206
14037
14580
8009
16571
9213
9195
5667
11488
9113
4309
4130
7912
6417
899
6317
11901
1030
7944
968
14102
5476
4237
16581
971
4143
7996
13978
6440
5486
1083
9167
14573
14000
11522
13969
9191
7753
7717
7918
1040
4175
16634
1063
7694
992
5678
12015
4248
5505
12084
4312
11510
5612
7733
7960
4262
12007
16510
11453
14155
5512
5493
9074
15197
5692
6399
16537
4219
9252
7763
15217
12089
16569
7776
12058
5663
12010
9219
8775
5359
1072
7974
6435
7939
7993
14062
7668
13968
8048
15782
7747
1078
861
6418
1026
5443
7764
14148
8778
15797
9119
9230
16591
9246
9241
14156
4270
4145
14112
4174
12068
16503
5567
5569
4288
9161
9229
8025
898
4191
8018
16542
11519
5398
4121
4133
5479
9186
6332
11478
15772
11516
5670
15781
16628
16632
13995
5647
14106
6319
6375
11460
12075
9090
7967
16523
16539
4226
4246
15195
8054
7784
9105
7710
894
940
15242
962
4284
15253
5528
14047
15220
4122
9170
7732
1019
12095
9239
6448
5706
7730
6423
15236
1028
5435
16618
16599
6305
4217
906
12051
14035
16521
4084
4189
7701
14079
4303
16533
11560
4230
1009
16596
6349
11512
14136
926
858
11462
11497
13983
12046
9222
8774
4313
7653
1002
14150
14570
7667
1034
6338
5566
13957
8042
6326
4197
16540
7987
8075
4179
14087
15779
866
7775
12038
9247
847
7781
14124
4221
14007
4289
9160
15206
14546
7931
8790
13959
5625
14600
7820
16530
4287
14557
7760
7824
4298
4235
972
4103
4095
9223
15757
7955
8034
8055
5590
15261
2873
13387
6644
3594
4678
15879
12398
12240
15896
6653
1152
6537
11763
7166
5996
10816
13345
13591
2812
4860
1544
9641
6009
13607
13546
4929
1150
10793
8445
10936
8346
15518
13437
15978
5998
10839
6538
8175
2966
4747
7152
2598
6054
1334
4968
1128
3018
3686
3522
15856
12557
13596
1315
4887
15977
12295
6016
15465
9559
11049
9498
9558
4721
4700
8224
6034
6065
9532
4336
9482
8237
9462
15945
1228
12346
12511
4329
3553
1216
9508
2888
3548
2895
9624
2705
7165
8866
8308
8239
13234
4917
9620
1524
7187
3606
4898
13405
12311
12285
12310
4799
13598
4943
1408
13298
12302
12345
11062
1221
15902
10836
11720
1100
1310
12286
2525
8178
2673
10790
10794
11746
1418
15878
9595
8872
4785
12513
3519
2659
6138
13388
1346
10796
5988
2567
10868
13449
12314
15948
3688
13555
10773
13647
2709
6064
12552
13531
8272
12241
6038
1519
12539
1306
1212
2950
15470
13640
1112
2688
6594
9543
1179
13594
8332
13278
8183
2737
9050
3725
1146
13551
11030
12469
12247
3593
11726
11075
3697
2695
12490
13553
1257
9640
2924
7194
3623
4918
1227
8799
12546
9570
12416
11070
3542
1204
1133
1371
8426
6626
8208
2639
15921
2722
12376
13332
11123
12344
9639
13327
15947
11017
6136
2890
10995
1401
10957
4731
1279
10829
9054
13593
6080
12480
12446
12330
6093
13381
12321
12320
8830
3552
6559
8182
11082
2811
12350
6547
2922
2531
6634
16008
3608
9622
15979
4808
2603
4870
2728
15908
2704
3645
3571
4816
2831
10896
6023
13406
2880
12338
12384
6542
8812
7230
6533
2925
1393
8376
6512
1253
6540
3613
13643
13433
2869
15519
8273
12549
3562
10760
9471
1333
4710
15497
9590
13471
15956
8822
10775
13257
13191
1322
13581
1213
12460
4876
8179
10991
4686
4729
3636
10894
14632
3638
6628
15822
1305
12497
11044
6608
1512
3509
10964
12332
3765
1390
10947
13578
10769
9496
2789
3664
4959
2658
2940
6040
8298
6593
11086
13323
2772
12297
15957
15451
2856
4758
2562
12433
4836
4749
4810
12248
8851
8289
6604
11718
13239
13171
7882
7159
7894
12478
4872
2706
8269
10745
6134
15273
8222
9049
8424
12474
2928
15848
6008
4820
2571
11122
11051
13322
7881
2979
12491
1187
13627
8341
8232
1262
1555
8419
13421
9576
8322
2560
10900
6108
15503
6546
10951
2800
8244
10992
8238
3660
6119
13454
12394
15839
7891
10864
1412
4892
2795
6058
13377
4746
1543
9525
6056
1189
1274
1209
8371
13483
8310
12347
3020
9450
12364
2986
15971
13480
9538
13572
11039
13300
15899
2623
6120
10904
8342
10743
9535
8397
15479
11033
10765
4651
7202
9468
4990
5987
11005
6502
3528
4988
10967
6057
1264
2943
2703
10945
4873
9637
12458
15500
2660
1339
12456
1109
12520
13614
2574
4334
8290
11729
8803
6530
8882
4975
7900
1327
6095
13286
10958
11035
13221
9564
13324
8431
15984
8160
8338
12408
15815
6487
7144
8840
1515
2523
9643
8399
12550
13373
15276
8304
2568
10979
10801
2981
13284
13573
15941
3622
13566
15840
12377
10933
8267
10874
11111
8292
2773
2578
10959
6112
15868
15845
13410
8354
8278
13613
12439
13357
9664
2677
6044
6516
13382
2857
9515
2666
3627
15511
15484
4955
6062
2583
10753
12507
1378
15837
3699
8200
7145
15495
13487
10791
9491
4654
15873
12389
13354
13412
11092
13466
15444
6647
4691
13260
9055
2826
15911
3536
15459
1349
10830
4680
8875
13541
9518
10818
2517
2992
3004
8383
3716
10761
2769
2618
2554
15970
7212
3689
8390
3678
4878
3641
8417
9646
7892
6027
2733
13368
8413
2864
15441
8403
10942
11758
14161
8171
8199
4795
13196
3568
15816
11116
11077
1326
3591
8865
3510
4932
8166
1241
4796
4757
3559
15954
1174
6496
1108
13467
13227
2715
12318
3742
4786
1175
9655
9531
2707
4330
13536
4999
11743
1122
8316
7168
6109
6609
1336
11773
3691
11774
6606
11043
10937
15849
1509
2750
8916
12277
2843
1382
4829
6575
9452
4328
7175
8824
8170
8406
1300
1238
6638
4781
6501
7171
3603
3713
8416
6510
6612
12256
15887
12472
9539
9632
1551
3650
15504
6520
16010
10965
3630
12372
11764
15959
9446
8428
2555
1547
2972
13430
8801
2701
2775
3604
13439
10879
13478
13318
9627
10857
13476
1095
13225
11000
9442
13443
11776
8230
9548
4692
6135
13249
13211
3574
4833
8204
10815
4763
13635
8818
12251
9051
11753
2827
8174
10766
2536
4970
5992
10966
15996
1307
12356
9560
13634
15468
8911
15866
4802
2905
13282
3538
13648
12400
10928
12359
4819
3677
7195
1285
15928
12447
15286
1156
11127
12484
2978
7220
13395
15995
3692
13299
7227
6030
1561
13375
13415
8370
11023
2933
4828
12353
13283
12307
2759
11038
8328
1143
8162
12448
13612
4980
15851
13575
8325
13371
12454
15865
2898
1527
1386
12556
3575
3504
15991
2820
8198
4740
11058
2909
11068
13243
8177
8247
4862
11771
13641
13248
2535
7200
12390
8314
4869
8309
1369
13638
12292
2751
6560
9635
1405
11105
13369
10771
4982
6620
9512
6003
15499
6544
15488
15930
9513
4916
13407
6517
9631
13599
4855
8450
6137
2718
1368
9545
1178
15931
15512
4945
1233
12296
10803
8869
13204
10837
3762
13455
14163
10819
1282
13361
3589
16019
2685
12378
8434
6562
8796
4875
4331
8268
8412
2958
8360
3646
11780
10863
13174
11733
12442
4935
15455
12551
8384
11751
11091
10917
15875
13469
1416
13304
4919
3557
1199
15494
12462
2808
2649
13181
9580
2776
2784
7883
13441
12438
2991
12544
15841
1117
1224
3564
12494
13187
13290
13468
12266
12258
15535
8846
12382
1260
6105
6104
10961
2684
6633
4995
13276
3578
1288
10983
1094
13402
2853
4971
2835
6524
8246
4338
13209
4895
7161
9630
7153
3747
1400
2693
15425
1183
8358
6513
15826
12367
13503
11112
2626
15935
11779
7190
14164
3543
13527
4851
15867
1379
12540
6519
3000
1384
8857
1372
13453
12488
4798
10914
1219
12396
10813
9601
10827
9455
15486
13335
8909
6090
15506
3728
9463
3624
1344
1111
9619
13600
13263
10850
7208
1116
15937
13216
10883
12324
11719
1338
12238
13650
7229
9626
4928
12313
7204
12414
13408
15825
8821
13220
10849
10834
2896
15944
6130
2993
8853
15880
12409
13355
13394
13337
2787
13302
11027
8407
1353
6515
12450
1114
15439
8902
1193
2702
9578
9529
13206
9519
14160
4900
13625
1342
13167
12444
1172
7164
12555
13550
15463
1411
8355
2678
3511
13622
10831
8904
3549
3001
3706
6536
13230
9584
1158
4750
15972
1129
1268
15536
12373
9587
8908
9058
6076
2589
15843
2670
3705
8439
6652
3580
12252
9488
8226
2771
8375
13274
12426
8920
4931
3513
13577
13362
13235
4954
8284
7895
11013
10781
3567
3629
13237
8271
10931
7142
9549
4333
6539
9597
15884
12453
4335
13425
1303
4688
4871
13642
15529
9458
2868
1504
3612
13580
1308
15476
8189
16012
2779
6614
1137
10898
8887
6656
2619
2825
15524
8275
8797
2867
8187
15907
3572
3019
6066
2892
11089
13186
15280
4815
15482
8839
9546
4908
10923
3600
8196
9514
15869
3700
12268
13228
1294
8242
13314
2859
9556
2816
4693
8339
2889
4800
13212
3679
3596
12358
4656
13532
12351
9642
8433
15918
13534
8345
8307
6125
13351
2932
3655
8320
15432
9052
10867
4976
13619
10875
8912
3687
10779
13595
16017
11732
1304
8192
11054
4753
13652
2912
8168
6139
12503
15452
15490
10786
12516
4790
2650
9541
15895
15886
13422
2765
1296
6613
1250
2916
13273
8211
8815
12340
4884
1497
7205
4946
12421
3632
1248
3618
8436
10780
4675
13170
3014
1312
2899
15854
8827
4685
15958
9053
15955
4821
6568
4684
7178
2652
6561
13246
1164
9060
9592
2994
2689
4769
7148
10990
12239
8379
13365
12500
2911
15819
13475
16005
6110
4981
8877
3644
1309
13608
2841
11129
15969
10910
13292
9638
15946
15534
16011
6085
4825
13303
15976
6531
1406
11050
3526
8181
13562
6025
12541
3581
15469
8251
15936
3512
8888
13267
13484
8437
15863
8193
8809
8159
10808
2565
4712
3611
13308
10856
3683
1317
12487
7182
9621
13481
10810
2679
6585
11745
6611
4933
7899
8804
10962
1364
10869
6067
11124
10770
11065
11028
2676
1229
2665
8917
8807
1520
2563
13547
12452
2612
4662
3015
15477
1149
11113
13374
6006
3517
15872
8202
12510
13472
9448
7224
10805
8921
15881
6127
9056
8841
2628
1375
6553
2629
2720
3674
6600
15917
2862
12274
4811
15888
15471
2552
4324
15982
6083
3654
6031
4881
3659
9516
2996
2987
9059
2926
10789
2667
6543
4964
1337
13189
1539
3577
11036
12329
13339
13512
2984
13548
15466
12410
8280
15871
13414
15847
4927
1159
11041
13195
8201
12337
11047
6123
9634
1321
8302
9611
6007
13320
15525
3614
13215
8296
10788
6589
8918
4741
3749
4748
4755
9659
1270
4770
13567
15277
11069
11095
2817
6032
6043
3651
2643
12283
8798
6548
1380
13179
2572
2902
11126
2711
3621
2884
13458
13626
8394
11080
4703
12244
13307
1185
10929
12441
3694
1419
8823
6597
14158
14159
1132
15998
8894
11108
12514
12482
6118
12411
15522
12327
8315
1514
10980
11007
11761
1267
3639
12328
3712
2579
13628
12427
6000
8876
10873
8336
3503
2836
7198
9451
4953
15520
11057
2600
13311
6019
4735
6075
6490
15882
4969
11765
12342
13579
2938
8281
8879
2786
8446
8217
13168
3620
9465
13164
2698
13490
15281
4744
3518
6113
13530
15933
6036
7889
10892
2543
1318
3761
7896
10757
4776
6639
4697
3676
13163
15860
9599
10846
4767
6495
3635
11749
8870
8404
15480
4669
9501
6556
3545
6583
4992
8236
6124
8914
8367
13544
2914
2725
15876
1361
1181
3740
1278
8817
2947
13279
15270
12254
15952
8885
15870
3649
15442
13348
1538
2988
3739
4687
10902
9615
2566
3719
10744
12526
1180
2879
9552
4789
12267
11048
15440
10848
8444
8245
2597
1540
9608
13376
13254
11006
2588
2974
8440
15943
6641
15906
3583
1351
9651
11782
15818
11748
1225
6500
4663
4891
9499
8880
6651
11114
2672
2983
10871
2713
12388
8374
4759
12352
2669
6078
3597
13343
4906
1546
2610
10930
1275
4720
7218
10854
2840
4706
2767
2662
2985
15891
10768
8386
13552
15532
2700
12485
3721
9575
9483
1314
10935
11053
1387
12272
8387
7157
9550
10778
10844
2663
2724
2526
10812
13224
8874
13205
3003
1404
8253
8287
4327
10919
1517
4850
10954
4655
15447
6082
1252
8849
3720
1335
13309
2810
4682
1554
1388
15897
3532
2780
9563
12486
2977
13321
7879
10897
16014
8862
6106
3743
9461
1496
11029
2564
9612
2522
13231
6564
2641
4913
6029
2708
4339
12403
4922
10832
2761
4826
3013
10746
10865
10968
1522
4921
4879
9484
11725
15508
1417
15515
2824
10912
9617
15284
15474
11717
13200
2577
8311
8184
1360
2934
15533
8806
11021
12357
15823
13287
15916
13197
1210
13317
6646
1356
11739
4937
10908
2871
13411
6567
1420
4883
8408
3514
15898
10925
12365
4797
12429
6570
10877
10774
2590
2967
12422
13214
2919
1202
8449
4899
6569
3505
13621
1301
12471
8897
12280
12440
13501
6625
11107
2989
1385
1196
12404
7898
15901
3551
8906
4934
6045
9605
1205
2760
13169
3746
2512
10970
4874
3647
2596
2530
13409
6582
1166
15481
3598
3752
4864
7231
1259
3573
4727
6022
12316
4751
13473
12276
16002
9582
7206
2599
8359
2645
2557
2848
5994
16006
2651
13518
16009
1511
1242
6052
15817
7233
2712
11754
13203
12243
14162
13213
3527
11755
6587
12543
15831
7186
4925
4754
3735
15864
12395
15282
4660
2935
12335
10747
3539
6557
10825
2757
3637
4856
12381
2937
8203
10944
2881
11777
2813
6073
2533
3669
13391
9591
1255
4745
15428
2690
7217
1192
9561
4709
5993
15461
11093
13502
2990
2783
3643
10842
4322
11768
13620
8837
10787
10807
6529
5991
2735
6643
1105
8380
7903
3546
16000
9473
13319
1211
8377
7170
15502
10950
13571
7225
3555
2624
12312
4761
10798
1222
8425
9534
13270
11567
8826
1110
11081
15850
6074
3736
15498
11757
9502
8216
6581
3656
3628
4977
2527
12534
8432
13176
1530
6088
6117
3524
12298
2518
8313
6584
6063
4868
13447
12305
8352
13252
10852
2794
2642
8391
4775
2872
1529
3554
12282
7216
8441
4699
9494
4791
13313
13275
1499
13576
15842
2782
5999
6094
12393
4978
2805
2636
3610
6116
9644
1526
15521
2686
12407
1370
1348
2691
3634
12499
11564
13175
8293
11022
8214
6011
8331
2955
13539
8241
15844
10971
2537
12370
4840
15885
6504
6518
6514
12264
13389
4760
12374
12536
6107
9567
2524
8382
11042
4853
2655
8256
8323
13364
15473
6558
2855
13173
15812
8867
9493
10984
12538
9663
3695
3745
4653
12287
1292
15427
3701
1286
8430
1325
3565
10981
6004
13360
1283
2918
12299
15489
4766
15829
6020
1195
2638
4817
10920
2876
15905
12509
15855
13329
13293
2875
1287
13271
10855
8373
6070
13630
13432
9487
11728
11026
4944
2910
1139
4952
12515
8900
6115
11730
2852
2625
13165
2546
15961
2951
13564
2861
10823
4326
15436
16007
13448
2801
15278
13524
6577
10752
4914
2581
10963
6506
8340
13229
11016
11084
4951
4722
4696
8389
4838
4695
1208
13585
12406
9657
1535
6114
13393
3707
8286
8234
15988
6629
2573
1557
12434
10817
11762
8831
15938
8844
15275
10755
6618
12495
2657
13629
3658
13582
12517
2891
2551
13312
13258
4667
2907
13445
13386
1120
12533
2544
10814
3754
7880
7211
15531
2654
2528
10742
15426
9511
8209
8164
3533
4923
2839
10851
1097
6041
8357
3652
12250
8233
9581
9480
11117
4942
8364
8890
9477
4904
3708
9603
13352
4866
9457
13428
13416
8344
1347
2723
6563
10800
4958
2904
8895
12489
8843
13424
8305
8343
2593
3748
3680
11019
12371
15934
7150
6122
11747
10784
11064
10911
1383
6588
2542
4863
3709
9551
10821
6133
2632
4846
4689
3017
13609
13427
7167
6492
3540
13604
13485
4809
8820
9454
7207
13404
13645
8303
15429
9459
8365
2804
4698
8898
8805
13250
13384
7221
12279
12466
2644
1392
6132
8878
9464
1151
13358
15858
12542
3661
2616
10895
2858
4965
7169
8393
3737
2968
6017
2982
1332
2998
13559
3693
2755
6640
9607
10955
1324
1491
15963
6637
3734
6131
8448
2545
3662
2948
4701
2883
4865
4963
7223
11096
12391
7201
6068
7173
8411
15939
1518
2844
13535
6026
1403
9604
9594
2763
4824
8409
1410
2999
9656
8873
2694
1367
10853
6598
7897
13500
12532
1316
10888
8335
1506
9609
4805
6072
4679
13589
13508
2945
7884
13336
8318
15894
15967
8213
10876
8324
11015
6616
12326
8811
4672
6555
6636
1311
1381
6247
11663
13156
7042
3028
11693
13133
7044
1437
16220
13149
15376
1440
1460
6240
9039
6243
14333
11670
11672
7063
7001
6301
6186
13032
6156
6956
8991
4641
9033
13020
6193
13117
7012
13144
13130
4642
7036
6286
6914
13067
14340
1486
6146
6272
11706
7100
6197
13038
6934
16267
8978
9043
11696
12983
13097
6273
11591
16206
7132
8946
16213
11639
11648
4646
13064
7115
8971
16242
11588
6921
8926
7118
1463
7061
6989
6936
13046
7113
6178
16257
7114
6915
13150
11573
7082
12952
4620
6261
13160
16251
9021
6211
11596
4626
12963
8988
6300
16209
11575
6282
15415
4629
6280
1439
6922
7000
6268
6258
6274
15406
13099
7102
7099
1433
7011
6265
1445
6248
6183
9038
12970
16272
15413
6230
6999
11586
16263
6250
13109
7129
8959
16205
11578
6262
6931
6212
14364
6973
11638
8928
6288
14378
1457
7097
15391
16170
9046
6961
7040
11687
3025
6187
6298
6920
11637
8933
15390
6231
7023
6171
12950
9012
1434
8981
16171
1429
11680
11686
6962
1448
6938
13017
6913
7026
7025
4638
11631
11611
6974
15388
6189
15382
6207
14375
9030
16204
6953
6927
7070
13095
11620
14319
13075
13076
8997
16200
4624
13026
6966
6142
7139
15385
1453
8987
6958
7133
6238
4634
15367
4632
13108
1452
8940
6997
11654
9001
1456
11570
7046
13070
7111
12979
16173
16255
6234
6984
16239
9008
14317
3023
13113
16197
16188
6154
11619
6946
7047
7021
16260
12995
1450
16219
15420
12982
7090
14329
6143
16199
11659
7009
6275
11602
12998
7117
7002
8972
12974
11692
16227
14338
7104
11608
6964
13126
9023
6986
6198
6195
9031
6206
13065
15410
6941
12949
6985
15412
4621
14348
12940
15366
9004
7048
15408
12992
9024
1444
7078
7088
4622
8970
16198
13080
11622
6990
13015
1428
14368
9000
13071
13122
15404
4614
7043
13146
6996
11646
13104
6294
14347
11630
7122
15395
12964
12967
1479
13115
6259
13112
6284
1443
13103
7130
13120
14321
11614
7076
7071
8950
7138
16252
6210
7135
13102
15401
13148
6276
8960
15370
11600
13054
15394
6147
6959
1472
13068
11653
6162
6242
8984
9017
9005
13069
14335
8977
16246
7038
7018
14322
1489
13029
13040
16256
13022
8989
9003
6935
13062
16176
13139
14355
6293
16177
1469
13072
6236
6264
15377
6950
11594
14374
6184
13045
13031
7107
7091
11595
14326
15397
9045
14313
16222
13143
15424
7045
7067
13088
4631
9044
7136
6174
1447
11610
9010
16183
16195
11685
6192
13098
6241
12976
1432
6216
8941
6245
1446
4628
14327
15416
8257
4627
6232
13056
11629
7108
11666
1424
7014
13100
4617
13136
8947
14320
8986
12989
11569
6995
7007
11605
6925
12939
6283
12948
7032
16237
8958
1488
11713
6991
8980
16230
6152
9020
6229
13114
6204
13023
13039
14357
11691
6948
6924
11579
15409
15403
13138
9015
7068
8934
13033
6150
9014
7003
1430
8999
16229
16178
13110
15396
6237
13153
13159
4618
6252
1462
6244
6182
12926
1475
16191
9025
13158
12938
16232
8993
13035
7037
11607
14332
6291
13002
13011
13030
4615
14328
16250
14371
1482
7126
10352
10356
2454
10528
14409
14441
2407
2341
5274
5045
5187
10403
2337
2378
2480
2352
14422
5019
14414
10361
5342
2456
10526
10662
2313
10389
14425
10610
10409
5203
5192
2293
5029
5253
2509
5017
2391
2443
5098
10372
10360
10712
10502
14427
10445
5197
5191
2405
5344
2372
2287
14484
10617
8743
10386
14426
5030
5121
14393
14496
10426
14413
14517
5108
5112
2481
5331
2452
8737
2432
8647
5043
10634
2272
10531
2471
8715
5057
14477
14380
14480
2254
5160
10641
10507
14508
5309
10615
2316
8665
5298
2493
5310
2343
10619
8742
8753
2461
8713
2445
2500
5322
5005
5065
2485
10696
2360
2415
2504
8750
5009
10436
2408
8648
10697
5267
10732
8727
10378
2427
5056
10404
10649
14482
8673
10683
2348
10391
8646
10347
2315
5150
2388
14529
10733
14424
10392
10444
14467
2475
5276
5107
2440
8707
10582
14438
14532
10566
14450
5352
10729
14442
2395
8656
5142
8704
5059
8719
8710
5305
14382
5145
8705
2326
14423
10596
10460
10497
10516
2458
8706
2487
5220
8684
10676
5307
2507
14478
10527
2468
10357
2396
5204
5103
2369
2262
5092
2336
5348
8690
2325
2368
10686
8754
10736
10358
5015
10505
10412
2437
14454
14381
10408
10349
2410
5095
5023
10608
5306
10654
10555
10496
10687
10376
5131
14485
2312
5119
10431
2310
10427
2434
5297
5061
10366
5172
14387
5353
14510
8755
5130
5318
8675
10717
8712
5167
2279
2299
2401
5213
5337
10350
10598
2467
14461
10657
10524
14470
14490
5264
2444
5036
10374
8649
10517
2311
5315
2448
10535
10418
2400
10375
10629
2486
10735
10663
2345
14398
14519
2363
10726
10406
8757
2282
5178
10645
8682
10704
10652
8651
5151
8722
10542
5296
10622
14437
14446
14385
8679
10488
5230
5123
10646
10575
14479
14449
5214
5254
10464
10523
2340
10573
5069
14497
8691
5088
10474
5074
2424
8747
10632
5075
5082
10499
14491
14515
2271
10453
10510
5255
5001
10433
2473
10648
14534
5226
14451
5218
5280
10682
10490
2498
5206
10385
5010
2380
2331
8696
10532
14494
8721
5270
2265
10520
5221
10631
5347
5233
2492
5181
2431
14383
5185
5202
5271
14460
8746
2387
2274
10447
5207
10430
14428
2367
5050
5018
10394
10367
10457
10723
10455
14471
14410
2382
14488
8734
5333
5014
10569
14459
14447
2466
14384
10604
5294
10651
2386
5132
5211
8678
5173
5093
10677
5293
2503
2501
10498
5346
8659
5006
10647
5345
5169
10413
10689
5032
2476
14444
8720
10459
14489
2283
2436
14394
5135
10454
5062
5289
10692
8735
14499
10672
2261
5022
2489
2413
2472
2317
2510
2411
5152
10489
10700
10428
14443
5327
10653
2307
10597
10393
10611
10579
14466
5071
5258
5186
14391
2459
5064
5109
14523
5302
8728
10606
10543
10572
2319
10416
5261
10548
10470
10630
14506
10534
2499
5081
5048
5224
2361
10551
10595
10411
2294
10481
10671
10594
10561
14435
5329
2344
8724
5070
10667
14395
2269
2251
5127
2263
10705
8660
5335
8685
5158
10605
5273
10650
5060
5215
2479
2267
10665
2425
2374
2409
5148
10727
14522
10415
5021
2398
8672
10643
2394
2483
10387
5025
10355
2438
5053
5165
8693
10593
10353
5282
10398
5225
14456
10419
10452
5011
8703
2460
10401
10688
14406
10467
10458
2329
5128
10681
10623
2474
8752
5339
14412
10525
14475
10547
10627
14452
8736
10703
2295
10609
2303
14536
5250
2393
5189
5099
14388
5303
10443
8645
10626
10693
10442
5285
10348
8756
10635
14514
5188
5171
8741
5279
10468
10397
5265
5116
5120
10495
14504
5245
10351
2375
2392
8708
2255
5196
5176
5083
5257
2300
2421
5295
5284
5193
14415
14404
2354
10379
8749
5076
2384
10642
10601
14483
5031
5055
5063
10377
5026
5240
2417
14433
5323
5089
10462
10670
10655
14407
2328
2484
10530
10522
5139
5195
5101
2358
8745
10638
10554
14531
5326
5027
5242
14429
10515
14431
10362
10420
5243
5239
2305
14487
2390
10450
2497
8731
5155
10614
2406
2266
8725
10612
2465
2278
5149
10461
5012
2381
5157
8699
10429
5256
14397
5301
8740
14402
5041
5042
8709
14481
8730
10381
10539
14537
8686
10469
14453
5144
5066
5232
2296
2350
8688
14486
2389
5087
2257
10721
10472
14421
2273
10448
2494
10501
5091
8664
10500
10513
2453
2268
10503
2370
5341
2439
2457
10585
10364
14474
2357
10570
2376
10558
5283
10576
8654
10618
2280
14540
2260
14535
2349
10710
14513
10589
